-37232.8533958032
18187.79984198462
-17704.68315533914
-790.0229252819155
5109.727940393109
-1167.367646797703
567.6634147646927
34263.6954322504
47034.04532621118
-12489.0
2409.27381899672
732.5369174209623
152.44138895820893
16.552765738142487
8335.070301380032
3.004813323541222
141.51297954760128
1437.7951437052618
-1191.284248385979
44.60118053545559
-23559.222812466032
-23175.57928324332
-3252.5712668528918
-1.9544306558546136
71.0485964625988
-8809.648203646777
-9037.961011771815
-4874.445930703637
-1282.8080341746365
-147.45312392047845
-2333.556979809668
-1312.2964076493258
-116.42092229495174
-3607.694521764765
-808.9387952992977
-56.43071484981347
-2975.970533470786
-1261.1003655298
-131.42484276819548
2262.990624343911
-683.6005234822351
-687.1707120226281
-145.98804841140498
-44.04315576142664
-540.7639776125523
-39.721311079679396
-17.390975555041692
1601.2712459041768
228.2562038973584
19.00732671243294
-51.96495865427235
226.09349628790636
-15.754803791231685
20.83412268193247
-26914.34837565182
-30457.981742269178
-6013.150549843362
-695.4169616498746
-45.34979521889578
482.0131059358816
393.22809355954666
77.05848942277913
-4102.945895283097
-1926.591425031927
-162.5980752040263
13.864016303046748
-45.55989026261348
13773.010150215569
14162.566840873886
1362.8282833020837
-93.23033393897192
-20138.10369671402
-13297.25194912347
-4345.250459091013
-453.47628610422595
3622.2433878801226
1012.8080550840975
7364.910039298838
1248.5017161115202
1955.1034692416165
600.113739479871
7027.3897345245505
-983.9688602717275
-886.1782881772017
568.5244256946011
-3408.2378468914017
-451.94889596792325
-704.861978206076
-8849.052596767111
25524.24745442941
375.12409473548706
-903.6361952315539
425.9617084821163
116.04523258880693
6699.989346352191
1725.958756968215
235.04873899746727
2270.9579267162226
221.60156948866086
152.4101158467657
542.1002903586697
6953.948071088103
1113.427333118605
646.1070102740174
-28.442700241246357
3751.0104802115457
607.2026091582782
417.09574295848955
-18505.68327013281
-4828.44052950951
-201.55577072043525
-15.939887463673289
193.16028594053856
234.9902037352443
-4284.269318288349
-1012.6957045136755
-337.8241473870747
17695.928287962317
25485.886243051445
903.1626744072356
-281.79203377152635
1293.9932848852695
506.0689400026664
6557.222369321933
1074.6615089141374
-11.783845330792166
180.4355546063479
6472.2562073285535
3780.856683398701
984.4900718162564
-933.4300848207547
1332.1107280893648
-26.165873277926508
23863.22375368438
-17036.260682052944
9073.811572063321
3384.527467006984
795.3257560093648
87.95335352010405
8058.536209514346
8861.517597732372
2247.5609191741423
141.71500938545432
71.00545633533532
-41783.19133384496
-21762.74143585641
-3035.842815346385
732.436648728631
289.74903881817943
418.859277915983
294.2785906475643
41.10371014408526
-7221.883112423361
-627.784828665192
-127.93406153322988
1088.723868092426
674.5741824336502
-50.48691970628227
-27067.728048210836
-17199.99599844111
-4985.079443802607
-669.6831972153723
14.721670907777144
-2491.3843158192085
-44.09407709316597
65.48852016234294
5928.938528972613
677.2727196659633
29.61855357307027
-365.17366811223803
1368.9076660148385
150.10882909104762
77.87828477572941
-95375.24799804731
-112367.11119373463
-21934.72078473964
-2689.733408651082
-133.34651860355424
-1616.3060293187227
-1213.5003654102416
-160.18468458182832
-15296.30419428011
-6854.316267227506
-618.7209609142087
-34.611761944873116
-142.6819376088229
-5201.778715618298
-10605.159075098707
1341.867565505174
456.3589538474423
-104260.80939264433
-20336.510535541205
-3776.343856959876
-537.2701214574153
1109.8474896329255
64.48400499279684
7160.530981603971
-1139.6611637091225
-4147.88978341435
-547.3165550701618
-69631.64717722435
-8358.07174487253
23.63606754432184
2005.3954735416387
-4445.240952976665
769.2024690587687
-904.4674065495674
224911.9900562851
126106.49024734246
-2387.565660337914
-2724.3278842837417
666.585297526284
-680.2324229854617
9012.03938284701
1862.550109436136
260.47068545960667
-861.85125457612
-307.51843638362897
1731.3542184259813
460.4827660656786
2432.5529392680555
-750.3964978466455
107.79896503826724
-134.11883388273995
-6922.787750322942
-1316.1605647000936
-303.90509025005036
81977.81327845334
42678.29355563978
2502.3036761630938
1216.9124631320592
777.2567468446355
1998.7866198080956
5215.514230070329
3338.5209221956734
-640.0554261561031
59913.404273911976
79875.02265860389
5664.4361466858245
-181.63534860588803
726.7806826651771
404.8865728579047
16975.519982727674
2686.6942739059573
237.44815756053907
382.5391622785215
