-1.4683414760026416
-4.050881925261736
-0.1512083580923486
-0.13346290761053003
1.6983532121211842
-1.6507060299162395
-9.121219469109551
0.9255980270009816
-13.345388337751228
-108.25790099620247
47.57946355767823
-40.10915810159915
217.16452072025177
-419.2125541627168
93.41680273776466
-20661.191652842903
0.309702369285456
-0.10859710269087237
0.9450632328631561
1.2275844221435117
-0.6650227101771939
-0.9745611493164159
1.445352101036629
-1.3113757777814876
-0.2318893575424256
-0.6583185540662365
-0.6495649598541805
1.9936876852630123
-2.208671813529427
-1.4682081394046682
-0.10550085184900303
-2.6238962126570198
0.42246499768443546
2.704163234449975
-1.9289293492889474
-1.6906818509950268
0.9473721742460194
1.0543804958057035
-1.638740394253535
0.8437098919766914
-1.7299337575550768
3.1042491706085165
0.02852726219232723
0.584577058659721
-2.333868079934143
-2.7556794760239827
-2.640633174621488
-1.1513551944310734
0.11549586430855663
3.5701484878491416
5.7915416761287
-4.75839863581888
2.562210144637302
-10.193800438125871
1.4672904029453275
19.95354058116624
2.7628924992623287
1.4887251570133544
1.3296353316259928
-2.3733923759612354
0.08807881636593994
-1.7077088456055827
2.6397452344824504
2.101518497517666
5.445678740926637
-9.405971304053772
-3.697547429930548
-0.6455631037698301
0.5806218724940657
-1.1632251000687657
-2.216432860034614
1.4852189645137595
3.8811787778856806
0.545201742638227
-2.612176475300497
4.542180099259406
0.8204197829526803
-11.69914060633789
23.97118980417155
25.86406939287183
5.460571762841518
-5.1243266440924655
7.582392078430745
-1.7731623535318939
-10.67377373817032
-29.125000093092197
34.053193472164715
15.116940960769472
-33.11652736446794
0.13372451279575853
-3.1490496905351035
-1.0569574868033047
-5.859321940724718
-9.763446313172265
12.511332812908961
-51.77558842787715
3.2168952900834547
7.6577921963512185
40.96945661490373
28.835458555451687
-18.704026607621046
38.334558801569585
-7.352459032674197
45.83292363908905
-13.577107775274069
-3.3702960772295985
100.7980579392634
-26.68974122705874
28.895130444450327
-14.391581242706666
-4.2632828068325725
-49.34601128837586
27.376856752914424
-20.130869914189304
27.51723719466409
-24.300735421521452
-46.701779584692964
-7.229295243393228
-59.316159127408305
-0.4231119969808858
-95.90403311961855
-5.015114997297476
-87.33802222885278
18.726032881148264
77.3103629953052
8.317848526568264
98.76348732601744
24.016380386331615
-65.15364070414206
-30.979223296246513
-104.83792763033195
-45.45379581293258
-40.41391609995512
-18.1944482520911
4.986932834041889
-0.18752416035510852
-28.36017332552555
334.6127312511831
-48.09338184323976
-123.92086716891659
28.257744321543846
-50.01781809582269
-39.85207831580962
148.38238743783776
45.16647923627535
76.68239340933718
-50.74960625296939
-48.536711526839454
-33.00796086888547
-36.574120799825536
34.42252977029175
142.70258913404584
12.082922378583259
-37.09373507406581
-28.067656006794632
-135.83741648068644
-17.96701365203114
-284.1305158358938
63.263614742230956
220.07350356084322
-49.73385586413708
-67.92425210214067
-70.17210769700978
-14.961998992306489
-52.29245862133615
-88.93807054679311
81.3803172981592
-18.450137861179847
-100.335078773923
-36.01264224293459
167.98428276330094
-0.5505463383425997
94.57472376489602
-92.72244978964038
-83.33619661398492
46.67957095068471
-10.874310512816978
-44.10064072494438
114.97884324525012
67.31791285150821
87.03146483046041
21.259174571282628
-282.7812943926453
148.37434790992336
-77.09834230581399
-244.46662658593885
156.2983173643827
25.095575411209566
-163.9950941684456
-60.379220532817605
-107.60484262741906
592.2696122126438
81.39442180824577
-90.00193666842691
2.923514936526548
174.88987671802585
-3.4863038018762063
2.9398039236874253e-5
-0.007259467697494678
-0.004326717556600349
-0.005168244766804812
-0.0525402683223437
-0.0340191138902425
-0.08455219587516052
0.028129047793630107
0.11354837920548189
-0.4197589291340274
3.517400088036683
0.23552277523280138
4.72499182389148
2.739705433569008
15.29693063047825
-449.0498873391983
-3.2202177250730946e-5
-0.018098009690462064
-0.0027115775693132833
-0.005449531188412792
-0.05166282539676697
-0.038139028836912246
-0.11702664136810889
-0.007608736722856544
0.10293557514615126
-0.8155458447262323
3.067621638209963
-0.1737545243595826
4.76642634295719
1.7256556820087876
26.91516771717967
-520.2217324350095
0.0011885326709623607
0.21717453643992898
-0.0037258253694154625
-0.03937865547713313
-0.1298722964455084
0.1925849571922636
0.5926589774553884
0.27512588343676764
-0.1818913572646052
9.253372460525096
0.7538346680801514
8.56157380795933
-23.622206430504406
14.005398414873827
-307.35605682984965
937.6844233381918
0.0014116848044445605
0.09867419125341359
0.08868199569584034
-0.01655056199087727
-0.3992714144406896
0.10995194953806238
0.05752200022742391
-1.5031505690365217
-0.5536982458337629
4.550882842916668
-23.42399008902064
-6.997096401947773
-69.16035011321158
-1.501708030436428
-31.241421000956127
-179.71424697669207
-0.0017600822168027301
-0.22153317921473567
0.044973477506696745
-0.005078985165883363
-0.23702245580590944
0.2583175065346439
-0.5353057212950664
-0.5431732290987314
-2.7675562195365315
-5.597763852206797
4.700413708006902
15.968078038746523
20.928426179682294
-58.86389709267023
-385.53071294952275
-468.46992186609117
-0.00032097948396550097
-0.1362817647677466
-0.047586373935256464
-0.0052761671282370495
0.3566684413852233
-0.39763023709318146
-0.4374584766384463
-0.1758603350920493
2.818278748094409
-8.32500992479983
-3.750128654917068
-15.104649209963496
30.87381653686948
52.49606556920586
812.0001033479855
-1110.1820764664687
0.0035228186317976
0.17767989373307919
0.11629648970917461
0.0015236356186028438
-0.48308635016779994
0.3082558036892152
-0.19378821104891988
-3.4372798993321627
0.39305266501316505
7.895040948859114
-69.607792924561
6.375528470836782
-89.86319270241898
-30.205941473853603
60.042163392926554
767.4339229790797
0.0039737667345129575
0.4988871704111009
-0.17783629172448093
-0.08329116932663352
0.08671836377558625
0.0852949170449367
1.0667264150761089
1.8238432461703955
0.07625682824474313
15.587598853697138
-3.8696255844207865
10.452884259118354
-27.393732660248013
59.74220714918021
4.882175659867601
2066.202232048948
0.009323381520754926
1.079138566731825
-0.1847700000342227
-0.2625357105593811
-0.14693530623274728
-0.051599798532760345
2.3192350379567297
-0.019343054034630103
-0.20122792240746676
38.54830821482049
-51.8709888646831
-0.08187249524758065
-150.02059483681415
123.58219330317826
-131.31857394644334
5896.807737443306
0.0005046984920576429
-0.06730327430132983
-0.004828043535692743
0.030719272408518315
0.0829818414299839
-0.18355895112319576
-0.2619077635663982
-0.2635591403646287
3.0909507045304205
-5.984900420600089
0.21452552546661852
3.3578418587136154
48.77725969205748
32.887813480223706
464.44720898941057
-26.443574570543337
0.00337293928305692
0.5131587683879506
-0.20176089708190906
-0.10417209277655123
0.2047162551224962
0.05227221483946442
1.1982488910582023
1.4754915687757526
0.5684965604024065
18.441738227341254
-13.767509189847047
19.099204092007582
-34.88068384431115
73.12760240690636
-11.89612570602254
2267.806366698339
-0.00370830689246753
-0.41011612213099763
0.1555240277371602
-0.04251633886772488
-0.11307644089018089
-0.13880852708980354
-0.47608570579177784
-0.9136672527940995
-1.2615008921124506
-11.550137887255872
16.037284137069943
-26.72928480938454
33.121061020982296
-51.31193279147834
-26.655428711616146
-31.478051075665938
-0.006391020582146595
-0.9226160950314221
0.08178524994216385
0.2600214826044421
0.31058800760802524
-0.5632380889455006
-2.532588376153723
-0.777243275462052
-2.7685258399688135
-33.71233918050071
7.657170378916503
-19.21868773586397
130.85154458117756
-1.1856911511990602
1075.5953747578067
-6505.507301070365
-0.007177473112476553
-0.5980911563873552
-0.08872638890885366
-0.1527039838589079
0.562259673251409
-0.8799144100962164
-0.5116792077716855
3.16289631206085
-3.8125115667742504
-22.22434117078571
99.60132553084102
-31.691535738455276
139.00124111814756
25.28968931081657
-103.76227925648593
-2775.692796698546
-0.0032461047090907736
-0.3491155329412781
0.0327522140141004
0.10886082404007652
0.17770747728509803
0.09039130515227502
-0.796226187996035
-0.1718168697329487
-4.023097615065509
-9.862088202821106
5.35743973907219
13.30707800955651
45.71775471498961
-25.58221820234778
-164.03218887693978
-1670.4057982929053
0.0023266758894033867
0.04430686093547812
-0.036859277627317735
-0.2811447958022614
0.3033585382317906
-0.710835493559609
0.09209319425774518
-1.156669499067601
8.766657334900323
-5.087996061988273
-10.303448161636295
-27.41700151681034
36.091769273437684
115.78613728231484
1317.9755868735513
719.988624365794
0.0026629353926236016
0.15993533207289065
-0.006125833206048466
-0.027577999815177702
0.34147407637106436
-0.6978456669901902
0.2987339639141334
0.2732885921716486
10.941308257046703
-3.9329121329573877
-5.4945271876071695
-31.784257321920272
1.7067527710011754
125.90336118356883
1401.0003467629235
204.454544065476
0.004226713780843981
0.5101338012449549
-0.08762551896953634
-0.2090859972638206
0.15618191214965216
-0.3791439050043551
1.3451269913370705
1.0341637767629313
13.747823650339242
11.387086482668355
-12.076121585376548
-44.015253700634624
-78.10863473831925
104.8565576953668
1237.7972289252255
2964.854029980599
0.006034116328362887
0.7064599658189593
-0.36201011355852153
-0.3208414159417796
0.03734665073325595
0.379894703731894
1.0379858177868653
1.349101214386746
-0.08887793287344219
27.337091021308957
-65.16388547805192
35.46403038170695
-75.10464935123099
48.32757744885505
224.40825520063004
3591.8602172740425
0.002250038007492729
0.2590617457992217
-0.1802578717183965
-0.10831616174692642
0.19937386885431224
-0.535437050274576
0.7749761661066233
0.5856786586955064
0.2871918850374263
6.360128197915283
11.21212846646171
-11.43524138205972
18.474282296447573
51.79445569482944
-34.54482899493141
1824.7453583465795
-0.001905638224206358
-0.28598564302001533
0.026576637778335223
0.12050363122356465
0.21239810247731392
-0.09627702636685258
-0.7673208651440351
0.2522048520926009
3.645599162001832
-13.645527647103702
4.231837769698141
-10.77046976669361
44.68673555913007
13.049486255435534
668.2593189458089
-2322.37339587209
-0.005662652197815351
-0.44901667248995314
0.041586289035558256
0.039032489566283295
-0.012762379154573547
0.3959374210287291
-0.7271187171647894
0.14025009081523188
-2.1330445147735544
-9.132725640606099
3.48457692402697
8.498891255294579
13.957505661344939
-75.99458457653776
-267.8342800513535
-1892.7240073543717
0.00765788307129546
1.1858644809522587
-0.38150030682101094
-0.27054704480880726
0.4440765437325078
0.0376242251736882
3.008017124929385
4.175260071563217
2.3644267419071774
42.19006604902931
-8.867133958556982
34.26749599225197
-66.41322418233212
169.57893526496974
-120.8251855087602
6943.497954635119
-0.01005075356542687
-0.9561876876000646
0.11243096327175338
0.0651239416887657
-0.19755812894523242
0.6346537098113856
-1.840025846056227
-0.8354251508686779
-11.105328133614332
-21.875849282262692
14.560594229097752
21.0102686635409
57.26623641263166
-206.08535226923016
-981.9445834071628
-4071.9344990402747
-0.003710760339088791
-0.4862051302301051
0.13264675100990486
0.19292298506053077
0.2217892681664573
-0.21227391059875897
-1.038589633822299
-0.991839305763927
-2.477804810226205
-15.966194378200635
3.0667074996774
19.226689632602856
101.40182226756454
57.46564837440829
431.8648425928162
-2047.175718480178
-0.00904219285391846
-1.231861174936895
0.5076797306828605
0.3571600510575075
-0.4068543001129888
-0.04275381141649033
-2.6335947468836354
-2.9867797613153635
-1.526835296322449
-45.183440076128974
56.57579952527495
-40.472637869716024
96.27802156173166
-136.0531849750788
-105.95406427203501
-7070.21454224491
0.00541314569287015
0.8092344643702293
0.016888259045312364
0.07542194398897997
-0.42441809769881256
0.5248199997462492
2.2646756119417364
0.39255898626423363
-8.170369545729207
35.60839316505172
-3.541344732409357
31.75693927583895
-76.98639112521943
15.331983507245187
-1551.7636541381723
6020.196633382286
-0.0062060749496148865
-0.7303795738498559
0.15427435330815986
0.1335526366151987
0.39770406158082794
0.04112684540494941
-1.3943406972185621
-0.44153586111475246
5.705288033598481
-25.669749452289366
-6.620105296450669
-12.175646151169008
93.99588166581997
33.28022907113797
1294.1578945239924
-2313.0469683062793
0.008965137052279533
1.145930562872265
-0.3786812846539519
-0.2122143509820261
0.2791424841975977
-0.07900997102827827
2.6026144285677097
2.0471102147884794
3.0106541541892597
38.715350537789654
-23.234721597214683
37.066662386441664
-60.85881531775554
130.0666587446819
-81.45885898422853
6526.518030513428
0.007183762128640263
1.04806099109155
-0.5047415796792123
-0.39523912723790966
0.43980889806236834
0.3595430457035321
1.9591957861134095
2.0293546969597
0.7327832328030814
43.73001272237494
-105.47445502936057
55.229948240775244
-149.32582600524498
54.51915014955009
74.22621885315435
6835.614421363344
-0.0057067856464391
-1.0697612722519716
0.11337801935918648
0.1507381024726089
0.7266463113952245
-1.172648433950737
-2.900228350298818
-1.5990615840156848
9.5991288011858
-48.136623535360556
5.820779042412978
-24.186312311380526
209.78657501503463
159.4043373233615
2562.688804091275
-7052.242076963544
0.008388079427145726
0.9701768788452088
-0.2923295764311538
-0.1233715814094581
-0.49872845061395527
0.4484668974453247
1.8117674290249084
0.3804981901270744
-12.866392678628669
38.04397436721391
7.500840483724689
40.71419055339639
-54.72590784743966
-54.418464637084135
-2138.2559848438596
3554.9227952888946
-0.006241483942495377
-0.9144144604537435
-0.020716912582022677
-0.02487300708529267
0.8184184554046722
-0.66015481702983
-2.270772896633931
-0.10994317446521815
11.998750643549194
-40.20890113810748
-2.17821740652051
-47.856551245137965
118.51920073087193
31.87126793389236
2438.5475588598733
-6226.659676329856
-0.024797201006000528
-2.5995323185722374
0.7141590645601178
0.6044219089003805
0.30178411404288763
0.2638022928155074
-5.2434302864620435
-1.3538142064694274
2.5819422883575505
-79.83871010097671
15.283565758347967
-6.948416918715331
217.79364486575244
-35.92039568986916
1830.5343846271924
-12641.154660438053
-0.013795163488531994
-1.5333580143283014
0.6129093429708093
0.32986245371910333
-0.597085430090356
0.4132526557066832
-3.5144727368949673
-3.7356751969083692
-6.844060461900921
-44.42129612265329
-17.220112199882973
-69.15888733666381
-77.70560448927434
-148.66753365003618
112.20138126319301
-12043.01206022151
-0.007564776463535447
-0.6864063039134896
-0.4869462415465189
-0.02438247341395804
1.2189487549622038
-0.4287097664763323
-1.04557096214363
3.7800206225191584
-2.446087338444279
-26.703510516350168
71.89820028498201
47.00350415020429
269.88674192601775
-107.41105655550835
42.69119213805338
-1797.7448604410793
-0.01893246311769295
-1.7907823668413305
0.3758366555871213
0.35170679507020514
0.09295961888909657
0.1695488869129836
-3.4210521366027695
0.005406274336517428
1.7483041301963682
-49.712523606615356
8.504176164685473
-35.59950097625096
100.6448097104516
-88.28869857293286
1386.1631905665895
-9565.35736977084
0.002767997081804251
0.8541616274326556
-0.8647366815738725
-0.5103586517205209
2.054913217447739
-1.1668007376558902
2.95684143020304
7.84130433342008
4.237478726117637
28.456773357230123
65.37934474646993
54.8475755044817
136.33898872737262
96.20400392051059
-159.2819554490634
8978.932121572912
-0.008047122270593652
-0.6724323572324992
-0.11341166563781702
-0.13567026767737556
-0.25964369699396045
1.0847181465203402
-1.5558033954523087
-0.3275529261308859
-8.287095273114971
-13.334632551052652
19.061432935918344
59.018244260745526
21.881318440892862
-119.00257722179539
-1349.2097818913585
-4391.577054681984
-0.0173059789231038
-2.9041187627630594
2.2113445197155572
1.0965715094087523
-3.5566843520831966
1.5135682024244548
-7.417382430403634
-14.563487860176679
-7.320482203349418
-106.46130771003561
55.22610199947737
-166.83804597006497
-118.9844995285072
-277.25246164885743
-221.52124121995087
-26806.56797439819
-0.004097020419591657
-0.5655763500888015
-0.16836979739084948
-0.29447950876823464
0.38814082038008807
0.644201462193698
-1.346034389500554
-0.24645602358415786
13.737886439293272
-28.198526231145046
0.5862228361766221
28.65904232239213
85.29020020026135
-23.072902303363154
914.9380204595634
-2495.4842201525043
-0.00934941395735356
-1.022944113309379
0.34948962518978943
0.31279241929306373
-0.012981463248593917
0.023140428390207014
-1.9616619115550766
-0.5244673834341154
-0.8366833528423256
-36.23905177473811
71.82821638156744
-1.5453408829709523
131.44103527987272
-96.14279723362087
-145.68095965778664
-6981.80862124592
0.001429581759691077
0.12249244471169592
0.14921170673009396
0.11942718259009276
-0.3166784354093729
0.40305524499056666
0.42518576377526573
1.3528825156380846
6.559297952333721
-1.174836885690551
84.77155863461473
26.117492853562435
91.18955327773023
5.748816194277785
-33.26261463165392
520.5244764470735
0.007124219166270458
0.8390307062331852
-0.3651428492531464
-0.5441584756320346
0.08187650939565197
0.0931808409053303
1.739404968845079
-0.30224118446931286
-4.94041083465854
30.310342386878794
4.020963496514484
38.97132662230539
-65.97870658111971
-69.01000448221222
-2461.153628905775
4951.685895506629
-0.01273457693486109
-1.3752731353912548
0.13429564931245522
0.2238310081257324
0.23684823304461872
0.507673384243779
-3.2093927150102566
0.6264384496594675
-2.2230195359106735
-42.55577532965601
34.890867953821655
25.918024904226936
151.90772606752594
-200.22588589181402
132.46698452701546
-6521.659542055141
0.006963868969798802
1.0276613433363075
-0.5685666462189336
-0.3603062395183835
-1.4671572627624914
2.5475637895955843
1.642369418244778
-0.23483928675285595
-39.719470583623036
53.447392693777246
37.72680773405797
211.23373132668254
-99.20265817659538
-414.385501936609
-6384.4455320974885
4200.511243448919
-0.01171559295345043
-1.2461505596083826
0.48520380164744537
0.5401782742642782
1.038968093785751
-1.042951866277699
-1.8367061749450542
-0.08056632226679569
25.45788837486293
-48.77678610142904
-19.29201754253496
-105.63000112937934
137.50035329196143
265.6922818915771
4479.333917703457
-4533.064402537406
0.00505585627820784
0.6808732209142603
0.06894263356491409
-0.32778267633725355
-0.5912620621297102
0.2000123274743479
1.652732308575678
0.11050853328066945
1.0587533246483594
23.6580168547147
26.43969874817355
9.444797241379383
-111.60601626885521
83.43225478618238
-340.19424156806326
986.8955349776957
-0.0299999390340613
-2.71254610925709
0.6925510472944844
0.4443284144158102
1.2232623628991954
-0.7181697572337714
-4.606387490504274
0.3901402745408483
19.935676009257907
-80.9721349367311
-10.825434606478451
-127.46795407016651
32.32207346897599
-59.865323292739895
3528.1366973889412
-13678.341810821132
-0.019374559658923707
-2.1398190878365857
-0.6517946882166753
0.5190428475861816
2.5675018430061294
-0.8758976939460887
-5.78384696042098
-0.0010836155426850991
-5.400071437107596
-57.97549983150275
-41.89992629158076
-66.64034274046035
133.56720956240216
-611.0948465364548
419.137148229686
-5669.297108000862
-0.011064053309975196
-1.084684193077851
-0.1453654235916164
0.260742133776556
1.0992400000356162
-0.6404707035252138
-2.686822326237409
3.260584024260421
0.5746230554260031
-34.037942496798046
138.1666145746247
-74.84807649816499
80.84421328846442
-269.3587125976901
-24.700449530026518
-5760.979168533355
0.01139656209253395
1.3395428201742094
-0.0716856955080181
0.267495225967247
-0.035315492854569
-0.22582620996700106
3.4985525565364948
1.06108053906944
8.458454889014277
43.71648321503719
-10.886422981121529
0.7237499230276011
-11.723973511043976
282.17261079425697
854.5313159311903
6990.6324007762305
-0.00488254314855152
-1.002788566097528
-0.10740506723838106
-0.1121727925572189
0.9781080902282243
-0.43909690995328665
-2.82747295351708
-0.8295063834430828
14.13896621152041
-46.01920904106615
-23.50192992492749
-28.242325643766016
166.87653716783794
256.3920284506517
4177.697274205685
-2911.9005397797146
-0.02236828243111833
-2.5743750588210372
0.521716624023065
0.5738620158076777
0.4134430864810475
-0.4003647351265251
-5.681929851206276
-1.6760896503003682
-0.623992892034741
-85.82840867618796
10.545761074342554
-55.21493661381503
207.91115031218473
-125.00674168984361
2105.0253558761333
-14326.220038114305
-0.018944553720354373
-1.4828613626083074
-0.11054310663320005
-0.3106495430462551
1.2016506711097568
-0.04229397712715146
-2.5564092486573484
3.7452864595881423
-8.56981843083442
-34.642783965672436
10.027463818933226
1.3373780037772414
24.834351846537466
-215.11183585095733
27.037207227971773
-6684.0328474967455
0.0066284083244006605
0.5182214645075719
-0.7088383916140609
-0.7353670615980562
-0.15784937798850993
1.3229255059341456
-0.513195963411323
1.7498005786903184
-2.784989833583767
8.933890431028724
-7.113557331275615
99.93372260484304
-56.13359506832566
59.81258309501585
15.32290260864502
-1834.5159616898284
-0.00768516196472102
-0.17451796239949258
0.2709754052253719
0.6621162686923585
0.06767363871896935
0.45927504102585237
0.9379910497523243
1.0205305217715328
-16.04306895582473
15.562164974265894
-1.9390120010218896
14.407897992792373
-60.04964938715855
-136.1110166748717
-1719.1842568422237
3382.0618787010426
-0.0016933539698146633
-0.5025445468035599
0.11198131731624958
0.09263459228736695
-0.5874904513273872
0.6044864025758423
-2.1460239749191774
-0.3152307026411504
-15.108605471243564
-20.213873199675028
11.604071090803194
33.02979283299226
20.2108847324517
-296.19929096993246
-1494.5383527558836
-3967.3789094719095
0.004319414267536688
0.941967415762421
-0.22185519476406207
-0.2289387273105166
0.9346802245924546
-0.7294397841143925
2.9343872704416047
5.077008064796239
10.674228073192563
32.31899815921875
200.66600179243034
-25.630451615734597
13.155713248848093
119.365514272229
-613.918422768808
3878.11971725517
-0.00417881057979199
-1.1897695548234475
1.0374071137851162
0.775721931641357
-1.3247568631655156
0.7625918898413057
-3.5985278986991176
-7.749066578932535
0.7048522910164715
-50.98053955282935
-69.09056931725385
-4.433097383368361
51.27710754020075
-132.78991178261745
441.65810822617834
-9772.86294350937
0.036422896983408413
3.15553869304255
-1.0214558662055926
-1.1658122782103915
0.17477338485054594
-1.7238279994574859
5.19310069125581
1.668038831705326
40.64020166936201
64.61952639930328
-51.55170584393018
-83.20251527649157
-201.9115288484627
576.7932445121863
5261.440985546583
12822.418444266372
0.001962535838454761
0.15193030207086958
-0.6170325278059727
-0.33462726674091803
2.029089339086289
-0.6947505277562229
-0.38257977801792675
5.319588048606786
11.74762184880744
-4.587187126637961
218.04989388360977
57.33727134139642
234.60993199455365
-246.68760841465746
-34.68727058970248
4023.5146106179677
0.001518363147397044
-0.1389562387943375
1.3546621075904381
0.4246343361098949
-4.714158902161043
1.7912592089636563
-0.01853122489065876
-7.828664447106996
-19.55482954744959
0.30427625902190886
-171.18842816935125
-100.213051790401
-253.28441929515697
394.22085164516767
-572.2480951345375
-12668.212701501316
-0.00034947569334695854
-0.900328321787498
2.0965697404889707
0.7722141076478153
-5.478229346004534
1.981000423108039
-2.437060881489076
-16.35982930201206
-18.93222049036132
-30.52899243793761
-271.25417951391853
-172.30319822510015
-461.61439650433266
349.41965622124593
359.3887406459008
-15907.938847906285
0.0061387138212115775
1.1818279296171017
-0.371304228472157
-0.34295548089134514
-0.9184105720165406
1.2638696064821517
2.7996405348326134
1.7760580154880214
-16.092794473370333
52.499060083618815
27.885279342136855
95.88508366306962
-104.05146957468284
-141.4351091687896
-4590.504952734405
2889.9722432325916
0.004756112681931097
-0.30150622481432215
0.04339476685921042
0.21019452595825225
0.952751783721733
-0.903621900101097
-1.4439023094901875
-0.6572229088662792
4.6738304036424
-35.48512739998429
270.8511723144767
-59.96614742988731
223.65776762573677
-387.57814348480713
-710.4511174045869
3224.6547810979514
-0.017583719111013613
-1.5568149768403017
0.2526947147144455
-0.12080090274184281
-1.0253080065419597
1.1007583133528938
-3.1131679826529526
0.7153962026707776
-26.157080654939236
-31.329828794117265
-75.28592622132304
5.554426444108711
14.72003391407381
-90.0368593964291
-284.5312550987779
-12621.461429011943
0.007661254814339571
1.544882683785144
-0.26516972197712624
0.03690427301578263
0.12525978675001317
-0.17877862269771755
4.466511003244909
0.2893626384376472
-30.305801936422114
81.77398588678616
16.660806458127066
84.5219899693597
-95.71354171138807
130.8704742849974
-3357.0492610909873
8428.039555560194
0.023059516877016382
0.5205729173681708
-0.7325501549571437
-0.5052167376422749
0.2241621126574614
-0.40112286747508663
-2.938028699359772
-1.9694822637268654
17.434593269323198
-43.93229766633573
-8.829530536613884
127.31351284460058
361.98274754638777
254.08247797585656
3147.529525872244
-2330.1072204198804
0.04009147529075718
4.244210097071519
-2.6214219147645195
-0.1769595151500239
4.173200354214068
-2.3183570338166573
9.207849772293443
19.879931670318943
42.6267132043551
94.63455745180771
353.7974462154913
175.75649266112302
694.3026512056992
227.58045065622903
585.4508314040914
38288.179698165884
-0.06885013323933585
-8.921149763939809
4.235952499108537
1.2287825281145417
-6.233455546385783
2.3329820127057164
-21.01583375713122
-36.00298366520655
-56.30384146984144
-269.23128025551637
-477.60821181367453
-164.21567037998472
-344.17488620052313
-616.0608831559787
803.9404669389884
-61322.83579553115
-0.060954537621602536
-5.487357316298496
0.800616650718864
0.5520241820478347
2.890876919160801
-1.322553747774622
-8.973082623681936
1.8127758223282093
59.32816192210894
-163.03463497891354
-35.02215452945065
-367.8758594824561
58.78070798308102
74.45997073224348
10524.837717512975
-21370.85188005034
0.08294335602832119
10.498698977721084
-5.252073434420263
-1.680522635240666
6.909171711906996
-1.5520901393136035
24.971595636851056
43.1078045592367
74.59099572713966
315.0585941832787
829.3857787318977
292.90046644722344
732.1491960545394
388.7711983181747
-1600.7893077317683
83136.29386469988
0.019677668456143563
3.468961809266167
0.33086623001822835
0.055781937667596246
-1.7318301649307857
0.30018726326909495
9.408194920570146
2.166443983709318
-11.0248376744023
147.26397657999897
24.407704438134203
52.71535598022091
-500.8576291502675
38.17242005875768
-5974.099541835412
10540.11904255514
0.10459031907858178
11.083785025440099
-1.56570493583525
-0.9219342647988445
-1.9145958433322299
-0.635894158378604
24.464219247190158
8.24511341265681
46.85000474178699
329.63065364236763
97.41798920607914
19.246037808453934
-477.51791860967694
1216.07087607914
-1816.8205151844536
60573.86969463948
-0.06538293892683748
-6.517887324555121
3.0080971197870747
1.3468161897123268
2.3989317470344904
-3.916643967524594
-10.190735046413653
-5.371312694795729
26.638459857478445
-194.77749449632103
-7.978721473114962
-383.44441935248074
237.72253740390545
-628.8847699765645
1532.1118723040236
-21388.653315164494
0.08381409401035841
9.66219012097269
-2.1801766828308056
-0.6679146619011745
0.03826133395699904
0.1523797023982963
22.604300187333127
27.463691237903543
56.310109889800444
271.61162448545866
677.2806132769764
104.8292842660548
182.84818338053506
947.3861108841363
-2093.481310071885
57809.63564790684
0.010674815295936085
0.2996510862683132
-0.3833226467690122
0.464724485579916
0.3163725078427322
-1.2480125816481795
-0.30608170214776076
0.8566983825763955
4.685806882633443
-11.690236354336164
91.15014571043203
47.463003642002136
498.23607920538814
-26.070160982976244
181.1922728820914
9976.684825593462
-0.0002585610996378393
2.242920288271116
0.07164016191307286
0.6024729754230591
-0.8140428417851882
1.2616925925208569
9.042689577246469
5.825405445310624
9.35770657771582
127.81768972259316
-5.935910370908617
-57.8116235266053
-468.1577834542601
483.2063379915116
-959.6692262178242
14429.98635376757
0.08934217605608315
10.045268761666222
-5.18741753815398
-0.6100740885352334
7.728749958290783
-4.624940924448906
22.555404983172707
44.759326431813314
93.91747451666517
247.29680800618524
1154.7547975663413
380.07866230674705
1431.3378644959128
433.96669348845376
-1518.9806344094695
81685.01456397625
-0.10112597334803396
-8.532485549160327
3.3137286944624127
2.7069318869456924
-0.2874648738886524
1.9755786649270393
-13.082948326754805
-4.128715717485755
-63.1220011080979
-173.63820042511642
49.36484563690504
-178.04968711026274
64.33898687704496
-1331.394376055871
-5972.284146995963
-33231.723940813354
0.07035126576595993
6.567995687075624
-3.142493293731755
-1.7533898034100242
-2.0725461196329964
4.337754490870487
9.466901062565455
6.696186316924809
-10.3957480927215
177.71839097552916
-22.023843035542523
350.6593118493286
-322.8322663300162
478.8994954142685
-1643.593753823749
29748.711150636773
0.08103139364830894
8.82937220790777
0.6344947812419904
-0.21185970867631596
-8.571702911062836
2.9446086350681853
20.817740823265574
2.407181820635311
0.6606950796416298
266.0383029810295
96.139886649068
-285.3338447442981
-1161.9627252143582
1412.5568463894224
-2846.292414638219
17226.189569180515
0.010008663344941592
0.016024518798448368
2.0417474696343967
1.4703024915541953
-6.916508966155943
1.9531052800358006
0.39327080833882105
-9.581964602933542
-8.381348333717533
-39.457867200805794
72.52427833550779
-64.73335422086966
8.714517779443838
449.29971128823234
-1966.1324578778685
-12957.53019478938
0.035904791015760606
4.211242424507894
1.6112143109397434
3.2015153041903237
0.5928100270336782
-4.959406804994826
13.49314647945752
-1.2398073946762274
40.92459276270204
128.68299361502557
17.402789434699073
-5.837014158206071
349.93443391478496
1430.8510830053956
2985.003085682916
27803.539122833085
0.005206850172911146
-1.2637638293161857
3.1778685308513315
2.312097219420797
-9.839994715528046
2.93167006290573
-2.585402699064915
-12.799413174914498
-8.485257313244798
-89.04353395567718
-98.27988465760224
-218.17779001219134
107.88551362123629
725.2108661411414
977.5594193602587
-28146.677235703748
-0.08463478833219588
-8.50830606055353
1.9459078086030812
1.992625337466778
-0.8492372338516279
2.659199546166478
-17.682246169417784
-8.928103693373417
-118.27892659266912
-203.54086098271395
142.8074437734901
101.79709400586555
487.09550932008364
-1664.501928309494
-11614.851287955706
-38010.989451628535
-0.13546727504138148
-17.02846418104941
6.601377807154966
2.4438089413940096
-7.979572112494986
3.764930149827614
-40.080580480271514
-68.1609858728405
-64.53603439225299
-505.91886235744425
-824.4439546987737
2.462655638758305
-14.117467887531658
-1375.6030376452925
2596.707072638867
-99604.0852408307
0.07539879535443285
5.4032591526602625
-1.8591597789855885
-0.32909826659165237
-1.1680198695342765
-1.6088103615884541
5.659617277152428
2.330889602003466
57.46572863100641
77.78778602029652
-65.88888695390168
205.52603418294714
362.3028760819984
1681.0585596234275
13560.296687400569
12130.89273042509
0.0013635200110050816
-0.7606975816790547
-0.1307600902393803
-0.6895248509926875
-0.5411610729451679
-0.44064310989017735
-3.2856299542442624
0.14249495675915608
47.32481423567846
-61.27456881524654
-37.78986318810769
-235.6653462651517
-81.90654124040049
213.87515534997084
5157.961956235346
-3868.2593657449843
-0.11311686335543311
-16.39165645961659
11.977452302364107
2.464574716870329
-21.332096459334384
5.530878884773885
-39.230597485447774
-109.71355529550858
-121.34461965580886
-483.1088584712224
-1835.8871187648206
-640.6001970202796
-2309.832112321456
-453.9366830041094
1990.2148996808985
-136448.05543208634
0.05917244834311602
4.761513752096772
-1.3675436401077672
0.3991433718836475
-5.412136131945256
6.409131621807489
5.888945499886932
-4.439053417072667
-107.40332982693674
151.3506250100501
70.88065269966134
676.8888934267561
273.28653208453176
-163.14516941311837
-9682.807382333604
26174.275849540238
-0.0938871184926615
-8.905133513997145
3.047965576624021
1.0060810618341158
8.673857701416269
-10.547067364362162
-11.485687348051236
-0.9069235477773779
203.4351411038527
-328.99133864725366
-68.93849328941928
-943.3283816208211
384.0881870525382
972.3843084209714
25970.561299765024
-34716.61686769958
0.04200959900426619
6.916746698859937
-3.520125989073139
-0.9655616885610334
4.0021593981926715
0.20680032138624324
19.166542639818136
38.5697763640224
49.10362749822283
228.27622818044912
679.4880090464055
196.06460262855802
652.3273820403297
753.2049844008417
-1441.979337904242
50310.74022153322
-0.07985363035867114
-7.4504902184567285
2.280126831103873
1.5147740762390651
0.9001999150005315
-1.1120437895637967
-13.86650817019586
-6.675937829999144
-64.56215204587676
-166.4963856342548
81.68931668594861
-223.92039447541578
129.88099616586643
-1184.3580197755261
-4403.296579532538
-39314.171232110835
0.23433088635029742
24.978457234851206
-7.351011858201669
-0.7431911705204488
4.363113920603059
-6.627805989103845
57.101833394868
60.06091335502975
120.75739595418725
649.5751230696974
1168.003877549508
422.45553160688195
787.2700514584557
2185.456803406154
-3488.4407068743885
161655.01107030537
-0.19413765080927636
-18.293080245355434
1.779772888557961
1.5978530229697716
2.4916612905989948
7.751943991632318
-35.32446565260901
35.44296363826493
-42.725400437785815
-553.0080325349198
690.0040998523043
-152.55904619677258
1901.6688795928487
-791.9518063459805
5481.694020325176
-111106.1097810775
0.09758130230300248
11.028910420888268
-2.173592039754528
-1.5653252138974219
1.8637768189092374
-1.764700292016395
23.025473710801034
22.80274674505378
39.57937220291236
327.33512853488486
477.1593897050109
354.1803992365935
131.87086305557602
1989.3818058728582
-2431.1983438332722
61666.367297920624
-0.20693913631447566
-19.1452926417306
2.4477038620340514
0.11810091016333471
7.57426275457851
1.3054479911837173
-35.53347370162798
-11.02258780869526
-52.97646768225844
-495.62240596218527
121.57995393327032
-186.1842219281592
695.8473070343963
-2556.944025419141
-6303.778125741613
-84490.41464075411
0.10872881091749174
14.56486046674687
-5.797607250179962
-2.1249141100094935
4.9004265145334625
-0.6267428674349882
38.28033278144201
77.68249233070013
89.61581794454392
414.6274878093717
1294.168181174111
72.93552369330632
953.6437631063254
1857.1899498180671
-369.7956520024895
96873.1214932477
0.1560162203113304
11.42325658326998
-1.2375953148629797
0.1379559031522983
-4.170429606168052
-6.815103444247388
15.298787351582323
-1.4645450152899817
88.14928615592214
192.49046670861463
-90.9118667285955
10.167411987178113
328.0757490720693
2330.8221701293746
14444.27034018718
27041.156438714745
0.11056943496914297
9.178212068791657
-1.8959753624322706
-3.0478668509355793
-4.096786425462489
-7.971828177144227e-7
11.20572336403674
0.45426344379578576
2.1114096804146576
218.69271409921123
-16.62665203888579
285.9168653591491
-484.15888325114497
72.10430185245923
-5528.582951335663
16839.242599744364
-0.10855370354689892
-8.509853142899688
-4.797605310736349
0.21866359129807497
18.988996459977944
-3.8062594570748574
-14.946584790607638
59.03093265695614
28.92172497863863
-261.5512192271107
1352.40721112941
147.30279637677913
2229.895328632529
-2030.581594829582
261.0589584291299
-845.5629076217269
0.1050848098981425
10.963574081331629
-1.39045702107225
-1.6485800372542232
-1.3401854386879564
-4.58483696302418
23.51661987171587
8.46478463670975
40.60439920659065
331.92594078227705
-97.34752710804399
32.266641185996235
-469.12763334259876
1833.5359503589152
5211.772697997596
54085.17227599759
0.2862004605310722
35.30524718184564
-11.822129100775818
-7.369216277075415
15.918305764956553
-9.96786861534858
80.69157449996776
70.7010932163622
201.13474461168727
1184.824445903706
630.5174264106527
959.5087328347458
-472.9051120813097
1935.6443798095652
-3401.008588577457
254507.44682160378
0.009993409264016644
3.29291549629181
0.4368846187441574
1.1629426468272595
-0.824960572523579
1.0682673991841107
11.42774283300123
-0.11001013142483448
-75.64468131209088
195.2116098794603
24.768540178533684
368.5894561534683
-140.37805161999665
423.780869650315
-6389.239105746092
23557.99474402572
0.07119592387813216
6.6528498506846105
-8.240812705566244
-1.6210256398217737
19.80351515507664
-6.364597495829128
5.60215547639108
32.00862336328713
-32.46323197160274
128.61911888005076
1088.8046233731952
-45.915299538954734
852.0351909540567
477.75195279955153
-2107.8192204880165
29754.685253384956
-0.022421714118873066
0.3691987993988632
-0.9447292780038534
-0.957014627824684
-0.521213601099227
7.407142582919591
2.841172440904082
2.1698434247522775
-184.19606912525964
150.18139886420096
109.53087345248869
770.5136239316737
-104.96132944180805
-1964.6560413133136
-28953.667632034012
24031.2160474309
0.09057469445081828
11.522127816447494
2.0933891405817984
-1.2358253639006362
-15.571167804968347
2.982746437601783
33.48213787390713
1.6755386450155307
-16.521653105822143
387.774598402382
-155.5236291884677
-466.7833656729843
-2437.996754391906
867.1901088978934
-6483.245083410506
21318.20250998949
0.36269020394727997
36.2262842755943
-7.655579446074432
-4.555378010056796
-2.2275535781575226
-13.487304346908802
74.86903077428677
14.951077911062203
85.47271119610794
1032.2570516564303
-167.02412899641106
519.7994237409077
-812.8272875440654
5255.367468935965
16019.978275543781
161954.94836866867
0.002050403418579651
0.23281996321175547
6.697345363990812
1.0457262203632323
-19.6167863903957
4.695086665428898
8.332382092364325
-30.15863700060568
16.024128106381625
13.803125590525392
-463.366678484735
-352.52415590860505
-1616.8552959409628
639.34643045214
-142.39721940676094
-16990.394263572744
-0.23804974645965424
-23.37575721749718
1.1395284248691575
-1.2413255270690065
11.423346592339458
-2.400635283416414
-46.12626855954094
-15.101606430911643
-86.10054972029505
-624.4958425554588
52.30312973233096
-557.7671884287794
801.4622124337386
-2588.681138828067
1189.4967926686559
-109349.72196390413
0.1151962412093807
12.430224912163073
-7.029204765260866
-1.435778494868664
14.329938992314263
-7.033351432906665
22.762939538372642
19.18530446932144
68.97914048463875
358.7684437936537
210.99560520329518
68.28770842875703
-141.59987752485154
1366.2414685433146
2234.4887952093754
105310.68541268144
0.24484364863417016
21.70058652676901
-2.6327819829783405
-2.9370475926063206
-11.229588665914827
-7.367577464209532
36.81441508315114
-6.693456984183617
-27.804085658336497
565.9248332941729
50.31486631388369
568.6380890447189
-504.2719342604983
382.1553863256623
-8638.339504086924
81442.35470433683
0.15085103333050895
16.343288399621496
-10.198988373647644
-3.035578536679727
21.132750798834866
-9.025040549095786
29.49218951980127
48.549118544010426
36.46035887530869
450.29295890777416
604.7528924070458
528.1813419250021
1199.7905781217537
1781.594423426009
661.6439697512138
94395.34889416191
0.1873978138727128
14.402181044226163
2.5589376629574865
1.404272652301234
-1.6910893525431254
-12.797026598475599
26.23487607909347
-0.9394476462119522
323.06020753245986
180.33795637857853
-244.82936573206092
-756.126824698314
-155.03038422865768
3647.3337969120344
32664.871662681755
36651.42620534519
0.3015389251953542
31.163889575617702
-7.836476917758617
-2.1585120264664743
3.754775601994025
-8.110103601127863
72.94467407703121
47.816159757807725
134.55751597999472
824.6510799929263
1255.068458988976
-71.90025595914665
335.73474627993386
2335.6564294488326
-8782.811943216988
195885.83223570557
0.5493910548454438
49.010808264471926
-15.684566734466257
-12.19196622253553
-15.028380941282302
6.501863893224712
76.48608095198281
7.474853352215853
-43.712604745171184
1239.5078083677106
-65.987973018146
1996.4831576556842
-1038.9359756206818
1376.9541064723144
-31332.52911201985
182104.65974859043
0.1407965954294284
18.492706344134906
-3.183174086831993
1.4577996405764417
-8.080777250094123
0.8148225741772794
40.33493016166077
4.3189310532396625
-206.99980820734336
761.3566480332779
120.77112942422013
1203.26573375304
-571.8999169566993
1266.563040148367
-15468.041292781252
63119.15511379515
0.09316840938552085
7.428687479424786
0.3702351525790241
-1.3170581138825233
-8.642869904029473
-0.37646896306394895
9.517275488607046
-19.75769817464006
62.40268854091207
216.3031696460742
-104.50269194110425
261.09732440441417
-133.95511121269482
1098.1285930410606
488.12203321155926
39260.25122530345
0.4251545144295049
43.29933778128423
-8.09956182104506
1.1505530546957403
-15.448976912908126
11.271005293742624
87.82155386838545
27.917838519967184
84.8311806095389
1250.2832689251986
-157.5580560016565
1265.2023893064656
-1253.2628814129832
5365.657922672728
-1570.3061890375131
223875.85100259495
0.3743872595068032
39.948302739219926
14.915711641045105
3.5049544944386617
-67.51137989552902
31.43822957647969
116.33706140418235
80.6013781792153
108.536674407078
928.7307668617948
2810.754510943773
-2287.1973800849814
-4169.287644902724
10535.250402250287
-5381.219715565372
132959.62024690988
0.25135899786249244
20.294321184592444
-7.673865834894155
-3.0040493516825064
-21.96119656254261
14.719790940576043
18.577029437330854
6.643934298288735
-161.47126276872308
514.3874686774652
5.759990593287806
1115.6046898413647
-1058.8211939779853
-502.6357905601298
-24643.2718160942
66514.32110210207
0.09134635176623283
12.39624492157592
-13.300211657116678
-4.61471066615129
23.234368526707318
-16.81198015407347
26.05140230875176
20.162790833541564
159.16990773515198
523.7092593304113
533.3898058116748
535.9691496627037
1563.7908882158476
-2528.4729064314906
-5308.925847159933
151802.60707265785
-0.013229927736066328
-2.696035769319773
-5.174133180369808
-3.9453149784345953
0.07199910885839392
7.342639780975332
-19.021011185952478
-4.98854980307497
-188.00414640512435
-48.09460082026562
264.4577047793406
791.9858980924383
299.43320555921605
-1780.879686379822
-15498.922938958882
-87299.78397989547
0.11185166582864556
13.123763029442497
-6.5911432651006905
-2.015988542304811
4.8752652146736954
-1.5478578150412428
30.452133447287
50.04264943250462
109.60151818058478
363.39994006200834
908.362972443375
564.5259269589972
916.3465438793324
614.7759581179134
-3805.0580066363536
123192.05012355976
-0.1750705714857155
-20.64440714385911
4.677052160282737
3.992682695312007
-5.212310160673047
11.451508771995046
-46.11114153672951
-13.712884769416466
-221.2431809128458
-620.0292177523057
93.66323829036274
460.2814419408517
1489.136329899893
-4350.274501284004
-6083.908107116395
-73626.26961045613
-0.1369575524909509
-16.18252229382848
8.993831456755755
0.8445500811813349
-17.80437708648266
-1.0857395314316451
-26.54019872452181
-125.32002251429155
-317.1257437249743
-445.7305245954746
-505.740320319252
-1187.4476828668955
-1816.9697705305748
-450.5887624673767
-18854.561242312524
-207961.6875644595
-0.03371161753673814
-6.880443250169646
-10.531929266994242
-6.948087626231421
-3.1976419433467376
26.760195158164553
-40.89630193687385
18.965061392358752
-75.38048875886858
-284.8485401866131
53.080662669236936
1239.3717064049906
-290.1725104581031
513.4281880414574
8617.240307797472
-52545.26497821107
-0.7301592324936838
-78.72562902353405
12.258134691424836
9.528184515558836
4.997769271191741
10.13258353914511
-181.85792835260213
-133.0990886771082
-259.48627758432644
-2278.0425731390337
-2347.300317441871
-914.2560157571166
697.596818133553
-5127.835054132722
21422.4140529658
-435256.5024946439
0.1241203298583272
8.494105070939353
-3.613415985206316
6.231946433173046
-0.5760036135390916
3.7988476027005627
0.582808419045763
85.42777656889096
-124.37608726889495
-53.21217501694866
-414.09147899996793
741.9433188765
2254.564603792794
3227.685525215024
8525.042737153486
-80119.78460117741
-0.5795920672078371
-67.05324448287651
7.468959417352486
6.902056532814976
16.533453727221943
-0.3382895208410234
-159.03664321777782
-118.18313025042504
-252.5476950981525
-2061.271140443565
-1654.3545151475853
707.9359590608324
3849.2431955844286
-9939.628475420457
-356.2983731310426
-359007.0494093459
-0.17836842189539834
-19.45860441668799
1.2321166066660645
5.091498051488996
-6.898159314229399
20.823816526127015
-46.70828204677562
0.6723352082968396
-199.36049661063555
-572.5811569669072
99.18213534275083
243.27080256248428
989.5583431251341
-3181.5844396768753
-8281.739280445148
-127905.1286350094
-0.10155135198082135
-17.5096288783617
7.285358141498735
-1.9182314284475066
1.18750742437958
-23.364317925156147
-44.48608347676353
-50.203639631244606
63.79388715462451
-654.7203429875207
358.93839396116766
-1501.7850428268202
1908.4686514175755
-4953.566065365765
-11648.852651093031
-109304.01912984868
0.3510790847133016
46.73226774804664
-6.797631919348163
7.097746532053608
-15.528878097766274
11.563509683010903
113.09929449404883
82.80807987992921
-266.7884428248142
1738.1249848347168
-406.54277909260003
1076.4078277045035
-3635.870525990034
6036.92721090347
-16553.014556996968
283980.4728692516
-1.3867072459767278
-156.25966101669516
37.970815705510404
10.213248426592536
-1.5534281996116677
9.672312692099068
-367.0201459945781
-389.91442718991516
-581.4729966665192
-4444.904901377546
-5924.261389166533
-897.2805215809304
84.397044166808
-15745.110571490319
26835.918896884392
-893281.278807731
-0.31734234419498214
-48.53244486659624
11.1738809257569
5.22779719385904
-13.296775725202234
13.21480676435696
-142.20984746008637
-135.61513051693888
-390.0879659038232
-1681.2241389201506
-3922.3185660873896
-635.841426087286
-507.5182066863396
-4266.514283119263
15200.684835520819
-388634.980369009
0.3438240500495868
34.456425690669896
-13.706941979215362
-7.85877847980665
-15.346887718934987
12.58114586903854
52.2071665937482
16.756642686118397
-192.5690841745908
1140.51147011145
9.86630640891272
1439.5135187114288
-2747.1241078272783
1115.5209703258588
-33994.99747613637
145728.1173471636
0.22303132287574526
29.722331765077122
-4.16067403897091
1.8742660167805454
-8.410562213421265
1.8281496162167519
73.32723269747615
21.88998275197625
-126.82008212402849
1121.5365446761925
-218.59384857689025
326.34899118481883
-2740.1467796577163
3613.1382367407
-22089.686707561516
125304.79905875427
0.2791272062608628
32.33322778868097
-17.41657300187154
-8.99323003542058
23.605493963817796
-7.503834394902369
72.34233387392712
150.47550104693838
107.62862998892155
1001.7206356278695
1743.957174149836
210.79291377330398
3153.037715488623
3071.7850855162146
-2757.9007294061566
234681.05228405548
0.9518497726372241
117.25949764116777
-24.787308481285265
-10.371545667961847
-0.8252626918545592
-4.245173607916223
286.4463662073743
286.8420587188827
472.11120115509385
3767.6927454756697
3010.2503946050165
1263.9601430571881
-342.4744328306022
14378.920616427424
-13034.38144750528
689708.8198550428
1.4996087267092748
177.07523740862746
-49.146870628583365
-16.20529258401986
34.47029671299931
-17.664457885216038
428.8393281316491
597.1013448182781
1005.6888319996359
5055.248115659565
9279.356950564601
2657.234883643612
6808.280760725999
19810.22090433076
-16968.179314485988
1.1764961757220076e6
-0.3467381186718304
-28.591756063993657
-1.7372640284052643
5.720543369449898
0.34990398368958603
35.22640901377547
-61.49582023798581
51.88309757548527
171.10793572773406
-722.9474604682113
3.4541361397957444
-61.40512402688057
499.1960813577065
4590.216726766765
50084.52256528302
-153081.87143358163
-1.4546832342786318
-170.3055473857036
45.18556955080128
25.942027290569524
-22.867078646761858
20.339285640123776
-396.6218336447165
-378.95129347567587
-650.7199871551663
-5498.090242805816
-3381.7069470373435
-534.7679700388969
2945.9933204193107
-15182.011780826599
15235.943022396648
-1.105824381978717e6
0.7608205453496212
50.03499342083559
-34.75584863939892
-41.36644851932234
-11.043477027684752
10.233264827266678
18.628025489528586
8.62288592849446
230.32246500707228
625.0500636947993
-705.8202333438448
1474.7272318658
-3756.9550769555303
4434.144533323065
39835.885897937245
173957.58269817353
0.668753808626024
44.86404836129124
-37.689839511170966
-28.78255898217049
-30.234692220336406
68.69577630959486
-10.345314943392996
46.83639399271719
-491.78764397812324
872.0626096731283
-428.02918257452495
4145.463158341738
-4312.295094730694
3342.541560346112
-9542.39772769232
235968.15804955235
0.118770333404346
10.929710391328047
-2.430286883807677
2.076012623412964
8.297998343079252
9.771507579870905
32.58210366838006
53.76668258921009
59.782291224459875
101.93630863190732
1277.2821624706994
966.404465623001
2176.668357845255
-2613.675447976572
-6126.108418056014
79208.85522268474
0.58099586863006
54.483378649176814
-21.722254158717472
-6.4690560717969445
-14.839410804037911
25.924351171059836
97.51608212997984
38.97516831345641
-74.5404861600883
1414.7841452245314
-263.02619593757754
3281.2363335205246
-304.85441341720565
3235.856793109698
-17920.111868005915
193469.85129697397
-0.36486894538864506
-42.67937817849069
16.065615410871768
-4.544682750843297
26.983075979992826
-50.895310544271275
-84.89858416247428
-54.74675064778724
767.9885236529375
-1624.803478661901
-165.83054871211547
-3911.157977597083
1184.4348045874478
4827.959754573927
94717.15838041868
-303197.7233566568
1.5105487306064986
134.1041464125398
-40.068195773211414
-34.20040335617195
-41.78682367774313
8.535805809933633
203.0202861131608
72.11532933036985
50.67000762894541
3347.1047134365567
-1327.0387472732614
3652.1778931947483
-7363.891881890229
12889.326599446551
7777.731965545639
535272.7458292743
-0.9329512736940591
-98.10607709257341
24.58853719252236
2.451380457354018
0.9227456326662186
16.835312254452877
-212.416163787582
-189.06267199094776
-410.3073653515884
-2694.1468772253356
-2510.8199020765946
-2556.34071867767
-5050.6928892941505
-13150.713418740366
18120.54944950161
-516616.04212580045
0.044769678001600303
5.716706476127967
9.51155571840114
-2.30063250563963
7.684014507327897
-46.38269681006581
33.90390967524239
-37.92401550708969
686.6753783620842
113.4837594524366
-65.10146547977256
-4585.999700657277
-569.2306000826503
654.2760085017811
34453.971161433845
-175146.6754519817
-1.1133848766098073
-129.50782190826908
27.627697928367642
-14.159272049648429
22.329608621908292
-23.451518628622594
-294.26574160907484
-384.5194848363474
-193.911427383426
-3687.908902972265
-405.7088890660874
-112.50867202447688
321.3600593370125
-24303.19146234369
-24257.034356553846
-566309.089450896
-0.0736327544536138
-15.597565111104894
3.777657295097817
-3.459726670939086
-12.514327575711373
15.702279049099808
-36.47597457727676
-187.48367078094358
34.99562932501253
-428.3593189474927
-1839.1298987865982
395.39531483711914
-3132.316563111116
-11511.772383827065
-31949.272899410218
-33565.99957085532
0.5856025315830881
86.6006895717832
-27.07135512704187
-5.713372493762191
-10.624681067759084
14.591385518668082
237.96272677907817
280.8230342398001
242.2977647529261
2795.74540690411
2052.814434952316
-1532.3591196733355
-5074.42057348593
17896.528699716087
9715.076826202512
375897.55942828563
0.7120703976442485
83.02615608587509
-10.982997413503375
9.056414229670288
-41.386720016257435
8.023554943605305
191.37757855003645
102.31175199794282
-455.23548736620916
2944.430722215667
-519.7828452629149
929.9919871165379
-5513.540234110597
10100.348006380578
-4198.611284221877
436162.7126778787
-0.8213826584519084
-81.01811013006379
6.052407591724243
11.179745640652634
27.699595361888775
10.051297695511284
-154.93094207539485
-44.8856231772352
161.24641261719418
-2419.8065364970457
526.7493905013251
-1455.5771886541813
5001.077520476376
-8034.7938475465335
53842.949568653516
-436741.81078059913
-0.43721592261524467
-56.72754882624132
26.738390557041793
-13.126632194202063
6.127271321078799
-28.177493817871934
-132.39020307502437
-245.30177107033097
66.43619523503291
-1566.0835506317303
-1058.2995004246848
718.7758506481983
379.84246768373504
-14165.55911645231
-19964.1258017822
-53943.1353916149
0.1575219454174205
8.139308926765857
2.6374782719915624
2.8741640137438926
-8.097100482055943
-18.175564724923802
7.083354642797509
-48.11376510446953
420.5901231560539
7.370410599297279
325.49029364123226
-1987.526006941935
386.11697234852164
3618.3480849349485
45690.552020145864
-48982.26178279282
-0.6294475660772799
-63.146154592396286
18.850644386314283
5.889309074947879
8.315652121531791
5.799223568577621
-112.66128158556937
70.32984424289188
-172.24499548079598
-1847.0359007383363
3289.2886236130344
243.32175356133612
5870.810462831083
-11422.667917517361
-5266.202581388997
-90751.30741985091
1.0497556714864789
97.27132082119216
-37.074807135697284
-23.657913898512078
-40.8856319067778
-9.46767174713859
165.59049266650396
16.37821262371658
246.57354489398216
2434.6817290143895
261.4002945372636
-1877.324155749379
-7907.180732850934
5507.964627019946
-3929.3434035901823
158714.62845467334
0.347395706084457
47.619596011918794
-27.221577935749398
-9.338544676932694
13.117742127770216
18.415982265892495
104.20535877149692
317.2529937785636
-225.59844289935523
1348.2958915151103
15.376968459339441
958.2668894088698
-188.79097457687195
5738.564332168204
1500.4845089721468
121828.74518045384
-0.696505022460336
-64.12714767589176
8.328493275094083
-5.849122476698402
19.974869576806555
-8.975335879684783
-121.07807613110589
-20.93040218529897
950.7256494490713
-2163.0771190167807
-19.941507656692426
-2224.9439566295155
573.9765177888767
-681.0574364960928
84813.72236986517
-339924.20972236065
0.345397816204137
47.37123163143095
-17.37904146919408
-7.337961998916661
-44.685491335163
45.20704498321377
75.21980597412265
110.60841790324918
-631.395193517117
1957.434726811048
176.8690177633797
855.5439468302073
-8427.949528628398
7375.780718807011
-37057.7732432931
17161.17310964276
-0.8489107630834384
-74.23368805827945
-3.5319461220274797
8.774066780429925
24.547754717883205
22.20819033413985
-175.09838450900077
124.1672043577871
-155.37614809166593
-2090.817372504011
2542.840225649882
-1346.2403275978081
1316.7091972428339
3915.9468710589226
33942.40856637119
-581345.6269458057
-1.3525574208161082
-127.91593210107101
27.402996525953487
22.918758242363037
38.117259603389435
-45.474329884923826
-234.67618818686756
-100.65030499102198
-1444.093326373563
-3005.3675829311615
1922.6894939679153
445.09998419980576
8361.836591459909
-22409.813512960623
-53981.73515574552
-749667.971125984
3.2739957715225856
298.1739042946901
-54.83485235889048
-47.91612457569722
-84.57020744903514
-41.05120033737235
543.1369996274162
168.64407072531822
1713.295571589845
7519.555859604707
-3117.772230767137
-2393.6162773438455
-15713.485281505933
40530.15264668422
113719.97807153605
1.497971222106495e6
-1.6172067347734034
-166.29346664957538
24.143149473874654
-0.9740178369924499
15.460052816760406
38.18316346031926
-370.57989486998633
-21.96373935765159
-684.1573076445839
-5179.286208444012
153.94574655744898
-700.391111087503
5932.708443755465
-2215.243053495392
2737.611946742619
-1.082483163297927e6
-1.8659699275252617
-244.91106051813134
36.75086669429985
-0.042380514489228006
92.71153445619471
-18.430477552236766
-598.9635223873986
-275.838241530478
438.4427032464508
-9069.481253275319
1686.4285462208543
-1098.4540073615494
22314.631672072526
-26094.34035245357
140213.18663012725
-1.3757041907183754e6
1.0214648775372366
98.92162164144989
3.572674188508235
6.077914796065177
-40.659953706758245
-15.738104464169929
201.55953200396945
-2.995345001467449
-148.93951591760484
2849.0842550780476
-751.9311736859064
-552.5737631426384
-6664.360153165147
7205.99967734594
-109954.44208187264
514925.3056846826
-0.9409290137664941
-68.4936653622101
14.528066203072587
31.905203029711075
-10.063372257157514
66.4328756242702
-118.30585658015735
47.391374648025895
-985.1575748347426
-753.3383851167432
1242.5640322219162
-982.9981130929051
-630.5121365301701
-4233.902667280303
-71601.12916793696
-402498.840811143
-0.6879989581452934
-89.08250308917265
7.3162829981782975
60.63106043904339
-9.87616521165422
2.60318906778758
-249.61909061082298
-257.7102920781147
-169.55999955108888
-2198.3064398437714
1176.9314340157769
2641.7670571658905
13204.607953092818
-31171.460786730608
5067.793092848919
-350809.53659759066
-0.5863206399245873
-90.2643698491661
15.97847332304876
6.439667745888166
21.143281757677517
-12.149882982221463
-257.4327356098163
-136.78259372253535
-205.0149674007218
-3561.5988461711445
1334.2605886976492
1860.393925620813
7760.87193800586
-5430.162172845698
46734.465233502706
-522950.32391297474
0.03590488182610385
-0.6807645840648036
-8.35323075035642
-3.7744477748466037
-29.32456475552486
30.448669265099227
-19.797662426512645
-11.777951943801824
-222.21397906640178
-129.72541872168512
-951.5712203140151
-1237.074831526062
-6291.304061289669
-3357.5572076531043
-10827.647543725903
-75079.26704007058
-0.9548838594692631
-126.31172103130173
19.62188382576689
16.83260999856251
3.232441227530672
29.673769571228167
-353.02136848729896
-234.36152490399326
-480.34031449138416
-3961.371219316352
1008.6680727902693
-2525.2970380858446
5347.784402194544
-15403.06770747678
18135.15082901896
-731050.9290683145
0.6932144983816605
159.5206613985788
-28.71852561336944
4.342733400738448
-12.096683295679336
17.828858917747475
473.38027868873564
343.17520995981823
-716.241774905269
7458.030523258671
-517.1293163898779
5506.092941652597
-17848.88350046605
34221.790126593805
-65355.66198730976
1.1254106434736259e6
3.35083337776342
385.9144996284154
-62.85149580204803
-39.28545139075446
-51.38435858069592
-53.355810193339465
930.9029056673189
376.4675371472546
1269.3636799966039
12121.085992413597
-2614.193029304339
1056.360758664038
-25878.84988900682
29149.59806880006
-39508.88366149864
2.2931292500607143e6
2.3067873155114933
264.0562144758406
-62.08381519384171
-19.639725912689673
-4.122294921911323
-66.74570426751883
633.9865980477921
197.42776444829929
1117.4687133322486
8517.66739766553
-2437.0811490138844
6006.677125923671
-8530.813560038121
8735.64768814007
-33468.660819164754
1.6832354270187446e6
2.4995188136947686
261.11741010256947
-65.92528310470333
-26.584705982661003
-53.37164470842313
17.79027326579208
538.5398800956925
263.7432668249423
1170.6427148970388
7093.696024016399
-1123.7278871564486
4543.6874126787525
-15308.054863539299
41539.80316315103
92128.90845590524
1.1582548396785145e6
-1.9022816252620933
-174.76675471523149
47.99691241493875
17.869796161237677
26.468744179029567
-11.369435983203433
-314.9426216512785
-100.09228403034436
-377.2575393355141
-4059.7690226814298
1440.778329577546
-8579.724352738767
4871.988389327085
-31877.136994745655
-91970.60072843144
-1.0228713250962481e6
0.9921949724451135
112.04870345087174
-11.728510146740513
-83.19787790958885
-20.09607827128494
9.849586884060635
309.157981279203
219.38919370937356
-346.1742028354463
3016.864691748084
-5573.287950240159
-14340.04893153177
-32069.072045700188
16537.237189295272
38018.88500583099
98031.00115243545
