-9.85321205695732
2.62968127269974
7.311734818480737
154.74999615706542
71.20758406380219
2080.7622441673197
99209.33067908212
-40566.50113776882
1.5067450004303566
2.459346973316824
-0.5435457243597106
-8.924912897660759
-2.455932190280199
-3.1418604887888004
1.1272812709972961
5.181372753216942
-3.357447679226252
6.05297053826039
-0.13061131298469356
-12.145640653676992
9.444009283258012
-7.894131028306568
-39.603856635338275
-12.305355568978792
6.550308688223639
5.518645894244273
9.27705397718825
22.7308530082619
-0.40178111553460566
23.89389764391878
55.64665968743349
82.23353145054081
-4.06694753156151
133.35863887255573
161.01798842694356
-125.84143813003762
-77.04364139046025
-17.945081092948083
-199.25942099725464
-135.21138461930494
174.01571457818974
-97.0127999290834
96.42668663098391
265.5128578960752
-62.59450605263283
-263.92495292825134
-619.7083794985809
-41.54647766625845
667.8860061724316
855.7851295361144
171.88778219496984
-193.21204495588276
-934.075473938671
1467.0887674574287
-469.8847978284527
-1272.4140233512778
-0.01977725232053804
0.8103110033370988
-0.4272394710910391
-88.57398971700742
-161.4374909318859
-625.0856187109092
11814.17789416794
3662.409321450332
0.019834762598015206
-0.8986660514005715
0.49816242538916045
90.89770243734031
152.38557933052448
640.2173244044454
-13338.75899756845
-4319.329059615988
0.04066817053627572
-1.0845033169844678
-2.2779424414013
159.32724062386652
-303.1845725088152
-1519.7565404102318
-35595.08282959305
62395.81127433219
0.05070674098078736
1.8867187747220426
-5.584831894654651
191.4363517739731
-9.490653221896904
-2337.5856268142
-15355.84060058855
99036.5062523695
-0.015121187940398188
1.809290791579957
-0.28539043718348506
-58.76354143967789
416.26846372062425
273.0517579730398
-23787.41672692761
-59104.775952746466
0.0324052655678069
0.5475772644732089
-3.1058412422402077
77.09777762876557
13.437110444195131
-31.052953285033283
-24765.188884697178
46874.94979194009
0.022095880244932448
0.12332148798541936
-1.5667569525561533
109.07187387420275
39.25450427712512
-1291.2961209778819
455.57721911775417
38573.17741069053
-0.00392002934878112
-2.3700764464522526
2.8848932458476066
94.6116913395479
-100.10674454945084
-83.82130201292584
31111.91108645908
-4701.723744507583
0.03423353665807074
-4.192499969007464
4.04344705609874
46.738482179301556
166.13414657209626
-166.54434852472963
-39864.8786508744
-100802.49285772619
0.015395566217486419
-4.505059220320141
5.474469209883634
0.5488411925005395
220.20208846931996
4070.8945202811337
-97742.7743444958
-163862.66743960715
-0.04216331281428379
3.8752367861262753
-10.487632803050186
112.42935603556566
-1146.5170501762416
-7831.749637359329
86400.61610227464
310530.50556633447
-0.0870214255495784
12.099917373778032
-6.107738353094037
-466.5699486825594
833.5389482507995
-615.07188056061
-104355.95717888665
42705.55536036695
-0.07162837428285405
2.7265799317640145
4.945045339722161
-74.70442060855562
1182.2632873851533
2062.4171345230548
-17195.57718610219
5272.757563068154
0.1682433007248048
-10.892129607649878
0.18522293131487916
601.0597385398585
-148.63983678758808
-2095.210436659415
-34308.85514758957
-78171.72918459919
0.5222698056125026
-7.66804528899956
-23.91925572844432
1182.4635899688099
-1068.2480411267647
-20658.729770625716
-56242.88997332773
457732.73130675114
-0.06367076291440443
-7.177975012478467
10.578672216343115
-642.006900702111
-637.5121297519742
2022.7525609830416
-71755.13549143008
-403439.9243551933
0.021955947986269278
-12.712320433622724
19.151132524140582
-98.19136525298497
1078.0599800068417
7988.56762112247
132890.45284630588
-209521.00084219567
0.0800209620416949
2.6154184680194104
-6.523614611948442
497.59675334945604
-197.15504072515967
-273.5042027907098
46457.97584812055
63027.675009106024
0.27993180835273257
-17.634867093491316
1.6457319008368325
1085.2280168135508
1080.7712994833205
-6263.1963504005735
-150968.5925390041
-13121.484464096908
0.26904038293442534
10.1575903036113
-35.29881031031226
1905.1024253857695
3636.0377469521495
-27760.432826435575
211649.45347755856
756799.7631008829
-0.5039460173235502
41.92856969961603
-11.686313118922312
-2143.841473851974
3047.1212737289484
25353.515656470478
-888590.687349663
-696372.1672910367
0.19920339837520812
-42.40464207891206
31.573254365514618
866.2383271702192
-3866.587644454806
-6769.987024659565
630300.6147110255
111732.80144314966
-0.6130906978154702
34.82295306220644
28.604331262536352
-3052.2851445528186
10419.417376403204
23586.941487978744
329986.8508884946
250852.65671938602
-1.4786273293727887
94.52261301811527
-5.812380177827785
-7007.072257548062
7438.1987702460965
-14646.19690628772
1.315713047441806e6
2.441616124825439e6
0.4475586021038232
-81.43996909416892
34.35441166498384
535.0716585081466
-23652.776739704335
-79488.25716727512
1.9746821658082562e6
1.8101717513981839e6
-1.7799221625802017
72.13624172910222
3.548922201865375
-6220.1940000235745
2184.3857801587064
97250.7479475919
-1.5349370348882463e6
-1.9676252963790826e6
-2.342240798995431
140.87835144647755
-150.03072546563004
-1263.5236778532835
-16942.646771258613
-191421.52330009147
422665.38491207594
5.783597597739689e6
0.9477413133467348
110.57545924059781
-156.53235522390736
-232.34228204748223
-30946.117895855623
62695.29815162278
-3.7442837876459225e6
-2.08249848817173e6
-8.370189134858103
166.09327642179272
191.8801116832302
-39720.09221463585
-12992.246909586604
216943.15666979915
1.6892776359499812e6
-2.501281970896865e6
9.00984261282319
-344.86677629514975
-103.36705403580272
39993.99609941919
25445.686666701717
-573807.2713811415
6.3016887338343775e6
1.1660138839057898e7
5.179345574297174
-263.4093073074821
75.38963551851145
21867.224260322677
1321.8819489368814
-48837.12359695686
-4.1827536852325094e6
-4.660317643079533e6
4.165315524839441
-230.07615020981478
115.10671888286315
22642.685759074302
43343.45082374504
-167858.04871858336
1.921353554436494e6
-3.865935251381141e6
0.5139060244842024
89.45116460071192
-127.4866931975234
5389.495962601118
2982.8884041864285
49172.72159140567
-8.730292293682799e6
-7.105619814917649e6
4.081953774401615
12.763790278085327
-245.328304035822
14522.122868608214
437.8304725834209
-240902.55118219173
3.1456300942806825e6
7.725401325313506e6
-6.150404809864377
127.91838224527324
109.29703874802121
-28141.462672024718
-44290.65133602519
-12315.691296940153
-1.6121150078696683e6
-1.5910477707343427e6
-5.614164708861403
80.19512792264734
413.7944740597151
-14325.481041155796
67396.62835699365
278983.03061847127
-4.731446973466955e6
-2.3452531284839385e6
-0.627080316375045
84.91595827523452
153.8203190664611
-152.18122779061937
-24007.261871159553
126019.5599000607
-5.00511220510214e6
7.234060113984026e6
-1.835329481691085
-145.0221359332958
320.9277382290532
-10170.91438155717
63890.45194659193
183381.07147002485
-1.455752129730358e6
4.611855524657747e6
-13.820118567587361
879.2329017633799
-429.5900612498557
-76168.10626038087
-151955.07069931188
163596.77978037114
630485.0450806797
-1.1551573962269577e6
2.574242495674549
-200.41128378871306
260.520148240769
14471.13678870002
121371.13922037758
565255.8210415827
270398.41495120706
-3.336266309850656e7
-1.359079247104185
-124.14971598840144
189.54628594853332
14469.861023744315
207505.3715832333
-690477.1100672166
2.8468836964540933e6
3.8584417278478496e7
-15.216971893460569
843.205670970932
-40.775724818431655
-49148.65282418583
-9921.519784527405
335407.8115948828
919405.0789573268
8.035498732487205e6
3.365737298636335
-189.0097484652053
-42.768598202310095
13659.831012081013
-100284.74535128006
-292215.2777578236
-4.0684418773875963e6
3.106630975298392e6
1.6090639191282279
-1.2215996953377137
-146.0901118200833
-6193.43201519785
-210884.30132624862
115804.22066811865
3.769142269687152e6
-3.3585146811894714e6
1.0898687805403808
-1149.592603003233
1378.1054019510568
223.16126462448966
140892.33195292176
-28710.92789272587
-1.6446493833248831e7
6.495220767217091e6
1.944485617856921
506.5508730224636
-946.4662284231404
15111.11219055813
182316.6575976975
-1.579512359718647e6
-1.3424905263574861e7
4.2756641892019235e7
11.31286019601068
-69.60805756694556
-615.3398294547777
28753.732081396567
-278965.75349227793
328369.1587125088
4.161356145739365e6
-1.7563429825543063e6
36.25230635001602
-1030.317203856022
-632.4188522789565
75493.818307772
-475731.06859020516
-1.2301507643001596e6
4.5787515919167146e7
6.107263338991854e7
