-1.7564787598662404
-1.5105654940264772
-0.670236610426685
-1.133826745538698
3.842576914280044
-1.2532593909872842
-1.531908233980175
-16.378281026239645
16.930500235963677
-119.47356287718708
-147.5972341670783
-77.1111354103789
-208.07044528676653
-0.3587821248728462
-0.6877527534131224
-0.856130562750891
-0.21079424607313715
0.24231093865114517
0.30016804223140003
2.048940063098954
1.975079764248896
0.9355058329871844
-0.33621816405616056
1.7895845633200937
-1.1698004108830118
2.6949102699712753
3.5962185985653874
-0.8334259687432989
-0.1771643936469842
1.6516054764696164
-1.853543470594028
-2.4127831196185787
-8.899895290534975
-3.1560166374226455
-4.0271245092861845
8.047542878901668
6.915738262514209
3.145292258981675
-0.7002289898440422
4.224563713765693
2.3085013054806787
1.8971522376152266
10.983108225671224
21.208091033006646
-10.833085383592866
-3.3084051705080255
0.33997215526622193
18.821751004577617
8.859477794103448
-28.64326108001232
3.840762763791023
-7.157413539125376
-18.991892227343236
0.9331730641922217
-10.055960445938586
46.675090883463476
34.63381777903423
-3.384009421556244
-6.232069698926529
-70.89375725420555
-28.285309820514644
-39.07106978434626
-17.728619377446122
5.785105107168096
-21.946799129885896
25.897873939161123
-13.46132981940281
-30.203007266594245
18.289599241540813
7.470206611010325
36.25329569156306
-36.25782223633482
176.35953461658576
-4.900750760934556
-7.809420623928916
80.0285703241844
127.60937536234736
-33.334966148295955
-100.99652704386497
-177.06359643854944
146.93997130992693
-55.73258238009391
-205.6699007750857
-100.55117825845564
-202.95970833921214
210.82611891172755
-41.8991225342317
-122.04802464213188
94.00146922112239
-164.44018600754802
90.61220957631716
-55.30053184285985
187.75107960793338
-313.4116315958611
-483.4304369851993
-59.739803365784724
-448.3181640194167
-87.32000519042906
5.735139822064321
380.4582048567905
105.3981858306337
-0.0019526969209491003
-0.08106088625833467
0.11824724690934313
0.21419724659012881
-0.05584299048984223
-0.07050644135509129
1.7796680464118653
0.2945115623747099
-0.9690425869349313
1.4639145803154427
-6.882183054583225
3.594904692282696
272.3782735028869
0.0019744703831734846
0.08174764228029938
-0.12313469502833141
-0.2240718019622038
0.07882130586678134
0.06419149931204533
-1.785164343169343
-0.39501385871441413
1.3363838817831595
-1.8582071973541046
6.062177557367689
-4.324586584728469
-284.7968270097347
-0.008875148867571245
-0.5243526040272688
0.21028071109736
0.917590934777737
0.5675855442808357
-2.3062926647365716
5.253403382429346
-3.6770191111921022
14.837564634955045
-48.8769202696723
33.765868824864704
120.47743922804045
767.609468200441
-0.005364345510740308
-0.3208988737136932
0.30108371394339234
1.3054160653702684
-1.0034737420735604
-0.9736958751858608
3.6581149309528374
1.9592303414165795
0.7948653219588296
-20.95893880130297
77.58476557259429
123.99671114181126
783.0230732795131
0.0024845920604283306
0.19011690641009324
-0.1100050954970838
-0.3043773612496077
0.36050596740697444
-0.4147377682891183
-3.341425217356729
2.9374709027756714
14.609805399887057
32.22312264449352
-41.20506451615327
-4.667483198702662
-1091.135239767586
0.0020325902766027766
0.16017658912266042
0.02069725563907676
-0.6409133126166424
-0.18689883730428875
0.8559505458507936
-3.1658156883342365
2.508613875438798
-1.0048624675399367
13.937980027222602
16.067866533241677
-57.83344411845152
-580.8106415661473
-0.007196855160931557
-0.3388856392924533
0.2701605900247515
0.4277757715056351
0.7533506412119779
-0.7447486306156536
3.9543361536245247
4.257561015165768
10.971571174465485
27.447714967794536
32.222309604138985
55.50762679206699
151.5321345473786
-0.0010172173855832007
0.06447576836439196
0.0021260378844592614
-0.37176926287384027
0.26384958193197555
-0.2947469429849438
-0.8688839861802463
8.701336173655077
3.3137363867554486
73.5712806627149
-40.636288565967284
11.399286182454887
-1181.8030709613085
0.001930135984334308
0.1329678006302988
-0.1178903066768661
-0.5023179716408027
-0.09107408833337127
0.9016190781015138
-2.194035884211016
2.6026854213478807
0.8825778032998901
32.8005031159669
2.0371850465049035
-64.19362576532629
-939.6480614099778
0.008121475719676719
0.47100060456190984
-0.2387637624655474
-0.8962869292705209
-0.9706820474229376
2.618196298432052
-4.3393135604440465
1.7395285848649027
-13.942642701380604
22.088471572733134
-7.601880638886014
-132.27986162477305
-963.3470739930773
-0.0009797039614716228
-0.14206067025815586
-0.07666285260540052
-0.34129988861085603
1.4237183768632886
-0.5505154922215475
0.2508610217980788
-5.133297101060815
-9.354871556591611
-11.728832809153944
-33.28818819316211
-10.599276072386596
1335.4065055130313
0.01888942921472977
1.0600667139306517
-0.5849023416737822
-2.345859318162604
-0.5421041463665139
4.413826841855867
-15.534426065337195
5.809917952580449
-0.8077106068702026
83.73026020954046
-65.19169580624909
-237.62217207758653
-2354.215172924708
-0.025047690425396212
-1.3312228748929573
0.6687854132030195
1.7618932875403714
0.31867518767919667
-4.4991546502903885
10.923882705201837
-3.165227968982137
52.01202869737281
-29.40900010649584
153.40091240203157
271.31722185975326
-923.7193719954479
-0.02234044697776243
-1.0970661902034122
1.1670263995260195
2.0977712958212615
-0.6954780211627061
-2.712937891072533
6.797304970917225
16.683107280553852
12.972220677648867
-68.00833951079244
194.7203211214558
203.82121112759597
1976.7223985985645
-0.0050149330262129034
-0.3298150717836827
0.10341658026373034
0.7205378506901253
-0.7212265888998152
0.9381071957355549
4.457093145483501
2.244925186805913
-7.161284237008274
18.917717642085503
44.656456322250676
16.113214276224273
638.6536084014773
0.014762615346602047
0.7263446259521824
-0.25215215764349347
-1.1662531810898245
-0.6620928620721691
4.788791926773311
-12.345654201661354
5.592665235884966
-16.19916138951955
21.347307985794597
-52.18770780997704
-240.53229362532957
1035.4389508159486
0.01437543721646889
0.9348258961827719
-0.39579998347055584
-1.9623353262858558
-1.111301005101697
4.6441107040288845
-9.641891355088168
8.701193690130076
-23.892299326377138
65.56402658213263
59.94784689727679
-332.2362567294694
-1581.1811113806202
0.0024314195190793166
-0.01877648294382644
-0.1262284482775949
-0.0990044194991152
2.247030282991733
-2.157502268729515
-5.317750875799946
-10.734041830941438
55.034967387688916
-73.44796398772557
-102.55057423833738
154.90881829548906
-429.67529106060607
-0.005649235635034652
-0.4770022165841915
0.3713909298364369
1.0530083655376936
0.45206241263619296
-0.8781931640828391
6.186159882609346
-21.97173655053908
49.24425195685663
-238.99695503956582
-21.30932974280035
199.83586784910676
1838.9281896627938
-0.016777133265375836
-1.619833016803198
-0.2498966553687285
4.769348580937373
0.21116774384565565
-4.642815471393874
7.060745883869573
0.5048200688915211
23.268857748786324
-226.21503429702287
99.9094828962935
324.7764831926933
6402.692720563761
-0.0011532251098230824
-0.44087905757112134
0.06837713001635534
1.1693441431519866
0.054183227338237064
3.3537188194992322
-4.901305831448831
1.6185670441739668
-26.323161250253413
18.644665757190552
13.519380102432063
-111.26141184505371
4708.40325152143
0.014494642215615637
1.035197020570641
-0.12033706999223233
-1.2759144542247283
-1.951790858699735
2.506134080958639
-11.223859642194046
0.7075202718911037
3.752227441415157
65.08094080124805
-128.02035386461878
-236.3537416222636
-2270.5086513697643
-0.021863491826523307
-0.8071192672139451
1.36414578945173
0.5919199685793928
-0.1158671885470787
-3.299532058946558
-4.896660500851673
36.62948521482967
18.71971903057167
32.374657523183764
171.19551389795092
118.15249654850527
-709.5626761385394
-0.01676809692724608
-0.7490612909449981
0.36004404037013954
-0.04487401870429672
0.7079321982590482
-4.708696245532424
-2.220189453420714
10.898116511691198
55.1271064380225
18.844982917486607
324.300567124164
160.53716675536634
-3543.0017448658596
0.013079132619476108
1.4563695915693453
-0.42616176188930754
-2.8863073007803837
-3.2667242247409596
-1.818517962522117
-25.639125131623224
41.22207781975301
73.86073628121041
167.0058997719968
58.47661611167847
-120.95673054524865
-12308.407728149761
0.01637378579027581
0.6602194892876616
-1.5149973739579907
-1.8167218150800535
0.7488098431749493
-1.8612761692977526
-20.195468112197577
15.829054285597437
-39.08671771995516
178.58244168096766
-168.09343060478585
-82.95410523025689
-1088.210071689886
-0.011192487361886624
-0.9704735433821922
-0.2065551858531724
0.3798516684731216
2.5482558248803513
-1.7346617369359063
7.883009792769959
-7.471831098576196
0.11694096568885477
-192.43135262513712
27.19824105335961
116.7346403121088
3114.1709372134824
-0.009158345738871298
-0.0762990342494174
0.38821381825421664
-0.01690790295918811
0.8112290798919394
0.24711215766312333
1.1415288762282019
30.053114713901753
17.872758578031792
150.01250832738015
-245.5233041962391
-231.96469888440893
-911.9297681372848
-0.035118844470792006
-2.0685158821890433
1.0785023012137482
2.645635378061151
0.9363790181033799
-7.405938101885675
13.969917300199137
-3.530159700127603
37.55935414646288
-47.32953834474277
-120.79676182940284
610.5853533099203
3814.367539578886
-0.028297847217579802
-1.260323970278537
0.11685260511215706
-0.5904098492916328
-1.4651545986643184
-6.128770396386357
-4.937098098344588
18.624284065795937
100.06015414142809
87.82429854976436
203.9260434753695
318.6804526968956
-9723.764657453887
-0.030394670701860232
-1.2639010404116011
4.546452081140497
3.5519386487103737
0.26946298190299706
-11.269926986817618
17.369424588593986
-7.549072905345043
66.83600576833528
-615.3530893934061
1256.2782103798268
1220.8837823525525
6440.431927188801
0.05977595711318607
3.2870999460101378
-0.8615753383167779
-4.260485722193991
1.3536422950863214
7.545824220877935
-29.395453831369043
-16.37208974304542
-33.40101815581882
-99.95268369184733
-624.6550374086346
-419.38323584215203
467.10133974887356
-0.0706337238735979
-4.158783129563701
0.5138683430496318
5.366649918822409
2.1927203462012805
-3.6189457417255526
54.16101788325368
-4.219663477476218
-88.72718523141167
197.39186401550745
-983.2586611488892
126.79046251911718
7738.982625528428
-0.01815360683462819
-1.2468424119028012
0.16900890851107456
2.856040592108741
-1.5493268010207772
-1.5998443331876213
22.52454808020971
-8.464766597831057
-1.1936376182177497
-76.96239782664587
142.40545197440068
292.26221320942193
5375.649904665026
-0.025248429482872082
-0.47894947218409045
2.825167178001008
0.8940566985141651
-2.4156522790192416
-8.085771333977144
6.013678014865273
24.29453489518902
26.07102328190768
-195.30115588866505
461.6098661321782
529.9670812082657
-3056.7219169985474
-0.005829011927506596
0.7847696564750888
2.814655345792057
-0.7432525590244319
-2.269055510109561
0.702902722550761
-5.397830523478002
33.82428812099055
19.838690876664526
303.44702462772625
317.5434905258143
306.22649999972583
-6931.844483387896
-0.0017881524760036043
-1.636129297790681
-3.0741848096595468
4.193026146916881
7.829101560086304
3.295551854803378
20.593630421823686
-55.214731926834
-91.68410944839195
1013.431692123428
-1239.4817833815366
-162.2584342682593
11076.376339662953
0.004144816122610037
-0.688037846137079
-1.7011633950889875
0.9849449365374675
1.7984027991774432
3.719096056539827
18.107084281057396
-27.737407832571556
37.70163740259972
-351.18583075298864
-61.05041577022167
79.48006517576461
6746.545122254991
-0.10421159254219804
-6.840851066873219
4.314162433919235
16.70302284842377
5.415407806511897
-23.47716683456341
93.3626430431907
-46.06996627546943
21.5981506015376
-775.1820372396783
1310.8733856273368
2110.892845357919
24915.39564990259
-0.021719471341677437
-2.983292657469702
-3.6493794942962854
3.344882567510063
0.10162008778819555
5.9611474256478685
-13.416247132540464
10.479646072290503
-96.6962058776622
939.9059525951083
-881.2976853801798
-286.0628589579561
7270.985883432769
-0.011973990139689923
-0.9549842443118991
1.314011577567677
1.0182225988434361
0.48921419163486163
13.48455794826592
11.626939014228292
23.362050555318653
-117.2831417509261
-35.569254198944236
275.5773020639897
-379.0693633606905
9561.20652049963
-0.07838687120415172
-4.859320204998093
4.612795855062752
13.32039943680782
-1.2236626821375476
3.3382560962458188
120.00486879485157
-54.38299618104621
-318.0201036382875
-465.0914236281823
311.5359983381318
624.2175013900194
29984.476280627427
0.033789547797836945
4.529247708288262
4.533163589378434
-6.346499415238337
-17.42763722984579
-6.9863274078997595
-22.769062745505966
22.059984786584454
137.97443131953594
-1479.9692100661855
2520.987611486924
201.22246909656047
-19277.877352703923
0.07073452527856401
2.176124763820359
-8.145132928866625
-14.34006482118825
1.3005949677841075
26.27950592463795
-87.37456500480873
51.94619632191785
-55.24149794103549
-0.3325243996838958
376.55565668419325
-1805.9679619652038
-16827.574236899145
-0.08747478875916498
-4.144282285257457
3.185920990348015
10.876369515012843
-2.2225482989871983
-24.397010695527626
50.635056608696104
-29.650143415392478
180.77827502778226
74.32194207143097
-398.13594378675555
1265.1913918046612
3765.685310040149
-0.00019963966205880854
1.6404219969960538
2.6241368822519475
-4.984371333592227
-0.5006144495291398
-8.86583898411331
-26.544876433718223
4.0471509482905725
118.8838971846012
-488.7491505980387
-47.13932450846484
-328.82113324756756
-10357.37828347516
-0.16980926917824565
-11.681748614395682
-7.210882462991246
20.657200550564358
17.003592659687232
-5.347523841209574
199.49912760967942
-160.11254712572068
-332.085918370798
2282.370055325831
-2913.0791774112263
-2168.381570911516
29780.12068915053
0.04807216599265108
2.975291481613252
-1.2517005784724453
-0.6904968260186577
14.996077008657547
6.724128419918681
-2.105713084645127
55.772602744133756
129.09730019066993
915.1523586746371
-1661.5850415475038
-376.02229951283783
3914.950748121012
-0.10025462837438155
-5.4437029687358285
6.064513014825749
17.96738749199161
17.18749916811859
-48.52570017824767
86.41067516460568
-140.69797574580173
556.9387827799944
-1153.9814271992252
-1619.1022079548954
2675.828108817857
33690.31208323826
-0.0968793341333436
-3.4676884848841096
0.8924429727555171
2.951485944362339
11.303435306198374
-3.9311775356347027
-29.644513223392682
122.78494334142408
210.87994302439853
3780.456647709415
-1635.9314628867512
-1080.72497648434
-11062.888387076817
-0.22336261680442085
-13.508216071403664
5.522649436486442
25.892050737835543
-3.8048290643431084
-16.595716658263342
175.6102287607789
-12.80861886729139
-260.38558705881593
361.888873983613
723.5562505097352
1666.463347487225
39225.05720466039
0.04958864348876579
3.1232888889957136
1.8609976849907615
-3.6560613759296796
-12.268421190448056
20.395739658925688
-10.30083120863282
-52.08670489615416
-99.45664982243585
-820.4074052304253
-760.2788482682429
91.81685311983338
-8193.791152493823
0.09145075745563173
9.150681491257181
2.593012559297715
-15.182314429207848
11.567155390011855
-5.646702545589406
-117.54920160053277
155.33668224850663
574.5197428176183
-1633.0878652435208
811.962688573544
-2126.0938567184526
-35848.60289689487
-0.05229842941464649
-2.427475313730487
-1.6013153655509273
-9.575241595798337
11.653976025568547
-3.3031113199777
18.90354590722128
295.2834309269364
19.850705636002058
1473.3159638653117
-1355.70565054518
2514.8107247537587
-8223.115337453462
0.09279110452629845
4.959106182185354
-1.2823900973855653
3.0927227101461674
-4.839647497288989
29.737346255252863
33.1169086325192
-51.96612543562257
-625.0329135716908
34.570737268353376
-1785.5197010086843
-1878.890722396271
26972.80379714304
0.017223231441280937
-0.5477037469505388
-8.486971880253735
2.2212951847509532
-11.554479490960164
21.359081136171156
8.853008966448144
64.20760752728378
-209.12674731169992
1174.8665445164004
225.6815419908748
-2189.622946467017
-2132.42072230861
-0.18862928179848354
-10.009438289356252
5.9832173724543285
8.607932220155526
22.175201576744705
-18.584650318259165
183.9908572162478
-78.07072755220909
22.01000224998686
-165.1234994534019
-344.7423205277236
1610.4039049656212
17003.836333641593
0.24698373782235522
12.336821235294146
-15.378829109724315
-24.071323196647157
-34.23755396243669
75.73624061387721
-174.08731088459942
189.07679131047064
-655.9373722897259
998.4900038204137
-365.62647125354766
-4142.2925888106165
-48722.72998881851
0.1962731410468251
12.491192496735621
-2.69177189192204
-4.058622262476748
-19.817896250554426
33.54570001462232
-111.05611888132854
133.94877476551855
-592.0522451582082
2439.870778060105
3286.1868078826037
-3574.427143659276
-22515.45343482836
0.05328099413682867
13.00175137470522
28.625296900382978
-17.750240230807737
-45.33719345263517
-27.595609408889445
23.500296567079534
181.9641576541851
439.672426385994
-4778.693541754732
8918.984428272137
6101.581374696647
-37229.764244961414
0.08554976295456282
7.731101772341152
5.05481369874595
2.549210609104136
9.211824270235045
-35.83316552645217
115.83824648271288
-143.94028731388875
-143.82588266660866
-2072.881706362472
2482.94648212849
1838.0722829673107
-12974.793851036115
-0.06065678464412187
-6.109821582256737
0.8456207647200126
13.15958670383369
26.128133834019014
-7.273910216840051
84.2032583334813
-342.7739971238259
712.2204693542192
-3461.953978159994
-795.965632260374
-84.342390656325
36878.25252679368
0.10036214999257949
6.625432226396988
6.215088522025769
-18.832705043181704
-34.04991820302575
11.95998340060859
-135.9656969448359
-71.93923566253548
55.69787193197978
-3370.7005924475025
6334.698284931015
75.20329674037771
-30405.10879920185
-0.23802158827080855
-15.533121874899832
22.682925155764668
13.628273439586716
3.511399992997868
-86.2338059596738
156.51650677952478
-317.13739444999675
430.40613829052387
-8939.449194552222
11824.790074564562
8793.536796474264
51686.43047298739
0.15869734813060438
9.53496561222488
-3.934992677430298
-7.721314538179658
11.304299237082978
15.127119729784273
-21.5767278021696
-92.9589564512409
164.95638048297317
-450.64147544269224
1816.1121312845305
-2654.3102388071857
-12473.089648831616
0.29559255955699787
3.753881243624163
-28.290261064765808
-10.207802889440407
19.814131970399465
-39.4092382434025
-160.62107180405513
-915.8588499430655
139.10162213082754
-461.0662696088371
-306.3452129752464
617.0267014784208
31418.02734748107
0.01016743532224811
-14.201187807148303
-24.444854938528753
33.9508421950068
36.234982815503045
-99.31977456186522
105.06858272791266
-1149.6019636729613
507.9147284981214
-4089.907627404253
5849.398354609302
428.61960668005645
86372.79940047117
-0.5402478602977944
-29.433294937348457
5.118070568391762
21.405996175374636
-34.83254954793702
-29.97491673246854
192.19795516793562
580.9914398383802
-909.962593767389
4051.8845279780103
1409.7309214139589
2230.1014023060734
31872.704932473476
0.49719538342341146
19.341844692162002
-18.38572025518899
-29.08800907993305
-15.211216658963558
-9.482930152236943
-272.6422224797537
-545.564338487342
695.1025323028716
-8202.568603390126
5245.664124152614
2312.163895336608
-16914.68324858588
0.7004860350734132
35.66829125434414
-20.725908805135077
-9.305812258582538
20.202381180895998
64.03089521431092
-14.493424990747979
-699.4516928761944
991.9765060847783
-1145.950895721095
-6854.889454914487
-2328.7575442896623
-608.0690079546165
-0.187087175877248
-3.819121592662097
23.139292808702237
46.066286622325364
-28.510519582050584
-45.67831262700583
249.63972541352194
-56.913075462586605
801.5078975332228
-1060.7686646891088
304.49932940654065
3891.7276865105414
31127.850139819082
-0.06582208230096932
-6.0445355935845315
-12.08026779396676
72.20369561912878
7.094806680428198
-11.69860951351645
398.89107619757704
-1242.3084112406073
-1039.6281261374188
10620.590941322433
-9330.534239274602
-6721.55203726965
54986.13058288658
0.08570123516456893
8.524820085589349
50.683628997854676
1.442483607052917
-42.841804622093555
-80.562856721265
-91.09798386592985
501.42795829531775
1244.825036416827
-15329.544593895218
26015.979703904417
17477.71305768494
55243.05807130938
-0.07255530052943586
-6.916760232659356
7.331369113564753
2.283311130067349
45.70049247544754
-65.05042601282453
-120.49462850613136
-290.6379670178685
2266.9628909098196
-2243.619758592916
-4915.830209241815
8156.952502164083
-10002.389654688983
-0.3649084687999016
-30.601851541685246
-66.48322305890127
8.257522057096843
-57.773609161960266
-120.71564126945009
22.30565571395747
-1294.3627502852794
1619.309968112971
-18164.4774594646
4428.139982740573
-21756.784960484965
-104235.49427368095
-0.7906680620518676
-41.37348701238579
19.37815224850846
72.23765311705884
-114.66283225818809
47.42129719642005
465.8502488974757
400.81132861915455
-753.2203927332731
1883.9642666786315
2103.334035275361
-857.3781832763516
24597.833322012197
0.5601856152932706
29.74915760081063
-17.527393895505433
-50.686645751043514
92.4426535751536
-244.22659965627693
-774.404142318902
-507.7509671662313
3343.530801390229
-365.54074559875636
-6549.1930703197695
10526.880176903102
-126137.4518408748
0.4045307929650227
25.918434998393305
-2.251228171343782
-100.92706186027613
68.69543898680436
115.24593528969342
-533.9830714989754
99.75608952235463
2272.9998256455574
-2763.551037578468
-4162.900639623614
-6068.372578393386
-124036.16184962094
-0.26093580249435017
-8.574791551346411
-53.63293393233049
-44.30305277826254
18.286765671755724
-60.46318502147578
-197.14435050020626
-848.5559015357687
1458.7693391183316
3540.2334645605497
-9356.776653631045
-28405.78126612933
-192947.2201872792
0.6664082999987051
36.903418254965466
15.653221863530865
-87.47808423866769
-95.92042432398699
-27.764959955494135
-1271.0175972814977
1703.5948906078227
3601.3843728058027
-17327.998742752916
32041.95894730405
13467.444479374839
-146297.57777331705
1.112526238009251
58.97047874538843
-21.180996629190933
-15.27484185930252
-35.666299972763525
194.9456804420761
-131.27530586368894
-334.9495492632316
-984.2115670091252
148.44721630137605
1987.0101500898727
-6728.234083538517
-23255.621945177303
0.21755794055933292
15.988507192247916
-75.76218623118632
18.188471855209055
-101.20660555526085
276.6160018290622
238.72039470121996
-613.8470839466288
-2758.2500494701953
44550.927092339276
-41524.03184707715
-26607.06222938144
-22081.10565458599
-0.0670995056068174
-5.106160543516055
-9.434677523290771
34.197996694056265
66.98269101130118
-297.986830530665
-79.93219849704728
-188.60800101029005
-414.9272741639968
-3309.1161437740393
2997.54492862581
5117.386301899585
-30514.36162753484
-0.25737435871024406
-13.707890644239445
-102.45923006463168
-2.9222918314021005
-87.02109178568742
399.9883474762147
239.57597977500896
1243.27244682727
-4221.813510434945
37188.78083193235
-52385.86019197887
-37489.10664543754
-72738.56905587834
-0.13119546567674434
-28.7184252352352
42.06088247670359
145.1245244803053
62.66826694418574
-122.88522691446732
706.7348690238903
-1266.6926178310987
-1625.5681695567278
-5125.555590992139
7954.653823762645
31090.290485414345
328793.88975375507
1.1430504774107038
66.68421858435823
-89.04932056644778
-188.9748385128129
67.03415254981977
146.9541461414522
-830.1814804976485
623.7312947003066
-962.5084843939728
-2893.6578611109385
-37588.511566163805
-21824.075853374026
-319414.01619426766
2.343194824976304
181.42170819912445
-40.2824429798969
-360.92082059509625
-67.05810737240984
103.18553772523583
-2798.2298832609913
4073.7371840538212
-7216.344820477571
57637.99521537746
-1047.882304648435
-20513.79772323296
-676719.9818332582
-0.47896914969250426
-61.194300880333785
-27.190304613977634
-8.348984123657306
-197.58905814637433
-105.29067914556865
117.27508028689988
1123.3272454298146
-972.9348114251948
-25554.58713351213
19606.601193420196
30761.539223514093
382235.6216361604
