14.971415522003243
3.4257266072565753
-2.6286726970869303
-1139.4658677411148
-243.96221290937328
-31.69999514029115
80.65117253952756
50.4200270282192
35.478623797088844
-1.5413939073524032
32.23062429921506
-67.1651886730538
34.585990379570575
-157.78830853806116
246.4245231531993
-5.877036069027086
244.33862448747118
134.18921369669778
74.47194861816632
9.78098092475813
156.26987293069797
55.59468937921302
-163.11040830333158
67.4880606840514
0.26707462218435646
36.7221923345
11.635158284936049
5466.902694428592
-12375.951122274395
-14173.747670378954
-0.2846324317904453
-34.9031898925128
-14.239999912858613
-5322.993610166504
11936.167729392942
13874.28409683119
-0.8526631808220245
39.436300318219885
33.07183972568008
-2700.7454036821177
-16147.364599947545
-13296.302982104073
-0.425260700827818
-30.076838889917727
-27.356968441179774
3041.544032863229
10147.078304517056
6220.056538661157
0.2994555615031579
-4.643742687383114
-4.412488670233588
-4628.177911534703
7806.401036778156
9805.52341919724
-1.046711320076138
-34.06923606675495
-25.166219955588865
226.64947366934592
10310.61565071946
12463.1607723225
1.4230614851856573
-76.20984889272731
-83.59244556176044
18690.46340797178
19547.477400580996
-6462.942354547434
1.9655201227378103
-101.6463828862572
-113.00589072863036
30511.081903327577
22610.849711419916
-2659.4749141547695
5.275887869507036
-61.09084917889676
-159.21988247297043
14345.575301503835
61749.35367122594
89934.34941083152
1.0520606067401428
85.47087248981954
8.261978934994765
2411.3766245654892
-1923.8023742511655
32381.711798946322
2.1312841772844915
315.9599129341309
123.96489523689237
-5472.793978585742
-50500.78924972598
30113.52958494179
-1.772236159727721
-126.97564031990447
17.28887610304697
-35446.510466361826
36062.88245337745
-2018.7251620819668
-1.8557757819106373
136.56893429869862
135.80703201806332
-11396.61284424409
-40955.15472079375
-46213.245690176955
-1.4325683358321237
-96.7866068363042
-25.661555623897108
-38723.48732519047
37582.2105431178
105654.99945863047
-2.903570170555989
-192.60605348041057
17.936225867865737
-39590.55232472752
37576.25527531945
-29781.82558022942
-1.4698988479380555
118.06417622565131
85.33717327665539
-24516.032409830048
-4078.5652088059974
14019.527692158088
-0.8519615538362072
101.31421743925709
15.46506536831535
18745.45900487224
2055.2095852168654
-67761.43496842119
5.774612740711246
-35.21150934233565
-131.87622119423386
29282.599092309883
-13371.731397781474
137123.8690013133
