0.016045193820708997
-0.016711795726352983
0.01192353433477671
-0.0019901344449501555
-0.01612799607955822
0.012873601425969333
-0.0017969248026083523
0.0007390286426932502
-0.01676427805249641
0.036741995921759585
-0.02773467949901913
0.01071973758616224
0.006820199973690975
-0.030675772903630025
0.034095373092832865
-0.01308354216413557
0.016789422273746638
-0.028760367008820092
0.02984941028101941
-0.030739790601292668
0.004989623826714823
0.02792486066982558
-0.04492216320228399
0.03167885192060661
-0.009037310263601524
0.026698324599860303
-0.024948793285549404
0.01243698467253983
-0.005591077396272268
-0.016285974697129287
0.03550966856608775
-0.01597187917302108
0.011978610507135126
-0.0083618596888967
-0.0003570893087874381
0.01671422496459711
-0.02389400053088354
0.008637953700561404
0.008692263959538973
-0.007126187910547599
0.007634434858934804
-0.01702859191945802
0.012240051927930793
0.004775069221732782
0.0033903392562761
0.0247523137747879
-0.023237290312023606
-0.00787174715361922
-0.015003206558935256
0.029021424538293934
-0.024571409828342564
0.007465735062524169
0.03141056102125798
-0.03042564824576005
0.021828786789177566
-0.014335602768245876
0.009395570165263096
-0.02544269635673246
0.015118368174216504
0.0049015283473016
-0.007597060866224224
0.024256246256397614
-0.01775151948567176
-0.0011577185964148863
