0.012131709310969378
-0.00988293084277068
0.012324146063498317
-0.012771487942298492
0.014679896140785275
-0.016340311244549086
0.018279329046033067
-0.010281271950897779
-0.003302543926551513
-0.0021387698545322076
0.004100951996210344
-0.005047060709192086
0.004572298870061229
-0.0034636000720116513
0.003087536094377014
-0.0016852594212961802
0.0022568735806679364
0.0021171276544697994
-0.003510486783707216
0.004454038907817027
-0.005891555241719588
0.007352749382856156
-0.009581048227735896
0.0057909386479536905
-0.0028262875818731016
0.004196155080061773
-0.00538044212045784
0.004956548415859539
-0.005059275255391665
0.006207433026404134
-0.009315404602580466
0.006017403010116547
-0.003948636838539129
0.013404044335903654
-0.023957685946398587
0.03454850343386061
-0.044373297460576916
0.046031830490776235
-0.043336936887908434
0.022091755634544828
0.002228013480164345
-0.00495055105684854
0.005135377897955738
-0.0043412003031321
0.006686494681803656
-0.01086893699111383
0.016245598763482447
-0.010114103167060602
0.005336196291936854
-0.015133849854165706
0.024434722168408675
-0.032536514999656575
0.03991752694540574
-0.04057151669634946
0.03744578976880264
-0.018847497151382054
-0.00161517048196928
0.002868332702460853
-0.0019978523013539857
0.0006420067431317577
-0.0012078187649900772
0.002851106583541693
-0.00400883705671112
0.0022736229068362726
