3.8	0.3	0.056452602534498325
3.8035210385795115	0.3	0.053132470643474816
3.81054245288407	0.3	0.047092827516849824
3.8210230384625947	0.3	0.039408717245995886
3.834901291071488	0.3	0.031405041986131275
3.8520957676059977	0.3	0.024382957805512487
3.8725055640407353	0.3	0.019356883275264025
3.896010907574623	0.3	0.016858670554469813
3.9224738595053155	0.3	0.016849822518648715
3.951739124708353	0.3	0.01875813744178012
3.9836349629707026	0.3	0.02162751377968706
4.017974196830619	0.3	0.024345146069178362
4.054555310009415	0.3	0.025894418650783162
4.093163629989119	0.3	0.02557778914679544
4.1335725877961655	0.3	0.023162374380266873
4.175545047598226	0.3	0.018919496093363818
4.21883469831157	0.3	0.01355359526512502
4.263187499052436	0.3	0.008040081714478987
4.3083431699499615	0.3	0.0034104946718435773
4.354036719571957	0.3	0.00053291131209741
4.3999999999999995	0.3	-6.57737743536919e-5
4.4459632804280425	0.3	0.0016996249404676363
4.491656830050038	0.3	0.005466346102351964
4.536812500947564	0.3	0.010508067316849981
4.58116530168843	0.3	0.015887616064279866
4.6244549524017735	0.3	0.020643052670730373
4.666427412203834	0.3	0.023967747582222365
4.706836370010881	0.3	0.02534915996067658
4.745444689990585	0.3	0.024642039908161363
4.782025803169381	0.3	0.022066806884320597
4.816365037029297	0.3	0.01813942117892271
4.848260875291647	0.3	0.013551932382126538
4.877526140494684	0.3	0.00903074235235423
4.903989092425377	0.3	0.005201438844995559
4.9274944359592645	0.3	0.002485157933031612
4.947904232394002	0.3	0.0010432232251479934
4.965098708928512	0.3	0.00077633195465582
4.9789769615374055	0.3	0.0013739908466419877
4.989457547115929	0.3	0.0024011229084265895
4.996478961420489	0.3	0.003403054654813366
5.0	0.3	0.004008041410444849
3.8	0.30352103857951146	0.06860413362222176
3.8035210385795115	0.30352103857951146	0.06674711946116954
3.81054245288407	0.30352103857951146	0.06327824778321382
3.8210230384625947	0.30352103857951146	0.05864196482405439
3.834901291071488	0.30352103857951146	0.053399222008881184
3.8520957676059977	0.30352103857951146	0.04812396405956311
3.8725055640407353	0.30352103857951146	0.0432992125671699
3.896010907574623	0.30352103857951146	0.039233268017431704
3.9224738595053155	0.30352103857951146	0.036012727515901594
3.951739124708353	0.30352103857951146	0.0335018379339998
3.9836349629707026	0.30352103857951146	0.031388509749315764
4.017974196830619	0.30352103857951146	0.029267868631575596
4.054555310009415	0.30352103857951146	0.026746387678786013
4.093163629989119	0.30352103857951146	0.0235450362950771
4.1335725877961655	0.30352103857951146	0.019579531799763124
4.175545047598226	0.30352103857951146	0.01499990166914748
4.21883469831157	0.30352103857951146	0.010179475654465309
4.263187499052436	0.30352103857951146	0.005653644042946118
4.3083431699499615	0.30352103857951146	0.002019220745080418
4.354036719571957	0.30352103857951146	-0.0001861271244839825
4.3999999999999995	0.30352103857951146	-0.0006000425921042588
4.4459632804280425	0.30352103857951146	0.0008770822454661018
4.491656830050038	0.30352103857951146	0.004042610349040115
4.536812500947564	0.30352103857951146	0.008410044622075296
4.58116530168843	0.30352103857951146	0.013283583528303902
4.6244549524017735	0.30352103857951146	0.01787550902675826
4.666427412203834	0.30352103857951146	0.021443923610710305
4.706836370010881	0.30352103857951146	0.023423702984522576
4.745444689990585	0.30352103857951146	0.02352447896300528
4.782025803169381	0.30352103857951146	0.021775938761693165
4.816365037029297	0.30352103857951146	0.018511448528918097
4.848260875291647	0.30352103857951146	0.014293754208912181
4.877526140494684	0.30352103857951146	0.009798567632141025
4.903989092425377	0.30352103857951146	0.0056805966908357805
4.9274944359592645	0.30352103857951146	0.002450093778825317
4.947904232394002	0.30352103857951146	0.00038546825308709634
4.965098708928512	0.30352103857951146	-0.0005005488202801112
4.9789769615374055	0.30352103857951146	-0.00043554337017507466
4.989457547115929	0.30352103857951146	0.0001897504216003265
4.996478961420489	0.30352103857951146	0.0009316943148142687
5.0	0.30352103857951146	0.0014112007376911387
3.8	0.3105424528840703	0.090023881883316
3.8035210385795115	0.3105424528840703	0.09086716789273505
3.81054245288407	0.3105424528840703	0.09214547630162273
3.8210230384625947	0.3105424528840703	0.09314414963755051
3.834901291071488	0.3105424528840703	0.0930200759237657
3.8520957676059977	0.3105424528840703	0.0910108965803173
3.8725055640407353	0.3105424528840703	0.08662343960020122
3.896010907574623	0.3105424528840703	0.0797556367701822
3.9224738595053155	0.3105424528840703	0.07072417782015317
3.951739124708353	0.3105424528840703	0.06019488209568913
3.9836349629707026	0.3105424528840703	0.04903754054444118
4.017974196830619	0.3105424528840703	0.038145214624293676
4.054555310009415	0.3105424528840703	0.028264986984863173
4.093163629989119	0.3105424528840703	0.019881399276974528
4.1335725877961655	0.3105424528840703	0.01317725740497655
4.175545047598226	0.3105424528840703	0.008074016128758507
4.21883469831157	0.3105424528840703	0.004331964401804236
4.263187499052436	0.3105424528840703	0.0016750203394362076
4.3083431699499615	0.3105424528840703	-9.97750505872929e-5
4.354036719571957	0.3105424528840703	-0.0010609909368465226
4.3999999999999995	0.3105424528840703	-0.0011463248823985694
4.4459632804280425	0.3105424528840703	-0.00022666685438869384
4.491656830050038	0.3105424528840703	0.0017926190361415972
4.536812500947564	0.3105424528840703	0.004868336482614744
4.58116530168843	0.3105424528840703	0.008750291869856219
4.6244549524017735	0.3105424528840703	0.012972738356912974
4.666427412203834	0.3105424528840703	0.0169148981012892
4.706836370010881	0.3105424528840703	0.019918218974143472
4.745444689990585	0.3105424528840703	0.021430412016630263
4.782025803169381	0.3105424528840703	0.02113707526739761
4.816365037029297	0.3105424528840703	0.01904362352798606
4.848260875291647	0.3105424528840703	0.015482912591192085
4.877526140494684	0.3105424528840703	0.011043889248643754
4.903989092425377	0.3105424528840703	0.006438231510028286
4.9274944359592645	0.3105424528840703	0.002339159537716358
4.947904232394002	0.3105424528840703	-0.0007655034898606701
4.965098708928512	0.3105424528840703	-0.002667659736105847
4.9789769615374055	0.3105424528840703	-0.003456666435242204
4.989457547115929	0.3105424528840703	-0.003457540735561832
4.996478961420489	0.3105424528840703	-0.0031086009765993426
5.0	0.3105424528840703	-0.002814104541177878
3.8	0.3210230384625948	0.11562970462492493
3.8035210385795115	0.3210230384625948	0.11999648018266071
3.81054245288407	0.3210230384625948	0.1274751839875538
3.8210230384625947	0.3210230384625948	0.13584957641627368
3.834901291071488	0.3210230384625948	0.14245800554590293
3.8520957676059977	0.3210230384625948	0.14480791674533233
3.8725055640407353	0.3210230384625948	0.14114291875301194
3.896010907574623	0.3210230384625948	0.1308307165700368
3.9224738595053155	0.3210230384625948	0.11448661317412094
3.951739124708353	0.3210230384625948	0.09381348559720633
3.9836349629707026	0.3210230384625948	0.07120802389727743
4.017974196830619	0.3210230384625948	0.04923714876928134
4.054555310009415	0.3210230384625948	0.030114697139047793
4.093163629989119	0.3210230384625948	0.015301065313546334
4.1335725877961655	0.3210230384625948	0.005310756676123646
4.175545047598226	0.3210230384625948	-0.00024432077351274053
4.21883469831157	0.3210230384625948	-0.002408811223235406
4.263187499052436	0.3210230384625948	-0.002516757592789357
4.3083431699499615	0.3210230384625948	-0.0018093115236881225
4.354036719571957	0.3210230384625948	-0.0011382197521828804
4.3999999999999995	0.3210230384625948	-0.0008245089544372324
4.4459632804280425	0.3210230384625948	-0.0006938037412359864
4.491656830050038	0.3210230384625948	-0.0002591620088620676
4.536812500947564	0.3210230384625948	0.001016824423565951
4.58116530168843	0.3210230384625948	0.0034664515058709204
4.6244549524017735	0.3210230384625948	0.007045833832934848
4.666427412203834	0.3210230384625948	0.011296694257010905
4.706836370010881	0.3210230384625948	0.015447367867022778
4.745444689990585	0.3210230384625948	0.018617599110902
4.782025803169381	0.3210230384625948	0.02006215511920984
4.816365037029297	0.3210230384625948	0.01937898951269048
4.848260875291647	0.3210230384625948	0.01662059246128134
4.877526140494684	0.3210230384625948	0.012277697783032181
4.903989092425377	0.3210230384625948	0.0071431561398825165
4.9274944359592645	0.3210230384625948	0.0020989175889367245
4.947904232394002	0.3210230384625948	-0.002109562016420879
4.965098708928512	0.3210230384625948	-0.005045520536246503
4.9789769615374055	0.3210230384625948	-0.00665178489267098
4.989457547115929	0.3210230384625948	-0.007204396423949927
4.996478961420489	0.3210230384625948	-0.0071689870713369935
5.0	0.3210230384625948	-0.007009075162837511
3.8	0.33490129107148847	0.13933960001625226
3.8035210385795115	0.33490129107148847	0.14751993406939082
3.81054245288407	0.33490129107148847	0.16171962310577945
3.8210230384625947	0.33490129107148847	0.178115539605589
3.834901291071488	0.33490129107148847	0.19210064730961657
3.8520957676059977	0.33490129107148847	0.1993325860279686
3.8725055640407353	0.33490129107148847	0.19670578988552098
3.896010907574623	0.33490129107148847	0.1830232816718481
3.9224738595053155	0.33490129107148847	0.15922129156526293
3.951739124708353	0.33490129107148847	0.1281106862679255
3.9836349629707026	0.33490129107148847	0.09371547329684407
4.017974196830619	0.33490129107148847	0.06038124624452131
4.054555310009415	0.33490129107148847	0.03187302118936632
4.093163629989119	0.33490129107148847	0.010672513917156476
4.1335725877961655	0.33490129107148847	-0.002375838588303784
4.175545047598226	0.33490129107148847	-0.008015295150469615
4.21883469831157	0.33490129107148847	-0.008171500482946311
4.263187499052436	0.33490129107148847	-0.005323505006379697
4.3083431699499615	0.33490129107148847	-0.0018283471435447747
4.354036719571957	0.33490129107148847	0.0006268920657319112
4.3999999999999995	0.33490129107148847	0.0013197292468244695
4.4459632804280425	0.33490129107148847	0.00048523428953719605
4.491656830050038	0.33490129107148847	-0.0009566325956250452
4.536812500947564	0.33490129107148847	-0.0018348497625009386
4.58116530168843	0.33490129107148847	-0.001183001778961702
4.6244549524017735	0.33490129107148847	0.001416539090614267
4.666427412203834	0.33490129107148847	0.005690626892926572
4.706836370010881	0.33490129107148847	0.010761195523790252
4.745444689990585	0.33490129107148847	0.015416741671528962
4.782025803169381	0.33490129107148847	0.01847598351571503
4.816365037029297	0.33490129107148847	0.01912929185133659
4.848260875291647	0.33490129107148847	0.01715717375905642
4.877526140494684	0.33490129107148847	0.012967565422503085
4.903989092425377	0.33490129107148847	0.007451044253051967
4.9274944359592645	0.33490129107148847	0.001707659030357007
4.947904232394002	0.33490129107148847	-0.0032651880509946343
4.965098708928512	0.33490129107148847	-0.006827365986590221
4.9789769615374055	0.33490129107148847	-0.008819378699977707
4.989457547115929	0.33490129107148847	-0.009525076774856638
4.996478961420489	0.33490129107148847	-0.009496117138730172
5.0	0.33490129107148847	-0.009303616165804798
3.8	0.35209576760599776	0.1554889135803076
3.8035210385795115	0.35209576760599776	0.1672082548947715
3.81054245288407	0.35209576760599776	0.18765956917927318
3.8210230384625947	0.35209576760599776	0.21155474475936017
3.834901291071488	0.35209576760599776	0.23251424892522182
3.8520957676059977	0.35209576760599776	0.24451204175374452
3.8725055640407353	0.35209576760599776	0.24321684351417944
3.896010907574623	0.35209576760599776	0.22692156545543457
3.9224738595053155	0.35209576760599776	0.1968579620376797
3.951739124708353	0.35209576760599776	0.15684546714966832
3.9836349629707026	0.35209576760599776	0.11238295962321336
4.017974196830619	0.35209576760599776	0.06941999002582178
4.054555310009415	0.35209576760599776	0.03310906564268291
4.093163629989119	0.35209576760599776	0.0068290191245253
4.1335725877961655	0.35209576760599776	-0.008312711407382262
4.175545047598226	0.35209576760599776	-0.013420111655227319
4.21883469831157	0.35209576760599776	-0.011253252076025682
4.263187499052436	0.35209576760599776	-0.005356664065447241
4.3083431699499615	0.35209576760599776	0.0008855067970552843
4.354036719571957	0.35209576760599776	0.005026687017080303
4.3999999999999995	0.35209576760599776	0.005990284278109086
4.4459632804280425	0.35209576760599776	0.004085057177389216
4.491656830050038	0.35209576760599776	0.0006468810951456502
4.536812500947564	0.35209576760599776	-0.002554547716493722
4.58116530168843	0.35209576760599776	-0.003955116683097146
4.6244549524017735	0.35209576760599776	-0.0026977488768310204
4.666427412203834	0.35209576760599776	0.0011330690237755308
4.706836370010881	0.35209576760599776	0.0065859867184082195
4.745444689990585	0.35209576760599776	0.012177074632690433
4.782025803169381	0.35209576760599776	0.016363077370634794
4.816365037029297	0.35209576760599776	0.018001864364589133
4.848260875291647	0.35209576760599776	0.016663414883832838
4.877526140494684	0.35209576760599776	0.012708859948594962
4.903989092425377	0.35209576760599776	0.007130228755181816
4.9274944359592645	0.35209576760599776	0.001216261521799719
4.947904232394002	0.35209576760599776	-0.003841582275465997
4.965098708928512	0.35209576760599776	-0.007277441862182628
4.9789769615374055	0.35209576760599776	-0.008916009063907382
4.989457547115929	0.35209576760599776	-0.009133211864626352
4.996478961420489	0.35209576760599776	-0.008638902063892333
5.0	0.35209576760599776	-0.008164179948411497
3.8	0.3725055640407353	0.1601192467689952
3.8035210385795115	0.3725055640407353	0.17459769510376555
3.81054245288407	0.3725055640407353	0.19994210349169916
3.8210230384625947	0.3725055640407353	0.22975690443980484
3.834901291071488	0.3725055640407353	0.2563242766614902
3.8520957676059977	0.3725055640407353	0.2723495940216132
3.8725055640407353	0.3725055640407353	0.2725816798127465
3.896010907574623	0.3725055640407353	0.2549354678370771
3.9224738595053155	0.3725055640407353	0.2208717286843861
3.951739124708353	0.3725055640407353	0.1749719936789888
3.9836349629707026	0.3725055640407353	0.12383990305356171
4.017974196830619	0.3725055640407353	0.07461476837202624
4.054555310009415	0.3725055640407353	0.03346202920574366
4.093163629989119	0.3725055640407353	0.0043916199535212665
4.1335725877961655	0.3725055640407353	-0.011343798027272712
4.175545047598226	0.3725055640407353	-0.015174626412696166
4.21883469831157	0.3725055640407353	-0.010538692521942065
4.263187499052436	0.3725055640407353	-0.0018202698351788274
4.3083431699499615	0.3725055640407353	0.006802174805490498
4.354036719571957	0.3725055640407353	0.012307298068154653
4.3999999999999995	0.3725055640407353	0.013365419120624892
4.4459632804280425	0.3725055640407353	0.01036673545025711
4.491656830050038	0.3725055640407353	0.004993500490142743
4.536812500947564	0.3725055640407353	-0.0004981104679933268
4.58116530168843	0.3725055640407353	-0.004058847814087014
4.6244549524017735	0.3725055640407353	-0.004467033755108932
4.666427412203834	0.3725055640407353	-0.001631411567704142
4.706836370010881	0.3725055640407353	0.0034776664361913304
4.745444689990585	0.3725055640407353	0.009211975713493976
4.782025803169381	0.3725055640407353	0.01380146553092745
4.816365037029297	0.3725055640407353	0.01590160961149951
4.848260875291647	0.3725055640407353	0.014968098830537407
4.877526140494684	0.3725055640407353	0.01135895788278864
4.903989092425377	0.3725055640407353	0.006153609996736332
4.9274944359592645	0.3725055640407353	0.0007653266934634579
4.947904232394002	0.3725055640407353	-0.0035179439206102945
4.965098708928512	0.3725055640407353	-0.005915397285601693
4.9789769615374055	0.3725055640407353	-0.00634164030247231
4.989457547115929	0.3725055640407353	-0.005352700190433238
4.996478961420489	0.3725055640407353	-0.003881102544228382
5.0	0.3725055640407353	-0.002858571750665473
3.8	0.3960109075746232	0.15183041866400931
3.8035210385795115	0.3960109075746232	0.1679200728535874
3.81054245288407	0.3960109075746232	0.19614741308122355
3.8210230384625947	0.3960109075746232	0.2295165547842231
3.834901291071488	0.3960109075746232	0.25958673084718464
3.8520957676059977	0.3960109075746232	0.27838214965717234
3.8725055640407353	0.3960109075746232	0.2801635478299023
3.896010907574623	0.3960109075746232	0.26265353154280485
3.9224738595053155	0.3960109075746232	0.22744732815252788
3.951739124708353	0.3960109075746232	0.179541913478524
3.9836349629707026	0.3960109075746232	0.12612826053685805
4.017974196830619	0.3960109075746232	0.07496082763961306
4.054555310009415	0.3960109075746232	0.03270462941955035
4.093163629989119	0.3960109075746232	0.0036448382319841837
4.1335725877961655	0.3960109075746232	-0.010965230994901994
4.175545047598226	0.3960109075746232	-0.012813216760077385
4.21883469831157	0.3960109075746232	-0.005776783949498411
4.263187499052436	0.3960109075746232	0.005249143542810521
4.3083431699499615	0.3960109075746232	0.015623433096125454
4.354036719571957	0.3960109075746232	0.022006886193692766
4.3999999999999995	0.3960109075746232	0.022950460477693457
4.4459632804280425	0.3960109075746232	0.01892548635722797
4.491656830050038	0.3960109075746232	0.011851460832417006
4.536812500947564	0.3960109075746232	0.004303752888453857
4.58116530168843	0.3960109075746232	-0.0013486253618646242
4.6244549524017735	0.3960109075746232	-0.003630338616343669
4.666427412203834	0.3960109075746232	-0.0022991606397348343
4.706836370010881	0.3960109075746232	0.0017215195860140354
4.745444689990585	0.3960109075746232	0.0067548222306836915
4.782025803169381	0.3960109075746232	0.010970801779032684
4.816365037029297	0.3960109075746232	0.012977063564868135
4.848260875291647	0.3960109075746232	0.012220567686118386
4.877526140494684	0.3960109075746232	0.009092238403268138
4.903989092425377	0.3960109075746232	0.004724303275952238
4.9274944359592645	0.3960109075746232	0.0005655352234832552
4.947904232394002	0.3960109075746232	-0.0021166159233982377
4.965098708928512	0.3960109075746232	-0.0026433986373545575
4.9789769615374055	0.3960109075746232	-0.0011148903598499028
4.989457547115929	0.3960109075746232	0.001668914717573463
4.996478961420489	0.3960109075746232	0.0045193306951747045
5.0	0.3960109075746232	0.006291665302634386
3.8	0.4224738595053156	0.13200202374466752
3.8035210385795115	0.4224738595053156	0.14837652079737612
3.81054245288407	0.4224738595053156	0.17715499365039605
3.8210230384625947	0.4224738595053156	0.21131080970391794
3.834901291071488	0.4224738595053156	0.2423708859339306
3.8520957676059977	0.4224738595053156	0.2623368881223128
3.8725055640407353	0.4224738595053156	0.2654648863002617
3.896010907574623	0.4224738595053156	0.24949241347145268
3.9224738595053155	0.4224738595053156	0.2160431983504149
3.951739124708353	0.4224738595053156	0.17014346939441868
3.9836349629707026	0.4224738595053156	0.11899762615804423
4.017974196830619	0.4224738595053156	0.07034178542540455
4.054555310009415	0.4224738595053156	0.030780093174752374
4.093163629989119	0.4224738595053156	0.004492200035748586
4.1335725877961655	0.4224738595053156	-0.0074108709165726224
4.175545047598226	0.4224738595053156	-0.006779049946440606
4.21883469831157	0.4224738595053156	0.002349997962489008
4.263187499052436	0.4224738595053156	0.01494670506429357
4.3083431699499615	0.4224738595053156	0.02627959045929848
4.354036719571957	0.4224738595053156	0.032974430354933415
4.3999999999999995	0.4224738595053156	0.03360386172448658
4.4459632804280425	0.4224738595053156	0.02871001615383727
4.491656830050038	0.4224738595053156	0.02031855381597808
4.536812500947564	0.4224738595053156	0.011130440205912275
4.58116530168843	0.4224738595053156	0.0036456492901833105
4.6244549524017735	0.4224738595053156	-0.0005334785334985971
4.666427412203834	0.4224738595053156	-0.001045296390864074
4.706836370010881	0.4224738595053156	0.0012995326030859292
4.745444689990585	0.4224738595053156	0.004932734693488348
4.782025803169381	0.4224738595053156	0.00812961670475165
4.816365037029297	0.4224738595053156	0.009595706856781874
4.848260875291647	0.4224738595053156	0.008858559038023461
4.877526140494684	0.4224738595053156	0.006357328784473725
4.903989092425377	0.4224738595053156	0.003223255835920649
4.9274944359592645	0.4224738595053156	0.0008409162063346843
4.947904232394002	0.4224738595053156	0.00034415089298870175
4.965098708928512	0.4224738595053156	0.0022140050887759256
4.9789769615374055	0.4224738595053156	0.0061067698423619326
4.989457547115929	0.4224738595053156	0.010962245595835685
4.996478961420489	0.4224738595053156	0.01535093894912459
5.0	0.4224738595053156	0.017942807695439537
3.8	0.45173912470835287	0.1043527556368444
3.8035210385795115	0.45173912470835287	0.11971494678172104
3.81054245288407	0.45173912470835287	0.14675476826744613
3.8210230384625947	0.45173912470835287	0.1789550359502886
3.834901291071488	0.45173912470835287	0.20846484873037815
3.8520957676059977	0.45173912470835287	0.22788673961978623
3.8725055640407353	0.45173912470835287	0.23192883543148582
3.896010907574623	0.45173912470835287	0.21853865825775376
3.9224738595053155	0.45173912470835287	0.18926799463576316
3.951739124708353	0.45173912470835287	0.14880916747084014
3.9836349629707026	0.45173912470835287	0.10384319324622554
4.017974196830619	0.45173912470835287	0.06149954976724829
4.054555310009415	0.45173912470835287	0.027807129566842923
4.093163629989119	0.45173912470835287	0.006499210311501591
4.1335725877961655	0.45173912470835287	-0.0015701103133468706
4.175545047598226	0.45173912470835287	0.0016957148313047586
4.21883469831157	0.45173912470835287	0.012378263956936952
4.263187499052436	0.45173912470835287	0.025677113563236462
4.3083431699499615	0.45173912470835287	0.037123623178636864
4.354036719571957	0.45173912470835287	0.04357078930708109
4.3999999999999995	0.45173912470835287	0.043736840413368006
4.4459632804280425	0.45173912470835287	0.03821396750704044
4.491656830050038	0.45173912470835287	0.02900015183032771
4.536812500947564	0.45173912470835287	0.018731717931908545
4.58116530168843	0.45173912470835287	0.009856755921817707
4.6244549524017735	0.45173912470835287	0.003981911820141244
4.666427412203834	0.45173912470835287	0.0015541763568431587
4.706836370010881	0.45173912470835287	0.0019291903356173559
4.745444689990585	0.45173912470835287	0.0037617502246688056
4.782025803169381	0.45173912470835287	0.005565857520621272
4.816365037029297	0.45173912470835287	0.006254369612049327
4.848260875291647	0.45173912470835287	0.005489738834828059
4.877526140494684	0.45173912470835287	0.003747756302074542
4.903989092425377	0.45173912470835287	0.0020921134011667505
4.9274944359592645	0.45173912470835287	0.0017490061401056259
4.947904232394002	0.45173912470835287	0.003630578599813897
4.965098708928512	0.45173912470835287	0.007966931626044164
4.9789769615374055	0.45173912470835287	0.014167103030441702
4.989457547115929	0.45173912470835287	0.020953473939499027
4.996478961420489	0.45173912470835287	0.026725846390415732
5.0	0.45173912470835287	0.030038529326197768
3.8	0.4836349629707027	0.07397122595589664
3.8035210385795115	0.4836349629707027	0.08724316965137227
3.81054245288407	0.4836349629707027	0.11063152389049857
3.8210230384625947	0.4836349629707027	0.13855943979223465
3.834901291071488	0.4836349629707027	0.16431959459015727
3.8520957676059977	0.4836349629707027	0.18161101300859717
3.8725055640407353	0.4836349629707027	0.18595575749015242
3.896010907574623	0.4836349629707027	0.17566458205972835
3.9224738595053155	0.4836349629707027	0.15213643488040415
3.951739124708353	0.4836349629707027	0.11944266571571213
3.9836349629707026	0.4836349629707027	0.08332034238987995
4.017974196830619	0.4836349629707027	0.04983658619614971
4.054555310009415	0.4836349629707027	0.02405393370023333
4.093163629989119	0.4836349629707027	0.00901068395070739
4.1335725877961655	0.4836349629707027	0.005237212659925783
4.175545047598226	0.4836349629707027	0.010885995362081173
4.21883469831157	0.4836349629707027	0.022398151995451088
4.263187499052436	0.4836349629707027	0.03550271951164611
4.3083431699499615	0.4836349629707027	0.04627750791190511
4.354036719571957	0.4836349629707027	0.05200637067059055
4.3999999999999995	0.4836349629707027	0.05164121021104273
4.4459632804280425	0.4836349629707027	0.04579473857033287
4.491656830050038	0.4836349629707027	0.03631812247961142
4.536812500947564	0.4836349629707027	0.02562142022093508
4.58116530168843	0.4836349629707027	0.01594791525400267
4.6244549524017735	0.4836349629707027	0.008805046542545755
4.666427412203834	0.4836349629707027	0.0046911193955773344
4.706836370010881	0.4836349629707027	0.00315972101570437
4.745444689990585	0.4836349629707027	0.003162346918405664
4.782025803169381	0.4836349629707027	0.0035332876271907555
4.816365037029297	0.4836349629707027	0.003449778521915826
4.848260875291647	0.4836349629707027	0.0027211250436142563
4.877526140494684	0.4836349629707027	0.001824010110054133
4.903989092425377	0.4836349629707027	0.001686402188941256
4.9274944359592645	0.4836349629707027	0.0033028387338767135
4.947904232394002	0.4836349629707027	0.007315260727010127
4.965098708928512	0.4836349629707027	0.01370140911674378
4.9789769615374055	0.4836349629707027	0.021675986196806163
4.989457547115929	0.4836349629707027	0.02984075437732263
4.996478961420489	0.4836349629707027	0.036540384862801256
5.0	0.4836349629707027	0.04031579328216996
3.8	0.5179741968306188	0.046078742155964386
3.8035210385795115	0.5179741968306188	0.05654296349149011
3.81054245288407	0.5179741968306188	0.07499562335287259
3.8210230384625947	0.5179741968306188	0.0970669755782782
3.834901291071488	0.5179741968306188	0.11751515093152586
3.8520957676059977	0.5179741968306188	0.13144016564267025
3.8725055640407353	0.5179741968306188	0.13539842273749983
3.896010907574623	0.5179741968306188	0.12815485668973203
3.9224738595053155	0.5179741968306188	0.1109031257456749
3.951739124708353	0.5179741968306188	0.08691740043757165
3.9836349629707026	0.5179741968306188	0.06073804046710374
4.017974196830619	0.5179741968306188	0.03710277722248481
4.054555310009415	0.5179741968306188	0.01988825440220593
4.093163629989119	0.5179741968306188	0.01131232264937495
4.1335725877961655	0.5179741968306188	0.01157143532826698
4.175545047598226	0.5179741968306188	0.018971574493658303
4.21883469831157	0.5179741968306188	0.030486556862870728
4.263187499052436	0.5179741968306188	0.042576550005678136
4.3083431699499615	0.5179741968306188	0.052046911808354926
4.354036719571957	0.5179741968306188	0.056734078045257076
4.3999999999999995	0.5179741968306188	0.0558660982375413
4.4459632804280425	0.5179741968306188	0.05004141526386226
4.491656830050038	0.5179741968306188	0.04087310302549857
4.536812500947564	0.5179741968306188	0.030428937912018075
4.58116530168843	0.5179741968306188	0.020639347948988047
4.6244549524017735	0.5179741968306188	0.012836876119671353
4.666427412203834	0.5179741968306188	0.007537958497982688
4.706836370010881	0.5179741968306188	0.00449820423076671
4.745444689990585	0.5179741968306188	0.0029901529643621264
4.782025803169381	0.5179741968306188	0.0021912975516689675
4.816365037029297	0.5179741968306188	0.0015463990358357423
4.848260875291647	0.5179741968306188	0.0009866033182165603
4.877526140494684	0.5179741968306188	0.0009409131061034796
4.903989092425377	0.5179741968306188	0.002145697894557281
4.9274944359592645	0.5179741968306188	0.005323305890348737
4.947904232394002	0.5179741968306188	0.01084182389625329
4.965098708928512	0.5179741968306188	0.018472866312502296
4.9789769615374055	0.5179741968306188	0.02733238195882419
4.989457547115929	0.5179741968306188	0.036031343406408345
4.996478961420489	0.5179741968306188	0.04299704602611028
5.0	0.5179741968306188	0.046871953430645714
3.8	0.5545553100094155	0.02484070682503762
3.8035210385795115	0.5545553100094155	0.03221186824459381
3.81054245288407	0.5545553100094155	0.04520409638694401
3.8210230384625947	0.5545553100094155	0.06073538504150561
3.834901291071488	0.5545553100094155	0.0751251087472969
3.8520957676059977	0.5545553100094155	0.0849624443212325
3.8725055640407353	0.5545553100094155	0.08789856301237647
3.896010907574623	0.5545553100094155	0.08317292828741021
3.9224738595053155	0.5545553100094155	0.07175265718359673
3.951739124708353	0.5545553100094155	0.05606135457719671
3.9836349629707026	0.5545553100094155	0.03937490293096184
4.017974196830619	0.5545553100094155	0.025040728910271825
4.054555310009415	0.5545553100094155	0.015714642371475806
4.093163629989119	0.5545553100094155	0.01279717214885587
4.1335725877961655	0.5545553100094155	0.016194169815439672
4.175545047598226	0.5545553100094155	0.02444053828333383
4.21883469831157	0.5545553100094155	0.03513437274621574
4.263187499052436	0.5545553100094155	0.0455552914979096
4.3083431699499615	0.5545553100094155	0.053303344479068995
4.354036719571957	0.5545553100094155	0.05680145573440835
4.3999999999999995	0.5545553100094155	0.05555080313150142
4.4459632804280425	0.5545553100094155	0.05010042755889434
4.491656830050038	0.5545553100094155	0.041769194757181445
4.536812500947564	0.5545553100094155	0.03221922691871178
4.58116530168843	0.5545553100094155	0.023009667265134665
4.6244549524017735	0.5545553100094155	0.015252065070376181
4.666427412203834	0.5545553100094155	0.009448285879171498
4.706836370010881	0.5545553100094155	0.005532040942472231
4.745444689990585	0.5545553100094155	0.0030740077341647014
4.782025803169381	0.5545553100094155	0.0015656341083491495
4.816365037029297	0.5545553100094155	0.0006801248441661502
4.848260875291647	0.5545553100094155	0.0004241185805767355
4.877526140494684	0.5545553100094155	0.0011341502337789112
4.903989092425377	0.5545553100094155	0.0033248715754136083
4.9274944359592645	0.5545553100094155	0.00744473282396051
4.947904232394002	0.5545553100094155	0.01362473202416587
4.965098708928512	0.5545553100094155	0.021508269098284512
4.9789769615374055	0.5545553100094155	0.030224892393988977
4.989457547115929	0.5545553100094155	0.03852591939218854
4.996478961420489	0.5545553100094155	0.045049436722741046
5.0	0.5545553100094155	0.04864146586254935
3.8	0.593163629989119	0.012516479873297194
3.8035210385795115	0.593163629989119	0.016936124899574283
3.81054245288407	0.593163629989119	0.024698730111145747
3.8210230384625947	0.593163629989119	0.03391629388597567
3.834901291071488	0.593163629989119	0.042353596127087355
3.8520957676059977	0.593163629989119	0.047974855444441376
3.8725055640407353	0.593163629989119	0.049436967232726996
3.896010907574623	0.593163629989119	0.04640811904325761
3.9224738595053155	0.593163629989119	0.03963579964759734
3.951739124708353	0.593163629989119	0.030751919204182604
3.9836349629707026	0.593163629989119	0.02186836180002283
4.017974196830619	0.593163629989119	0.015067003649093157
4.054555310009415	0.593163629989119	0.011911434236096568
4.093163629989119	0.593163629989119	0.01309809874413516
4.1335725877961655	0.593163629989119	0.018325732929465047
4.175545047598226	0.593163629989119	0.02640469576020855
4.21883469831157	0.593163629989119	0.035567481428609334
4.263187499052436	0.593163629989119	0.04389394986726853
4.3083431699499615	0.593163629989119	0.04974143170967209
4.354036719571957	0.593163629989119	0.05207576299209851
4.3999999999999995	0.593163629989119	0.05063148571449296
4.4459632804280425	0.593163629989119	0.04587808126978701
4.491656830050038	0.593163629989119	0.03882042547905478
4.536812500947564	0.593163629989119	0.030701849797914425
4.58116530168843	0.593163629989119	0.022697141920305877
4.6244549524017735	0.593163629989119	0.015676704281159543
4.666427412203834	0.593163629989119	0.010095181119449948
4.706836370010881	0.593163629989119	0.006017312613374888
4.745444689990585	0.593163629989119	0.0032528037848688104
4.782025803169381	0.593163629989119	0.0015423435880540385
4.816365037029297	0.593163629989119	0.0007265188657110878
4.848260875291647	0.593163629989119	0.0008402663542431334
4.877526140494684	0.593163629989119	0.0021034378807292054
4.903989092425377	0.593163629989119	0.004813923789793025
4.9274944359592645	0.593163629989119	0.009182449646001409
4.947904232394002	0.593163629989119	0.015167767806514628
4.965098708928512	0.593163629989119	0.022371787643143647
4.9789769615374055	0.593163629989119	0.03003624726990749
4.989457547115929	0.593163629989119	0.037151478131424005
4.996478961420489	0.593163629989119	0.04265317374095969
5.0	0.593163629989119	0.04565536100875771
3.8	0.6335725877961653	0.00913735920944719
3.8035210385795115	0.6335725877961653	0.011098564633489266
3.81054245288407	0.6335725877961653	0.014489732662613504
3.8210230384625947	0.6335725877961653	0.0183888523661104
3.834901291071488	0.6335725877961653	0.02172750441909979
3.8520957676059977	0.6335725877961653	0.023575507457641656
3.8725055640407353	0.6335725877961653	0.023391865884700318
3.896010907574623	0.6335725877961653	0.021176911621569018
3.9224738595053155	0.6335725877961653	0.017486239982615257
3.951739124708353	0.6335725877961653	0.013302743398297383
3.9836349629707026	0.6335725877961653	0.00979935679005373
4.017974196830619	0.6335725877961653	0.0080526088086792
4.054555310009415	0.6335725877961653	0.008778734521407363
4.093163629989119	0.6335725877961653	0.012157215441793087
4.1335725877961655	0.6335725877961653	0.017783347249792827
4.175545047598226	0.6335725877961653	0.024758207522197644
4.21883469831157	0.6335725877961653	0.03189006896203149
4.263187499052436	0.6335725877961653	0.03795478536452339
4.3083431699499615	0.6335725877961653	0.041950553576696775
4.354036719571957	0.6335725877961653	0.04328730244148883
4.3999999999999995	0.6335725877961653	0.04187078235895571
4.4459632804280425	0.6335725877961653	0.038070338218774306
4.491656830050038	0.6335725877961653	0.03258927993748712
4.536812500947564	0.6335725877961653	0.026279734440534226
4.58116530168843	0.6335725877961653	0.019954130493179977
4.6244549524017735	0.6335725877961653	0.014241018023296309
4.666427412203834	0.6335725877961653	0.00951587372132723
4.706836370010881	0.6335725877961653	0.0059133952737682564
4.745444689990585	0.6335725877961653	0.003403755216308168
4.782025803169381	0.6335725877961653	0.001898213816505818
4.816365037029297	0.6335725877961653	0.0013439231897751538
4.848260875291647	0.6335725877961653	0.0017747268708568891
4.877526140494684	0.6335725877961653	0.003301617042099271
4.903989092425377	0.6335725877961653	0.006047795911844086
4.9274944359592645	0.6335725877961653	0.010052398512390471
4.947904232394002	0.6335725877961653	0.015178088084635697
4.965098708928512	0.6335725877961653	0.02105764406955352
4.9789769615374055	0.6335725877961653	0.027103454959185726
4.989457547115929	0.6335725877961653	0.03258495837854521
4.996478961420489	0.6335725877961653	0.03675825743374979
5.0	0.6335725877961653	0.03901565560037069
3.8	0.6755450475982268	0.0127575067368778
3.8035210385795115	0.6755450475982268	0.012978420291632032
3.81054245288407	0.6755450475982268	0.01326349633990504
3.8210230384625947	0.6755450475982268	0.013352580486363771
3.834901291071488	0.6755450475982268	0.01297345831348109
3.8520957676059977	0.6755450475982268	0.011944710930639028
3.8725055640407353	0.6755450475982268	0.010259759794044778
3.896010907574623	0.6755450475982268	0.008126314108902192
3.9224738595053155	0.6755450475982268	0.005947150408593202
3.951739124708353	0.6755450475982268	0.004243901620897857
3.9836349629707026	0.6755450475982268	0.0035410687124504316
4.017974196830619	0.6755450475982268	0.004238606166119041
4.054555310009415	0.6755450475982268	0.006505176774806807
4.093163629989119	0.6755450475982268	0.01021951734807727
4.1335725877961655	0.6755450475982268	0.014975550333701598
4.175545047598226	0.6755450475982268	0.02015105832466242
4.21883469831157	0.6755450475982268	0.025024082882135385
4.263187499052436	0.6755450475982268	0.028909790059710574
4.3083431699499615	0.6755450475982268	0.03128624595704745
4.354036719571957	0.6755450475982268	0.03188130743248897
4.3999999999999995	0.6755450475982268	0.030703440576018683
4.4459632804280425	0.6755450475982268	0.028013736593889723
4.491656830050038	0.6755450475982268	0.02425077575032025
4.536812500947564	0.6755450475982268	0.019930525686558884
4.58116530168843	0.6755450475982268	0.015547555857802752
4.6244549524017735	0.6755450475982268	0.01150075556610302
4.666427412203834	0.6755450475982268	0.008057701426133327
4.706836370010881	0.6755450475982268	0.005359656893400022
4.745444689990585	0.6755450475982268	0.0034574736084429522
4.782025803169381	0.6755450475982268	0.002360695885160789
4.816365037029297	0.6755450475982268	0.0020800424196840694
4.848260875291647	0.6755450475982268	0.002647493598361328
4.877526140494684	0.6755450475982268	0.0041069850159913945
4.903989092425377	0.6755450475982268	0.006479397823815534
4.9274944359592645	0.6755450475982268	0.00971484818086563
4.947904232394002	0.6755450475982268	0.013650387015581867
4.965098708928512	0.6755450475982268	0.01799059106148745
4.9789769615374055	0.6755450475982268	0.02232234065361897
4.989457547115929	0.6755450475982268	0.02616517245734321
4.996478961420489	0.6755450475982268	0.02904790024953056
5.0	0.6755450475982268	0.030593884820120754
3.8	0.7188346983115699	0.020172839486309588
3.8035210385795115	0.7188346983115699	0.019445998544846053
3.81054245288407	0.7188346983115699	0.01803186982774479
3.8210230384625947	0.7188346983115699	0.01601542763775083
3.834901291071488	0.7188346983115699	0.013535325932580982
3.8520957676059977	0.7188346983115699	0.010788777643783838
3.8725055640407353	0.7188346983115699	0.008027004398369592
3.896010907574623	0.7188346983115699	0.005537150944450374
3.9224738595053155	0.7188346983115699	0.003610253654285914
3.951739124708353	0.7188346983115699	0.0024992603784551666
3.9836349629707026	0.7188346983115699	0.002374912851010651
4.017974196830619	0.7188346983115699	0.003289324327888204
4.054555310009415	0.7188346983115699	0.005156578115969311
4.093163629989119	0.7188346983115699	0.007756591935578552
4.1335725877961655	0.7188346983115699	0.010763519971098732
4.175545047598226	0.7188346983115699	0.013794336510600063
4.21883469831157	0.7188346983115699	0.016468424967681528
4.263187499052436	0.7188346983115699	0.018466271258974584
4.3083431699499615	0.7188346983115699	0.019575484913420146
4.354036719571957	0.7188346983115699	0.019715350230815873
4.3999999999999995	0.7188346983115699	0.018936189576699073
4.4459632804280425	0.7188346983115699	0.017395687748583105
4.491656830050038	0.7188346983115699	0.015319461025187905
4.536812500947564	0.7188346983115699	0.012956244753549537
4.58116530168843	0.7188346983115699	0.010538370065096142
4.6244549524017735	0.7188346983115699	0.008255718601214776
4.666427412203834	0.7188346983115699	0.00624685288661613
4.706836370010881	0.7188346983115699	0.004605823282439803
4.745444689990585	0.7188346983115699	0.003398723302904811
4.782025803169381	0.7188346983115699	0.002681633908933602
4.816365037029297	0.7188346983115699	0.0025118099486782053
4.848260875291647	0.7188346983115699	0.0029467021635947313
4.877526140494684	0.7188346983115699	0.004029835495183059
4.903989092425377	0.7188346983115699	0.005767354488557423
4.9274944359592645	0.7188346983115699	0.008102768307103637
4.947904232394002	0.7188346983115699	0.010898950571526303
4.965098708928512	0.7188346983115699	0.013935265717893476
4.9789769615374055	0.7188346983115699	0.016924068189178073
4.989457547115929	0.7188346983115699	0.019545720607592132
4.996478961420489	0.7188346983115699	0.021496104981079855
5.0	0.7188346983115699	0.02253680495490241
3.8	0.7631874990524359	0.02788783464365703
3.8035210385795115	0.7631874990524359	0.0269345732418007
3.81054245288407	0.7631874990524359	0.02511028238474953
3.8210230384625947	0.7631874990524359	0.022572228658527434
3.834901291071488	0.7631874990524359	0.019538497622713785
3.8520957676059977	0.7631874990524359	0.016267326643182804
3.8725055640407353	0.7631874990524359	0.01303125796850826
3.896010907574623	0.7631874990524359	0.010088347780509984
3.9224738595053155	0.7631874990524359	0.007653661665601955
3.951739124708353	0.7631874990524359	0.0058749741615969076
3.9836349629707026	0.7631874990524359	0.004816630639499601
4.017974196830619	0.7631874990524359	0.00445470758181541
4.054555310009415	0.7631874990524359	0.0046849270465133845
4.093163629989119	0.7631874990524359	0.005342506012672591
4.1335725877961655	0.7631874990524359	0.006230732525265346
4.175545047598226	0.7631874990524359	0.007153143749247903
4.21883469831157	0.7631874990524359	0.007943268724402932
4.263187499052436	0.7631874990524359	0.008486312121872624
4.3083431699499615	0.7631874990524359	0.008728893450688623
4.354036719571957	0.7631874990524359	0.008675666900125324
4.3999999999999995	0.7631874990524359	0.008374696419933799
4.4459632804280425	0.7631874990524359	0.007896086166370839
4.491656830050038	0.7631874990524359	0.007309876140799764
4.536812500947564	0.7631874990524359	0.006669177369419044
4.58116530168843	0.7631874990524359	0.006002903997865994
4.6244549524017735	0.7631874990524359	0.0053196472732241935
4.666427412203834	0.7631874990524359	0.004620952134513884
4.706836370010881	0.7631874990524359	0.003919381053915375
4.745444689990585	0.7631874990524359	0.0032550865984842864
4.782025803169381	0.7631874990524359	0.0027046722771722443
4.816365037029297	0.7631874990524359	0.00237796291423325
4.848260875291647	0.7631874990524359	0.002401512460479263
4.877526140494684	0.7631874990524359	0.0028914428827017035
4.903989092425377	0.7631874990524359	0.003921540351999642
4.9274944359592645	0.7631874990524359	0.005494513859121326
4.947904232394002	0.7631874990524359	0.007524345144356643
4.965098708928512	0.7631874990524359	0.009835615367969753
4.9789769615374055	0.7631874990524359	0.01218200649415418
4.989457547115929	0.7631874990524359	0.014281708635907976
4.996478961420489	0.7631874990524359	0.015863312934150633
5.0	0.7631874990524359	0.01671298030938021
3.8	0.8083431699499619	0.033058967596900836
3.8035210385795115	0.8083431699499619	0.032414962898708
3.81054245288407	0.8083431699499619	0.03114519086686899
3.8210230384625947	0.8083431699499619	0.029290004660946434
3.834901291071488	0.8083431699499619	0.02691762078971305
3.8520957676059977	0.8083431699499619	0.024128429596839984
3.8725055640407353	0.8083431699499619	0.021054460636703323
3.896010907574623	0.8083431699499619	0.01785178202097601
3.9224738595053155	0.8083431699499619	0.014685755844671435
3.951739124708353	0.8083431699499619	0.011711506189739145
3.9836349629707026	0.8083431699499619	0.009053887959384915
4.017974196830619	0.8083431699499619	0.00679199883167386
4.054555310009415	0.8083431699499619	0.004952516084033389
4.093163629989119	0.8083431699499619	0.0035139884091368043
4.1335725877961655	0.8083431699499619	0.0024212383921412635
4.175545047598226	0.8083431699499619	0.0016060940187210388
4.21883469831157	0.8083431699499619	0.0010086699074782714
4.263187499052436	0.8083431699499619	0.000593032227829141
4.3083431699499615	0.8083431699499619	0.0003525288247358653
4.354036719571957	0.8083431699499619	0.00030303058790350943
4.3999999999999995	0.8083431699499619	0.00046601785561004873
4.4459632804280425	0.8083431699499619	0.0008467956984994458
4.491656830050038	0.8083431699499619	0.0014151050302691668
4.536812500947564	0.8083431699499619	0.0020953201780744774
4.58116530168843	0.8083431699499619	0.002771154896842694
4.6244549524017735	0.8083431699499619	0.003305836556928608
4.666427412203834	0.8083431699499619	0.003574076566342248
4.706836370010881	0.8083431699499619	0.0034981514898317903
4.745444689990585	0.8083431699499619	0.003078213983441931
4.782025803169381	0.8083431699499619	0.002407344691079295
4.816365037029297	0.8083431699499619	0.001664933652230003
4.848260875291647	0.8083431699499619	0.0010871045652407732
4.877526140494684	0.8083431699499619	0.0009188289659119232
4.903989092425377	0.8083431699499619	0.001357587447359994
4.9274944359592645	0.8083431699499619	0.0025014945274772203
4.947904232394002	0.8083431699499619	0.00431477881264066
4.965098708928512	0.8083431699499619	0.00662022971275307
4.9789769615374055	0.8083431699499619	0.00912235370048971
4.989457547115929	0.8083431699499619	0.011457888874948221
4.996478961420489	0.8083431699499619	0.01326373113093008
5.0	0.8083431699499619	0.014247880970077946
3.8	0.8540367195719576	0.03416707735716814
3.8035210385795115	0.8540367195719576	0.034117109304348664
3.81054245288407	0.8540367195719576	0.033921661326419994
3.8210230384625947	0.8540367195719576	0.033416243356696324
3.834901291071488	0.8540367195719576	0.032413375886067596
3.8520957676059977	0.8540367195719576	0.030755832523950453
3.8725055640407353	0.8540367195719576	0.028363171042396898
3.896010907574623	0.8540367195719576	0.02525963619720224
3.9224738595053155	0.8540367195719576	0.021576759922486744
3.951739124708353	0.8540367195719576	0.01753091003284677
3.9836349629707026	0.8540367195719576	0.01338268089620449
4.017974196830619	0.8540367195719576	0.009389520477017346
4.054555310009415	0.8540367195719576	0.005764128799957183
4.093163629989119	0.8540367195719576	0.002648708826694754
4.1335725877961655	0.8540367195719576	0.00010991195281501943
4.175545047598226	0.8540367195719576	-0.0018470915952535924
4.21883469831157	0.8540367195719576	-0.003252634798608396
4.263187499052436	0.8540367195719576	-0.004145076974119132
4.3083431699499615	0.8540367195719576	-0.004552026351172971
4.354036719571957	0.8540367195719576	-0.004486934392325035
4.3999999999999995	0.8540367195719576	-0.0039619921867704655
4.4459632804280425	0.8540367195719576	-0.003012098141649681
4.491656830050038	0.8540367195719576	-0.0017200512986063421
4.536812500947564	0.8540367195719576	-0.00023160153999384934
4.58116530168843	0.8540367195719576	0.0012487946722731153
4.6244549524017735	0.8540367195719576	0.0024851795594009766
4.666427412203834	0.8540367195719576	0.0032566697144655425
4.706836370010881	0.8540367195719576	0.0034128968567362916
4.745444689990585	0.8540367195719576	0.002923372443147763
4.782025803169381	0.8540367195719576	0.0019054113042190738
4.816365037029297	0.8540367195719576	0.0006192936175342266
4.848260875291647	0.8540367195719576	-0.0005729491252914473
4.877526140494684	0.8540367195719576	-0.001279268010726599
4.903989092425377	0.8540367195719576	-0.0011652664770155099
4.9274944359592645	0.8540367195719576	-3.768006926413122e-5
4.947904232394002	0.8540367195719576	0.002097114728377718
4.965098708928512	0.8540367195719576	0.005015649571119677
4.9789769615374055	0.8540367195719576	0.008307965330904237
4.989457547115929	0.8540367195719576	0.011451922850693482
4.996478961420489	0.8540367195719576	0.013916124086532849
5.0	0.8540367195719576	0.01526892687005185
3.8	0.8999999999999997	0.03125973357947239
3.8035210385795115	0.8999999999999997	0.03182885337133222
3.81054245288407	0.8999999999999997	0.032762316232293275
3.8210230384625947	0.8999999999999997	0.033699299865566516
3.834901291071488	0.8999999999999997	0.03420825579966882
3.8520957676059977	0.8999999999999997	0.033887738860870625
3.8725055640407353	0.8999999999999997	0.032458269708564025
3.896010907574623	0.8999999999999997	0.02982370756825241
3.9224738595053155	0.8999999999999997	0.026089009690246297
3.951739124708353	0.8999999999999997	0.021532733983685312
3.9836349629707026	0.8999999999999997	0.016544049548924772
4.017974196830619	0.8999999999999997	0.0115422989173868
4.054555310009415	0.8999999999999997	0.006900188705094977
4.093163629989119	0.8999999999999997	0.0028888678628517855
4.1335725877961655	0.8999999999999997	-0.00034446728673663747
4.175545047598226	0.8999999999999997	-0.0027658537758934836
4.21883469831157	0.8999999999999997	-0.0044196321998992635
4.263187499052436	0.8999999999999997	-0.005384397396480448
4.3083431699499615	0.8999999999999997	-0.005736099722845513
4.354036719571957	0.8999999999999997	-0.005530556120039588
4.3999999999999995	0.8999999999999997	-0.004809807627832924
4.4459632804280425	0.8999999999999997	-0.003627647303560863
4.491656830050038	0.8999999999999997	-0.0020821512515533575
4.536812500947564	0.8999999999999997	-0.0003396070862406427
4.58116530168843	0.8999999999999997	0.001363936014502042
4.6244549524017735	0.8999999999999997	0.0027505598115180833
4.666427412203834	0.8999999999999997	0.003555189825463874
4.706836370010881	0.8999999999999997	0.003594742617481838
4.745444689990585	0.8999999999999997	0.0028325348801110737
4.782025803169381	0.8999999999999997	0.001417281597176535
4.816365037029297	0.8999999999999997	-0.0003193463762750739
4.848260875291647	0.8999999999999997	-0.0019127547021391238
4.877526140494684	0.8999999999999997	-0.0028565595264055848
4.903989092425377	0.8999999999999997	-0.0027163476453260335
4.9274944359592645	0.8999999999999997	-0.0012396590214289922
4.947904232394002	0.8999999999999997	0.0015656330863139147
4.965098708928512	0.8999999999999997	0.005406510797418051
4.9789769615374055	0.8999999999999997	0.009743577126513595
4.989457547115929	0.8999999999999997	0.013888220154111161
4.996478961420489	0.8999999999999997	0.017138420711464344
5.0	0.8999999999999997	0.018923275490430658
3.8	0.9459632804280425	0.025731741323716133
3.8035210385795115	0.9459632804280425	0.026728560664958045
3.81054245288407	0.9459632804280425	0.028453860398586456
3.8210230384625947	0.9459632804280425	0.03043222928361839
3.834901291071488	0.9459632804280425	0.03208876205597927
3.8520957676059977	0.9459632804280425	0.032876926815516405
3.8725055640407353	0.9459632804280425	0.0323963552810252
3.896010907574623	0.9459632804280425	0.03047359332838759
3.9224738595053155	0.9459632804280425	0.027188950831984963
3.951739124708353	0.9459632804280425	0.022846575743841063
3.9836349629707026	0.9459632804280425	0.017898959774053338
4.017974196830619	0.9459632804280425	0.012847548481576723
4.054555310009415	0.9459632804280425	0.00814535151474127
4.093163629989119	0.9459632804280425	0.004124588808346659
4.1335725877961655	0.9459632804280425	0.000963600204166097
4.175545047598226	0.9459632804280425	-0.0013047668789785871
4.21883469831157	0.9459632804280425	-0.0027527523717529212
4.263187499052436	0.9459632804280425	-0.0035027424570946413
4.3083431699499615	0.9459632804280425	-0.0036774911170369393
4.354036719571957	0.9459632804280425	-0.0033712310377613857
4.3999999999999995	0.9459632804280425	-0.0026486966446655907
4.4459632804280425	0.9459632804280425	-0.0015684917244061427
4.491656830050038	0.9459632804280425	-0.00021813552102680064
4.536812500947564	0.9459632804280425	0.0012565837757743557
4.58116530168843	0.9459632804280425	0.002644074374127797
4.6244549524017735	0.9459632804280425	0.0036904231058204314
4.666427412203834	0.9459632804280425	0.004152514204894644
4.706836370010881	0.9459632804280425	0.00386839776934689
4.745444689990585	0.9459632804280425	0.0028245601633852084
4.782025803169381	0.9459632804280425	0.0011975294262553048
4.816365037029297	0.9459632804280425	-0.0006481358714063416
4.848260875291647	0.9459632804280425	-0.002212865241484519
4.877526140494684	0.9459632804280425	-0.002959673905423319
4.903989092425377	0.9459632804280425	-0.002436609040336378
4.9274944359592645	0.9459632804280425	-0.00039535596946072655
4.947904232394002	0.9459632804280425	0.0031245065204783037
4.965098708928512	0.9459632804280425	0.0077698628100892645
4.9789769615374055	0.9459632804280425	0.012918215125935632
4.989457547115929	0.9459632804280425	0.0177860786006013
4.996478961420489	0.9459632804280425	0.021579906321238948
5.0	0.9459632804280425	0.023656509022781158
3.8	0.9916568300500381	0.01974090976586923
3.8035210385795115	0.9916568300500381	0.020838925416849837
3.81054245288407	0.9916568300500381	0.02277069357730225
3.8210230384625947	0.9916568300500381	0.025066866164090148
3.834901291071488	0.9916568300500381	0.02715710274101734
3.8520957676059977	0.9916568300500381	0.028494213788984018
3.8725055640407353	0.9916568300500381	0.028669238057978857
3.896010907574623	0.9916568300500381	0.027491421837781534
3.9224738595053155	0.9916568300500381	0.02501653850154715
3.951739124708353	0.9916568300500381	0.021520230529949922
3.9836349629707026	0.9916568300500381	0.017426527539291258
4.017974196830619	0.9916568300500381	0.013211886217415706
4.054555310009415	0.9916568300500381	0.00930949123615244
4.093163629989119	0.9916568300500381	0.006036275858071146
4.1335725877961655	0.9916568300500381	0.0035571330542595557
4.175545047598226	0.9916568300500381	0.0018895800219333985
4.21883469831157	0.9916568300500381	0.0009409847301791571
4.263187499052436	0.9916568300500381	0.0005624823653172836
4.3083431699499615	0.9916568300500381	0.0006009909877915229
4.354036719571957	0.9916568300500381	0.000933769438255048
4.3999999999999995	0.9916568300500381	0.0014775375596511296
4.4459632804280425	0.9916568300500381	0.0021737809486483493
4.491656830050038	0.9916568300500381	0.002960426062037787
4.536812500947564	0.9916568300500381	0.0037449024697440015
4.58116530168843	0.9916568300500381	0.0043931839878212
4.6244549524017735	0.9916568300500381	0.004743822177357639
4.666427412203834	0.9916568300500381	0.004646960551836361
4.706836370010881	0.9916568300500381	0.004018659414618206
4.745444689990585	0.9916568300500381	0.002893662196123562
4.782025803169381	0.9916568300500381	0.0014574434355677196
4.816365037029297	0.9916568300500381	4.205113128187511e-5
4.848260875291647	0.9916568300500381	-0.0009208049107190516
4.877526140494684	0.9916568300500381	-0.0009840666041119098
4.903989092425377	0.9916568300500381	0.00020987261073239331
4.9274944359592645	0.9916568300500381	0.0028286478276513646
4.947904232394002	0.9916568300500381	0.006780097091916688
4.965098708928512	0.9916568300500381	0.011694126678398382
4.9789769615374055	0.9916568300500381	0.016965840795662913
4.989457547115929	0.9916568300500381	0.021854837526272618
4.996478961420489	0.9916568300500381	0.025621396182138902
5.0	0.9916568300500381	0.027670336652347898
3.8	1.036812500947564	0.015451611679594133
3.8035210385795115	1.036812500947564	0.016288200252980434
3.81054245288407	1.036812500947564	0.017770034186444877
3.8210230384625947	1.036812500947564	0.019556515761872808
3.834901291071488	1.036812500947564	0.021232049809302482
3.8520957676059977	1.036812500947564	0.022395114630596045
3.8725055640407353	1.036812500947564	0.022741679740629267
3.896010907574623	1.036812500947564	0.022124420967870453
3.9224738595053155	1.036812500947564	0.02057554020086846
3.951739124708353	1.036812500947564	0.018290076360418423
3.9836349629707026	1.036812500947564	0.01557602494843523
4.017974196830619	1.036812500947564	0.012784977860701239
4.054555310009415	1.036812500947564	0.010240577912348557
4.093163629989119	1.036812500947564	0.008181142652539632
4.1335725877961655	1.036812500947564	0.006727856255782728
4.175545047598226	1.036812500947564	0.005882501172098416
4.21883469831157	1.036812500947564	0.005550928100092502
4.263187499052436	1.036812500947564	0.00558244714622491
4.3083431699499615	1.036812500947564	0.0058125682601435705
4.354036719571957	1.036812500947564	0.006097535436523354
4.3999999999999995	1.036812500947564	0.006333300930466528
4.4459632804280425	1.036812500947564	0.006457501247025025
4.491656830050038	1.036812500947564	0.006438725854671757
4.536812500947564	1.036812500947564	0.006261153154160599
4.58116530168843	1.036812500947564	0.005913363898455556
4.6244549524017735	1.036812500947564	0.005387699719902649
4.666427412203834	1.036812500947564	0.004691780342426513
4.706836370010881	1.036812500947564	0.003868320883942412
4.745444689990585	1.036812500947564	0.0030150353964237776
4.782025803169381	1.036812500947564	0.002294692680926814
4.816365037029297	1.036812500947564	0.0019270384967641813
4.848260875291647	1.036812500947564	0.0021590214080849483
4.877526140494684	1.036812500947564	0.0032162971973223025
4.903989092425377	1.036812500947564	0.005245456422513799
4.9274944359592645	1.036812500947564	0.008260852079346523
4.947904232394002	1.036812500947564	0.012110817735592434
4.965098708928512	1.036812500947564	0.016474915121340306
4.9789769615374055	1.036812500947564	0.020897216245460547
4.989457547115929	1.036812500947564	0.02485209572772503
4.996478961420489	1.036812500947564	0.02783076663611421
5.0	1.036812500947564	0.029431030328275813
3.8	1.08116530168843	0.014335549751636414
3.8035210385795115	1.08116530168843	0.014606531977802819
3.81054245288407	1.08116530168843	0.0150824262401669
3.8210230384625947	1.08116530168843	0.015644646258178806
3.834901291071488	1.08116530168843	0.01614645385884169
3.8520957676059977	1.08116530168843	0.016443203080231037
3.8725055640407353	1.08116530168843	0.01642234849579001
3.896010907574623	1.08116530168843	0.01602715448703578
3.9224738595053155	1.08116530168843	0.01526931632900046
3.951739124708353	1.08116530168843	0.014227935371064218
3.9836349629707026	1.08116530168843	0.013035022983491401
4.017974196830619	1.08116530168843	0.011850388443653652
4.054555310009415	1.08116530168843	0.010830859038659314
4.093163629989119	1.08116530168843	0.010099876645541435
4.1335725877961655	1.08116530168843	0.009723410666757533
4.175545047598226	1.08116530168843	0.009696862454963444
4.21883469831157	1.08116530168843	0.009945480899859223
4.263187499052436	1.08116530168843	0.010338202066257953
4.3083431699499615	1.08116530168843	0.01071228430987533
4.354036719571957	1.08116530168843	0.01090412289232852
4.3999999999999995	1.08116530168843	0.010780559680597919
4.4459632804280425	1.08116530168843	0.010265027616517831
4.491656830050038	1.08116530168843	0.009353941941577385
4.536812500947564	1.08116530168843	0.008120626435008379
4.58116530168843	1.08116530168843	0.006706355987838534
4.6244549524017735	1.08116530168843	0.005300359086660906
4.666427412203834	1.08116530168843	0.004112437452192311
4.706836370010881	1.08116530168843	0.0033429167473382126
4.745444689990585	1.08116530168843	0.003154796295301885
4.782025803169381	1.08116530168843	0.003652252448854855
4.816365037029297	1.08116530168843	0.004868267278565138
4.848260875291647	1.08116530168843	0.006762412080988133
4.877526140494684	1.08116530168843	0.009228068543014003
4.903989092425377	1.08116530168843	0.01210694529241163
4.9274944359592645	1.08116530168843	0.01520787914611639
4.947904232394002	1.08116530168843	0.018326702904196895
4.965098708928512	1.08116530168843	0.021264377474627685
4.9789769615374055	1.08116530168843	0.023841464546777373
4.989457547115929	1.08116530168843	0.025908115169388617
4.996478961420489	1.08116530168843	0.027349803298475004
5.0	1.08116530168843	0.028089809584804733
3.8	1.124454952401773	0.01672976154632863
3.8035210385795115	1.124454952401773	0.016260296702737057
3.81054245288407	1.124454952401773	0.015405029554645747
3.8210230384625947	1.124454952401773	0.014310968944226675
3.834901291071488	1.124454952401773	0.013153632764463616
3.8520957676059977	1.124454952401773	0.01209753823543551
3.8725055640407353	1.124454952401773	0.011262962983165498
3.896010907574623	1.124454952401773	0.010707733470991602
3.9224738595053155	1.124454952401773	0.01042800175424402
3.951739124708353	1.124454952401773	0.010376037930556558
3.9836349629707026	1.124454952401773	0.010487823709691676
4.017974196830619	1.124454952401773	0.010710318108011515
4.054555310009415	1.124454952401773	0.011018619531646647
4.093163629989119	1.124454952401773	0.011416813509707711
4.1335725877961655	1.124454952401773	0.011922014596539047
4.175545047598226	1.124454952401773	0.012537222387357296
4.21883469831157	1.124454952401773	0.013223165868439314
4.263187499052436	1.124454952401773	0.013880759989002286
4.3083431699499615	1.124454952401773	0.014353485255327652
4.354036719571957	1.124454952401773	0.014453394739322778
4.3999999999999995	1.124454952401773	0.014007060945957253
4.4459632804280425	1.124454952401773	0.012910742406360953
4.491656830050038	1.124454952401773	0.011179552417453543
4.536812500947564	1.124454952401773	0.008975015067028804
4.58116530168843	1.124454952401773	0.0065995591318996705
4.6244549524017735	1.124454952401773	0.004454394533593061
4.666427412203834	1.124454952401773	0.002966878357525652
4.706836370010881	1.124454952401773	0.0025023209256124506
4.745444689990585	1.124454952401773	0.003280692588012521
4.782025803169381	1.124454952401773	0.005319135290024594
4.816365037029297	1.124454952401773	0.00841612596739157
4.848260875291647	1.124454952401773	0.012183625627840306
4.877526140494684	1.124454952401773	0.016121877035240248
4.903989092425377	1.124454952401773	0.019720662198073682
4.9274944359592645	1.124454952401773	0.022563674040839227
4.947904232394002	1.124454952401773	0.024411193015408846
4.965098708928512	1.124454952401773	0.02524104930513485
4.9789769615374055	1.124454952401773	0.025237828999700868
4.989457547115929	1.124454952401773	0.02473299986230466
4.996478961420489	1.124454952401773	0.024110875561925073
5.0	1.124454952401773	0.02370395973347054
3.8	1.1664274122038347	0.02176725617162079
3.8035210385795115	1.1664274122038347	0.020546404064194182
3.81054245288407	1.1664274122038347	0.018331078091191583
3.8210230384625947	1.1664274122038347	0.015521451844543028
3.834901291071488	1.1664274122038347	0.012600317104845967
3.8520957676059977	1.1664274122038347	0.010027327769377495
3.8725055640407353	1.1664274122038347	0.008145928945180604
3.896010907574623	1.1664274122038347	0.007125849124614887
3.9224738595053155	1.1664274122038347	0.006953359812051463
3.951739124708353	1.1664274122038347	0.007467702544478297
3.9836349629707026	1.1664274122038347	0.008429191397583405
4.017974196830619	1.1664274122038347	0.009596268075231559
4.054555310009415	1.1664274122038347	0.010787570869221073
4.093163629989119	1.1664274122038347	0.011911143933678727
4.1335725877961655	1.1664274122038347	0.012954351698134168
4.175545047598226	1.1664274122038347	0.0139413477415534
4.21883469831157	1.1664274122038347	0.01487596873764435
4.263187499052436	1.1664274122038347	0.015693212239009793
4.3083431699499615	1.1664274122038347	0.016240231989241002
4.354036719571957	1.1664274122038347	0.016298524382033382
4.3999999999999995	1.1664274122038347	0.015645332803395355
4.4459632804280425	1.1664274122038347	0.01413834869268829
4.491656830050038	1.1664274122038347	0.011797886714621326
4.536812500947564	1.1664274122038347	0.008858178858614982
4.58116530168843	1.1664274122038347	0.005765540206657394
4.6244549524017735	1.1664274122038347	0.0031146683850052726
4.666427412203834	1.1664274122038347	0.001531753989354019
4.706836370010881	1.1664274122038347	0.0015295655610710645
4.745444689990585	1.1664274122038347	0.003370390707179069
4.782025803169381	1.1664274122038347	0.0069742066592944334
4.816365037029297	1.1664274122038347	0.011900685885655264
4.848260875291647	1.1664274122038347	0.01741640391141329
4.877526140494684	1.1664274122038347	0.022637136676577425
4.903989092425377	1.1664274122038347	0.02671500960767254
4.9274944359592645	1.1664274122038347	0.029026965084851794
4.947904232394002	1.1664274122038347	0.029318402959449655
4.965098708928512	1.1664274122038347	0.027765053363664065
4.9789769615374055	1.1664274122038347	0.024935186786275407
4.989457547115929	1.1664274122038347	0.021658513957403723
4.996478961420489	1.1664274122038347	0.018831447103751942
5.0	1.1664274122038347	0.01720475886153332
3.8	1.2068363700108808	0.027681923479779803
3.8035210385795115	1.2068363700108808	0.025856912347019825
3.81054245288407	1.2068363700108808	0.022541415489807353
3.8210230384625947	1.2068363700108808	0.018327345725247742
3.834901291071488	1.2068363700108808	0.013930025770725213
3.8520957676059977	1.2068363700108808	0.010032280647644444
3.8725055640407353	1.2068363700108808	0.007146376392223748
3.896010907574623	1.2068363700108808	0.005527440205164485
3.9224738595053155	1.2068363700108808	0.005156731339321968
3.951739124708353	1.2068363700108808	0.005793220811985363
3.9836349629707026	1.2068363700108808	0.007073154202796891
4.017974196830619	1.2068363700108808	0.008625005661621325
4.054555310009415	1.2068363700108808	0.010164925065530897
4.093163629989119	1.2068363700108808	0.011545927521982401
4.1335725877961655	1.2068363700108808	0.012750076910343801
4.175545047598226	1.2068363700108808	0.013831843973791579
4.21883469831157	1.2068363700108808	0.014836864259327754
4.263187499052436	1.2068363700108808	0.015728510594983914
4.3083431699499615	1.2068363700108808	0.01635238829049617
4.354036719571957	1.2068363700108808	0.016456573598211788
4.3999999999999995	1.2068363700108808	0.015766723482961553
4.4459632804280425	1.2068363700108808	0.014095725854815428
4.491656830050038	1.2068363700108808	0.0114534046703125
4.536812500947564	1.2068363700108808	0.008117648369996027
4.58116530168843	1.2068363700108808	0.004636085471730314
4.6244549524017735	1.2068363700108808	0.0017455020053936776
4.666427412203834	1.2068363700108808	0.00021984481205874313
4.706836370010881	1.2068363700108808	0.0006802465812907564
4.745444689990585	1.2068363700108808	0.003415351545399306
4.782025803169381	1.2068363700108808	0.008262492414143808
4.816365037029297	1.2068363700108808	0.014588474590807365
4.848260875291647	1.2068363700108808	0.021385262892367526
4.877526140494684	1.2068363700108808	0.027466523238563845
4.903989092425377	1.2068363700108808	0.03172344110201063
4.9274944359592645	1.2068363700108808	0.033380069975716575
4.947904232394002	1.2068363700108808	0.03218498540771142
4.965098708928512	1.2068363700108808	0.028488812988412916
4.9789769615374055	1.2068363700108808	0.02318354785883507
4.989457547115929	1.2068363700108808	0.01751308884350946
4.996478961420489	1.2068363700108808	0.0127966044761691
5.0	1.2068363700108808	0.010128902086299907
3.8	1.2454446899905844	0.032379957218179004
3.8035210385795115	1.2454446899905844	0.030215082732565682
3.81054245288407	1.2454446899905844	0.026275473429612187
3.8210230384625947	1.2454446899905844	0.021251444342732868
3.834901291071488	1.2454446899905844	0.015977237105357492
3.8520957676059977	1.2454446899905844	0.011249217802241118
3.8725055640407353	1.2454446899905844	0.007664945152761404
3.896010907574623	1.2454446899905844	0.005522387308910856
3.9224738595053155	1.2454446899905844	0.0048007688010433015
3.951739124708353	1.2454446899905844	0.0052212933157912995
3.9836349629707026	1.2454446899905844	0.0063640375593040244
4.017974196830619	1.2454446899905844	0.007802933669799365
4.054555310009415	1.2454446899905844	0.00921797948725072
4.093163629989119	1.2454446899905844	0.010453236309501814
4.1335725877961655	1.2454446899905844	0.011507791616352224
4.175545047598226	1.2454446899905844	0.012468958223694804
4.21883469831157	1.2454446899905844	0.013415790547416984
4.263187499052436	1.2454446899905844	0.014330721706587243
4.3083431699499615	1.2454446899905844	0.015054656923818471
4.354036719571957	1.2454446899905844	0.015306754516343423
4.3999999999999995	1.2454446899905844	0.01476850138845466
4.4459632804280425	1.2454446899905844	0.01320906886163999
4.491656830050038	1.2454446899905844	0.010612361581428507
4.536812500947564	1.2454446899905844	0.0072611275047162575
4.58116530168843	1.2454446899905844	0.0037422152315622122
4.6244549524017735	1.2454446899905844	0.0008577552664622266
4.666427412203834	1.2454446899905844	-0.0005457422546093448
4.706836370010881	1.2454446899905844	0.00020770210133787942
4.745444689990585	1.2454446899905844	0.0034199040052940105
4.782025803169381	1.2454446899905844	0.008884187840108894
4.816365037029297	1.2454446899905844	0.015864913664491456
4.848260875291647	1.2454446899905844	0.023208451502393614
4.877526140494684	1.2454446899905844	0.02956942477571601
4.903989092425377	1.2454446899905844	0.03370433630497536
4.9274944359592645	1.2454446899905844	0.03476376493866482
4.947904232394002	1.2454446899905844	0.03251033937249728
4.965098708928512	1.2454446899905844	0.027404490830339003
4.9789769615374055	1.2454446899905844	0.020530429534440467
4.989457547115929	1.2454446899905844	0.013373491775293749
4.996478961420489	1.2454446899905844	0.0074971829991367905
5.0	1.2454446899905844	0.004194273566778333
3.8	1.282025803169381	0.03409612185306242
3.8035210385795115	1.282025803169381	0.03190840597508059
3.81054245288407	1.282025803169381	0.027920679264994707
3.8210230384625947	1.282025803169381	0.022818572435650684
3.834901291071488	1.282025803169381	0.01742984061578702
3.8520957676059977	1.282025803169381	0.012543384501172187
3.8725055640407353	1.282025803169381	0.008749596845183156
3.896010907574623	1.282025803169381	0.006341285909178316
3.9224738595053155	1.282025803169381	0.00529647791604026
3.951739124708353	1.282025803169381	0.00534101096365748
3.9836349629707026	1.282025803169381	0.006066781530038325
4.017974196830619	1.282025803169381	0.00706712376975608
4.054555310009415	1.282025803169381	0.008048139386048647
4.093163629989119	1.282025803169381	0.008884439411543054
4.1335725877961655	1.282025803169381	0.00960666414590374
4.175545047598226	1.282025803169381	0.010330526118491676
4.21883469831157	1.282025803169381	0.01115614017328037
4.263187499052436	1.282025803169381	0.01207620432592024
4.3083431699499615	1.282025803169381	0.01292904078981489
4.354036719571957	1.282025803169381	0.013418164081846278
4.3999999999999995	1.282025803169381	0.01319807642284812
4.4459632804280425	1.282025803169381	0.012002998754687192
4.491656830050038	1.282025803169381	0.00977835741405845
4.536812500947564	1.282025803169381	0.006769613940140621
4.58116530168843	1.282025803169381	0.00353172449081212
4.6244549524017735	1.282025803169381	0.0008433553646881458
4.666427412203834	1.282025803169381	-0.0004625244154406706
4.706836370010881	1.282025803169381	0.00028636774468395344
4.745444689990585	1.282025803169381	0.0033966227419452025
4.782025803169381	1.282025803169381	0.008672646553063037
4.816365037029297	1.282025803169381	0.015393807838964596
4.848260875291647	1.282025803169381	0.022423332238636285
4.877526140494684	1.282025803169381	0.028433095516410992
4.903989092425377	1.282025803169381	0.03219651948272661
4.9274944359592645	1.282025803169381	0.032880621759728924
4.947904232394002	1.282025803169381	0.03026413486906864
4.965098708928512	1.282025803169381	0.024823360795796605
4.9789769615374055	1.282025803169381	0.017657938419101845
4.989457547115929	1.282025803169381	0.010267553662917083
4.996478961420489	1.282025803169381	0.004227981732060019
5.0	1.282025803169381	0.0008410347183292598
3.8	1.3163650370292972	0.03193481292936735
3.8035210385795115	1.3163650370292972	0.03002265661673474
3.81054245288407	1.3163650370292972	0.02653231242272578
3.8210230384625947	1.3163650370292972	0.022053708427228324
3.834901291071488	1.3163650370292972	0.01729755327477472
3.8520957676059977	1.3163650370292972	0.012938779554488527
3.8725055640407353	1.3163650370292972	0.009479280691470186
3.896010907574623	1.3163650370292972	0.007164119502782086
3.9224738595053155	1.3163650370292972	0.0059694922945927415
3.951739124708353	1.3163650370292972	0.0056600967881299665
3.9836349629707026	1.3163650370292972	0.0058941725924899595
4.017974196830619	1.3163650370292972	0.006341952417620019
4.054555310009415	1.3163650370292972	0.006781142575637745
4.093163629989119	1.3163650370292972	0.0071418331103726505
4.1335725877961655	1.3163650370292972	0.0074901918473892675
4.175545047598226	1.3163650370292972	0.00796026515355822
4.21883469831157	1.3163650370292972	0.00866011344454564
4.263187499052436	1.3163650370292972	0.009587145455009516
4.3083431699499615	1.3163650370292972	0.010585104133207873
4.354036719571957	1.3163650370292972	0.011362213139842158
4.3999999999999995	1.3163650370292972	0.011570232918304446
4.4459632804280425	1.3163650370292972	0.01092348462800507
4.491656830050038	1.3163650370292972	0.009321640630754791
4.536812500947564	1.3163650370292972	0.006935217048888074
4.58116530168843	1.3163650370292972	0.0042202931530582405
4.6244549524017735	1.3163650370292972	0.0018474635717256743
4.666427412203834	1.3163650370292972	0.0005545482996805683
4.706836370010881	1.3163650370292972	0.0009562794544033196
4.745444689990585	1.3163650370292972	0.003360086007357021
4.782025803169381	1.3163650370292972	0.0076401341934650945
4.816365037029297	1.3163650370292972	0.013210293550806737
4.848260875291647	1.3163650370292972	0.019113049629226126
4.877526140494684	1.3163650370292972	0.024211452186609916
4.903989092425377	1.3163650370292972	0.02744285857693475
4.9274944359592645	1.3163650370292972	0.02807429026307874
4.947904232394002	1.3163650370292972	0.025895204473910985
4.965098708928512	1.3163650370292972	0.02129610146667312
4.9789769615374055	1.3163650370292972	0.015207942523467112
4.989457547115929	1.3163650370292972	0.008911349507496223
4.996478961420489	1.3163650370292972	0.0037573524956274343
5.0	1.3163650370292972	0.0008645218879322807
3.8	1.3482608752916472	0.0261365566771362
3.8035210385795115	1.3482608752916472	0.024717940115575043
3.81054245288407	1.3482608752916472	0.02212583748364196
3.8210230384625947	1.3482608752916472	0.018792330069909578
3.834901291071488	1.3482608752916472	0.01523586678271158
3.8520957676059977	1.3482608752916472	0.01194533831129405
3.8725055640407353	1.3482608752916472	0.009279467157064087
3.896010907574623	1.3482608752916472	0.007407105890955482
3.9224738595053155	1.3482608752916472	0.006301828439525391
3.951739124708353	1.3482608752916472	0.005788430384976221
3.9836349629707026	1.3482608752916472	0.005624223270034899
4.017974196830619	1.3482608752916472	0.005588596302371233
4.054555310009415	1.3482608752916472	0.0055529424190510525
4.093163629989119	1.3482608752916472	0.005510056571677064
4.1335725877961655	1.3482608752916472	0.005555387751416632
4.175545047598226	1.3482608752916472	0.0058280704915132965
4.21883469831157	1.3482608752916472	0.006432776954127808
4.263187499052436	1.3482608752916472	0.0073700903003939885
4.3083431699499615	1.3482608752916472	0.008501149599634557
4.354036719571957	1.3482608752916472	0.009562143798583543
4.3999999999999995	1.3482608752916472	0.01022870317513645
4.4459632804280425	1.3482608752916472	0.0102139051292591
4.491656830050038	1.3482608752916472	0.00937141874234051
4.536812500947564	1.3482608752916472	0.007771145307256412
4.58116530168843	1.3482608752916472	0.0057202283171613275
4.6244549524017735	1.3482608752916472	0.0037163797410488756
4.666427412203834	1.3482608752916472	0.0023394206947559577
4.706836370010881	1.3482608752916472	0.0021055053559437837
4.745444689990585	1.3482608752916472	0.003321303525232257
4.782025803169381	1.3482608752916472	0.005978483732473118
4.816365037029297	1.3482608752916472	0.009720776098987768
4.848260875291647	1.3482608752916472	0.013898383326728613
4.877526140494684	1.3482608752916472	0.017701935547069614
4.903989092425377	1.3482608752916472	0.02034651110369076
4.9274944359592645	1.3482608752916472	0.021261406873755464
4.947904232394002	1.3482608752916472	0.02023761690715893
4.965098708928512	1.3482608752916472	0.017493771439387826
4.9789769615374055	1.3482608752916472	0.013640674100743875
4.989457547115929	1.3482608752916472	0.009549740746184388
4.996478961420489	1.3482608752916472	0.006155124700791239
5.0	1.3482608752916472	0.004236697888376758
3.8	1.3775261404946844	0.017996813788953042
3.8035210385795115	1.3775261404946844	0.017170283314979932
3.81054245288407	1.3775261404946844	0.01565955499752611
3.8210230384625947	1.3775261404946844	0.013714357761788745
3.834901291071488	1.3775261404946844	0.01163167674410956
3.8520957676059977	1.3775261404946844	0.009687068458395095
3.8725055640407353	1.3775261404946844	0.008076216940217665
3.896010907574623	1.3775261404946844	0.006882241070638817
3.9224738595053155	1.3775261404946844	0.006076550500955801
3.951739124708353	1.3775261404946844	0.005551153334813329
3.9836349629707026	1.3775261404946844	0.005171137826693684
4.017974196830619	1.3775261404946844	0.004830276981106882
4.054555310009415	1.3775261404946844	0.004492046462128439
4.093163629989119	1.3775261404946844	0.004203018428473057
4.1335725877961655	1.3775261404946844	0.004074245368323169
4.175545047598226	1.3775261404946844	0.004236339059903094
4.21883469831157	1.3775261404946844	0.004782480777430565
4.263187499052436	1.3775261404946844	0.005717980896393288
4.3083431699499615	1.3775261404946844	0.0069338244121386165
4.354036719571957	1.3775261404946844	0.008215087532835745
4.3999999999999995	1.3775261404946844	0.009284967860268362
4.4459632804280425	1.3775261404946844	0.009874316861700802
4.491656830050038	1.3775261404946844	0.00979817045355843
4.536812500947564	1.3775261404946844	0.00901739567769028
4.58116530168843	1.3775261404946844	0.0076663933566307125
4.6244549524017735	1.3775261404946844	0.006036257946496084
4.666427412203834	1.3775261404946844	0.0045147051741385915
4.706836370010881	1.3775261404946844	0.0034961930586867715
4.745444689990585	1.3775261404946844	0.003284579614747497
4.782025803169381	1.3775261404946844	0.004013772340773888
4.816365037029297	1.3775261404946844	0.005608068060863743
4.848260875291647	1.3775261404946844	0.0077940743660805225
4.877526140494684	1.3775261404946844	0.010162758796890608
4.903989092425377	1.3775261404946844	0.012266837536113373
4.9274944359592645	1.3775261404946844	0.013729016778352456
4.947904232394002	1.3775261404946844	0.014333242535014092
4.965098708928512	1.3775261404946844	0.014075126391241059
4.9789769615374055	1.3775261404946844	0.01315813906173978
4.989457547115929	1.3775261404946844	0.011936292950545766
4.996478961420489	1.3775261404946844	0.010818126536800393
5.0	1.3775261404946844	0.010157085111004301
3.8	1.4039890924253768	0.009469339574668495
3.8035210385795115	1.4039890924253768	0.009204992611005434
3.81054245288407	1.4039890924253768	0.00872290179806138
3.8210230384625947	1.4039890924253768	0.008103340932642136
3.834901291071488	1.4039890924253768	0.007438289409446706
3.8520957676059977	1.4039890924253768	0.006807077480656457
3.8725055640407353	1.4039890924253768	0.006257050005107531
3.896010907574623	1.4039890924253768	0.005795196965535527
3.9224738595053155	1.4039890924253768	0.005393417171476394
3.951739124708353	1.4039890924253768	0.005005919894762965
3.9836349629707026	1.4039890924253768	0.004593442666760848
4.017974196830619	1.4039890924253768	0.004146612760522849
4.054555310009415	1.4039890924253768	0.0037006416768184474
4.093163629989119	1.4039890924253768	0.0033357304722307617
4.1335725877961655	1.4039890924253768	0.003161526369018448
4.175545047598226	1.4039890924253768	0.0032886322408509283
4.21883469831157	1.4039890924253768	0.0037942255513839116
4.263187499052436	1.4039890924253768	0.0046911206522091
4.3083431699499615	1.4039890924253768	0.0059094001614312
4.354036719571957	1.4039890924253768	0.007297008994756966
4.3999999999999995	1.4039890924253768	0.008641102307812152
4.4459632804280425	1.4039890924253768	0.00970664424990945
4.491656830050038	1.4039890924253768	0.010284156837667561
4.536812500947564	1.4039890924253768	0.010235843186062254
4.58116530168843	1.4039890924253768	0.009529287986773112
4.6244549524017735	1.4039890924253768	0.008250608757834888
4.666427412203834	1.4039890924253768	0.0065936282134256875
4.706836370010881	1.4039890924253768	0.004827170056305744
4.745444689990585	1.4039890924253768	0.0032475503646219534
4.782025803169381	1.4039890924253768	0.002126512829147408
4.816365037029297	1.4039890924253768	0.001665494826641625
4.848260875291647	1.4039890924253768	0.0019651435859626967
4.877526140494684	1.4039890924253768	0.003015034056610977
4.903989092425377	1.4039890924253768	0.004703673401915616
4.9274944359592645	1.4039890924253768	0.006844395694418489
4.947904232394002	1.4039890924253768	0.00920976993585252
4.965098708928512	1.4039890924253768	0.011566315975396823
4.9789769615374055	1.4039890924253768	0.013702674502086148
4.989457547115929	1.4039890924253768	0.015447334759650069
4.996478961420489	1.4039890924253768	0.016675599148852957
5.0	1.4039890924253768	0.017308556585149015
3.8	1.4274944359592647	0.0025796194746021423
3.8035210385795115	1.4274944359592647	0.0027400192786153064
3.81054245288407	1.4274944359592647	0.0030352184764234715
3.8210230384625947	1.4274944359592647	0.003418165646522743
3.834901291071488	1.4274944359592647	0.0038279028760944216
3.8520957676059977	1.4274944359592647	0.004199181233907262
3.8725055640407353	1.4274944359592647	0.004472564268168218
3.896010907574623	1.4274944359592647	0.004603519845161505
3.9224738595053155	1.4274944359592647	0.004569355061947315
3.951739124708353	1.4274944359592647	0.004373330716096874
3.9836349629707026	1.4274944359592647	0.004045737681131587
4.017974196830619	1.4274944359592647	0.003642005154494944
4.054555310009415	1.4274944359592647	0.0032380042109635522
4.093163629989119	1.4274944359592647	0.0029226739197260017
4.1335725877961655	1.4274944359592647	0.002788071807695208
4.175545047598226	1.4274944359592647	0.002917094842630995
4.21883469831157	1.4274944359592647	0.0033695378837186006
4.263187499052436	1.4274944359592647	0.00416784619760704
4.3083431699499615	1.4274944359592647	0.005284727952794772
4.354036719571957	1.4274944359592647	0.006635451373394492
4.3999999999999995	1.4274944359592647	0.008077837502278707
4.4459632804280425	1.4274944359592647	0.009422401544473755
4.491656830050038	1.4274944359592647	0.010453678119802927
4.536812500947564	1.4274944359592647	0.010961606158564929
4.58116530168843	1.4274944359592647	0.010779317168411394
4.6244549524017735	1.4274944359592647	0.009821333479559102
4.666427412203834	1.4274944359592647	0.008114684206191028
4.706836370010881	1.4274944359592647	0.005815341835366002
4.745444689990585	1.4274944359592647	0.0032039748801974493
4.782025803169381	1.4274944359592647	0.0006582322376040275
4.816365037029297	1.4274944359592647	-0.0013968577273619344
4.848260875291647	1.4274944359592647	-0.0025541027094615463
4.877526140494684	1.4274944359592647	-0.0024947107516371386
4.903989092425377	1.4274944359592647	-0.0010516083913169176
4.9274944359592645	1.4274944359592647	0.001747047892420209
4.947904232394002	1.4274944359592647	0.005664100159269677
4.965098708928512	1.4274944359592647	0.010274402238169337
4.9789769615374055	1.4274944359592647	0.015019372915367622
4.989457547115929	1.4274944359592647	0.019287380572963805
4.996478961420489	1.4274944359592647	0.02250695112393963
5.0	1.4274944359592647	0.024236809812009028
3.8	1.4479042323940021	-0.0011720402724657926
3.8035210385795115	1.4479042323940021	-0.0007879513149266618
3.81054245288407	1.4479042323940021	-8.514259405021014e-5
3.8210230384625947	1.4479042323940021	0.0008199045713476467
3.834901291071488	1.4479042323940021	0.001784446513338836
3.8520957676059977	1.4479042323940021	0.002668642420510972
3.8725055640407353	1.4479042323940021	0.003361931236259782
3.896010907574623	1.4479042323940021	0.0038006746140431596
3.9224738595053155	1.4479042323940021	0.003973866905198334
3.951739124708353	1.4479042323940021	0.003917181864315817
3.9836349629707026	1.4479042323940021	0.0036987477707301677
4.017974196830619	1.4479042323940021	0.0034018778941783097
4.054555310009415	1.4479042323940021	0.0031100133741782006
4.093163629989119	1.4479042323940021	0.002897428339224718
4.1335725877961655	1.4479042323940021	0.0028264386365613623
4.175545047598226	1.4479042323940021	0.002948952978039471
4.21883469831157	1.4479042323940021	0.0033082661468993723
4.263187499052436	1.4479042323940021	0.003936778935922184
4.3083431699499615	1.4479042323940021	0.00484703651964783
4.354036719571957	1.4479042323940021	0.00601664209005146
4.3999999999999995	1.4479042323940021	0.007371207538466451
4.4459632804280425	1.4479042323940021	0.00877226607961263
4.491656830050038	1.4479042323940021	0.01001784298606605
4.536812500947564	1.4479042323940021	0.010861525876336557
4.58116530168843	1.4479042323940021	0.011051532369383991
4.6244549524017735	1.4479042323940021	0.01038538935582318
4.666427412203834	1.4479042323940021	0.008769974043904333
4.706836370010881	1.4479042323940021	0.00627259086001976
4.745444689990585	1.4479042323940021	0.00314794975772765
4.782025803169381	1.4479042323940021	-0.00017089686917474056
4.816365037029297	1.4479042323940021	-0.0031227079782235865
4.848260875291647	1.4479042323940021	-0.005105099451190671
4.877526140494684	1.4479042323940021	-0.00558480443934642
4.903989092425377	1.4479042323940021	-0.004210162455358643
4.9274944359592645	1.4479042323940021	-0.0009017710224731637
4.947904232394002	1.4479042323940021	0.004100460383511455
4.965098708928512	1.4479042323940021	0.010248028092469596
4.9789769615374055	1.4479042323940021	0.01675505178975996
4.989457547115929	1.4479042323940021	0.022719866075677872
4.996478961420489	1.4479042323940021	0.027275521114635715
5.0	1.4479042323940021	0.02974059558224784
3.8	1.4650987089285112	-0.001238448362363735
3.8035210385795115	1.4650987089285112	-0.0008403069108351164
3.81054245288407	1.4650987089285112	-0.00011638601391392861
3.8210230384625947	1.4650987089285112	0.0008057915199350956
3.834901291071488	1.4650987089285112	0.0017732052701155258
3.8520957676059977	1.4650987089285112	0.0026413938390678644
3.8725055640407353	1.4650987089285112	0.003303897283707518
3.896010907574623	1.4650987089285112	0.0037097804690844347
3.9224738595053155	1.4650987089285112	0.0038657228683760805
3.951739124708353	1.4650987089285112	0.003823847367232418
3.9836349629707026	1.4650987089285112	0.0036605823876161825
4.017974196830619	1.4650987089285112	0.003454127765302936
4.054555310009415	1.4650987089285112	0.0032678280736680044
4.093163629989119	1.4650987089285112	0.0031440599950997004
4.1335725877961655	1.4650987089285112	0.0031090136965643924
4.175545047598226	1.4650987089285112	0.0031844125024076864
4.21883469831157	1.4650987089285112	0.0033992712963757457
4.263187499052436	1.4650987089285112	0.003794343054684863
4.3083431699499615	1.4650987089285112	0.004414271862734824
4.354036719571957	1.4650987089285112	0.005287064297609094
4.3999999999999995	1.4650987089285112	0.006395923553559688
4.4459632804280425	1.4650987089285112	0.007652972691363221
4.491656830050038	1.4650987089285112	0.008886267466199064
4.536812500947564	1.4650987089285112	0.009849771223494135
4.58116530168843	1.4650987089285112	0.010260670263509577
4.6244549524017735	1.4650987089285112	0.009860696563625856
4.666427412203834	1.4650987089285112	0.008490014147687755
4.706836370010881	1.4650987089285112	0.006156085538704947
4.745444689990585	1.4650987089285112	0.003077827042515433
4.782025803169381	1.4650987089285112	-0.0003115816944776499
4.816365037029297	1.4650987089285112	-0.00341184679093854
4.848260875291647	1.4650987089285112	-0.005549882980300815
4.877526140494684	1.4650987089285112	-0.0061064054358540894
4.903989092425377	1.4650987089285112	-0.004650126818466147
4.9274944359592645	1.4650987089285112	-0.001050216392686298
4.947904232394002	1.4650987089285112	0.004460308722083101
4.965098708928512	1.4650987089285112	0.011288865501271544
4.9789769615374055	1.4650987089285112	0.01856009939650166
4.989457547115929	1.4650987089285112	0.02525424047268083
4.996478961420489	1.4650987089285112	0.03038192009595159
5.0	1.4650987089285112	0.033161251807752555
3.8	1.478976961537405	0.0018412840233776586
3.8035210385795115	1.478976961537405	0.002087575135608537
3.81054245288407	1.478976961537405	0.002526321265794559
3.8210230384625947	1.478976961537405	0.003064303369718287
3.834901291071488	1.478976961537405	0.0035935060516317256
3.8520957676059977	1.478976961537405	0.004018544716584067
3.8725055640407353	1.478976961537405	0.004278939747097802
3.896010907574623	1.478976961537405	0.0043600307641758675
3.9224738595053155	1.478976961537405	0.004290029491553517
3.951739124708353	1.478976961537405	0.004125154526296845
3.9836349629707026	1.478976961537405	0.003928549416738932
4.017974196830619	1.478976961537405	0.0037505320266446153
4.054555310009415	1.478976961537405	0.0036170280444422992
4.093163629989119	1.478976961537405	0.003529985406597256
4.1335725877961655	1.478976961537405	0.0034791084844928272
4.175545047598226	1.478976961537405	0.0034598502055731267
4.21883469831157	1.478976961537405	0.003489769371389174
4.263187499052436	1.478976961537405	0.0036151825322642815
4.3083431699499615	1.478976961537405	0.0039027971429735817
4.354036719571957	1.478976961537405	0.004416045286453023
4.3999999999999995	1.478976961537405	0.005181686028427997
4.4459632804280425	1.478976961537405	0.006157050812982952
4.491656830050038	1.478976961537405	0.007210360090907774
4.536812500947564	1.478976961537405	0.008124819600144878
4.58116530168843	1.478976961537405	0.008631750752641148
4.6244549524017735	1.478976961537405	0.008470002672137536
4.666427412203834	1.478976961537405	0.007460406852386338
4.706836370010881	1.478976961537405	0.005577505543623662
4.745444689990585	1.478976961537405	0.0029983387339260186
4.782025803169381	1.478976961537405	0.000110896705465648
4.816365037029297	1.478976961537405	-0.0025272331070634855
4.848260875291647	1.478976961537405	-0.004278058599120049
4.877526140494684	1.478976961537405	-0.0045459687626595744
4.903989092425377	1.478976961537405	-0.00290986581598012
4.9274944359592645	1.478976961537405	0.0007645591034685009
4.947904232394002	1.478976961537405	0.0062598605346175975
4.965098708928512	1.478976961537405	0.013008127341047906
4.9789769615374055	1.478976961537405	0.020163845033179695
4.989457547115929	1.478976961537405	0.026737924392540937
4.996478961420489	1.478976961537405	0.03176832985014139
5.0	1.478976961537405	0.03449358215528013
3.8	1.4894575471159297	0.006638898722050285
3.8035210385795115	1.4894575471159297	0.006648198631342953
3.81054245288407	1.4894575471159297	0.006644726293848151
3.8210230384625947	1.4894575471159297	0.00659292897348213
3.834901291071488	1.4894575471159297	0.0064579142090740015
3.8520957676059977	1.4894575471159297	0.006220088376064487
3.8725055640407353	1.4894575471159297	0.005884960856598824
3.896010907574623	1.4894575471159297	0.005484357411142855
3.9224738595053155	1.4894575471159297	0.005068226604902812
3.951739124708353	1.4894575471159297	0.004689564813360806
3.9836349629707026	1.4894575471159297	0.004387596638756862
4.017974196830619	1.4894575471159297	0.004175293980651006
4.054555310009415	1.4894575471159297	0.004036176114454294
4.093163629989119	1.4894575471159297	0.003932357526185178
4.1335725877961655	1.4894575471159297	0.0038218814349230694
4.175545047598226	1.4894575471159297	0.003679756203115427
4.21883469831157	1.4894575471159297	0.0035150568486254437
4.263187499052436	1.4894575471159297	0.003376813785438718
4.3083431699499615	1.4894575471159297	0.0033443244229278005
4.354036719571957	1.4894575471159297	0.0035023182784179505
4.3999999999999995	1.4894575471159297	0.0039067437862682275
4.4459632804280425	1.4894575471159297	0.004551178002081191
4.491656830050038	1.4894575471159297	0.0053455130830759555
4.536812500947564	1.4894575471159297	0.006116804828625136
4.58116530168843	1.4894575471159297	0.006637082174578627
4.6244549524017735	1.4894575471159297	0.006675614645388317
4.666427412203834	1.4894575471159297	0.006065485259777502
4.706836370010881	1.4894575471159297	0.004768480742297048
4.745444689990585	1.4894575471159297	0.0029201533598711147
4.782025803169381	1.4894575471159297	0.000839446725101525
4.816365037029297	1.4894575471159297	-0.0010056692265772533
4.848260875291647	1.4894575471159297	-0.0020749637143283473
4.877526140494684	1.4894575471159297	-0.001862654109351115
4.903989092425377	1.4894575471159297	-1.2764258967866426e-5
4.9274944359592645	1.4894575471159297	0.0035825430212276634
4.947904232394002	1.4894575471159297	0.008725811552873514
4.965098708928512	1.4894575471159297	0.014915003591448973
4.9789769615374055	1.4894575471159297	0.021406815421617723
4.989457547115929	1.4894575471159297	0.02733354379161212
4.996478961420489	1.4894575471159297	0.03185203813441642
5.0	1.4894575471159297	0.03429524510258795
3.8	1.4964789614204885	0.011300454384909207
3.8035210385795115	1.4964789614204885	0.011081757351064283
3.81054245288407	1.4964789614204885	0.0106534929390134
3.8210230384625947	1.4964789614204885	0.010036465641987055
3.834901291071488	1.4964789614204885	0.009266599853841222
3.8520957676059977	1.4964789614204885	0.008396666741239706
3.8725055640407353	1.4964789614204885	0.007493808837053377
3.896010907574623	1.4964789614204885	0.006631654979841367
3.9224738595053155	1.4964789614204885	0.005877847572545813
3.951739124708353	1.4964789614204885	0.005279886351579563
3.9836349629707026	1.4964789614204885	0.004853545107724608
4.017974196830619	1.4964789614204885	0.004578140684163374
4.054555310009415	1.4964789614204885	0.004401432149282725
4.093163629989119	1.4964789614204885	0.0042542131198772745
4.1335725877961655	1.4964789614204885	0.004071490520887828
4.175545047598226	1.4964789614204885	0.0038145171118377807
4.21883469831157	1.4964789614204885	0.0034867992114118677
4.263187499052436	1.4964789614204885	0.0031381023715226952
4.3083431699499615	1.4964789614204885	0.00285340771443941
4.354036719571957	1.4964789614204885	0.0027280731746622436
4.3999999999999995	1.4964789614204885	0.002834970516860062
4.4459632804280425	1.4964789614204885	0.0031927477985148724
4.491656830050038	1.4964789614204885	0.003745446410211242
4.536812500947564	1.4964789614204885	0.00436187578628837
4.58116530168843	1.4964789614204885	0.004858597593620409
4.6244549524017735	1.4964789614204885	0.005044082805506173
4.666427412203834	1.4964789614204885	0.004775166312533276
4.706836370010881	1.4964789614204885	0.004012123924530341
4.745444689990585	1.4964789614204885	0.002857044241107496
4.782025803169381	1.4964789614204885	0.001562449694847002
4.816365037029297	1.4964789614204885	0.0005031291534188485
4.848260875291647	1.4964789614204885	0.0001126562589723692
4.877526140494684	1.4964789614204885	0.0007950994214659893
4.903989092425377	1.4964789614204885	0.0028297090753111173
4.9274944359592645	1.4964789614204885	0.006289912094749663
4.947904232394002	1.4964789614204885	0.01099658933663047
4.965098708928512	1.4964789614204885	0.016519362022458305
4.9789769615374055	1.4964789614204885	0.022229690706644233
4.989457547115929	1.4964789614204885	0.027398190199980445
4.996478961420489	1.4964789614204885	0.0313183360618326
5.0	1.4964789614204885	0.03343214813844189
3.8	1.5	0.014132636762106254
3.8035210385795115	1.5	0.013776448311758262
3.81054245288407	1.5	0.013092137212684837
3.8210230384625947	1.5	0.012134644400767506
3.834901291071488	1.5	0.010982640290785044
3.8520957676059977	1.5	0.009732336895317186
3.8725055640407353	1.5	0.008487556241548679
3.896010907574623	1.5	0.007346427162204603
3.9224738595053155	1.5	0.006386521640623228
3.951739124708353	1.5	0.005651518628813693
3.9836349629707026	1.5	0.005143040657341165
4.017974196830619	1.5	0.0048207623128510265
4.054555310009415	1.5	0.004612188255376359
4.093163629989119	1.5	0.004430984979852024
4.1335725877961655	1.5	0.00420009809866838
4.175545047598226	1.5	0.003873918298902444
4.21883469831157	1.5	0.003453198875591773
4.263187499052436	1.5	0.0029876597097401743
4.3083431699499615	1.5	0.0025641190988629245
4.354036719571957	1.5	0.002281934560616868
4.3999999999999995	1.5	0.0022214764725738347
4.4459632804280425	1.5	0.0024141502588729893
4.491656830050038	1.5	0.0028231729633224423
4.536812500947564	1.5	0.0033424483350012824
4.58116530168843	1.5	0.003816700838530888
4.6244549524017735	1.5	0.004080433110896767
4.666427412203834	1.5	0.004007660330656566
4.706836370010881	1.5	0.0035602877313354138
4.745444689990585	1.5	0.002821703355146599
4.782025803169381	1.5	0.002004288272755234
4.816365037029297	1.5	0.0014248730316027804
4.848260875291647	1.5	0.0014496011588396134
4.877526140494684	1.5	0.0024174710286157955
4.903989092425377	1.5	0.004558062537563858
4.9274944359592645	1.5	0.00792192715527555
4.947904232394002	1.5	0.012340857171853462
4.965098708928512	1.5	0.017429782826107548
4.9789769615374055	1.5	0.022633449028370903
4.989457547115929	1.5	0.027311192082432538
4.996478961420489	1.5	0.03084434795062193
5.0	1.5	0.03274518530365797
