-4.367289991261895e7
-2.7730933259294473e7
6.779883926264776e6
135271.0200225546
-100785.12648463133
-1711.80934483368
183557.31768148104
110008.73442161758
47918.731838574604
406424.95227009023
-10610.724501916708
-108640.85198067607
27791.089646365614
-94107.57155693338
42090.327735169354
39914.681783503576
-5.771987980696476e6
1.2274074695472873e6
-139625.13681658026
-123384.76329080423
-104863.63148936385
-17339.254878190644
12937.832912770742
5281.87054005364
6.91887690662664e7
9.917929473866764e6
3.779379398613494e6
1.6495789261780335e6
-581404.8754148375
-948930.5392536321
-197071.5337103391
-204977.46348894917
3.771583710071081e7
3.058740877846838e7
-1.982067487561213e6
2.3297291751837106e6
359402.1052631579
-396575.12343024986
-439765.2175037938
-180927.6007003706
-8103.497532616751
6.561116340856138e6
-1.6462895520262911e6
150863.86103452236
220818.68563553656
76133.82337361641
135834.00638318248
8158.711261594555
19656.61767850792
-28847.739771859422
1.1411163265406282e9
6.653805098759634e8
-6.648444537034638e7
-2.900725064483411e8
4.357903098013797e7
5.967795685729655e7
1.894672863739744e7
2.899884644801953e6
-3.371724599930824e8
1.678221691580217e7
-2.1090141683318865e8
-2.923632174179563e7
3.942854554460395e7
2.276120806356744e7
1.2641129848121202e7
1.3529208988667794e6
2.300206109152004e9
5.049900202997012e8
1.3268404122206788e9
4.3526391650275975e8
3.459499523279787e7
-4.280294269525965e10
-1.6099556493619476e10
-4.1852013367673116e9
-5.60943357098244e8
-3.599893298101995e7
-3.512257713295392e7
-1.9859392383108016e7
960895.8820495172
2.633815613107755e7
4.516560682816555e6
606923.7696342121
1.5144300021414185e8
1.4002974119844168e8
-3.482200717441293e7
-7.399563013133353e6
-4.818807960778596e6
-1.583676365025901e6
-2.792897420101144e8
7.411823886087546e7
-5.470336889010805e6
8.12702411875094e6
1.4230229197168783e6
-2.7439752490625787e6
678389.8192261192
-6.352857511000181e8
-2.4324678629034585e8
1.0492890724857086e7
-7.159193239936202e9
-2.0010444668245738e9
-4.6710551512207144e8
-3.0660282052900612e7
-1.774395952767554e6
3.9965282373263794e6
29759.334042754723
6.430245523441467e6
602085.1791635539
847125.0634372839
355816.2505900489
-1.3100646306730264e8
2.3806873552020947e6
-6.083623804844021e6
-13557.97480335503
-2.064936426537268e6
-935206.9095703376
-1.5735008259629676e7
-5.51626857634878e8
-1.589460125743633e6
-1.959162081265947e7
547387.9932098355
2.737796478493223e6
869330.4551177487
-6.7065267158117935e7
-6.851850009231628e6
1.6496972857545712e6
2.395428702333486e6
-141520.24155988602
-5.2069748671874374e7
1.8494942872357607e7
-6.658463538146722e6
2.266403318502519e6
1.617137376353838e6
638678.6473651996
-1.158717979846983e7
905537.9556110343
85073.92896261414
284954.40765557904
1.049946921133288e6
-401726.4719095265
530552.9563468491
4.822465621186898e7
1.87285281494313e7
-1.6127941438066836e6
1.6450897153788663e6
-176580.9381177808
3.65984513426916e6
2.5092038761229957e6
602673.0396847433
-8.14724222408436e7
-6.4694067703817986e7
-2.351960485757105e6
5.815296513168971e6
-1.7888875049499145e6
-2.5922312749279227e7
-1.3350772770382684e7
-710831.2741257588
3.138301208990377e6
1.5761949513510482e6
176450.66382371183
34607.654860018716
365814.6794549674
138675.22603746442
-5.978982071152494e6
-2.1510583752610744e6
4.0934756560808634e6
-579827.8522411487
620419.0440197501
95112.63436109875
56315.421327486045
-86544.52883893005
-1.6257368161520972e6
-66395.50695060765
47095.377898850566
7.243399991858675e10
3.927526879139386e10
1.2365818240460596e10
-3.921877180375709e9
-3.4577581946416225e9
-8.017010086979376e8
-8.612499281198867e7
-1.0110375861825526e11
-3.042988055133753e10
-4.693573082743354e9
3.205591204060979e9
1.4578411322408319e9
6.019410582539201e8
7.261495664787786e7
-2.690511423087076e10
3.5829006050192856e10
7.12765440306592e9
-4.186559734646611e8
1.9923218459207562e11
5.6279114212088615e10
9.48703108284881e9
1.9173814273917183e8
1.5340124144066462e8
7.330451266373263e7
5.253261281571068e7
8.842110349704472e6
-1.0088506337337265e10
-5.772156360052472e8
-4.7618340510329324e8
-3.328190142395346e8
-4.5701010496289425e7
-1.268411274960448e10
-1.5343228628839514e9
8.867781301081482e7
5.636502945554407e8
-1.9689445345629638e8
-7.272089722276805e6
-1.4292679509037828e9
2.797554906227939e8
6.769173003726124e10
1.2884881100751423e10
1.5378168123062494e9
-2.2655315329183713e6
3.3615144523354656e8
8.330708509590843e7
2.2529167811044863e8
-2.2329179625860944e9
-3.7621979004607636e8
2.2623576336674553e8
2.835043704550416e8
4.7932634363508195e7
1.3481130185603971e10
1.0785792528125691e9
-7.540064494438867e7
2.470123584967271e9
-1.3901407634240024e9
6.910801718213898e7
-8.486284441796142e7
1.102600080145779e9
1.932827229003842e9
-1.9590529226085433e8
1.8610275337553862e8
-4.6569250882756755e7
-1.7557351148893154e8
-1.8734179854308054e7
-1.429982005872306e10
9.115691714440806e8
-1.647264145091698e9
-2.316792684801496e8
-1.441165018923495e8
1.7070880554154038e8
3.661467546897907e7
2.5994448056366177e10
5.404255852018987e9
-4.797902945219976e9
-1.164583885479292e9
-6.161366307403499e7
-1.1964003468712935e7
1.276960748410709e9
-6.4583789034356005e7
7.532795532007805e7
3.935784340678258e7
1.1469980187403373e7
2.356542499434538e9
6.058410894989829e8
3.672992074376214e7
1.8135077844538454e7
-9.794768043574829e6
1.6908565234119955e6
-1.7915813235746098e8
-3.0178976114046047e10
3.1955871571037572e7
-1.257714409515547e10
-1.5621079757754123e9
4.442784675260561e10
-2.484679778958018e7
6.50334512888446e8
588446.9225082999
-4.8525581348185635e8
5.342171042554345e7
-9.274597696581827e7
-3.689492300664861e8
1.830662110155571e7
7.983834235331106e9
1.9540763519474583e9
-4.1608834683276085e10
-5.802665552188033e9
-4.5502990659857996e7
3.096121058203663e8
3.7277798130840515e10
-7.1891252152225645e6
1.6682311270283902e9
-2.3330975344707644e8
-3.952296521423497e7
-8.616000250948168e8
-2.8325794661188494e7
-1.5924985384554584e9
-3.713687944243719e8
4.518195202677413e7
-2.8429676239014703e8
9.673267884565948e11
2.325698532775746e11
2.718941523699706e10
7.958087815961071e8
-8.053204785169649e7
8.625595862665526e10
-4.773993946830354e6
3.334439050017456e9
-4.370556634438901e8
2.965731895095328e6
1.59682767535146e10
1.1083076835560892e9
6.138134558785337e8
-2.30104454955221e7
-1.2382606389283442e8
-1.0947805435756357e7
3.454853580075416e6
-4.9264702686814696e7
-1.7589894378763992e7
-1.2444466103251491e8
-3.813312702959137e6
-4.110863088310707e7
2.7090505173344454e6
-2.2145691422763634e7
-9.136727921564695e8
-3.8840858811331433e8
-4.566949912666852e7
-4.052845783053891e7
2.0211452092378614e9
5.556902989068184e8
1.6281390416780797e8
2.437256870360488e7
-8.776307974503236e6
-5.801910028502569e8
-8.93317465486556e9
-1.0337829942154652e9
-3.257102447938359e6
-6.981371681387591e7
-1.0296457776203629e9
-1.4629566913729402e8
-1.8336105165389135e8
2.18757615689084e7
-3.5597055077899027e8
2.711437838410781e8
-7.778626772918674e7
-4.6974590389670774e7
3.5367934912385017e8
3.99492185550581e7
4.469932988313684e7
1.28919702770369e9
8.379500030242003e8
4.3226906301934206e8
-1.8302982449975824e8
-1.0916785106480218e8
-1.593412815897987e7
1.5152725805948784e10
3.4133961581790423e9
5.031573476865462e8
-3.2973461157152746e6
-3.5559849789295755e7
-6.982371554544514e7
-1.2272087745562993e7
1.644329601178614e7
-1.1222852205584753e8
3.509415395100424e6
344660.475873005
5.062167245436403e9
3.919344119081043e8
-1.9877218356863979e8
5.724075498640099e8
1.789669963721672e11
3.2935071081378807e10
2.8190982597775865e9
-1.3903458097312268e7
1.1322712967678082e10
7.800776618624015e8
6.966818052500552e8
2.1583108603328676e6
-9.918427133958379e6
2.0015894456838705e7
4.5856001434603825e7
-2.0761144077288147e7
-2.239988931249464e7
1.9350167007992294e8
9.894242428526798e6
3.119197883658521e7
7.376003281743356e8
-1.4882429707009572e8
3.808559608958409e7
-5.554675070979206e7
7.020791957997144e6
2.0130007961719894e9
2.252251873878371e8
1.1805275785112318e7
-469343.82869849954
-1.0307192256098414e7
-1.2958107838958618e6
1.3870322464136444e10
1.3626955430285897e9
3.078559632382378e8
1.3504308597017827e6
1.37504956978208e8
-6.18705200720686e7
9.441911204619262e6
-1.6722716410451647e7
1.3044671167035672e8
-1.1701815477727912e7
2.2932381152629675e6
5.786961624305074e8
-1.656300681454401e8
-9.634957286721611e6
-2.981068612408911e7
6.968613168096533e6
2.579521173461738e7
5.026096680858085e7
-2.7374068496587504e7
-4.2158927441701785e7
4.4563743100265455e8
3.2510076750157174e7
-3.5930486687791504e7
1.4639742925438698e7
4.137898228027682e7
1.6966063631524097e7
-2.1479823427331276e9
-2.328183584150535e8
3.956057700547771e7
2.0783329072519984e7
-4.323928403269981e7
-2.0116027488772906e7
-5.7388731146754764e7
-2.2645433810296476e7
-1.078990642898341e7
1.9277610665914167e7
416227.37929593277
4.726080126579234e6
-2.5674448305473566e7
1.516640317926129e7
-5.007971473361526e6
2.491142105031675e6
218752.2590417079
2.257435502623911e7
-3.9673385319450617e8
9.281689577297077e6
-6.037541431261947e7
1.364385176650589e7
-7.979485278982903e6
4.8675820615091175e7
-2.510363784274139e6
-3.8794790089856274e7
6.3742358672206e6
1.6497169471070794e6
7.146112755636769e6
-4.1543917554895408e6
29587.901577121847
2.9466931106975812e7
2.022472330419731e6
-3.1431373143821787e6
298449.27332605905
-2.833394144552796e6
-488273.87056757935
22103.608923771313
38545.46538687258
-4794.48954051257
-26190.987192987133
-63255.671623474904
-65909.27095860321
28444.516107307827
-2.809747584545163e7
8.398134559252681e6
1.0079160482802376e6
-1.495945946904192e6
-53520.47215272954
486107.09068590624
5776.2534421056125
162275.54988957255
-3824.1731447014167
-1.0360356748117776e8
1.9712290311913997e7
234208.55324490034
-1.7712886030950581e6
-745382.0391847952
-665304.5267478405
-966169.4063701287
-293290.35969648114
3.81878062888376e7
-2.3527889412827486e8
-2.3564898720390987e7
5.358024402404454e6
-5.378412474633841e6
-5.686947868399609e6
-3.531488940704785e6
-421766.0846672012
-5.201030910113917e6
7.434831540624323e6
-6.448120386896529e6
577868.6486205187
-81385.16779222686
6.287103514783152e10
1.5761193555628115e10
5.391367041055874e9
7.817501123267773e8
2.5850592455447875e7
5.60266750597304e6
2.9769577136483043e6
149420.6608818878
-3.9946309846581325e7
-1.2791001990734167e7
-2.2005962018910074e6
7.733191851540795e6
-719.4285566817325
337496.9089116635
494954.78893666656
72872.08073475269
-95914.24931398829
5.6514842029480055e7
3.157004057641457e7
8.243469592980418e6
-1.4491336434961574e6
-1.4662001349346624e6
130602.13920710489
-198133.23513277425
2.984159804000857e6
-1.0598819194794584e6
354834.91346457094
1.3783137686413612e10
-5.396086399516994e7
4.873678335396089e8
8.106628596134919e7
139016.40698259245
2.1725631027877354e6
830577.4469028928
-44722.61416647032
141173.3165879981
48997.44554840477
75916.92862576044
-1.4348902246388805e8
-1.0155896098229716e7
-674640.7710268153
460833.55480052525
-75924.6414241254
14880.509945439891
-285602.6686954034
3.4582688455797377e9
-6.42404285435268e8
-4.696057965071644e7
-368933.59310912766
33955.75528963462
-16059.807283858767
-4.325685217494487e7
-4.78532462212907e6
958044.1027241414
1.1913796594790115e6
333701.3001916757
1.0257691408110383e9
-3.129269035448258e7
-4.399965990757276e6
323675.8486756523
-647401.4668071354
-374166.27011254063
1.0535551449489199e8
-1.60578884596253e7
2.4765305580439935e6
798180.4391190188
-1.5686335614456112e7
-788748.0674892284
-2.4247844459408172e6
6.566329585438521e8
3.167082671278605e8
-1.990937779013628e8
-8.305193904402664e7
-3.059024561777129e7
-4.844019606326333e6
-4.938315413787807e6
1.3218109593150304e6
3.39369167096489e9
6.218942636421832e9
-5.1503067382606316e8
-1.4218820342733612e9
6.51210157694754e6
-2.093267666649416e7
-9.01409335300657e6
-858958.2026583168
7.882884435475352e7
1.6818522794158526e7
8.113247896703413e6
-6.266321208407013e6
-999590.1908474538
-2.6811561692464254e6
1.9944930421353772e9
1.304087584928727e9
-3.111620299303355e8
-131667.4190537616
-6.140328251679471e6
-2.2698361571121775e6
-4.347907286002761e6
832396.8232012468
2.0939115869229546e8
1.735155613604591e6
-76040.07284133205
2.5110165902024837e9
2.6871664092907995e7
1.2803233607420754e8
3.2418267530468643e7
4.768689128440718e7
8.149721674853642e6
-1.0517821683176188e7
-1.1227203775819683e10
-3.0159425546903825e9
-1.6316599447042222e9
3.7119592840233546e8
5.282403651660557e6
-1.163332837036988e8
-1.9657129850280937e7
3.414663112746803e9
-2.8448474944627013e9
-3.685586397508217e8
-5.9828662811270386e7
-1.9945696709657278e12
-1.1240678662367441e11
-1.4518641161221537e10
-2.3049560591959596e9
1.3700668536426257e7
3.6073106241797903e6
2.6168874915904152e8
3.2812675190982286e7
-1.1483445265110934e8
5.651557886832008e7
-1.8176064717259005e7
-3.1669329177944366e7
-1.529196587323236e6
-4.0090617088190813e9
-4.152133903756534e7
-4.770748270094388e8
8.827104885667565e7
-4.0432534251674535e6
-1.2134102225077655e7
-5.3537935856812894e7
3.390227091173669e7
-3.512398950688515e11
-1.089004386305352e10
-1.91493002659328e8
1.629313840694758e7
2.408632396592629e6
6.133347770436396e6
-704341.7442010263
1.1898539816113844e9
4.365838874581194e8
-2.4303411773456637e7
1.5561266483381016e7
919021.6050472453
-3.165340676509674e10
5.1405391075466776e8
-1.6785798686143716e6
1.3741600574195635e9
1.7599035902135798e8
-8.363943022080642e7
7.182099410880557e6
-3.6280635991441994e9
-1.6147782214980972e8
2.621231711480573e7
-4.380339123672649e7
-4.913611312067525e8
2.1222958482307162e7
-4.768853458215546e7
-3.1809962130686626e10
-2.055376851684707e10
-5.038858368268586e9
2.2921300434679003e9
1.1646936240258782e9
-1.0704172187559184e8
-2.7263482421693824e7
5.1246728868926044e11
6.197090906835956e11
-6.43198065959333e10
-1.5162359129229872e10
4.026995008823389e8
5.574394748818507e7
-7.270947045874051e8
3.222625006741969e8
-3.1845896517307702e7
-1.7361845962633088e8
-1.5128312256653884e8
8.990765525131102e10
1.2533819800939396e10
8.77082423249699e6
-1.58006019201446e7
7.954922523684937e7
1.4592575474329334e7
-1.8589813448083892e7
2.7093621490939965e9
1.5165856202573203e6
9.773686503321134e8
7.792121967777924e7
1.7079494563141573e10
2.833035975244398e8
-4.0019354387803907e9
2.0945858829390906e7
-8.60962512866349e8
-4.1897693663707244e8
-7.185281684976071e6
4.31912022347128e8
4.9208517300623626e7
-5.2415136248496306e8
-4.980102781223114e7
-4.938664287620727e11
-6.7876978726176815e9
1.5777301825973263e9
6.038254765789452e7
1.7227519318137726e10
4.4677047800143845e7
1.3280905397423525e9
7.794404061427277e8
6.2890726522390224e7
-8.141791882055748e10
-7.081774821266334e8
2.693862212890355e9
-6.742765236865222e8
-4.725051220118099e9
7.897872449648767e8
-1.548914147313933e12
-1.1270202272520052e11
-4.540089126454778e10
-3.564937707783243e9
4.240117883012442e9
-4.815252130157324e11
9.31618942933832e7
-6.8397507988677635e10
4.781196522710234e9
1.5957912365385064e8
-1.0531013522317732e10
-3.526339398881384e8
-7.137824866698661e9
-65641.83803016285
1.9177244589340279e8
1.5297756939482827e7
5084.728182504138
-3.2658509133093655e7
2.895756248922472e7
4.7226890599243844e8
6.901622997770096e6
1.9288055646222574e8
1.516876306484938e8
1.0609953099156466e8
9.219688005948134e6
-4.18007659501229e6
-2.536055583623285e6
849499.2404933388
8.188812530299991e8
6.2286995687002875e7
-2.9483039605273213e7
-1.7918405997897368e7
-1.7940304202102912e6
-3.2489019503628276e7
-6.529235162143241e10
-2.530502603689851e9
201737.99411782852
308246.73188473843
2.150353610488638e8
-6.679392584144357e7
8.3370364542101445e6
-1.1917339806802955e7
-4.656847987991731e8
1.6015653255058736e8
1.722320914313428e7
5.122848873447259e6
2.677905299399866e7
2.5700324521086328e7
-7.347024632926725e7
7.153568151310682e8
4.75284873818595e9
1.2428666739372365e9
4.7700750016883236e8
5.406095035326803e7
1.2970682093289724e8
-1.9923182520209244e10
7.658194861000343e10
1.1729954127122214e9
3.569937137904955e7
-7.215000246051039e8
-1.8414761461717397e8
2.40669047282031e8
-5.219780725594093e7
4.956073399895315e9
-7.07015772274807e6
-4.364188601612337e7
-2.4630110407988778e8
3.2914926195225384e7
-6.828939749809209e9
-1.0705489466557343e8
-1.1937784540306564e11
4.547537719321169e10
-2.02392726215032e9
5.439093964401277e8
-7.786306635602795e10
-1.3878139524240705e10
8.535092946211395e9
-2.5778892286479834e7
-7.648513139711575e7
78383.20957194475
5.509075386197248e7
-2.2781635017262798e7
1.8941521776593253e6
1.6119707157880235e8
-6.31064961629203e6
-1.5906158860285968e7
-9.176676248745127e9
1.4445585295362642e9
3.914094205593167e8
-4.621179115440008e7
-5.505256834852611e7
-4.207258448648967e10
-8.894149006356546e8
3.4404870717502266e8
-2.744522351038549e7
7.401608832058813e7
1.840002771566183e7
5.209263985436663e9
2.1007845271307938e9
-3.0056858153576484e9
3.623005317821367e7
-3.230555185029166e9
2.3792952446791753e7
2.3237358585951403e8
4.467381187169119e7
-4.423587856242797e9
-8.063911237962194e7
-3.905834431903246e7
9.146612490211257e8
3.7943588855774385e8
9.649452024828361e8
-6.42940653763676e7
-4.493927257304633e7
-3.972231972699251e8
5.21829181531582e8
-3.799534490570499e8
8.271863582712172e9
1.6388831999760363e9
-1.950619113391871e10
-9.47312380842302e9
-4.044809445002896e9
-2.216606464960782e9
-3.925799728526402e8
1.6958876049676205e11
1.7057607414711075e11
-5.037085934916458e10
-7.91395335635931e9
-2.4134035087397465e8
-1.5523184063571483e8
6.694394390514933e8
-5.56145529330345e9
-1.7340531891936352e9
6.803957979290689e8
5.059456503101691e7
4.437166337995712e10
6.409011965942606e9
-5.601572937855214e8
5.48896641371358e8
-9.641028015020281e7
9.329579505683757e7
8.201365853260562e8
2.712475278839453e10
-5.2946706738653176e7
3.1969782935589094e9
2.81121018694199e8
2.898042936994247e8
1.247070373589606e10
-2.6961855142341e9
2.989779836927553e7
6.184333854972911e7
1.4876153152605817e8
1.5540258455702665e8
-1.0071955229872696e8
7.719737998154734e7
2.2520773880070806e9
-2.4733397819996998e8
4.292458340985933e7
-4.30473437090895e7
