0.012431420428425561
-0.007206661614173298
0.003105858971877775
-0.0015389422046037879
0.0013603449576836803
-0.0004326911372399923
-0.0021424432752025053
-0.000699575724570129
-8.562754370967379e-5
-0.01004966406394702
-0.0005067325212487379
0.010658109305329892
-0.009843919648907486
-0.004477181519703569
0.008473777585294984
0.004738577745018754
0.013804845333243273
-0.012740011239549402
0.0011438643516755004
0.0008998854744514583
0.0015272860962789868
0.013849270606786434
-0.00795142925937707
-0.009070111570373992
-7.49412451754233e-5
-0.006625733674484495
0.0044740489574430315
0.014511795936709967
-0.02077139364755967
-0.0008486510641518199
-0.0038597576558667096
0.012611114374307616
0.00570227447328895
-0.0032354313213630633
-0.00436705183259923
-0.00927700438039654
0.003611191220469117
0.027071252364128624
-0.018182578270649227
-0.0010730132775643593
-0.009936468975347378
0.006124865592108285
0.009080811279789056
0.007861962234710319
-0.005067684094487483
-0.014257604231894693
-0.002295711973467341
0.008171143373560062
-0.004606056014071047
0.012508063038801788
-0.0050029590684849785
-0.02811598259679062
0.021299602838377098
0.011434782774243106
-0.0008736797282777016
-0.007124690122034544
-0.004313697660095979
0.0017470330921167516
0.01344021627108664
-0.010978885814090835
0.007806925638790791
-0.016134296829515872
-0.0010376707001615024
0.009481948201572046
