0.06077000343216851
6.698067747281362e-10
-6.02794916822696e-10
4.1794445922882367e-10
-2.7639490389825803e-10
1.544847378348553e-10
-5.287757342831078e-11
5.5981198091754225e-12
-0.02624954389769092
-1.027235091700022e-10
3.9150737809351795e-11
6.653015567804737e-11
-1.2915270148666558e-10
1.2049501742572746e-10
-8.564182368856846e-11
3.758775494882917e-11
0.007873830470713678
-1.0370201503828579e-10
5.930346232225567e-11
-2.952105691119684e-11
5.2427935610845376e-11
-6.430384390439141e-11
3.676405986569379e-11
-5.814909895068338e-12
-0.004926498379029133
4.265285486104201e-10
-3.5464811645680944e-10
1.354640473172961e-10
-1.3651933702872896e-11
5.827769761724372e-11
-2.170579644843892e-10
1.591165218839506e-10
0.0022168921315234504
-3.2341814540422017e-10
2.832168150648121e-10
-1.9285479564471012e-10
8.48775934671861e-11
4.0943330776589315e-11
-1.6840174272948142e-10
1.2609477858850874e-10
-0.000838898527894336
-1.8520385675084494e-10
3.3662528063210125e-10
-4.1324207342754346e-10
3.708707959017523e-10
-2.6198855836335625e-10
1.2414617786219557e-10
-2.749112053950934e-11
0.0004724797990493362
8.95004205905594e-11
-2.6488831452374696e-11
-1.1751613417619012e-11
2.603449050654347e-11
-5.290205874525013e-11
9.65564508295481e-11
-7.021256290970135e-11
0.00014095716501073745
8.185751466083998e-11
-2.476371880202397e-10
3.516656712255358e-10
-2.898399516116671e-10
1.2045276012201625e-10
1.3546573473209065e-10
-1.448972366708305e-10
