0.014836561420084469
-7.10115604013169e-5
9.913981573783785e-5
-8.642893277053238e-5
3.914602384109516e-5
5.825058389121446e-6
-3.062855913469496e-5
1.995980269673897e-5
-0.006183198258679547
0.00010023470297215896
-0.00013473736448670222
0.00011248302284555784
-4.695426598466866e-5
-1.0747812692918284e-5
3.6624187264707945e-5
-2.1893082277435257e-5
0.0033680065847379336
-0.00020695416178528208
0.00021598277724803024
-0.00013416101208508209
2.75143062496482e-5
3.707469737368154e-5
-4.550947773048795e-5
1.9888919701996604e-5
-0.0015604488238247162
0.00011195876880237463
-0.00010765043893244706
5.0043864272478924e-5
1.213309355028528e-5
-3.287734706646989e-5
-2.450452589446882e-6
1.727397005312876e-5
0.00031832470376845235
-4.2406828223779015e-5
6.1044741661148e-5
-5.4524420390314785e-5
2.5762107790133364e-5
-3.458256165797915e-6
1.598448772702369e-5
-1.707196704679937e-5
0.00016777763251425343
8.447770353158408e-5
-0.000108383466994892
9.860258098393134e-5
-5.109337323775594e-5
-9.171938492805153e-6
6.475019524131567e-5
-4.754810924111109e-5
-0.0002455177845410003
-6.53665288214305e-5
8.128454264917518e-5
-8.192526604701268e-5
5.829431769985352e-5
-7.454896862128411e-6
-7.82708279514129e-5
6.829887590766678e-5
0.00015099787141732116
1.7610080462903964e-5
-2.6543947822129837e-5
3.4625849453607025e-5
-3.1425613013502486e-5
9.222889203153156e-6
3.898293722905148e-5
-3.65631259481292e-5
