2.4258424803814527e7
5.541955833985124e6
4.864214092375234e6
-79017.4970135381
-8.062387855865716e6
937322.1334728667
-2.343962281026411e7
-3.509750678718865e6
-1.5645333379804375e7
-3.080497586522759e6
189165.18168427388
311336.3302511022
525783.3974512978
322061.116023924
94187.13173018834
11227.16753070931
-813735.341440387
-1.7373007015431134e6
-338324.8249901133
-234634.97322048174
-22668.211333806394
-59508.159374397444
41877.59330789374
457.5590590601684
-9.219087702731531e8
-6.974096568855706e8
4.5436842693003215e7
8.678849871245034e7
1.765032203415965e7
-410967.2841631951
1.4276161040288939e6
-4.107495005985827e8
-5.866740379429723e6
8.462486865654439e7
8.769400982064597e7
4.3185055217340164e7
8.071395577602121e6
858354.2522544443
-2.8431082508787166e7
-1.900071035021098e7
-2.589122900276769e6
-96944.45138935454
3.445540360774037e7
6.976459625402958e6
1.3155146150639043e6
113613.90674326476
-2857.136880636099
204.52154083098904
-7.672603602538536e7
873133.2159628923
1.5886452847033536e7
2.328197636166377e6
-2.731953061166891e6
-6.409424256221186e7
2.77230366660951e6
427581.8595382699
3.911415508519379e6
5.27694735078229e6
304807.51043212705
-1.103717044286439e6
-247018.49948170243
8.991016353498617e6
656473.3369469119
58657.608028440125
3.860739520021776e6
3.989055007987036e6
3.7506251729794727e6
9.39224074024986e6
-1.8675091627649704e6
-3.4181131021120665e6
-3.8364165252529015e6
334116.4562364247
1.9209289714742932e6
32036.030635970594
-1.1348035050642313e6
1.7809734258073147e7
569128.4227944234
2.11503420240426e6
-684536.7229044859
219287.02528178183
7.823878408077638e6
-1.226307008968545e6
703543.1931839256
2.314377627011741e6
-515886.62952309597
431162.85859824356
1.690971028465927e7
-2.852470544686816e6
-8.403819835772963e6
-2.3473545385669465e6
1.6981272952888652e6
1.2733642644176038e6
237101.83034817583
3.3816854368047565e7
2.1204469872324754e7
4.1782193049637256e6
394974.7317327347
-1145.0260569911593
1.7840149557714583e6
1.2608788798838207e6
-621756.4734222142
-142299.29933752745
-77502.1062803799
549694.4921357277
110362.96242796247
143637.20696182377
-188022.23683231568
167415.9536931349
-104932.97368347565
4.437426147036398e9
2.651245317867006e9
8.960282867185887e8
-5.045963656570816e8
2.7222342516706157e8
8.553088762270744e7
-3.8209036669261026e9
1.5577191631154027e9
3.5315210394655685e9
1.7598292097375772e9
1.7641526913307655e8
1.8029101600309636e7
2.398177167491371e8
6.673718114910036e7
8.780536202221984e6
-9.131699221400456e7
-1.0246504543445555e7
-1.7089985941465835e6
4.187951555307592e8
-9.950654072833754e8
-1.4216077386256018e9
-1.910490975419032e8
-1.2598148055037067e10
-6.19735207235106e9
-8.718667651545258e8
4.121157857195287e8
-1.8942276434793589e6
1.7405587293510367e6
-6.144101393440042e6
1.0933617721861105e6
3.214529801582622e8
3.5167333455123045e7
-2.520545410998646e9
-1.5570014389254978e9
-4.6771353940445936e8
6.655147223587372e7
1.2214143466708274e6
-9.971586906370142e7
-1.0041533273000764e7
-1.1284958050076215e8
3.000633809002616e8
6.918669434097673e7
3.5560641408874825e7
-7.379560842222103e9
-2.690009422515032e9
3.733933034989626e8
3.0035367590086865e8
2.0139357510848144e8
3.7985453021776885e7
4.483008428659911e6
9.076700037700718e6
-4.906532866577961e6
-1.2699837412448655e8
-7.106008857208084e7
-1.0430596103743084e8
-7.769634574806164e6
2.5638178138226694e6
1.855894262006617e7
-4.604256369674615e6
3.464375036215999e7
7.105049073536583e6
1.2587269923834214e8
1.560380920110114e7
1.1901036934907192e6
-3.013091143225473e6
-1.9278661971980102e7
-472555.7631284304
3.1582492405487217e7
2.1738822291684905e6
496508.46648937365
1.1307223929838842e7
-2.885802357837801e8
-3.3642941116557084e7
-1.3293297104799172e6
-6.629407017735282e7
-3.9405004845215143e6
-4.463027333860688e6
4.56888341760012e8
2.650475844736203e8
5.235049512357392e6
-3.021515802173511e8
-2.9940868987100285e8
-9.388542752807404e7
-1.9169713858984804e6
-4.0973300196398282e6
1.906967022333095e7
1.3240059074005537e8
-2.7646833465225298e7
-1.8337782682716034e7
-3.78872712619034e8
3.2146461834043216e7
-7.535428462987718e7
-1.1999579004593925e9
1.2218497771728624e8
1.4877568923138478e8
-5.740318740084471e6
-1.7340964274394423e7
1.933313040370474e6
1.532337332022016e6
5.198703587774148e7
3.5271706961676195e7
1.538010964660307e7
-2.2771880602261694e6
-3.94260607294227e6
-1.3353032369617056e7
-590619.7614152582
-3.863373917390581e6
1.539352786636282e8
-8.363979768835586e6
2.4137700197805386e7
-5.384113740373234e8
-4.56777572913988e7
4.157707840471654e7
6.625604433193727e6
-516594.29951244843
-1.150540948827395e7
-3.4452469018765837e6
1.1633691999128377e6
-1.4052612500372076e8
1.5458504831284795e7
5.2599516662214575e6
-569906.0679253658
-4.50184587525268e7
2.0168392052979898e6
-7.20052701510234e6
-1.635933152139196e8
-5.000336748273584e7
1.942113883826408e7
2.9681985447937485e7
2.2221736354305774e7
-1.2046316034579894e6
-1.9957027717842513e8
-7.039775865724081e7
-4.995328682717586e6
-3.246433498462154e6
-1.2020383965372274e7
-2.222879324868803e6
8.553829348256884e6
297967.12665642746
1.1207944993275204e6
-2.571041989612019e6
-2.506728172770845e7
538482.0692515498
-8.023618248054651e6
-3.221063576299218e6
-5.764896757583953e6
-1.141255985657671e6
-190566.06805818953
2.0193468476239285e6
36181.979474556916
1648.9797032741121
66012.91550922835
-37512.74189558564
59886.24064687824
-33707.767929757836
1511.2283670703478
2.7128671476943046e7
4.748203270116501e6
632406.6582181271
715167.2733023842
555723.9665447221
247603.26488613564
61033.51668716982
6668.967457680443
-6.0117242477869755e6
516817.32889119646
-620575.3626343015
-1.4133083200309747e6
-176303.69942370165
-485062.88294669305
-102379.45097447204
5.793982870969658e8
-1.3854091871289378e7
-5.533189614738588e7
-1.9431914740824968e7
-2.0729904636080884e6
-99458.09692000732
-47200.65543540858
-1.715604165396456e7
-1.1613211782384465e7
-1.571160056383757e6
-105594.70916936931
-1.0088939419732405e8
1.7782870342624053e7
8.256438567672213e6
612091.2655272596
-830.3801660116886
-3727.1104428808926
56287.42412528842
-555925.0502815229
-776501.9231500486
291602.29917884374
-10536.326738714171
1.3048916192826597e8
-2.1691951260473005e7
-7.164636444504083e6
-2.48665410155673e6
297183.14075378625
216859.35657359715
-670999.5503746122
-124636.1157793529
-5.952105133949868e7
-2.7155586739513744e6
665110.8484797651
95887.22925871272
-173346.87138641786
127833.65814394418
-1.0077260215387175e7
-1.4925236257620294e7
1.5976782134132734e6
-274278.7892708181
-325542.2357609918
-1.308415084839428e7
-972358.0605438878
-64073.63040090381
-5.921561528754026e6
-2.38308739755652e6
1.4407568645793826e6
666921.8638127237
-786025.2070778578
-391526.2271760952
-246541.69197900247
-735931.636256667
632884.0838252343
1.0857133232680005e6
-810493.9331047777
-1.1151274710563175e8
-1.3986758865789047e8
-1.7686597979129732e8
-7.091615507039978e7
2.948870738983313e6
3.571559377287852e6
-499640.25887466304
-4.4130615042156935e7
-2.7058718148815326e7
-6.242070037956418e6
-560874.3617984704
-5275.528985393631
1.3445328430111902e7
-2.053603625591725e7
-1.7017925498656213e7
942295.740802896
1.7913610372673904e6
-395009.07021057553
-160242.0278143808
-3.5002334943993324e6
-5.015038568980615e6
-1.79458094013821e6
294352.11901856953
-1.0548766250324363e8
-1.021894012289263e7
-1.792812344235804e7
2.9992139032571507e6
9.635312016594116e6
-444852.7912557535
-2.3892451071614246e9
-2.0056369348771718e8
1.9266692508265853e8
5.8569530401652485e7
3.0740930773737356e7
-1.7652064957881407e6
1.358946639033545e8
5.7918220723412484e7
1.745110915572682e6
1.3277637436116512e9
2.535018668004643e8
1.23247586478441e7
3.551111018765954e7
2.806151484767595e6
-8.330709231382332e6
2.5053968365586777e6
-6.50592616892707e8
-1.9804071862261575e8
-1.1617393417313868e7
-1.252243561368417e7
1.6637308221195074e7
1.8866386779565557e6
2.8617179031203806e8
3.1726358471912783e7
3.5590690419763066e6
-836233.7316035039
-3.1642934035866116e6
2.0124590718670416e8
-2.3702794499595936e7
-9.2773230120534e6
3.326378084514231e7
6.39908464351161e7
4.5487378360871196e7
-7.000748004167695e6
-4.034349434134857e7
3.483962307590727e7
-2.8949319302734952e7
1.2736091226602879e10
1.3179245713446298e9
-2.766436288459452e9
-2.2494447646503906e9
-2.7217784950927768e7
-3.9147991583504066e7
-8.900339880438235e7
8.006509595907167e7
-1.9138250595891617e7
1.6237855682206676e9
8.239908626771319e8
-3.143479029538557e8
-2.767149009533989e7
1.6276701578719413e6
1.6939356058136553e8
1.3908215975675896e7
1.2449229538774546e7
-282811.63168367866
1.8041465906187117e8
-3.930936193556304e7
-5.867061755332095e6
4.019362742101909e6
-9.49818770345361e7
1.3846609115094875e6
1.5399622307274e8
582283.347814619
1.5532566306082439e6
1.733413929393433e7
1.0062763142951803e9
2.0058909593197502e7
-2.379758768756397e6
-3.3156392505012256e8
-1.3648570807881922e7
-2.300885304908559e7
2.3019780197654082e6
-230307.93576552023
-287460.6140027918
1.1544636572296247e8
-5.444275884188344e7
-590549.2431548085
-7.489369016361167e6
-2.269826633437467e7
62858.4126897833
9.788486928772843e6
2.1147887847604014e7
1.5049630487895934e7
6.530062802113784e7
-3.5398574416836254e7
1.8656565463693373e7
8.338078764773453e9
6.349912313465716e8
5.2363651827714115e8
-8.056990197985509e7
1.5595852417318857e8
-5.9115487178401664e7
3.360332136776686e7
-7.858406383226037e7
-8.750792012923945e6
-5.500225308446874e7
5.23146726478392e6
2.825902493690631e6
6.143907034521167e8
2.9378044441812254e7
-2.319668762387812e7
-4.449569578569344e7
9.447619802847888e6
-6.549159614338402e6
1.9008257661547077e9
-5.902169784963284e8
-2.976665157741393e8
-2.3595902994905344e8
-2.7790442028341472e7
5.687947735570802e7
1.0068783560120589e8
8.491169320803642e7
9.346439404640176e8
6.5371219698419645e7
1.2508517520940018e8
-9.218430902122422e7
1.6090525358339575e8
1.3376563545556588e8
-5.37245853486761e7
1.589203249221712e8
-1.5125566398610165e9
-1.1593525562448566e9
-2.3251786375238568e8
-1.3768682046767697e8
-3.1289920775343195e7
-2.0047955632939005e8
-1.4871903251982307e8
1.496632251614692e7
-9.815766899468658e8
-1.2069861360559879e8
2.8328655013927877e8
6.462853285421299e7
-1.1390325198842177e7
-1.083456485802124e8
-1.789976943136798e7
-8.925972518356636e6
9.917306450224554e6
-2.037635269892202e7
-2.356493324352827e8
-1.1756747985969746e8
-2.4767273579063844e7
5.04504160076259e6
