3.514454183711847e8
1.282857928964859e8
-1.8891835239602942e7
-1.1817671320226237e6
1.3469584185932338e7
6.386852253161326e6
2.590351916619072e8
9.387089488656446e7
-1.7831482313158065e8
-2.8347109588373326e7
4.1104151157046326e7
1.1479866919808123e7
1.9438705551445326e6
149088.09035409772
2.226039693300028e6
6.074121979204286e6
242712.7934273945
-874890.8601491653
-320843.7860459155
-107283.63570757011
-2.8462807508565285e10
-2.1687212793743023e10
-5.683112701910279e9
-1.220828234196137e9
-5.46101308257141e7
1.1903518335067783e10
7.540903309399505e9
1.5326445956606727e9
5.520226670295376e8
4.0036996389090985e7
5.953350827370786e7
2.9075407055591304e7
1.552601119516295e6
-2.1036791549599677e7
-1.5076988226038981e7
-1.508202374858535e6
-7.828617038110619e8
-1.5550773264030468e8
-1.2185618149085075e8
-5.0761885609144723e8
9.026557960665525e8
-2.5489550473001808e8
3.3145601853871547e7
1.1579728811505912e6
8.649370470279863e6
-497716.113060237
4.6736067843910314e7
-6.544220998132905e8
3.0961249091105014e8
-8.025310507259764e7
1.5943357921339383e6
-2.2690975271384525e8
9.693975738940498e7
-7.209821919899398e7
1.741204391103605e8
3.17759466185529e8
8.034234847707853e7
6.699639994206789e7
-277230.0657367908
-6.99966271310746e7
-3.1435690420725767e7
-1.962374959210988e6
2.2912327534456603e7
-1.8565084454608113e7
1.6617297410264606e7
-943076.6646163411
-8.593416048529102e6
1.3758805305070352e11
1.3093348876177895e11
4.0184917847527843e9
3.398178565676063e8
-1.2029046103045311e10
-1.1470686475491817e10
9.345850409324072e9
9.837991940967984e8
-2.654912971063857e8
-9.026221151457632e7
2.2143760982173253e6
6.633743130699008e7
2.1907855504014072e10
2.4758775631733328e8
-1.8874390342815086e10
-2.3698891075109913e10
1.1044715340075734e8
-5.618553273985762e7
6.670501214888287e9
-1.8552163932936513e9
1.185795668542085e9
-1.4030437487678873e10
8.940431286803209e10
7.680225789009141e8
1.9116767624878116e9
5.876302349073086e8
1.1180359837579022e8
5.208166827264608e9
-1.5961365017988243e9
1.4930854749979315e7
-1.7090825379153267e8
-2.9733242313499786e7
-4.245331976198129e6
1.993513358016716e6
1.8245129902216496e9
1.335044246096349e8
1.4542364411492145e8
7.620478305617346e8
1.7795483375731056e9
-7.255224726422969e8
1.14101406337887e9
-4.959165032531186e10
1.6965942667921082e10
-1.7029572965407264e9
2.969595356130282e7
2.5151280260429378e9
6.664291774704862e7
-1.9558110777764046e10
-1.2058850973032882e9
-1.6708071881972935e9
1.3623668701643202e8
2.3878452199877996e9
-1.6832616233799658e9
-4.832762057083667e8
1.0111778128632854e9
2.226711286929432e8
1.6806008178060243e9
6.07488240870115e8
2.9895092750065114e7
-4.163705701694527e7
5.679005104642566e7
6.04308323330605e6
845395.7370419952
-416743.8455539921
-122293.58915871139
61732.0718760701
-1.784376192217368e8
-5.667386217865528e7
1.1076114485500557e7
1.902567506740298e6
124196.62523400446
-5851.041515500453
-3.1158622054755914e8
-1.210325677780098e8
-2.893832220022293e7
-2.548419152758885e6
2.0223740795137028e6
9.982728111284767e9
9.335291654274118e8
7.301600847897762e7
2.5280948084236422e8
4.429546243695938e7
-3.3661749230260556e6
-1.306237848284671e6
-115501.68895542217
3.1610158133260554e8
3.531193140300276e7
150033.473385959
1.1628113554520791e7
4.910173060135532e6
-2.322560420110319e6
2.57105423472374e9
-7.425803058361691e8
-4.427808219606876e8
-3.525576247824813e7
-9527.207088383624
6.933582876292339e7
6.2836384446438085e6
1.1688694461992544e6
1.507480765662235e9
1.0030596300313292e8
-2.6168598541290604e7
3.8885740182017903e6
3.301093750311924e8
2.484890745525119e7
2.8629850884245913e7
1.4388906682718626e10
1.4211213807483997e10
5.590306566067916e8
-3.831574285745963e8
-6.555428486372444e7
-3.6465443794089556e7
-1.6673279081550913e7
2.554955430105276e6
2.2969131775602484e9
8.471998940380425e8
4.94733533971902e7
-1.939497891160221e6
2.0922030078019787e7
1.344804143885076e8
2.328472106670756e9
-1.7824530373634124e9
-2.0852231945877116e7
2.087428767519998e11
-9.424289312989352e8
1.7141833944747608e9
-8.224412795046185e8
5.034267931487052e7
2.1890099226142976e7
-2.8121295095768676e9
2.5279649357360367e7
1.837708125278368e9
-4.306151676650946e8
1.0519329161056573e11
5.576037435204628e9
2.5614503587866426e9
-3.8946220871173555e8
5.5021558825811646e10
-3.196427343055418e9
1.0873228238052332e10
-1.5521840984961008e10
-8.176757258745786e10
-1.6489672852162766e11
-1.5557340323515259e10
1.2039867964504468e9
1.2155107282189677e9
3.660756107758919e10
3.4853909361333346e8
-5.890451179753954e6
1.7115161986310306e9
1.3006018599489567e8
-1.597015139416169e8
2.6041666231042683e8
-8.41577314005082e9
-2.0249721988925403e8
-7.754095014787105e7
1.4573332364921027e8
-1.8072098158759487e10
8.356388934611379e8
-4.489543348833296e9
2.3649050213997125e11
1.165983086478431e11
-4.840889736744139e9
-6.403074807641078e8
7.034950623848014e9
-1.2808649566264765e9
1.354223199178719e10
6.834895249797991e9
-1.1548654578347492e9
4.0712977277137006e11
4.6395101381809717e11
-4.624341874438296e10
-3.9228423427997203e9
9.632942149373257e8
4.587123895107058e8
1.2364037242013268e11
-3.249458316166544e9
-1.4648948780035225e8
5.119043836817695e9
