1608.6009316334266
590.2072024512831
45.285895958254955
-45.48497208690803
-9.773880416147296
-5542.3519337751995
-1670.1178244729035
-551.0929305308895
85.19228021678882
196.04438979327838
-8665.414506135883
-4835.48351016728
-1160.6141837393184
-106.3461977176233
14032.001115848676
10958.269703900785
2330.315071974325
278.0253495792018
166.24363202415165
82.9651272343366
-459.91312268560534
1637.6755649890893
131.08680367211286
-704.9289578709133
120.94123454506057
-7.93530369518709
21235.49248993123
16831.882410786948
2530.595153529436
271.9788013454582
1124.465523145179
151.30545608500358
9253.861908045903
7469.778527463655
832.6577941644982
15829.895995755622
-2827.7560726161114
71.5690936919012
444.25340717436086
12235.87791409536
-1220.4784883007908
2844.370660798457
-31680.113407704892
-29807.592664915017
-620.2818619369259
-1631.3639546134539
271.34268709575827
2441.7898485502283
-2486.3443593454103
1768.9221400719812
-22284.590011358898
-20453.755759961365
-243.77703642820782
-2628.5909321543454
2290.844331654948
-54.765909020266314
-67.14292945174398
-207.16454015668035
-205.38775188347412
-9288.645165374666
-5053.702377182604
-1876.2801333903979
-429.923221427046
-48.38362528703701
-10809.680141633933
-10154.246807273796
-1469.9346716952562
-84.02991221423457
-14329.046858308591
-2594.1169531814253
-1271.5036640907267
-43.277674809355396
-986.0511891776032
-233.88049530327243
-845.6504802410111
825.8258087340162
-223.67436469075176
126.34239458285077
420.97533032190114
-186.472484115249
14285.880242542378
9752.725994487173
2120.853556514958
220.96249566973782
249.4051825560688
41.6200548329202
12517.900619178896
12458.983655284435
402.21979663367955
11873.72875707713
-3312.433879106732
96.40540145503418
1617.010493436277
4139.0883355387205
-2277.3442916255367
4089.3380398341674
88596.50356868065
25991.03810869075
2626.5911522449446
-263.00241841475184
-601.9363886974077
17175.80780755362
2887.6363094275903
1519.0302344054742
-3331.5448158925005
-1932.9142567327392
-276.0129193203713
17.734373745916194
