0.01950822646328452
-0.002467626568167328
0.0005113817979040073
0.0053942305603527745
-0.0056818929702048375
0.002441438387766899
0.0032847377886588806
-0.003350489828555261
-0.010191793490281955
0.0041842606302273135
-0.0012637767140071564
-0.009550099764503772
0.010392543443727253
-0.004714203191597427
-0.005926893818709213
0.006305170021820079
0.007769096806552116
-0.0015303012559114233
0.0016249196169826445
0.0034237882933592736
-0.005257014656444738
0.0031008921690721123
0.003078940963227137
-0.003470652421898584
-0.001379383453378978
-0.0008323093762219034
-0.0012283901031127247
0.0005048553858918896
-0.00014812947802360195
0.00013479184437378846
0.0002201266890382161
-0.00027778252068265304
-0.0007804520761656985
0.0013414158694265612
0.0005786967393624132
-0.0009812892478702432
0.0026867232936202226
-0.0017167115948864518
-0.001657014238302194
0.0017513825575938729
0.0004059291676360856
-0.00040415219712896914
0.0004657556595910916
0.00042950945033077913
-0.0022190265483116533
0.0010809649787526065
0.0011190350503749362
-0.0010301888859561912
0.00018848329785700867
-0.0017927666024067203
-0.0014475362199101321
0.001065728445096856
-5.148876706346207e-5
3.3414560361874316e-5
0.00032819067792593903
-0.00038189213694842346
-0.00024194356954438843
0.0016483142710076674
0.0009597896546299122
-0.0010891915506366682
0.0007252560223267542
-0.00024847393885981983
-0.0005397088463812878
0.0005351879885523715
