0.0062685170173222325
0.0003508171488692721
-1.8863839478718018e-5
-0.00010703109000183384
0.00013556805098038693
0.00012750010927376675
-4.760506885703048e-5
-5.89550329865683e-5
-0.0008864033294409219
-0.00010635374921817114
0.0002498061009668683
0.0004637757854327133
-0.00016227000441061315
-0.0003892035012362773
1.2615091086329533e-6
0.00016329535194813382
0.0008951852106140728
0.0003877261965085059
-0.00017399635583551103
-0.0007566110244600047
0.00012664732749747109
0.000543840086710644
-2.165187434973779e-5
-0.00017759866891355581
-0.0007165079033274318
-0.00028152163336767647
4.9636467543579296e-5
0.0005618896340359315
0.0001893498346653216
-0.00025367012789003683
-0.00011515966010898341
7.591800744450314e-5
0.0004512343367368707
-1.2717056697006048e-5
9.747319885869909e-5
-0.00015313496111531117
-0.000294145729822147
0.00015543503355085263
0.00013092309389673812
5.327380251709048e-5
-3.4002520120149184e-5
-2.680610988093715e-5
-0.00015760713081749747
-2.0309015102827526e-5
0.00022631936931378734
-0.0001722404065893119
-0.00022815498333941036
6.115600769414527e-5
0.00011296270748159742
3.6627528340850454e-5
8.209277411150305e-5
0.00021035702132091394
3.9577989761973075e-5
-0.0003017523968703797
-2.5077001003009146e-5
6.393111815893088e-5
-0.00013106317629248815
2.6638112111619347e-5
-7.156688571009953e-5
-0.0001283198940055464
-0.000116161063092234
0.00031245529696948904
0.0002098680245372445
-0.00015620385892402297
