0.009557941511481458
1.2512760980327097e-5
0.0003439589173347792
0.00017007750024424013
-0.000121561798408438
0.00017328972531563866
0.0001819463622028459
-0.00014653544159662224
-0.0019052822862090156
-0.00014893068840770183
-9.154582372885782e-5
-8.76201589898089e-5
-7.326407648260493e-5
-0.0004271928054144996
-0.0002448938250909173
0.00031279868555666545
0.0025971553575387454
-0.000290328830114865
0.00021312524379159546
0.0008343731193564283
-0.00045379757301066624
5.5337842837216566e-5
0.000946671709202277
-0.0004174964259763119
-0.0011489748137969767
0.0005525902280526444
0.0003679614101749983
-0.0009046418570954003
-0.00036146794593391526
0.00019857506244297724
-0.0006237007290415346
0.00032554138413701684
0.00038564045547618647
5.6640094918947004e-5
-0.0007299237698099126
0.00013641815363541534
1.4923724520166095e-5
-0.00012482278786678567
0.0006877383198472171
-0.0003437805822389783
-0.0001633543870209547
-8.733688197145719e-5
0.00011384416496600774
-0.0001501447046726219
0.0004002794184959006
-1.7925447945316753e-5
-0.0005003189825343969
0.0002556130815698041
0.00043747785027157653
-7.317483259721868e-5
0.00030704651517177357
-8.349655812716307e-5
-0.0005119471034165606
0.00010185000143562024
0.00026841383585472474
-0.00014514605507601197
-0.00038340075990141647
0.00011426057262094073
-0.00024393353216660435
0.0002003128202804502
0.00031585808948345756
-8.589122354515574e-5
-7.968813703995381e-5
1.8969135301574592e-5
