-31569.47470477652
-1697.6148103110856
510.89802970039597
369.0044581945571
-101.80862201749987
-15.608721065274784
935.9240643864895
78.54744232290423
19.103159487288234
11.058836937952519
-2.611114099348275
-0.582907886236889
9085.951380933435
521.2928785966476
-109.26912774345803
-83.25385234915403
22.579891126091024
3.937891486001934
262389.5553032006
535692.3546703153
920711.0167834266
-109121.32496521507
-439652.49592862505
-870.9433971771218
-2192.2038049012813
-3233.159669362147
297.4380326181774
1720.4274710649966
44.17457457116942
216.88665390278587
44.417502180127414
103.96632038136205
-23.694091530847157
-12.748842942254582
-41.225732720409226
-6.53105170995871
-28.087266067379332
-1.8902427896165195
-1.0320943163899114
0.49122960868790366
-1.3335073075269581
0.9109840575913262
-1.7518157381972983
471005.59885316784
1.0949360642782133e6
684863.0108930443
437220.0287180673
262248.32719328185
-1628.6692837362552
-3927.5493409364294
-2417.7657177631945
-1594.8810631507833
-953.1724178682963
-36.052428142649894
-56.429456195216105
-34.34007040091005
-12.089870562967185
-1.1965471961665937
11.234768197488362
27.416305693432303
13.65839811849593
10.080532981057202
3.6972771909890665
-0.9569780671902275
-2.0131865145686776
-1.3464828159424838
-0.9600001173346965
-0.38322487754130624
458832.1903128801
710973.013806916
690824.7243605629
330389.1979898449
146391.31776731793
-1698.7394745693007
-2650.7536360271883
-2617.22303956936
-1232.1235618808976
-537.1345918528041
28.12127620006782
52.78548217344422
33.5400947310777
9.211987387208605
-0.44929268079236784
-0.9381675400171751
-4.715124476310845
4.025773121693752
2.648789542533397
2.170936012236774
1.4688694033525955
2.29421777035307
1.1148252718494684
0.35638449705784314
0.0493522746327001
-887138.6320461972
-1.272303710259396e6
-1.1945999294347104e6
-633758.0177350909
-357454.9285917187
3164.751596380831
4527.453219656749
4329.404000324612
2352.6440876941515
1355.9308300501395
63.865562571984654
90.26281728453664
53.6444309866556
9.144257521997975
1.88908609550568
-22.24129327385116
-31.073940098270665
-26.67184040973066
-12.143042351534515
-8.827651375310104
2.1375913726576683
2.8757984122814277
2.1642079772705443
1.1084765507121166
0.7815518389152141
-91567.9308345606
-173478.92846322648
-128324.03119753426
-161285.59458050664
-74225.25735816502
342.6499004307292
704.8915119115386
486.8308672139622
623.8243371538595
271.30557963374605
0.7536958143036534
-10.313046277664192
1.668394648926136
1.8830070402754921
5.6688856443104605
-2.3223565032863043
-5.226100670119447
-4.458576185591036
-5.86775246129527
-3.267969125814585
-0.10492578487002421
-0.19236881837307745
-0.05950017359471741
0.07171868101634514
0.09081764321874695
-122234.82316012272
9721.511195907908
60074.473341080695
43239.293713321116
-45103.882279277874
319.3664335121865
-200.12024066471213
-312.4750780157476
-158.60459619330888
187.44831932733666
75.19316932996982
98.74812888670532
73.14619968029221
18.93133100082365
1.0290654977058171
-15.121982629527455
-17.596323568030563
-14.858558828180627
-3.786428801277549
-2.0213068379794494
0.7560539897887133
1.3892104404306833
1.2859284036028706
0.1629429386445658
0.2683588243031647
