9194.71972035231
53.33960292795106
8209.665948517284
124.94303402795714
9325.062575382268
131.9522662008486
990.6743976957953
10.605497528685653
679.6606816910073
5101.986607988792
1293.827383048572
14.614070428649423
1027.464800674162
-50.76500365238042
105.0652023697688
1200.6792785941093
1198.0829849665954
755.8712740658059
935.5309720862919
423.06505860519394
700.4287629759629
272.44955931658063
188.83509073098364
210.12034425667682
503.6997253881333
231.89939679035572
464.0462604798787
748.4062017476366
736.860980394061
92.12716399005116
1243.1248908915547
476.42234788359804
