0.4772873513977345
-1.2505051413704917
1.5561733986213566
-1.3207250131682917
0.5883346976072791
0.22409064461170725
-0.9109695117613292
0.6409247249758472
-0.0005602110026847609
-0.0001878168394604898
0.00038143658095071855
-0.000307685771518726
-2.2203011588100102e-5
0.00014824555733652247
-8.936405599031858e-5
5.6915564330232385e-5
0.0005646021811005094
0.00043572429039114344
-0.00016047877415371325
9.541669519841588e-5
-0.00010256454150960247
-6.93765719432438e-5
0.00012267725207244854
-3.752829613667319e-5
-0.0002185583830950613
-2.6989684572079706e-5
8.609348551690278e-5
-0.0003049560698872636
-8.866397188602166e-6
6.428110913264294e-5
-4.871181152731138e-5
7.762153903262836e-5
0.00011402010900373339
1.1572267369290989e-5
-0.00011104082841383618
5.5288671794904485e-5
7.833943946136987e-6
3.0542477413637276e-5
5.841046275840646e-5
-2.8179729283392057e-5
-8.412471751189054e-5
-8.030079188076346e-5
-2.4210434241795124e-5
-0.00013093283178785767
-0.00013403418916934097
-1.1592556515555739e-5
6.910299953187517e-7
-1.8852130743531207e-5
0.00012329884108521744
4.3141862242679416e-5
-7.032220130223178e-5
0.0001262747205763916
0.00011848586787771438
7.162749150710036e-5
6.685312787112473e-5
-2.7284387943467934e-6
-7.67306728830968e-5
-6.951975875177405e-5
1.3968169862011244e-5
5.762212780356065e-5
0.00010020839716629607
-0.0001029557834370037
-8.10588191949035e-5
7.124048933552422e-5
