3.8	0.3	0.01889995129066479
3.8035210385795115	0.3	0.0185315085833964
3.81054245288407	0.3	0.017842847866302882
3.8210230384625947	0.3	0.016920585817594667
3.834901291071488	0.3	0.015872401377064957
3.8520957676059977	0.3	0.01480628952664582
3.8725055640407353	0.3	0.013811196527148335
3.896010907574623	0.3	0.012943356079106313
3.9224738595053155	0.3	0.012221112598978309
3.951739124708353	0.3	0.011628840492851148
3.9836349629707026	0.3	0.011128316343844258
4.017974196830619	0.3	0.01067415075452452
4.054555310009415	0.3	0.010229070498249703
4.093163629989119	0.3	0.009775137260476819
4.1335725877961655	0.3	0.009318278686923396
4.175545047598226	0.3	0.00888541585056698
4.21883469831157	0.3	0.00851547307154766
4.263187499052436	0.3	0.008247119113143409
4.3083431699499615	0.3	0.00810681659900956
4.354036719571957	0.3	0.008100490210269344
4.3999999999999995	0.3	0.008210977831849748
4.4459632804280425	0.3	0.008401749463538222
4.491656830050038	0.3	0.008625644730406752
4.536812500947564	0.3	0.008836066027773105
4.58116530168843	0.3	0.008997512244227039
4.6244549524017735	0.3	0.009092666647448027
4.666427412203834	0.3	0.009124333279294626
4.706836370010881	0.3	0.009112017046603084
4.745444689990585	0.3	0.009084427561190286
4.782025803169381	0.3	0.009070241059944924
4.816365037029297	0.3	0.00908980090708724
4.848260875291647	0.3	0.009150008473968489
4.877526140494684	0.3	0.009243608505751998
4.903989092425377	0.3	0.009352733355251013
4.9274944359592645	0.3	0.009455337683893133
4.947904232394002	0.3	0.009532383452250156
4.965098708928512	0.3	0.009573532262532988
4.9789769615374055	0.3	0.009579673866504166
4.989457547115929	0.3	0.009561672444583048
4.996478961420489	0.3	0.009535915141445438
5.0	0.3	0.009518232455171
3.8	0.30352103857951146	0.018357350716629462
3.8035210385795115	0.30352103857951146	0.018012096499270568
3.81054245288407	0.30352103857951146	0.01736766206971074
3.8210230384625947	0.30352103857951146	0.01650662977596818
3.834901291071488	0.30352103857951146	0.015531255960028488
3.8520957676059977	0.30352103857951146	0.014543377075802083
3.8725055640407353	0.30352103857951146	0.013625761517059689
3.896010907574623	0.30352103857951146	0.012829127055155187
3.9224738595053155	0.30352103857951146	0.012167519039011322
3.951739124708353	0.30352103857951146	0.011622589462572382
3.9836349629707026	0.30352103857951146	0.01115509714478039
4.017974196830619	0.30352103857951146	0.010720235586545432
4.054555310009415	0.30352103857951146	0.010282613782582889
4.093163629989119	0.30352103857951146	0.009827038342157774
4.1335725877961655	0.30352103857951146	0.009362550547978084
4.175545047598226	0.30352103857951146	0.008919082476562593
4.21883469831157	0.30352103857951146	0.008538086823260831
4.263187499052436	0.30352103857951146	0.008260036160411143
4.3083431699499615	0.30352103857951146	0.008112386988740408
4.354036719571957	0.30352103857951146	0.008101308727552955
4.3999999999999995	0.30352103857951146	0.008209307067817175
4.4459632804280425	0.30352103857951146	0.008399176224727965
4.491656830050038	0.30352103857951146	0.008622976204716894
4.536812500947564	0.30352103857951146	0.008833424053664548
4.58116530168843	0.30352103857951146	0.008994551492419359
4.6244549524017735	0.30352103857951146	0.00908883050782162
4.666427412203834	0.30352103857951146	0.009119070042920485
4.706836370010881	0.30352103857951146	0.009104904392289134
4.745444689990585	0.30352103857951146	0.009075187884724773
4.782025803169381	0.30352103857951146	0.009058664826026002
4.816365037029297	0.30352103857951146	0.00907562157287676
4.848260875291647	0.30352103857951146	0.009132784732382895
4.877526140494684	0.30352103857951146	0.009222665464579808
4.903989092425377	0.30352103857951146	0.00932719572511835
4.9274944359592645	0.30352103857951146	0.009424260481917494
4.947904232394002	0.30352103857951146	0.00949495658327014
4.965098708928512	0.30352103857951146	0.009529312253382253
4.9789769615374055	0.30352103857951146	0.009528784962901852
4.989457547115929	0.30352103857951146	0.00950492309206695
4.996478961420489	0.30352103857951146	0.009474793658607109
5.0	0.30352103857951146	0.00945477307363274
3.8	0.3105424528840703	0.01740481725409192
3.8035210385795115	0.3105424528840703	0.01710018128473709
3.81054245288407	0.3105424528840703	0.016533256340768628
3.8210230384625947	0.3105424528840703	0.015779626540343674
3.834901291071488	0.3105424528840703	0.014932125543528426
3.8520957676059977	0.3105424528840703	0.01408186076107834
3.8725055640407353	0.3105424528840703	0.013300798479283067
3.896010907574623	0.3105424528840703	0.012629961077619368
3.9224738595053155	0.3105424528840703	0.01207577571090526
3.951739124708353	0.3105424528840703	0.011614994882116004
3.9836349629707026	0.3105424528840703	0.011206442641839925
4.017974196830619	0.3105424528840703	0.010806187903630313
4.054555310009415	0.3105424528840703	0.01038202471643079
4.093163629989119	0.3105424528840703	0.009923510635091106
4.1335725877961655	0.3105424528840703	0.0094451488797231
4.175545047598226	0.3105424528840703	0.008982216648459178
4.21883469831157	0.3105424528840703	0.008580715510655125
4.263187499052436	0.3105424528840703	0.008284424835476057
4.3083431699499615	0.3105424528840703	0.008122691021795032
4.354036719571957	0.3105424528840703	0.008102239727557692
4.3999999999999995	0.3105424528840703	0.008205084040554889
4.4459632804280425	0.3105424528840703	0.008392877602713334
4.491656830050038	0.3105424528840703	0.008616313264743288
4.536812500947564	0.3105424528840703	0.008826870291248437
4.58116530168843	0.3105424528840703	0.008987702382981088
4.6244549524017735	0.3105424528840703	0.009080843429044144
4.666427412203834	0.3105424528840703	0.00910904641848839
4.706836370010881	0.3105424528840703	0.009092118706806892
4.745444689990585	0.3105424528840703	0.00905912825530034
4.782025803169381	0.3105424528840703	0.009038911399493256
4.816365037029297	0.3105424528840703	0.00905163696322929
4.848260875291647	0.3105424528840703	0.009103714016358346
4.877526140494684	0.3105424528840703	0.00918723748900776
4.903989092425377	0.3105424528840703	0.009283785593475358
4.9274944359592645	0.3105424528840703	0.009371124427719766
4.947904232394002	0.3105424528840703	0.009430598282840683
4.965098708928512	0.3105424528840703	0.009452897824716047
4.9789769615374055	0.3105424528840703	0.009440503414719872
4.989457547115929	0.3105424528840703	0.009406195251407293
4.996478961420489	0.3105424528840703	0.009368264209633098
5.0	0.3105424528840703	0.009344069465117608
3.8	0.3210230384625948	0.016275505476476593
3.8035210385795115	0.3210230384625948	0.01601881176295645
3.81054245288407	0.3210230384625948	0.015543468310366227
3.8210230384625947	0.3210230384625948	0.014916962668456275
3.834901291071488	0.3210230384625948	0.014221188020374788
3.8520957676059977	0.3210230384625948	0.013534728577531838
3.8725055640407353	0.3210230384625948	0.012916848064106295
3.896010907574623	0.3210230384625948	0.012397046828698903
3.9224738595053155	0.3210230384625948	0.01197255189404737
3.951739124708353	0.3210230384625948	0.011614021096202415
3.9836349629707026	0.3210230384625948	0.011277631270634263
4.017974196830619	0.3210230384625948	0.010920134781943534
4.054555310009415	0.3210230384625948	0.010512814255070516
4.093163629989119	0.3210230384625948	0.010050693844407438
4.1335725877961655	0.3210230384625948	0.009554738020136835
4.175545047598226	0.3210230384625948	0.009066698682178504
4.21883469831157	0.3210230384625948	0.008638231659281575
4.263187499052436	0.3210230384625948	0.008317372030227957
4.3083431699499615	0.3210230384625948	0.008136056839636571
4.354036719571957	0.3210230384625948	0.00810197964850277
4.3999999999999995	0.3210230384625948	0.008196793684032649
4.4459632804280425	0.3210230384625948	0.008380917915873967
4.491656830050038	0.3210230384625948	0.008603434906156232
4.536812500947564	0.3210230384625948	0.008814278172840561
4.58116530168843	0.3210230384625948	0.008975423140042503
4.6244549524017735	0.3210230384625948	0.009068221066038855
4.666427412203834	0.3210230384625948	0.009095198453852116
4.706836370010881	0.3210230384625948	0.009076230652371512
4.745444689990585	0.3210230384625948	0.00904053379349292
4.782025803169381	0.3210230384625948	0.00901698013057837
4.816365037029297	0.3210230384625948	0.009025552057858736
4.848260875291647	0.3210230384625948	0.009072254002055786
4.877526140494684	0.3210230384625948	0.009148673024898
4.903989092425377	0.3210230384625948	0.009235965939883871
4.9274944359592645	0.3210230384625948	0.009311770189961356
4.947904232394002	0.3210230384625948	0.009357753084941125
4.965098708928512	0.3210230384625948	0.009365439229543372
4.9789769615374055	0.3210230384625948	0.009338586801535235
4.989457547115929	0.3210230384625948	0.00929151084538527
4.996478961420489	0.3210230384625948	0.009244025775540697
5.0	0.3210230384625948	0.00921471383911268
3.8	0.33490129107148847	0.01524664652022485
3.8035210385795115	0.33490129107148847	0.01503324077302454
3.81054245288407	0.33490129107148847	0.014640761206260573
3.8210230384625947	0.33490129107148847	0.01412968017300476
3.834901291071488	0.33490129107148847	0.013572340541652997
3.8520957676059977	0.33490129107148847	0.013036274593182651
3.8725055640407353	0.33490129107148847	0.012569365147325522
3.896010907574623	0.33490129107148847	0.01219057104947507
3.9224738595053155	0.33490129107148847	0.011888439199255519
3.951739124708353	0.33490129107148847	0.011627562359796829
3.9836349629707026	0.33490129107148847	0.011361067967627704
4.017974196830619	0.33490129107148847	0.011045686983188108
4.054555310009415	0.33490129107148847	0.010655352226584827
4.093163629989119	0.33490129107148847	0.010189755983188609
4.1335725877961655	0.33490129107148847	0.009675709773197799
4.175545047598226	0.33490129107148847	0.009161101157094176
4.21883469831157	0.33490129107148847	0.008703202544087215
4.263187499052436	0.33490129107148847	0.008354532872342566
4.3083431699499615	0.33490129107148847	0.008150031546244385
4.354036719571957	0.33490129107148847	0.008098848888240298
4.3999999999999995	0.33490129107148847	0.008182738202049589
4.4459632804280425	0.33490129107148847	0.008361230125419271
4.491656830050038	0.33490129107148847	0.008581979961391132
4.536812500947564	0.33490129107148847	0.008793384714989557
4.58116530168843	0.33490129107148847	0.00895610115153719
4.6244549524017735	0.33490129107148847	0.009050555721449603
4.666427412203834	0.33490129107148847	0.009078761917121338
4.706836370010881	0.33490129107148847	0.009060385874111707
4.745444689990585	0.33490129107148847	0.009024563946751173
4.782025803169381	0.33490129107148847	0.009000046909974349
4.816365037029297	0.33490129107148847	0.009006546719198967
4.848260875291647	0.33490129107148847	0.009049641074140474
4.877526140494684	0.33490129107148847	0.00912042952109337
4.903989092425377	0.33490129107148847	0.009199689151365972
4.9274944359592645	0.33490129107148847	0.009264973989817491
4.947904232394002	0.33490129107148847	0.00929831147526723
4.965098708928512	0.33490129107148847	0.009292083975638493
4.9789769615374055	0.33490129107148847	0.009251338152161635
4.989457547115929	0.33490129107148847	0.009191924764286388
4.996478961420489	0.33490129107148847	0.009135177374893482
5.0	0.33490129107148847	0.009100895848604613
3.8	0.35209576760599776	0.014572801130921027
3.8035210385795115	0.35209576760599776	0.014387105329279204
3.81054245288407	0.35209576760599776	0.014047953835414602
3.8210230384625947	0.35209576760599776	0.013611813922151982
3.834901291071488	0.35209576760599776	0.013145456015916638
3.8520957676059977	0.35209576760599776	0.01270976212896775
3.8725055640407353	0.35209576760599776	0.012345482316535568
3.896010907574623	0.35209576760599776	0.012064608874361461
3.9224738595053155	0.35209576760599776	0.011849525735750295
3.951739124708353	0.35209576760599776	0.011660021184311982
3.9836349629707026	0.35209576760599776	0.011446180929714276
4.017974196830619	0.35209576760599776	0.011163656733895744
4.054555310009415	0.35209576760599776	0.010787231466953887
4.093163629989119	0.35209576760599776	0.010319114846899017
4.1335725877961655	0.35209576760599776	0.00978985236400231
4.175545047598226	0.35209576760599776	0.009251712174923828
4.21883469831157	0.35209576760599776	0.008766393733698122
4.263187499052436	0.35209576760599776	0.008390350745417717
4.3083431699499615	0.35209576760599776	0.00816156527930442
4.354036719571957	0.35209576760599776	0.008091125939782869
4.3999999999999995	0.35209576760599776	0.008161606513967697
4.4459632804280425	0.35209576760599776	0.008332399353451007
4.491656830050038	0.35209576760599776	0.008550337811858948
4.536812500947564	0.35209576760599776	0.00876263228714066
4.58116530168843	0.35209576760599776	0.008928680233732299
4.6244549524017735	0.35209576760599776	0.009027787055562272
4.666427412203834	0.35209576760599776	0.009061087276548151
4.706836370010881	0.35209576760599776	0.009047611635055733
4.745444689990585	0.35209576760599776	0.009016034892851646
4.782025803169381	0.35209576760599776	0.008994725075291143
4.816365037029297	0.35209576760599776	0.00900301669063455
4.848260875291647	0.35209576760599776	0.009046096640730122
4.877526140494684	0.35209576760599776	0.00911470760941249
4.903989092425377	0.35209576760599776	0.009189403193156065
4.9274944359592645	0.35209576760599776	0.009247765116537505
4.947904232394002	0.35209576760599776	0.009272192889846141
4.965098708928512	0.35209576760599776	0.009255814843393004
4.9789769615374055	0.35209576760599776	0.009204740556604503
4.989457547115929	0.35209576760599776	0.009136058252617887
4.996478961420489	0.35209576760599776	0.00907231117632166
5.0	0.35209576760599776	0.00903426278549331
3.8	0.3725055640407353	0.014425109977161236
3.8035210385795115	0.3725055640407353	0.014244338481617316
3.81054245288407	0.3725055640407353	0.013915183046895182
3.8210230384625947	0.3725055640407353	0.013494287168580735
3.834901291071488	0.3725055640407353	0.01304842381148519
3.8520957676059977	0.3725055640407353	0.012638078240800628
3.8725055640407353	0.3725055640407353	0.012303026265927379
3.896010907574623	0.3725055640407353	0.012053639449559223
3.9224738595053155	0.3725055640407353	0.011870111389754115
3.951739124708353	0.3725055640407353	0.011709694440634922
3.9836349629707026	0.3725055640407353	0.011519928427726757
4.017974196830619	0.3725055640407353	0.011254292148645472
4.054555310009415	0.3725055640407353	0.010886120229975961
4.093163629989119	0.3725055640407353	0.010417145730729946
4.1335725877961655	0.3725055640407353	0.009878498717077994
4.175545047598226	0.3725055640407353	0.009324006659502945
4.21883469831157	0.3725055640407353	0.008817658465998825
4.263187499052436	0.3725055640407353	0.008418574659969669
4.3083431699499615	0.3725055640407353	0.00816739005489583
4.354036719571957	0.3725055640407353	0.008077474748031738
4.3999999999999995	0.3725055640407353	0.008133050191899038
4.4459632804280425	0.3725055640407353	0.008294390391382522
4.491656830050038	0.3725055640407353	0.00850844845197178
4.536812500947564	0.3725055640407353	0.008721911124910569
4.58116530168843	0.3725055640407353	0.008893200358995622
4.6244549524017735	0.3725055640407353	0.009000409950852477
4.666427412203834	0.3725055640407353	0.00904342266963749
4.706836370010881	0.3725055640407353	0.009040123674366777
4.745444689990585	0.3725055640407353	0.00901823380033619
4.782025803169381	0.3725055640407353	0.009005389703438652
4.816365037029297	0.3725055640407353	0.009020411479782548
4.848260875291647	0.3725055640407353	0.009068168251256399
4.877526140494684	0.3725055640407353	0.009139264136736313
4.903989092425377	0.3725055640407353	0.00921428706240974
4.9274944359592645	0.3725055640407353	0.009271028109190409
4.947904232394002	0.3725055640407353	0.009292270856641366
4.965098708928512	0.3725055640407353	0.009271685884890607
4.9789769615374055	0.3725055640407353	0.009216040006673079
4.989457547115929	0.3725055640407353	0.009143121578471726
4.996478961420489	0.3725055640407353	0.009076123885156656
5.0	0.3725055640407353	0.009036313032111068
3.8	0.3960109075746232	0.014851225551193689
3.8035210385795115	0.3960109075746232	0.014650850078009245
3.81054245288407	0.3960109075746232	0.014284910590927787
3.8210230384625947	0.3960109075746232	0.013814501393327872
3.834901291071488	0.3960109075746232	0.013312152610663902
3.8520957676059977	0.3960109075746232	0.012844501135129428
3.8725055640407353	0.3960109075746232	0.012456930413594372
3.896010907574623	0.3960109075746232	0.012164075674695013
3.9224738595053155	0.3960109075746232	0.0119485224369916
3.951739124708353	0.3960109075746232	0.011767865621967579
3.9836349629707026	0.3960109075746232	0.011568120443007878
4.017974196830619	0.3960109075746232	0.011299858600114544
4.054555310009415	0.3960109075746232	0.010932802828886083
4.093163629989119	0.3960109075746232	0.01046510257068594
4.1335725877961655	0.3960109075746232	0.00992498354106353
4.175545047598226	0.3960109075746232	0.009364506167977765
4.21883469831157	0.3960109075746232	0.008847229654052517
4.263187499052436	0.3960109075746232	0.008433113620424065
4.3083431699499615	0.3960109075746232	0.008164604791565068
4.354036719571957	0.3960109075746232	0.008057414437945179
4.3999999999999995	0.3960109075746232	0.008098142621537038
4.4459632804280425	0.3960109075746232	0.008249036617083417
4.491656830050038	0.3960109075746232	0.008458300352664892
4.536812500947564	0.3960109075746232	0.008673000864498851
4.58116530168843	0.3960109075746232	0.008851096392015102
4.6244549524017735	0.3960109075746232	0.00896954572605118
4.666427412203834	0.3960109075746232	0.00902669164728834
4.706836370010881	0.3960109075746232	0.009038771255107008
4.745444689990585	0.3960109075746232	0.009032017141594864
4.782025803169381	0.3960109075746232	0.0090329314474464
4.816365037029297	0.3960109075746232	0.009059649842354255
4.848260875291647	0.3960109075746232	0.00911680513196144
4.877526140494684	0.3960109075746232	0.009195131501290388
4.903989092425377	0.3960109075746232	0.009275583008955679
4.9274944359592645	0.3960109075746232	0.009336409457525837
4.947904232394002	0.3960109075746232	0.00936082090770961
4.965098708928512	0.3960109075746232	0.009342798242770676
4.9789769615374055	0.3960109075746232	0.009289268921454388
4.989457547115929	0.3960109075746232	0.00921804605659218
4.996478961420489	0.3960109075746232	0.009152259321749323
5.0	0.3960109075746232	0.009113084609749815
3.8	0.4224738595053156	0.015765327092071336
3.8035210385795115	0.4224738595053156	0.015524961540882514
3.81054245288407	0.4224738595053156	0.015083170357917201
3.8210230384625947	0.4224738595053156	0.014508735270622464
3.834901291071488	0.4224738595053156	0.01388438349317034
3.8520957676059977	0.4224738595053156	0.013288093822882643
3.8725055640407353	0.4224738595053156	0.01277626722546911
3.896010907574623	0.4224738595053156	0.012372881350229325
3.9224738595053155	0.4224738595053156	0.01206715450045476
3.951739124708353	0.4224738595053156	0.011820026951034778
3.9836349629707026	0.4224738595053156	0.011577512630665459
4.017974196830619	0.4224738595053156	0.011287270175776189
4.054555310009415	0.4224738595053156	0.01091402292359545
4.093163629989119	0.4224738595053156	0.01044988903121542
4.1335725877961655	0.4224738595053156	0.009917125117321969
4.175545047598226	0.4224738595053156	0.009362835291329941
4.21883469831157	0.4224738595053156	0.008847297079719454
4.263187499052436	0.4224738595053156	0.008429152243345448
4.3083431699499615	0.4224738595053156	0.008151398463475795
4.354036719571957	0.4224738595053156	0.008031745942333454
4.3999999999999995	0.4224738595053156	0.008059607579413965
4.4459632804280425	0.4224738595053156	0.008200152089292314
4.491656830050038	0.4224738595053156	0.008403979165425284
4.536812500947564	0.4224738595053156	0.008619577767640607
4.58116530168843	0.4224738595053156	0.008805159624292335
4.6244549524017735	0.4224738595053156	0.008936837736221162
4.666427412203834	0.4224738595053156	0.009011298138584997
4.706836370010881	0.4224738595053156	0.009042732005477826
4.745444689990585	0.4224738595053156	0.009055386519415839
4.782025803169381	0.4224738595053156	0.00907421531848993
4.816365037029297	0.4224738595053156	0.009116470281944976
4.848260875291647	0.4224738595053156	0.00918660959337114
4.877526140494684	0.4224738595053156	0.009275773517017217
4.903989092425377	0.4224738595053156	0.009365651322330477
4.9274944359592645	0.4224738595053156	0.009435257245500598
4.947904232394002	0.4224738595053156	0.009468327047008179
4.965098708928512	0.4224738595053156	0.009458958720111398
4.9789769615374055	0.4224738595053156	0.009413753182408549
4.989457547115929	0.4224738595053156	0.009349852834864171
4.996478961420489	0.4224738595053156	0.009289571145552402
5.0	0.4224738595053156	0.009253360215338293
3.8	0.45173912470835287	0.01697008117260507
3.8035210385795115	0.45173912470835287	0.01667837178533606
3.81054245288407	0.45173912470835287	0.016138669427414442
3.8210230384625947	0.45173912470835287	0.015428738167740848
3.834901291071488	0.45173912470835287	0.0146434252428303
3.8520957676059977	0.45173912470835287	0.013874539125038726
3.8725055640407353	0.45173912470835287	0.013192417680161932
3.896010907574623	0.45173912470835287	0.012633515743779295
3.9224738595053155	0.45173912470835287	0.012196744088972668
3.951739124708353	0.45173912470835287	0.011849041597155231
3.9836349629707026	0.45173912470835287	0.01153834879951805
4.017974196830619	0.45173912470835287	0.011210369170713512
4.054555310009415	0.45173912470835287	0.010824699487092563
4.093163629989119	0.45173912470835287	0.010366262351231196
4.1335725877961655	0.45173912470835287	0.009849356069702131
4.175545047598226	0.45173912470835287	0.009313656566651191
4.21883469831157	0.45173912470835287	0.008813614235939116
4.263187499052436	0.45173912470835287	0.008404330768563447
4.3083431699499615	0.45173912470835287	0.008127763871340643
4.354036719571957	0.45173912470835287	0.00800282593836659
4.3999999999999995	0.45173912470835287	0.008021734951635254
4.4459632804280425	0.45173912470835287	0.008153204108580642
4.491656830050038	0.45173912470835287	0.008351220170305885
4.536812500947564	0.45173912470835287	0.00856675591336128
4.58116530168843	0.45173912470835287	0.00875914832893272
4.6244549524017735	0.45173912470835287	0.008904179587085904
4.666427412203834	0.45173912470835287	0.008996993059521884
4.706836370010881	0.45173912470835287	0.009049520435995835
4.745444689990585	0.45173912470835287	0.009083637145678837
4.782025803169381	0.45173912470835287	0.009122371143965946
4.816365037029297	0.45173912470835287	0.009181874199575068
4.848260875291647	0.45173912470835287	0.00926645177260689
4.877526140494684	0.45173912470835287	0.009367894224251619
4.903989092425377	0.45173912470835287	0.009468992697442289
4.9274944359592645	0.45173912470835287	0.009549867419526346
4.947904232394002	0.45173912470835287	0.009594949190056774
4.965098708928512	0.45173912470835287	0.009598351621537998
4.9789769615374055	0.45173912470835287	0.00956595927295162
4.989457547115929	0.45173912470835287	0.009513637187029682
4.996478961420489	0.45173912470835287	0.009462200673806159
5.0	0.45173912470835287	0.009430792276213084
3.8	0.4836349629707027	0.01820454843327179
3.8035210385795115	0.4836349629707027	0.017861915899288462
3.81054245288407	0.4836349629707027	0.017224496426250412
3.8210230384625947	0.4836349629707027	0.01637793841751159
3.834901291071488	0.4836349629707027	0.015428001221344467
3.8520957676059977	0.4836349629707027	0.01447939892847106
3.8725055640407353	0.4836349629707027	0.013616106854223379
3.896010907574623	0.4836349629707027	0.01288757687863327
3.9224738595053155	0.4836349629707027	0.012303744219962076
3.951739124708353	0.4836349629707027	0.011839477193409472
3.9836349629707026	0.4836349629707027	0.011446801716065226
4.017974196830619	0.4836349629707027	0.011071412715522574
4.054555310009415	0.4836349629707027	0.010669111034703607
4.093163629989119	0.4836349629707027	0.010218066622270488
4.1335725877961655	0.4836349629707027	0.009724097083748504
4.175545047598226	0.4836349629707027	0.009218092732463743
4.21883469831157	0.4836349629707027	0.008746785578672242
4.263187499052436	0.4836349629707027	0.008359707880535817
4.3083431699499615	0.4836349629707027	0.008096004670723965
4.354036719571957	0.4836349629707027	0.007974578559365305
4.3999999999999995	0.4836349629707027	0.007989952706053292
4.4459632804280425	0.4836349629707027	0.008114575273821933
4.491656830050038	0.4836349629707027	0.00830653001747845
4.536812500947564	0.4836349629707027	0.008520241356245833
4.58116530168843	0.4836349629707027	0.008717120901148078
4.6244549524017735	0.4836349629707027	0.008873331397272411
4.666427412203834	0.4836349629707027	0.008982833379764873
4.706836370010881	0.4836349629707027	0.009055314499684856
4.745444689990585	0.4836349629707027	0.009110057338910255
4.782025803169381	0.4836349629707027	0.009167868383440948
4.816365037029297	0.4836349629707027	0.009243587126027367
4.848260875291647	0.4836349629707027	0.009341341746829546
4.877526140494684	0.4836349629707027	0.009453755942319092
4.903989092425377	0.4836349629707027	0.009565049436526122
4.9274944359592645	0.4836349629707027	0.009656796335463187
4.947904232394002	0.4836349629707027	0.009714355469290788
4.965098708928512	0.4836349629707027	0.009731871550567189
4.9789769615374055	0.4836349629707027	0.009714276953832523
4.989457547115929	0.4836349629707027	0.009675719876999027
4.996478961420489	0.4836349629707027	0.009634989740910194
5.0	0.4836349629707027	0.009609451417890527
3.8	0.5179741968306188	0.01920583425735654
3.8035210385795115	0.5179741968306188	0.018824451181069783
3.81054245288407	0.5179741968306188	0.01811178524718202
3.8210230384625947	0.5179741968306188	0.017157993593810355
3.834901291071488	0.5179741968306188	0.01607553521934277
3.8520957676059977	0.5179741968306188	0.014977789292734644
3.8725055640407353	0.5179741968306188	0.013958878378394539
3.896010907574623	0.5179741968306188	0.013079096369131283
3.9224738595053155	0.5179741968306188	0.012358859831480017
3.951739124708353	0.5179741968306188	0.011781962851523442
3.9836349629707026	0.5179741968306188	0.011306669236906373
4.017974196830619	0.5179741968306188	0.01088138556624741
4.054555310009415	0.5179741968306188	0.010460755593944366
4.093163629989119	0.5179741968306188	0.010018192310518977
4.1335725877961655	0.5179741968306188	0.009552026942244902
4.175545047598226	0.5179741968306188	0.009084262244093932
4.21883469831157	0.5179741968306188	0.008652875470826542
4.263187499052436	0.5179741968306188	0.008300211318577534
4.3083431699499615	0.5179741968306188	0.008060841531037434
4.354036719571957	0.5179741968306188	0.007952168039805087
4.3999999999999995	0.5179741968306188	0.007970088859526695
4.4459632804280425	0.5179741968306188	0.008090533440266506
4.491656830050038	0.5179741968306188	0.008276043388453287
4.536812500947564	0.5179741968306188	0.008485271932190641
4.58116530168843	0.5179741968306188	0.008682635952130443
4.6244549524017735	0.5179741968306188	0.00884551423706125
4.666427412203834	0.5179741968306188	0.008967254276700852
4.706836370010881	0.5179741968306188	0.00905554495548991
4.745444689990585	0.5179741968306188	0.009127046791570207
4.782025803169381	0.5179741968306188	0.00920016598071443
4.816365037029297	0.5179741968306188	0.009288249288728909
4.848260875291647	0.5179741968306188	0.009395184472844985
4.877526140494684	0.5179741968306188	0.009514536048136854
4.903989092425377	0.5179741968306188	0.009632206932542159
4.9274944359592645	0.5179741968306188	0.0097315420116784
4.947904232394002	0.5179741968306188	0.009799096184880368
4.965098708928512	0.5179741968306188	0.009829168797954639
4.9789769615374055	0.5179741968306188	0.009825673345905358
4.989457547115929	0.5179741968306188	0.009800804385429506
4.996478961420489	0.5179741968306188	0.009770997362136364
5.0	0.5179741968306188	0.009751530416660286
3.8	0.5545553100094155	0.019769260299993853
3.8035210385795115	0.5545553100094155	0.01937032166094074
3.81054245288407	0.5545553100094155	0.01862205909707927
3.8210230384625947	0.5545553100094155	0.017614143522254717
3.834901291071488	0.5545553100094155	0.01645935469836464
3.8520957676059977	0.5545553100094155	0.015273053556175914
3.8725055640407353	0.5545553100094155	0.014153595337785685
3.896010907574623	0.5545553100094155	0.013167831274020455
3.9224738595053155	0.5545553100094155	0.01234450095034081
3.951739124708353	0.5545553100094155	0.01167635479252728
3.9836349629707026	0.5545553100094155	0.011129767446187107
4.017974196830619	0.5545553100094155	0.010658924654311416
4.054555310009415	0.5545553100094155	0.010220787677229741
4.093163629989119	0.5545553100094155	0.009787143057696783
4.1335725877961655	0.5545553100094155	0.009351057569464154
4.175545047598226	0.5545553100094155	0.008926675486862812
4.21883469831157	0.5545553100094155	0.00854307280139755
4.263187499052436	0.5545553100094155	0.008234355046176664
4.3083431699499615	0.5545553100094155	0.00802898859507675
4.354036719571957	0.5545553100094155	0.007941319973169398
4.3999999999999995	0.5545553100094155	0.007967424287438926
4.4459632804280425	0.5545553100094155	0.008086096473539707
4.491656830050038	0.5545553100094155	0.008264345238988337
4.536812500947564	0.5545553100094155	0.00846557005503431
4.58116530168843	0.5545553100094155	0.008658000655201375
4.6244549524017735	0.5545553100094155	0.0088210856093091
4.666427412203834	0.5545553100094155	0.008948258747706574
4.706836370010881	0.5545553100094155	0.009045644053890559
4.745444689990585	0.5545553100094155	0.009127439613336528
4.782025803169381	0.5545553100094155	0.009209612006013697
4.816365037029297	0.5545553100094155	0.00930389618331378
4.848260875291647	0.5545553100094155	0.009413857036260064
4.877526140494684	0.5545553100094155	0.00953402948483936
4.903989092425377	0.5545553100094155	0.009652156604076713
4.9274944359592645	0.5545553100094155	0.009753597486929957
4.947904232394002	0.5545553100094155	0.009826358408106755
4.965098708928512	0.5545553100094155	0.009865084036204888
4.9789769615374055	0.5545553100094155	0.0098727458599768
4.989457547115929	0.5545553100094155	0.009859542687008541
4.996478961420489	0.5545553100094155	0.00983943308287337
5.0	0.5545553100094155	0.009825469509543716
3.8	0.593163629989119	0.01979267383134221
3.8035210385795115	0.593163629989119	0.019401660520566837
3.81054245288407	0.593163629989119	0.018665728826029276
3.8210230384625947	0.593163629989119	0.017668496564216065
3.834901291071488	0.593163629989119	0.01651587037100838
3.8520957676059977	0.593163629989119	0.015317506946504071
3.8725055640407353	0.593163629989119	0.014168966392184065
3.896010907574623	0.593163629989119	0.013138244825397405
3.9224738595053155	0.593163629989119	0.012259211408059646
3.951739124708353	0.593163629989119	0.011532766658679083
3.9836349629707026	0.593163629989119	0.010934718726248908
4.017974196830619	0.593163629989119	0.010427891348617654
4.054555310009415	0.593163629989119	0.009975180799190544
4.093163629989119	0.593163629989119	0.009550332501335008
4.1335725877961655	0.593163629989119	0.009144052697494062
4.175545047598226	0.593163629989119	0.008764449453648371
4.21883469831157	0.593163629989119	0.008432328709264298
4.263187499052436	0.593163629989119	0.008173153213686668
4.3083431699499615	0.593163629989119	0.008008188924692555
4.354036719571957	0.593163629989119	0.007947363714951212
4.3999999999999995	0.593163629989119	0.007985693342065487
4.4459632804280425	0.593163629989119	0.008104011568768325
4.491656830050038	0.593163629989119	0.008273504716870612
4.536812500947564	0.593163629989119	0.008462538847378211
4.58116530168843	0.593163629989119	0.008643742709854385
4.6244549524017735	0.593163629989119	0.008799385710231781
4.666427412203834	0.593163629989119	0.008923708921935019
4.706836370010881	0.593163629989119	0.00902182212689597
4.745444689990585	0.593163629989119	0.009105781303461622
4.782025803169381	0.593163629989119	0.009189221311787777
4.816365037029297	0.593163629989119	0.009282233658404974
4.848260875291647	0.593163629989119	0.009387982939996124
4.877526140494684	0.593163629989119	0.00950193259900099
4.903989092425377	0.593163629989119	0.009613705927378813
4.9274944359592645	0.593163629989119	0.009710802738256096
4.947904232394002	0.593163629989119	0.00978286431237027
4.965098708928512	0.593163629989119	0.009825075920384577
4.9789769615374055	0.593163629989119	0.009839632076606191
4.989457547115929	0.593163629989119	0.009834846764394486
4.996478961420489	0.593163629989119	0.00982225746476088
5.0	0.593163629989119	0.009812708203522926
3.8	0.6335725877961653	0.019294892364477283
3.8035210385795115	0.6335725877961653	0.018935981909174605
3.81054245288407	0.6335725877961653	0.018258056153012975
3.8210230384625947	0.6335725877961653	0.01733373343942975
3.834901291071488	0.6335725877961653	0.016255585729204446
3.8520957676059977	0.6335725877961653	0.01512054121662636
3.8725055640407353	0.6335725877961653	0.014014762403290934
3.896010907574623	0.6335725877961653	0.013002058133429117
3.9224738595053155	0.6335725877961653	0.012117943030336026
3.951739124708353	0.6335725877961653	0.011370061841403397
3.9836349629707026	0.6335725877961653	0.010744203829599553
4.017974196830619	0.6335725877961653	0.010213910664521158
4.054555310009415	0.6335725877961653	0.00975101647024536
4.093163629989119	0.6335725877961653	0.009334485643348062
4.1335725877961655	0.6335725877961653	0.008955586994494101
4.175545047598226	0.6335725877961653	0.008618553835376618
4.21883469831157	0.6335725877961653	0.008337119129911448
4.263187499052436	0.6335725877961653	0.008128356064883501
4.3083431699499615	0.6335725877961653	0.008005839922018579
4.354036719571957	0.6335725877961653	0.007974153357093594
4.3999999999999995	0.6335725877961653	0.008026220815057286
4.4459632804280425	0.6335725877961653	0.008144058307974399
4.491656830050038	0.6335725877961653	0.008302529183873543
4.536812500947564	0.6335725877961653	0.008474882811347062
4.58116530168843	0.6335725877961653	0.008638433929784299
4.6244549524017735	0.6335725877961653	0.008778807874207846
4.666427412203834	0.6335725877961653	0.008891682945221505
4.706836370010881	0.6335725877961653	0.008981737754151328
4.745444689990585	0.6335725877961653	0.009059322967109694
4.782025803169381	0.6335725877961653	0.009135990128688229
4.816365037029297	0.6335725877961653	0.009220259976272314
4.848260875291647	0.6335725877961653	0.009314846025993117
4.877526140494684	0.6335725877961653	0.009416036203708294
4.903989092425377	0.6335725877961653	0.009515243557647162
4.9274944359592645	0.6335725877961653	0.00960207948864328
4.947904232394002	0.6335725877961653	0.009667873711086333
4.965098708928512	0.6335725877961653	0.00970848348624223
4.9789769615374055	0.6335725877961653	0.009725511813558173
4.989457547115929	0.6335725877961653	0.009725593359296432
4.996478961420489	0.6335725877961653	0.009718034696755858
5.0	0.6335725877961653	0.00971161604052215
3.8	0.6755450475982268	0.018404988830620753
3.8035210385795115	0.6755450475982268	0.018095928013837477
3.81054245288407	0.6755450475982268	0.01750975280026556
3.8210230384625947	0.6755450475982268	0.01670481944040765
3.834901291071488	0.6755450475982268	0.015756022220098403
3.8520957676059977	0.6755450475982268	0.014742700574698788
3.8725055640407353	0.6755450475982268	0.013736847800695298
3.896010907574623	0.6755450475982268	0.012793960123343896
3.9224738595053155	0.6755450475982268	0.011948148123769441
3.951739124708353	0.6755450475982268	0.01121207315632935
3.9836349629707026	0.6755450475982268	0.010581139279400789
4.017974196830619	0.6755450475982268	0.010040445453535118
4.054555310009415	0.6755450475982268	0.009572500249643616
4.093163629989119	0.6755450475982268	0.009163723328768452
4.1335725877961655	0.6755450475982268	0.008808268154402905
4.175545047598226	0.6755450475982268	0.008508539389749834
4.21883469831157	0.6755450475982268	0.0082727101340125
4.263187499052436	0.6755450475982268	0.008110320734895454
4.3083431699499615	0.6755450475982268	0.008027468526360364
4.354036719571957	0.6755450475982268	0.008023085527027088
4.3999999999999995	0.6755450475982268	0.008087380374088687
4.4459632804280425	0.6755450475982268	0.00820283132471638
4.491656830050038	0.6755450475982268	0.00834736421978507
4.536812500947564	0.6755450475982268	0.0084987445517942
4.58116530168843	0.6755450475982268	0.008638916039713545
4.6244549524017735	0.6755450475982268	0.008757095627890248
4.666427412203834	0.6755450475982268	0.008850845047020899
4.706836370010881	0.6755450475982268	0.008924949005389236
4.745444689990585	0.6755450475982268	0.00898855654994329
4.782025803169381	0.6755450475982268	0.00905150563798672
4.816365037029297	0.6755450475982268	0.009120926458467347
4.848260875291647	0.6755450475982268	0.0091990695293228
4.877526140494684	0.6755450475982268	0.009282888370508207
4.903989092425377	0.6755450475982268	0.009365356927395261
4.9274944359592645	0.6755450475982268	0.00943798597794049
4.947904232394002	0.6755450475982268	0.009493671555893998
4.965098708928512	0.6755450475982268	0.009528953264243412
4.9789769615374055	0.6755450475982268	0.009544987657240173
4.989457547115929	0.6755450475982268	0.00954697354412327
4.996478961420489	0.6755450475982268	0.009542264762383379
5.0	0.6755450475982268	0.009537817346952073
3.8	0.7188346983115699	0.017326388445025213
3.8035210385795115	0.7188346983115699	0.017074981212881257
3.81054245288407	0.7188346983115699	0.016595722602713626
3.8210230384625947	0.7188346983115699	0.015931824257970933
3.834901291071488	0.7188346983115699	0.01513919314512718
3.8520957676059977	0.7188346983115699	0.014277887159388967
3.8725055640407353	0.7188346983115699	0.013403746207415104
3.896010907574623	0.7188346983115699	0.012561826194874049
3.9224738595053155	0.7188346983115699	0.011782759946916634
3.951739124708353	0.7188346983115699	0.011082429491830454
3.9836349629707026	0.7188346983115699	0.01046454886934031
4.017974196830619	0.7188346983115699	0.009925121322661549
4.054555310009415	0.7188346983115699	0.009457399649079216
4.093163629989119	0.7188346983115699	0.00905601103463615
4.1335725877961655	0.7188346983115699	0.008719277727459016
4.175545047598226	0.7188346983115699	0.008449356068646371
4.21883469831157	0.7188346983115699	0.008250460036039948
4.263187499052436	0.7188346983115699	0.00812595730130975
4.3083431699499615	0.7188346983115699	0.008075392688837583
4.354036719571957	0.7188346983115699	0.008092447879072172
4.3999999999999995	0.7188346983115699	0.008164517049914869
4.4459632804280425	0.7188346983115699	0.008274071872982411
4.491656830050038	0.7188346983115699	0.008401455948975584
4.536812500947564	0.7188346983115699	0.008528339493329016
4.58116530168843	0.7188346983115699	0.008640890146272782
4.6244549524017735	0.7188346983115699	0.008731815444412785
4.666427412203834	0.7188346983115699	0.008800768267558275
4.706836370010881	0.7188346983115699	0.008853074775427459
4.745444689990585	0.7188346983115699	0.008897207500749706
4.782025803169381	0.7188346983115699	0.008941753092379035
4.816365037029297	0.7188346983115699	0.00899272667792581
4.848260875291647	0.7188346983115699	0.00905194188632218
4.877526140494684	0.7188346983115699	0.009116807154377616
4.903989092425377	0.7188346983115699	0.009181489539315617
4.9274944359592645	0.7188346983115699	0.00923899433479299
4.947904232394002	0.7188346983115699	0.00928346530644682
4.965098708928512	0.7188346983115699	0.009311982385874802
4.9789769615374055	0.7188346983115699	0.009325322240077804
4.989457547115929	0.7188346983115699	0.009327489479242234
4.996478961420489	0.7188346983115699	0.009324215540816208
5.0	0.7188346983115699	0.00932093996517819
3.8	0.7631874990524359	0.016285720049969688
3.8035210385795115	0.7631874990524359	0.01608865349107753
3.81054245288407	0.7631874990524359	0.01571064734453908
3.8210230384625947	0.7631874990524359	0.015181449510022108
3.834901291071488	0.7631874990524359	0.014539955393160555
3.8520957676059977	0.7631874990524359	0.013828711870482766
3.8725055640407353	0.7631874990524359	0.013088518946302273
3.896010907574623	0.7631874990524359	0.012354156215800532
3.9224738595053155	0.7631874990524359	0.011651930307197253
3.951739124708353	0.7631874990524359	0.010999261800677602
3.9836349629707026	0.7631874990524359	0.010406031869513421
4.017974196830619	0.7631874990524359	0.009877017495516421
4.054555310009415	0.7631874990524359	0.009414554674732852
4.093163629989119	0.7631874990524359	0.009020619979594269
4.1335725877961655	0.7631874990524359	0.008697785313357478
4.175545047598226	0.7631874990524359	0.008448895659556123
4.21883469831157	0.7631874990524359	0.008275730028319873
4.263187499052436	0.7631874990524359	0.008177216763911121
4.3083431699499615	0.7631874990524359	0.008147902638828648
4.354036719571957	0.7631874990524359	0.008177291049455413
4.3999999999999995	0.7631874990524359	0.008250398790585554
4.4459632804280425	0.7631874990524359	0.008349514178370498
4.491656830050038	0.7631874990524359	0.008456778987542489
4.536812500947564	0.7631874990524359	0.008556965835029944
4.58116530168843	0.7631874990524359	0.008639751326265717
4.6244549524017735	0.7631874990524359	0.008700911516448378
4.666427412203834	0.7631874990524359	0.008742151992458962
4.706836370010881	0.7631874990524359	0.008769647808884921
4.745444689990585	0.7631874990524359	0.008791705962967734
4.782025803169381	0.7631874990524359	0.00881618140259011
4.816365037029297	0.7631874990524359	0.008848318297670557
4.848260875291647	0.7631874990524359	0.008889544123893523
4.877526140494684	0.7631874990524359	0.008937459886672623
4.903989092425377	0.7631874990524359	0.008986928975865768
4.9274944359592645	0.7631874990524359	0.009031867261745785
4.947904232394002	0.7631874990524359	0.009067161816891602
4.965098708928512	0.7631874990524359	0.009090141266825802
4.9789769615374055	0.7631874990524359	0.009101183369087166
4.989457547115929	0.7631874990524359	0.00910332306010885
4.996478961420489	0.7631874990524359	0.009101032665221862
5.0	0.7631874990524359	0.009098593617683268
3.8	0.8083431699499619	0.015479587934911457
3.8035210385795115	0.8083431699499619	0.015323736594758088
3.81054245288407	0.8083431699499619	0.01502290131963155
3.8210230384625947	0.8083431699499619	0.014597257082895897
3.834901291071488	0.8083431699499619	0.014073506214968752
3.8520957676059977	0.8083431699499619	0.01348146990388474
3.8725055640407353	0.8083431699499619	0.012850745896792049
3.896010907574623	0.8083431699499619	0.012208056153837707
3.9224738595053155	0.8083431699499619	0.011575687730706887
3.951739124708353	0.8083431699499619	0.010971122840565024
3.9836349629707026	0.8083431699499619	0.01040764463209535
4.017974196830619	0.8083431699499619	0.009895476897117615
4.054555310009415	0.8083431699499619	0.009442927498764637
4.093163629989119	0.8083431699499619	0.009057075414632765
4.1335725877961655	0.8083431699499619	0.008743743850248144
4.175545047598226	0.8083431699499619	0.008506774098420182
4.21883469831157	0.8083431699499619	0.008346875297337122
4.263187499052436	0.8083431699499619	0.00826049712491718
4.3083431699499615	0.8083431699499619	0.008239205143451963
4.354036719571957	0.8083431699499619	0.00826992174350953
4.3999999999999995	0.8083431699499619	0.008336162271931968
4.4459632804280425	0.8083431699499619	0.008420112429239096
4.491656830050038	0.8083431699499619	0.008505140579401214
4.536812500947564	0.8083431699499619	0.008578190166006864
4.58116530168843	0.8083431699499619	0.008631497045036643
4.6244549524017735	0.8083431699499619	0.008663226979882806
4.666427412203834	0.8083431699499619	0.008676890406790665
4.706836370010881	0.8083431699499619	0.008679694322049028
4.745444689990585	0.8083431699499619	0.00868025275781213
4.782025803169381	0.8083431699499619	0.008686227176248685
4.816365037029297	0.8083431699499619	0.008702466565010955
4.848260875291647	0.8083431699499619	0.00873006622609627
4.877526140494684	0.8083431699499619	0.008766507324396003
4.903989092425377	0.8083431699499619	0.008806747950134692
4.9274944359592645	0.8083431699499619	0.008844890918152718
4.947904232394002	0.8083431699499619	0.008875919944029193
4.965098708928512	0.8083431699499619	0.008897008061909902
4.9789769615374055	0.8083431699499619	0.008908052655507188
4.989457547115929	0.8083431699499619	0.008911333998850988
4.996478961420489	0.8083431699499619	0.008910457299051924
5.0	0.8083431699499619	0.008908945827177208
3.8	0.8540367195719576	0.015032211436773297
3.8035210385795115	0.8540367195719576	0.014897975626599978
3.81054245288407	0.8540367195719576	0.014638054693578392
3.8210230384625947	0.8540367195719576	0.014268360342319616
3.834901291071488	0.8540367195719576	0.01381005322228412
3.8520957676059977	0.8540367195719576	0.013286971799310989
3.8725055640407353	0.8540367195719576	0.01272313905252612
3.896010907574623	0.8540367195719576	0.012140817601052921
3.9224738595053155	0.8540367195719576	0.01155939925538381
3.951739124708353	0.8540367195719576	0.010995166038282603
3.9836349629707026	0.8540367195719576	0.010461717568658687
4.017974196830619	0.8540367195719576	0.009970692478669725
4.054555310009415	0.8540367195719576	0.009532365105673036
4.093163629989119	0.8540367195719576	0.00915578375694245
4.1335725877961655	0.8540367195719576	0.008848305981959593
4.175545047598226	0.8540367195719576	0.008614621913072372
4.21883469831157	0.8540367195719576	0.00845556758022814
4.263187499052436	0.8540367195719576	0.008367151669599966
4.3083431699499615	0.8540367195719576	0.008340212354719802
4.354036719571957	0.8540367195719576	0.008360983313513516
4.3999999999999995	0.8540367195719576	0.008412615514307166
4.4459632804280425	0.8540367195719576	0.008477437699995484
4.491656830050038	0.8540367195719576	0.00853951806258234
4.536812500947564	0.8540367195719576	0.008586976266061815
4.58116530168843	0.8540367195719576	0.008613524020959678
4.6244549524017735	0.8540367195719576	0.008618880222700518
4.666427412203834	0.8540367195719576	0.008607971248237397
4.706836370010881	0.8540367195719576	0.008589119232950975
4.745444689990585	0.8540367195719576	0.008571663620697039
4.782025803169381	0.8540367195719576	0.00856358957754674
4.816365037029297	0.8540367195719576	0.008569717291345159
4.848260875291647	0.8540367195719576	0.008590845047491339
4.877526140494684	0.8540367195719576	0.008623980792137767
4.903989092425377	0.8540367195719576	0.008663512052840555
4.9274944359592645	0.8540367195719576	0.008702929374711276
4.947904232394002	0.8540367195719576	0.00873659588390538
4.965098708928512	0.8540367195719576	0.008761075527558308
4.9789769615374055	0.8540367195719576	0.008775685502024547
4.989457547115929	0.8540367195719576	0.008782178200110465
4.996478961420489	0.8540367195719576	0.008783715087516932
5.0	0.8540367195719576	0.008783495985134665
3.8	0.8999999999999997	0.014973437770616277
3.8035210385795115	0.8999999999999997	0.014839227781124873
3.81054245288407	0.8999999999999997	0.014580190475372162
3.8210230384625947	0.8999999999999997	0.01421366616258221
3.834901291071488	0.8999999999999997	0.013762429934083683
3.8520957676059977	0.8999999999999997	0.013251638812393699
3.8725055640407353	0.8999999999999997	0.012705907971661004
3.896010907574623	0.8999999999999997	0.01214709538483863
3.9224738595053155	0.8999999999999997	0.011593148839435906
3.951739124708353	0.8999999999999997	0.011058062981218485
3.9836349629707026	0.8999999999999997	0.01055269300119272
4.017974196830619	0.8999999999999997	0.01008595901243556
4.054555310009415	0.8999999999999997	0.009665908208561747
4.093163629989119	0.8999999999999997	0.00930019579016765
4.1335725877961655	0.8999999999999997	0.008995769750237931
4.175545047598226	0.8999999999999997	0.008757831359685395
4.21883469831157	0.8999999999999997	0.008588407427698497
4.263187499052436	0.8999999999999997	0.008485033621539642
4.3083431699499615	0.8999999999999997	0.008440060812055861
4.354036719571957	0.8999999999999997	0.008440952210582013
4.3999999999999995	0.8999999999999997	0.008471676743574916
4.4459632804280425	0.8999999999999997	0.008514996777349881
4.491656830050038	0.8999999999999997	0.008555182902703322
4.536812500947564	0.8999999999999997	0.00858054133781172
4.58116530168843	0.8999999999999997	0.008585154734072052
4.6244549524017735	0.8999999999999997	0.00856941409958005
4.666427412203834	0.8999999999999997	0.008539212615904889
4.706836370010881	0.8999999999999997	0.00850400329679797
4.745444689990585	0.8999999999999997	0.008474202787950235
4.782025803169381	0.8999999999999997	0.008458577877906421
4.816365037029297	0.8999999999999997	0.008462238689116731
4.848260875291647	0.8999999999999997	0.008485687899299729
4.877526140494684	0.8999999999999997	0.008525087683614827
4.903989092425377	0.8999999999999997	0.00857358469127103
4.9274944359592645	0.8999999999999997	0.008623265803227793
4.947904232394002	0.8999999999999997	0.008667175094282033
4.965098708928512	0.8999999999999997	0.00870084103234321
4.9789769615374055	0.8999999999999997	0.008722932905174887
4.989457547115929	0.8999999999999997	0.008734935121544399
4.996478961420489	0.8999999999999997	0.008740018660658742
5.0	0.8999999999999997	0.00874151721775288
3.8	0.9459632804280425	0.015241006335954495
3.8035210385795115	0.9459632804280425	0.01508778171117118
3.81054245288407	0.9459632804280425	0.014794328438690498
3.8210230384625947	0.9459632804280425	0.014384442532991744
3.834901291071488	0.9459632804280425	0.013888832404951893
3.8520957676059977	0.9459632804280425	0.013340418366995059
3.8725055640407353	0.9459632804280425	0.012769848258936366
3.896010907574623	0.9459632804280425	0.01220214901168273
3.9224738595053155	0.9459632804280425	0.01165509965984266
3.951739124708353	0.9459632804280425	0.011139445070292756
3.9836349629707026	0.9459632804280425	0.01066059793516956
4.017974196830619	0.9459632804280425	0.010221124483204877
4.054555310009415	0.9459632804280425	0.009823166759082538
4.093163629989119	0.9459632804280425	0.00947005200145918
4.1335725877961655	0.9459632804280425	0.009166641981908481
4.175545047598226	0.9459632804280425	0.00891839106755034
4.21883469831157	0.9459632804280425	0.008729490813727146
4.263187499052436	0.9459632804280425	0.008600765161828679
4.3083431699499615	0.9459632804280425	0.008528064549015793
4.354036719571957	0.9459632804280425	0.008501768373645734
4.3999999999999995	0.9459632804280425	0.008507685528937438
4.4459632804280425	0.9459632804280425	0.008529234998887717
4.491656830050038	0.9459632804280425	0.008550409706328706
4.536812500947564	0.9459632804280425	0.008558784769302032
4.58116530168843	0.9459632804280425	0.008547794670470916
4.6244549524017735	0.9459632804280425	0.008517683028573428
4.666427412203834	0.9459632804280425	0.00847487353357469
4.706836370010881	0.9459632804280425	0.008429924982015016
4.745444689990585	0.9459632804280425	0.008394602332391674
4.782025803169381	0.9459632804280425	0.008378818012372745
4.816365037029297	0.9459632804280425	0.008388213881026889
4.848260875291647	0.9459632804280425	0.00842296281363898
4.877526140494684	0.9459632804280425	0.008478026116733761
4.903989092425377	0.9459632804280425	0.008544706451397642
4.9274944359592645	0.9459632804280425	0.008612996560334622
4.947904232394002	0.9459632804280425	0.008674034768270009
4.965098708928512	0.9459632804280425	0.008721987923176246
4.9789769615374055	0.9459632804280425	0.008754882972921981
4.989457547115929	0.9459632804280425	0.008774237506876805
4.996478961420489	0.9459632804280425	0.008783699546893122
5.0	0.9459632804280425	0.00878719271030299
3.8	0.9916568300500381	0.01570468179311751
3.8035210385795115	0.9916568300500381	0.015519527174379748
3.81054245288407	0.9916568300500381	0.015167782526299523
3.8210230384625947	0.9916568300500381	0.01468322520266358
3.834901291071488	0.9916568300500381	0.01410890834826684
3.8520957676059977	0.9916568300500381	0.013489979168323726
3.8725055640407353	0.9916568300500381	0.012866831349085324
3.896010907574623	0.9916568300500381	0.012270019433637737
3.9224738595053155	0.9916568300500381	0.011717869134637326
3.951739124708353	0.9916568300500381	0.01121701569987188
3.9836349629707026	0.9916568300500381	0.010765378188683221
4.017974196830619	0.9916568300500381	0.010356517578163001
4.054555310009415	0.9916568300500381	0.00998406930844779
4.093163629989119	0.9916568300500381	0.009645040440075232
4.1335725877961655	0.9916568300500381	0.009341175777658915
4.175545047598226	0.9916568300500381	0.00907820117232752
4.21883469831157	0.9916568300500381	0.008863374005999772
4.263187499052436	0.9916568300500381	0.008702239839992494
4.3083431699499615	0.9916568300500381	0.008595687105927716
4.354036719571957	0.9916568300500381	0.008538265172375865
4.3999999999999995	0.9916568300500381	0.008518331480917967
4.4459632804280425	0.9916568300500381	0.008520041619542873
4.491656830050038	0.9916568300500381	0.00852665226215979
4.536812500947564	0.9916568300500381	0.008524224605599076
4.58116530168843	0.9916568300500381	0.008504699967347316
4.6244549524017735	0.9916568300500381	0.008467497009934767
4.666427412203834	0.9916568300500381	0.0084191958079899
4.706836370010881	0.9916568300500381	0.008371406003929825
4.745444689990585	0.9916568300500381	0.008337412659712932
4.782025803169381	0.9916568300500381	0.008328515282975209
4.816365037029297	0.9916568300500381	0.008351036097252313
4.848260875291647	0.9916568300500381	0.008404761696104322
4.877526140494684	0.9916568300500381	0.008483163803214556
4.903989092425377	0.9916568300500381	0.008575243057333154
4.9274944359592645	0.9916568300500381	0.008668398646425088
4.947904232394002	0.9916568300500381	0.008751469852158656
4.965098708928512	0.9916568300500381	0.008817091320474575
4.9789769615374055	0.9916568300500381	0.008862746325250193
4.989457547115929	0.9916568300500381	0.008890314540571487
4.996478961420489	0.9916568300500381	0.008904368246269756
5.0	0.9916568300500381	0.008909837916817223
3.8	1.036812500947564	0.016204615082861598
3.8035210385795115	1.036812500947564	0.015982644652707947
3.81054245288407	1.036812500947564	0.015563707444446708
3.8210230384625947	1.036812500947564	0.014993116015697715
3.834901291071488	1.036812500947564	0.014328175147643297
3.8520957676059977	1.036812500947564	0.013628121820896634
3.8725055640407353	1.036812500947564	0.012944541576871256
3.896010907574623	1.036812500947564	0.012314280179873556
3.9224738595053155	1.036812500947564	0.01175618868717505
3.951739124708353	1.036812500947564	0.011272062527788505
3.9836349629707026	1.036812500947564	0.010851115966794105
4.017974196830619	1.036812500947564	0.010476531200173379
4.054555310009415	1.036812500947564	0.010132231197259598
4.093163629989119	1.036812500947564	0.009808128788895162
4.1335725877961655	1.036812500947564	0.009502651139513313
4.175545047598226	1.036812500947564	0.009222163808388773
4.21883469831157	1.036812500947564	0.008977790064895973
4.263187499052436	1.036812500947564	0.008780803925327764
4.3083431699499615	1.036812500947564	0.008638094729197496
4.354036719571957	1.036812500947564	0.008549087638927016
4.3999999999999995	1.036812500947564	0.00850500962978966
4.4459632804280425	1.036812500947564	0.008490668352617563
4.491656830050038	1.036812500947564	0.008488172603680039
4.536812500947564	1.036812500947564	0.008481475738853557
4.58116530168843	1.036812500947564	0.008460414257197884
4.6244549524017735	1.036812500947564	0.00842309026225496
4.666427412203834	1.036812500947564	0.008375945978827144
4.706836370010881	1.036812500947564	0.008331549238209881
4.745444689990585	1.036812500947564	0.008304755272877539
4.782025803169381	1.036812500947564	0.00830834930359951
4.816365037029297	1.036812500947564	0.008349387366928598
4.848260875291647	1.036812500947564	0.008427216925625213
4.877526140494684	1.036812500947564	0.008533651574242303
4.903989092425377	1.036812500947564	0.008655148774214293
4.9274944359592645	1.036812500947564	0.008776279145847932
4.947904232394002	1.036812500947564	0.008883440130674903
4.965098708928512	1.036812500947564	0.008967746565309678
4.9789769615374055	1.036812500947564	0.009026322794170793
4.989457547115929	1.036812500947564	0.009061731178176545
4.996478961420489	1.036812500947564	0.009079843974307207
5.0	1.036812500947564	0.009086928000534908
3.8	1.08116530168843	0.01659332427616654
3.8035210385795115	1.08116530168843	0.016337661163055992
3.81054245288407	1.08116530168843	0.015857537533707274
3.8210230384625947	1.08116530168843	0.015209340056810553
3.834901291071488	1.08116530168843	0.014463981014760041
3.8520957676059977	1.08116530168843	0.013694015502352871
3.8725055640407353	1.08116530168843	0.012961391991557346
3.896010907574623	1.08116530168843	0.012308441125946172
3.9224738595053155	1.08116530168843	0.011753837269725514
3.951739124708353	1.08116530168843	0.011294012172469139
3.9836349629707026	1.08116530168843	0.010909185233937658
4.017974196830619	1.08116530168843	0.010572131763678886
4.054555310009415	1.08116530168843	0.010257290998236735
4.093163629989119	1.08116530168843	0.009947927838873369
4.1335725877961655	1.08116530168843	0.009639747158363594
4.175545047598226	1.08116530168843	0.00934041115062383
4.21883469831157	1.08116530168843	0.009065534993786305
4.263187499052436	1.08116530168843	0.008832633772550207
4.3083431699499615	1.08116530168843	0.00865493747416167
4.354036719571957	1.08116530168843	0.00853688595737017
4.3999999999999995	1.08116530168843	0.00847251953013914
4.4459632804280425	1.08116530168843	0.008447081680210543
4.491656830050038	1.08116530168843	0.008441211795486065
4.536812500947564	1.08116530168843	0.008436390250496808
4.58116530168843	1.08116530168843	0.008419995999611955
4.6244549524017735	1.08116530168843	0.008388514842424578
4.666427412203834	1.08116530168843	0.008348024576827845
4.706836370010881	1.08116530168843	0.008311898244056898
4.745444689990585	1.08116530168843	0.00829646796156271
4.782025803169381	1.08116530168843	0.008315951112596812
4.816365037029297	1.08116530168843	0.008378106295681786
4.848260875291647	1.08116530168843	0.008481824372026001
4.877526140494684	1.08116530168843	0.008617259996563056
4.903989092425377	1.08116530168843	0.008768355634733738
4.9274944359592645	1.08116530168843	0.008916926707048236
4.947904232394002	1.08116530168843	0.009047060043132
4.965098708928512	1.08116530168843	0.009148542085182428
4.9789769615374055	1.08116530168843	0.00921837773960296
4.989457547115929	1.08116530168843	0.009260073107025313
4.996478961420489	1.08116530168843	0.009281046458860538
5.0	1.08116530168843	0.009289092937976279
3.8	1.124454952401773	0.01677062812683186
3.8035210385795115	1.124454952401773	0.01649067935415397
3.81054245288407	1.124454952401773	0.015967018724682324
3.8210230384625947	1.124454952401773	0.015264974954205786
3.834901291071488	1.124454952401773	0.01446632332329366
3.8520957676059977	1.124454952401773	0.013654022894952322
3.8725055640407353	1.124454952401773	0.01289774661939364
3.896010907574623	1.124454952401773	0.012243313052229423
3.9224738595053155	1.124454952401773	0.011708088846933161
3.951739124708353	1.124454952401773	0.011282930622051556
3.9836349629707026	1.124454952401773	0.010939660760856144
4.017974196830619	1.124454952401773	0.010641820008818026
4.054555310009415	1.124454952401773	0.01035581185631666
4.093163629989119	1.124454952401773	0.010059680902841267
4.1335725877961655	1.124454952401773	0.009747581474050521
4.175545047598226	1.124454952401773	0.00942925008486724
4.21883469831157	1.124454952401773	0.009125146801083013
4.263187499052436	1.124454952401773	0.008859017510275237
4.3083431699499615	1.124454952401773	0.008650179022714808
4.354036719571957	1.124454952401773	0.008507724871679296
4.3999999999999995	1.124454952401773	0.00842815576984624
4.4459632804280425	1.124454952401773	0.008396875570108443
4.491656830050038	1.124454952401773	0.008392872309606102
4.536812500947564	1.124454952401773	0.008395037242357068
4.58116530168843	1.124454952401773	0.008388191064996515
4.6244549524017735	1.124454952401773	0.008367069905817115
4.666427412203834	1.124454952401773	0.0083371960079949
4.706836370010881	1.124454952401773	0.008312507044749118
4.745444689990585	1.124454952401773	0.008310561597871115
4.782025803169381	1.124454952401773	0.008346806863099084
4.816365037029297	1.124454952401773	0.008429606967623382
4.848260875291647	1.124454952401773	0.008557442473080407
4.877526140494684	1.124454952401773	0.008719005243563397
4.903989092425377	1.124454952401773	0.00889604133792153
4.9274944359592645	1.124454952401773	0.009067998481175246
4.947904232394002	1.124454952401773	0.009217044826694575
4.965098708928512	1.124454952401773	0.009331976873140859
4.9789769615374055	1.124454952401773	0.009409928085854934
4.989457547115929	1.124454952401773	0.00945549677818412
4.996478961420489	1.124454952401773	0.009477712780725647
5.0	1.124454952401773	0.009485914254569662
3.8	1.1664274122038347	0.016703532988086866
3.8035210385795115	1.1664274122038347	0.016412155134179134
3.81054245288407	1.1664274122038347	0.01586891379758344
3.8210230384625947	1.1664274122038347	0.015144886805443174
3.834901291071488	1.1664274122038347	0.014328657168635775
3.8520957676059977	1.1664274122038347	0.013509377024293273
3.8725055640407353	1.1664274122038347	0.012760772384172838
3.896010907574623	1.1664274122038347	0.012129564800089452
3.9224738595053155	1.1664274122038347	0.01163061526885195
3.951739124708353	1.1664274122038347	0.01124940783795441
3.9836349629707026	1.1664274122038347	0.010950721053457868
4.017974196830619	1.1664274122038347	0.01069092964447659
4.054555310009415	1.1664274122038347	0.010430675704609683
4.093163629989119	1.1664274122038347	0.010144795883169175
4.1335725877961655	1.1664274122038347	0.009827312196415361
4.175545047598226	1.1664274122038347	0.009490715087659522
4.21883469831157	1.1664274122038347	0.009160295443785988
4.263187499052436	1.1664274122038347	0.008865513410661828
4.3083431699499615	1.1664274122038347	0.00863101842119347
4.354036719571957	1.1664274122038347	0.008469823968723698
4.3999999999999995	1.1664274122038347	0.008380362981148604
4.4459632804280425	1.1664274122038347	0.008347952241518523
4.491656830050038	1.1664274122038347	0.008349926532087517
4.536812500947564	1.1664274122038347	0.00836271728151333
4.58116530168843	1.1664274122038347	0.00836870477235416
4.6244549524017735	1.1664274122038347	0.008360864242719108
4.666427412203834	1.1664274122038347	0.008343969324836319
4.706836370010881	1.1664274122038347	0.008332174868645155
4.745444689990585	1.1664274122038347	0.008343859850525707
4.782025803169381	1.1664274122038347	0.008395367118803907
4.816365037029297	1.1664274122038347	0.008495525704267889
4.848260875291647	1.1664274122038347	0.008642531923516394
4.877526140494684	1.1664274122038347	0.008824008873369859
4.903989092425377	1.1664274122038347	0.009020097112636117
4.9274944359592645	1.1664274122038347	0.009208542714974075
4.947904232394002	1.1664274122038347	0.009370200469526408
4.965098708928512	1.1664274122038347	0.009493311148732949
4.9789769615374055	1.1664274122038347	0.009575345454778622
4.989457547115929	1.1664274122038347	0.009621990590632049
4.996478961420489	1.1664274122038347	0.009643744650996182
5.0	1.1664274122038347	0.009651308579781893
3.8	1.2068363700108808	0.016427579956054445
3.8035210385795115	1.2068363700108808	0.016137921214613566
3.81054245288407	1.2068363700108808	0.015599435428872594
3.8210230384625947	1.2068363700108808	0.014885407161411016
3.834901291071488	1.2068363700108808	0.01408677538895196
3.8520957676059977	1.2068363700108808	0.013294345873935966
3.8725055640407353	1.2068363700108808	0.012582066210164224
3.896010907574623	1.2068363700108808	0.011995044024297274
3.9224738595053155	1.2068363700108808	0.011544735524762631
3.951739124708353	1.2068363700108808	0.01121192929120939
3.9836349629707026	1.2068363700108808	0.010956264384053603
4.017974196830619	1.2068363700108808	0.010729527708254015
4.054555310009415	1.2068363700108808	0.010489234631498503
4.093163629989119	1.2068363700108808	0.01020916596022499
4.1335725877961655	1.2068363700108808	0.009884530413905435
4.175545047598226	1.2068363700108808	0.009530950611037974
4.21883469831157	1.2068363700108808	0.009178111206816473
4.263187499052436	1.2068363700108808	0.008860227511409281
4.3083431699499615	1.2068363700108808	0.008606162428418808
4.354036719571957	1.2068363700108808	0.008431896912213101
4.3999999999999995	1.2068363700108808	0.008337220448732413
4.4459632804280425	1.2068363700108808	0.008307218412572343
4.491656830050038	1.2068363700108808	0.008317767298253297
4.536812500947564	1.2068363700108808	0.008343184692843293
4.58116530168843	1.2068363700108808	0.008363695892111615
4.6244549524017735	1.2068363700108808	0.008370577819181196
4.666427412203834	1.2068363700108808	0.00836763297416814
4.706836370010881	1.2068363700108808	0.008368779011936524
4.745444689990585	1.2068363700108808	0.008392675609684814
4.782025803169381	1.2068363700108808	0.0084561251824728
4.816365037029297	1.2068363700108808	0.008568258009077458
4.848260875291647	1.2068363700108808	0.008727189235625026
4.877526140494684	1.2068363700108808	0.00892003289092687
4.903989092425377	1.2068363700108808	0.009126128887575666
4.9274944359592645	1.2068363700108808	0.00932239291143905
4.947904232394002	1.2068363700108808	0.009489111932424585
4.965098708928512	1.2068363700108808	0.00961444203694744
4.9789769615374055	1.2068363700108808	0.009696324395723382
4.989457547115929	1.2068363700108808	0.00974136766504069
4.996478961420489	1.2068363700108808	0.009761191422581913
5.0	1.2068363700108808	0.009767496878389476
3.8	1.2454446899905844	0.016031186382750157
3.8035210385795115	1.2454446899905844	0.015753967317858913
3.81054245288407	1.2454446899905844	0.01523987100539179
3.8210230384625947	1.2454446899905844	0.014561145391399136
3.834901291071488	1.2454446899905844	0.01380706346303454
3.8520957676059977	1.2454446899905844	0.013066079512963303
3.8725055640407353	1.2454446899905844	0.012409131264542244
3.896010907574623	1.2454446899905844	0.011877810268497945
3.9224738595053155	1.2454446899905844	0.011479839218138943
3.951739124708353	1.2454446899905844	0.011192454322320772
3.9836349629707026	1.2454446899905844	0.010972369641075034
4.017974196830619	1.2454446899905844	0.010769483671840838
4.054555310009415	1.2454446899905844	0.010540745003268218
4.093163629989119	1.2454446899905844	0.0102607821930492
4.1335725877961655	1.2454446899905844	0.009926936173357796
4.175545047598226	1.2454446899905844	0.009557908660448453
4.21883469831157	1.2454446899905844	0.00918692493456482
4.263187499052436	1.2454446899905844	0.008851660427568759
4.3083431699499615	1.2454446899905844	0.00858386092802772
4.354036719571957	1.2454446899905844	0.008401451440503348
4.3999999999999995	1.2454446899905844	0.008305058196288507
4.4459632804280425	1.2454446899905844	0.00827953520736232
4.491656830050038	1.2454446899905844	0.008299676591754394
4.536812500947564	1.2454446899905844	0.008338197182994559
4.58116530168843	1.2454446899905844	0.008373561810702722
4.6244549524017735	1.2454446899905844	0.008395445612729511
4.666427412203834	1.2454446899905844	0.00840642105238894
4.706836370010881	1.2454446899905844	0.008419632666748895
4.745444689990585	1.2454446899905844	0.008453391147351117
4.782025803169381	1.2454446899905844	0.008524460721592788
4.816365037029297	1.2454446899905844	0.008642101730498177
4.848260875291647	1.2454446899905844	0.008804605236667802
4.877526140494684	1.2454446899905844	0.008999238509034136
4.903989092425377	1.2454446899905844	0.009205467585021061
4.9274944359592645	1.2454446899905844	0.009400353351705634
4.947904232394002	1.2454446899905844	0.009564413651810313
4.965098708928512	1.2454446899905844	0.009686172626231514
4.9789769615374055	1.2454446899905844	0.009764084696285407
4.989457547115929	1.2454446899905844	0.009805369517646738
4.996478961420489	1.2454446899905844	0.009822260629970088
5.0	1.2454446899905844	0.009826959273506379
3.8	1.282025803169381	0.01562869802309379
3.8035210385795115	1.282025803169381	0.015370484313340408
3.81054245288407	1.282025803169381	0.014892509741244604
3.8210230384625947	1.282025803169381	0.014263502085233845
3.834901291071488	1.282025803169381	0.013568054356473949
3.8520957676059977	1.282025803169381	0.01288938676601438
3.8725055640407353	1.282025803169381	0.012293290352259532
3.896010907574623	1.282025803169381	0.011816876194747411
3.9224738595053155	1.282025803169381	0.011464488651595694
3.951739124708353	1.282025803169381	0.01121133216872117
3.9836349629707026	1.282025803169381	0.01101347743483687
4.017974196830619	1.282025803169381	0.010821431122240481
4.054555310009415	1.282025803169381	0.010593735716205583
4.093163629989119	1.282025803169381	0.010307266483352425
4.1335725877961655	1.282025803169381	0.009961923838721435
4.175545047598226	1.282025803169381	0.009578981215930633
4.21883469831157	1.282025803169381	0.009194013822905555
4.263187499052436	1.282025803169381	0.008846664752370097
4.3083431699499615	1.282025803169381	0.008570170011153342
4.354036719571957	1.282025803169381	0.008383421666692686
4.3999999999999995	1.282025803169381	0.008287478149025442
4.4459632804280425	1.282025803169381	0.008267103806709903
4.491656830050038	1.282025803169381	0.008296517857444272
4.536812500947564	1.282025803169381	0.00834744040753626
4.58116530168843	1.282025803169381	0.008397022435933089
4.6244549524017735	1.282025803169381	0.008433444080412232
4.666427412203834	1.282025803169381	0.008457769725611793
4.706836370010881	1.282025803169381	0.008481803028791937
4.745444689990585	1.282025803169381	0.00852284716174761
4.782025803169381	1.282025803169381	0.008597115156284623
4.816365037029297	1.282025803169381	0.00871382790069507
4.848260875291647	1.282025803169381	0.008871724085733466
4.877526140494684	1.282025803169381	0.009058904689542069
4.903989092425377	1.282025803169381	0.00925589855672034
4.9274944359592645	1.282025803169381	0.009440878328031836
4.947904232394002	1.282025803169381	0.009595356810020309
4.965098708928512	1.282025803169381	0.009708618117103099
4.9789769615374055	1.282025803169381	0.009779591379856687
4.989457547115929	1.282025803169381	0.009815706004126906
4.996478961420489	1.282025803169381	0.009829215804404205
5.0	1.282025803169381	0.00983225455300796
3.8	1.3163650370292972	0.0153301632795758
3.8035210385795115	1.3163650370292972	0.01509286335173315
3.81054245288407	1.3163650370292972	0.014653956997194672
3.8210230384625947	1.3163650370292972	0.014077140484995034
3.834901291071488	1.3163650370292972	0.013440574648797632
3.8520957676059977	1.3163650370292972	0.012820721188593946
3.8725055640407353	1.3163650370292972	0.012277345822363766
3.896010907574623	1.3163650370292972	0.011843108332456005
3.9224738595053155	1.3163650370292972	0.01151995293146219
3.951739124708353	1.3163650370292972	0.01128279170380751
3.9836349629707026	1.3163650370292972	0.011089185277457086
4.017974196830619	1.3163650370292972	0.010892322289988488
4.054555310009415	1.3163650370292972	0.010653926156077353
4.093163629989119	1.3163650370292972	0.010353920129935109
4.1335725877961655	1.3163650370292972	0.009994674917721848
4.175545047598226	1.3163650370292972	0.009599160023369557
4.21883469831157	1.3163650370292972	0.009203912503958989
4.263187499052436	1.3163650370292972	0.008849007143568129
4.3083431699499615	1.3163650370292972	0.008567843750448065
4.354036719571957	1.3163650370292972	0.008379425700197526
4.3999999999999995	1.3163650370292972	0.008284965547167502
4.4459632804280425	1.3163650370292972	0.008269377840246438
4.491656830050038	1.3163650370292972	0.008306871399927826
4.536812500947564	1.3163650370292972	0.008368801213262111
4.58116530168843	1.3163650370292972	0.008431454213241018
4.6244549524017735	1.3163650370292972	0.008481626294870778
4.666427412203834	1.3163650370292972	0.00851861355943494
4.706836370010881	1.3163650370292972	0.008552344928754743
4.745444689990585	1.3163650370292972	0.00859849855900073
4.782025803169381	1.3163650370292972	0.008672255212687333
4.816365037029297	1.3163650370292972	0.008782632397279756
4.848260875291647	1.3163650370292972	0.008929055579962528
4.877526140494684	1.3163650370292972	0.009101067276911462
4.903989092425377	1.3163650370292972	0.009281092097702427
4.9274944359592645	1.3163650370292972	0.009449263532447585
4.947904232394002	1.3163650370292972	0.009588742766674846
4.965098708928512	1.3163650370292972	0.009689879525551892
4.9789769615374055	1.3163650370292972	0.009751986995621293
4.989457547115929	1.3163650370292972	0.009782284825719493
4.996478961420489	1.3163650370292972	0.009792459679063894
5.0	1.3163650370292972	0.009794026736300029
3.8	1.3482608752916472	0.01521579608476206
3.8035210385795115	1.3482608752916472	0.01499728102874046
3.81054245288407	1.3482608752916472	0.014592833275679305
3.8210230384625947	1.3482608752916472	0.014060550883928465
3.834901291071488	1.3482608752916472	0.013471615444308718
3.8520957676059977	1.3482608752916472	0.012895467173341458
3.8725055640407353	1.3482608752916472	0.012386084291368966
3.896010907574623	1.3482608752916472	0.011972516565527277
3.9224738595053155	1.3482608752916472	0.011655704816615145
3.951739124708353	1.3482608752916472	0.011412025694968958
3.9836349629707026	1.3482608752916472	0.011202347063208218
4.017974196830619	1.3482608752916472	0.010984084032167333
4.054555310009415	1.3482608752916472	0.010723126985627333
4.093163629989119	1.3482608752916472	0.010402705820956001
4.1335725877961655	1.3482608752916472	0.0100271804091583
4.175545047598226	1.3482608752916472	0.009620139739680154
4.21883469831157	1.3482608752916472	0.009217672932776862
4.263187499052436	1.3482608752916472	0.008858856721373376
4.3083431699499615	1.3482608752916472	0.008576092168631512
4.354036719571957	1.3482608752916472	0.008387792712639655
4.3999999999999995	1.3482608752916472	0.00829514631860305
4.4459632804280425	1.3482608752916472	0.008283486481052166
4.491656830050038	1.3482608752916472	0.008327548644579399
4.536812500947564	1.3482608752916472	0.008398902198548724
4.58116530168843	1.3482608752916472	0.008473385765104152
4.6244549524017735	1.3482608752916472	0.008536532370300321
4.666427412203834	1.3482608752916472	0.00858567336833908
4.706836370010881	1.3482608752916472	0.00862843131595668
4.745444689990585	1.3482608752916472	0.008678349910019574
4.782025803169381	1.3482608752916472	0.008749170770694644
4.816365037029297	1.3482608752916472	0.00884955099403353
4.848260875291647	1.3482608752916472	0.008979765579753926
4.877526140494684	1.3482608752916472	0.009131253936287826
4.903989092425377	1.3482608752916472	0.009288969737107865
4.9274944359592645	1.3482608752916472	0.00943565196278095
4.947904232394002	1.3482608752916472	0.009556597900980478
4.965098708928512	1.3482608752916472	0.009643433682875022
4.9789769615374055	1.3482608752916472	0.009695753416783618
4.989457547115929	1.3482608752916472	0.00972020547224489
4.996478961420489	1.3482608752916472	0.009727419341248643
5.0	1.3482608752916472	0.009727837121599565
3.8	1.3775261404946844	0.015320930946857807
3.8035210385795115	1.3775261404946844	0.015116413733923749
3.81054245288407	1.3775261404946844	0.014736910559641278
3.8210230384625947	1.3775261404946844	0.014235095623984355
3.834901291071488	1.3775261404946844	0.013675548083168372
3.8520957676059977	1.3775261404946844	0.013121353207845
3.8725055640407353	1.3775261404946844	0.012621705903884875
3.896010907574623	1.3775261404946844	0.012203365954144249
3.9224738595053155	1.3775261404946844	0.011867802808769912
3.951739124708353	1.3775261404946844	0.011594426414594001
3.9836349629707026	1.3775261404946844	0.01134880277288952
4.017974196830619	1.3775261404946844	0.011093578849896323
4.054555310009415	1.3775261404946844	0.010799279266731566
4.093163629989119	1.3775261404946844	0.010452309912119642
4.1335725877961655	1.3775261404946844	0.01005834108300986
4.175545047598226	1.3775261404946844	0.009640504996300718
4.21883469831157	1.3775261404946844	0.009233187486238914
4.263187499052436	1.3775261404946844	0.008873270306888828
4.3083431699499615	1.3775261404946844	0.008591221411117303
4.354036719571957	1.3775261404946844	0.008404320245684445
4.3999999999999995	1.3775261404946844	0.00831360474592217
4.4459632804280425	1.3775261404946844	0.00830505147188321
4.491656830050038	1.3775261404946844	0.008354355548127471
4.536812500947564	1.3775261404946844	0.008433772443360693
4.58116530168843	1.3775261404946844	0.008519049181019409
4.6244549524017735	1.3775261404946844	0.008594599419271121
4.666427412203834	1.3775261404946844	0.008655698163741144
4.706836370010881	1.3775261404946844	0.008707388121492672
4.745444689990585	1.3775261404946844	0.008760729562010506
4.782025803169381	1.3775261404946844	0.00882772464778914
4.816365037029297	1.3775261404946844	0.0089165219333173
4.848260875291647	1.3775261404946844	0.009028302692982654
4.877526140494684	1.3775261404946844	0.009156652827808334
4.903989092425377	1.3775261404946844	0.009289426672889046
4.9274944359592645	1.3775261404946844	0.009412355715379158
4.947904232394002	1.3775261404946844	0.009513166539745316
4.965098708928512	1.3775261404946844	0.009584882118810542
4.9789769615374055	1.3775261404946844	0.00962729964640791
4.989457547115929	1.3775261404946844	0.009646254645522207
4.996478961420489	1.3775261404946844	0.009650997193720125
5.0	1.3775261404946844	0.00965059896031301
3.8	1.4039890924253768	0.01563378327034832
3.8035210385795115	1.4039890924253768	0.015437469013464012
3.81054245288407	1.4039890924253768	0.015071639401394828
3.8210230384625947	1.4039890924253768	0.014584173909533064
3.834901291071488	1.4039890924253768	0.014033967313259368
3.8520957676059977	1.4039890924253768	0.013478915040447636
3.8725055640407353	1.4039890924253768	0.012964772003096557
3.896010907574623	1.4039890924253768	0.012517431695059702
3.9224738595053155	1.4039890924253768	0.01214027457800379
3.951739124708353	1.4039890924253768	0.011816952542750043
3.9836349629707026	1.4039890924253768	0.011518640836901578
4.017974196830619	1.4039890924253768	0.01121373837648181
4.054555310009415	1.4039890924253768	0.010877488926852301
4.093163629989119	1.4039890924253768	0.01049914043042244
4.1335725877961655	1.4039890924253768	0.01008499766147294
4.175545047598226	1.4039890924253768	0.00965684322605417
4.21883469831157	1.4039890924253768	0.009246401003588376
4.263187499052436	1.4039890924253768	0.008887482381853481
4.3083431699499615	1.4039890924253768	0.008607949949522851
4.354036719571957	1.4039890924253768	0.008423549991304388
4.3999999999999995	1.4039890924253768	0.00833505495018696
4.4459632804280425	1.4039890924253768	0.0083292076490245
4.491656830050038	1.4039890924253768	0.008382939445706073
4.536812500947564	1.4039890924253768	0.00846951931858071
4.58116530168843	1.4039890924253768	0.008564886258163568
4.6244549524017735	1.4039890924253768	0.008652507960482525
4.666427412203834	1.4039890924253768	0.008725640271655281
4.706836370010881	1.4039890924253768	0.008786661856786875
4.745444689990585	1.4039890924253768	0.008843989961442485
4.782025803169381	1.4039890924253768	0.008907712632634438
4.816365037029297	1.4039890924253768	0.00898533607826552
4.848260875291647	1.4039890924253768	0.009078890789624507
4.877526140494684	1.4039890924253768	0.009184136357396002
4.903989092425377	1.4039890924253768	0.009291918983574452
4.9274944359592645	1.4039890924253768	0.009391078658423806
4.947904232394002	1.4039890924253768	0.009471867685692796
4.965098708928512	1.4039890924253768	0.009528747680494781
4.9789769615374055	1.4039890924253768	0.009561691116508918
4.989457547115929	1.4039890924253768	0.009575632291540058
4.996478961420489	1.4039890924253768	0.009578322203948896
5.0	1.4039890924253768	0.009577350625832962
3.8	1.4274944359592647	0.01610460898708365
3.8035210385795115	1.4274944359592647	0.015911153530646427
3.81054245288407	1.4274944359592647	0.015548737306206442
3.8210230384625947	1.4274944359592647	0.01506125260746897
3.834901291071488	1.4274944359592647	0.014503006262166
3.8520957676059977	1.4274944359592647	0.013927969584625458
3.8725055640407353	1.4274944359592647	0.013379760184834898
3.896010907574623	1.4274944359592647	0.012884617155278388
3.9224738595053155	1.4274944359592647	0.012448845430812518
3.951739124708353	1.4274944359592647	0.01206107802195082
3.9836349629707026	1.4274944359592647	0.0116985264626355
4.017974196830619	1.4274944359592647	0.011335457168462076
4.054555310009415	1.4274944359592647	0.010951671555616284
4.093163629989119	1.4274944359592647	0.010538880808086189
4.1335725877961655	1.4274944359592647	0.010103502465201456
4.175545047598226	1.4274944359592647	0.009665383195016749
4.21883469831157	1.4274944359592647	0.009253006592964273
4.263187499052436	1.4274944359592647	0.008896603069530247
4.3083431699499615	1.4274944359592647	0.008621029340057438
4.354036719571957	1.4274944359592647	0.00844023144410081
4.3999999999999995	1.4274944359592647	0.008354587523139397
4.4459632804280425	1.4274944359592647	0.008351604805326677
4.491656830050038	1.4274944359592647	0.008409551927093565
4.536812500947564	1.4274944359592647	0.008502882645546453
4.58116530168843	1.4274944359592647	0.008607932494893528
4.6244549524017735	1.4274944359592647	0.008707424354391098
4.666427412203834	1.4274944359592647	0.008792760242448008
4.706836370010881	1.4274944359592647	0.008863759908301608
4.745444689990585	1.4274944359592647	0.008926228806110811
4.782025803169381	1.4274944359592647	0.008988296620504288
4.816365037029297	1.4274944359592647	0.00905671776245124
4.848260875291647	1.4274944359592647	0.009134217418836077
4.877526140494684	1.4274944359592647	0.009218555663558935
4.903989092425377	1.4274944359592647	0.009303406612116047
4.9274944359592645	1.4274944359592647	0.009380588534657015
4.947904232394002	1.4274944359592647	0.009442799586540752
4.965098708928512	1.4274944359592647	0.009485916407477975
4.9789769615374055	1.4274944359592647	0.009510113810939544
4.989457547115929	1.4274944359592647	0.009519487182201906
4.996478961420489	1.4274944359592647	0.00952036439581301
5.0	1.4274944359592647	0.009518920090842964
3.8	1.4479042323940021	0.016661983138786293
3.8035210385795115	1.4479042323940021	0.016467444943088487
3.81054245288407	1.4479042323940021	0.016100987340764338
3.8210230384625947	1.4479042323940021	0.015603301664865952
3.834901291071488	1.4479042323940021	0.015025124779222562
3.8520957676059977	1.4479042323940021	0.014417597593425747
3.8725055640407353	1.4479042323940021	0.013823214845557753
3.896010907574623	1.4479042323940021	0.013269371278248274
3.9224738595053155	1.4479042323940021	0.012765827198616282
3.951739124708353	1.4479042323940021	0.012306431935551355
3.9836349629707026	1.4479042323940021	0.011874409036151766
4.017974196830619	1.4479042323940021	0.01144968136067675
4.054555310009415	1.4479042323940021	0.011016297106403297
4.093163629989119	1.4479042323940021	0.010568099283912584
4.1335725877961655	1.4479042323940021	0.01011132155968459
4.175545047598226	1.4479042323940021	0.009663637171116884
4.21883469831157	1.4479042323940021	0.009250107434062536
4.263187499052436	1.4479042323940021	0.008897234373492748
4.3083431699499615	1.4479042323940021	0.008626732225515283
4.354036719571957	1.4479042323940021	0.008450607411444225
4.3999999999999995	1.4479042323940021	0.0083687058776827
4.4459632804280425	1.4479042323940021	0.00836918476181582
4.491656830050038	1.4479042323940021	0.008431590869428315
4.536812500947564	1.4479042323940021	0.008531588691293586
4.58116530168843	1.4479042323940021	0.008646035730109287
4.6244549524017735	1.4479042323940021	0.008757124960356879
4.666427412203834	1.4479042323940021	0.008854672621022552
4.706836370010881	1.4479042323940021	0.00893620430716509
4.745444689990585	1.4479042323940021	0.009005111844216767
4.782025803169381	1.4479042323940021	0.009067644433632565
4.816365037029297	1.4479042323940021	0.009129733380337545
4.848260875291647	1.4479042323940021	0.009194583242258917
4.877526140494684	1.4479042323940021	0.00926163497799369
4.903989092425377	1.4479042323940021	0.009327032214340761
4.9274944359592645	1.4479042323940021	0.009385249440178819
4.947904232394002	1.4479042323940021	0.009431210703070032
4.965098708928512	1.4479042323940021	0.009462129277431848
4.9789769615374055	1.4479042323940021	0.009478448572574787
4.989457547115929	1.4479042323940021	0.009483602213424758
4.996478961420489	1.4479042323940021	0.009482721874848422
5.0	1.4479042323940021	0.009480772100199498
3.8	1.4650987089285112	0.017230627863819778
3.8035210385795115	1.4650987089285112	0.017032807399185904
3.81054245288407	1.4650987089285112	0.016658284038082918
3.8210230384625947	1.4650987089285112	0.01614521734512681
3.834901291071488	1.4650987089285112	0.015541596994482036
3.8520957676059977	1.4650987089285112	0.014896541932938247
3.8725055640407353	1.4650987089285112	0.014252062729438986
3.896010907574623	1.4650987089285112	0.013637071000428241
3.9224738595053155	1.4650987089285112	0.013064828194799488
3.951739124708353	1.4650987089285112	0.012534165958989402
3.9836349629707026	1.4650987089285112	0.012033900853130228
4.017974196830619	1.4650987089285112	0.01154913358419462
4.054555310009415	1.4650987089285112	0.011067742705253288
4.093163629989119	1.4650987089285112	0.010585436192893464
4.1335725877961655	1.4650987089285112	0.010108180330638159
4.175545047598226	1.4650987089285112	0.009651551792831269
4.21883469831157	1.4650987089285112	0.009237360017110714
4.263187499052436	1.4650987089285112	0.00888855631115195
4.3083431699499615	1.4650987089285112	0.00862382014170714
4.354036719571957	1.4650987089285112	0.008453211951501989
4.3999999999999995	1.4650987089285112	0.008375926862867616
4.4459632804280425	1.4650987089285112	0.00838058683918235
4.491656830050038	1.4650987089285112	0.008447839467133863
4.536812500947564	1.4650987089285112	0.008554468250921446
4.58116530168843	1.4650987089285112	0.008677902516651164
4.6244549524017735	1.4650987089285112	0.008800011153224468
4.666427412203834	1.4650987089285112	0.008909352138068313
4.706836370010881	1.4650987089285112	0.009001530654690136
4.745444689990585	1.4650987089285112	0.00907784821633169
4.782025803169381	1.4650987089285112	0.009142855537887785
4.816365037029297	1.4650987089285112	0.009201642463614454
4.848260875291647	1.4650987089285112	0.009257664766230078
4.877526140494684	1.4650987089285112	0.009311650579293802
4.903989092425377	1.4650987089285112	0.009361740876484694
4.9274944359592645	1.4650987089285112	0.009404622774618933
4.947904232394002	1.4650987089285112	0.009437129504299351
4.965098708928512	1.4650987089285112	0.009457684364198825
4.9789769615374055	1.4650987089285112	0.009467074288224724
4.989457547115929	1.4650987089285112	0.009468304975510843
4.996478961420489	1.4650987089285112	0.009465620687888464
5.0	1.4650987089285112	0.009463058566748448
3.8	1.478976961537405	0.017745730080101413
3.8035210385795115	1.478976961537405	0.017543990293015302
3.81054245288407	1.478976961537405	0.017160443978862842
3.8210230384625947	1.478976961537405	0.01663126794594945
3.834901291071488	1.478976961537405	0.016002338423555557
3.8520957676059977	1.478976961537405	0.015321299528502088
3.8725055640407353	1.478976961537405	0.014629987472937107
3.896010907574623	1.478976961537405	0.01395881199329815
3.9224738595053155	1.478976961537405	0.013324179433786104
3.951739124708353	1.478976961537405	0.012729284484048156
3.9836349629707026	1.478976961537405	0.012167791636516215
4.017974196830619	1.478976961537405	0.01162927207291947
4.054555310009415	1.478976961537405	0.01110491256936605
4.093163629989119	1.478976961537405	0.010592044003235244
4.1335725877961655	1.478976961537405	0.010096423880940042
4.175545047598226	1.478976961537405	0.009631836944542239
4.21883469831157	1.478976961537405	0.009217280596564561
4.263187499052436	1.478976961537405	0.00887259683244469
4.3083431699499615	1.478976961537405	0.008613754790110447
4.354036719571957	1.478976961537405	0.008449004967870759
4.3999999999999995	1.478976961537405	0.008376832204481094
4.4459632804280425	1.478976961537405	0.008386123811484762
4.491656830050038	1.478976961537405	0.008458386928037184
4.536812500947564	1.478976961537405	0.008571350525900384
4.58116530168843	1.478976961537405	0.008702996368667058
4.6244549524017735	1.478976961537405	0.008835040822148888
4.666427412203834	1.478976961537405	0.008955121488564591
4.706836370010881	1.478976961537405	0.009057347810957794
4.745444689990585	1.478976961537405	0.00914133066942882
4.782025803169381	1.478976961537405	0.009210185158547176
4.816365037029297	1.478976961537405	0.009268206226940533
4.848260875291647	1.478976961537405	0.00931890720895139
4.877526140494684	1.478976961537405	0.009363908650681296
4.903989092425377	1.478976961537405	0.009402844711053574
4.9274944359592645	1.478976961537405	0.009434120607266214
4.947904232394002	1.478976961537405	0.009456107341049125
4.965098708928512	1.478976961537405	0.009468266789017727
4.9789769615374055	1.478976961537405	0.00947177770005208
4.989457547115929	1.478976961537405	0.009469444513461807
4.996478961420489	1.478976961537405	0.009464940018238553
5.0	1.478976961537405	0.009461669220705569
3.8	1.4894575471159297	0.018160656274603795
3.8035210385795115	1.4894575471159297	0.01795544733668727
3.81054245288407	1.4894575471159297	0.01756406310226242
3.8210230384625947	1.4894575471159297	0.0170211780261014
3.834901291071488	1.4894575471159297	0.016371077231917434
3.8520957676059977	1.4894575471159297	0.01566031755124607
3.8725055640407353	1.4894575471159297	0.014930662172142964
3.896010907574623	1.4894575471159297	0.014213749714753634
3.9224738595053155	1.4894575471159297	0.013528498396140705
3.951739124708353	1.4894575471159297	0.012881567122003109
3.9836349629707026	1.4894575471159297	0.01227046901941238
4.017974196830619	1.4894575471159297	0.011688337414193761
4.054555310009415	1.4894575471159297	0.011129019903039737
4.093163629989119	1.4894575471159297	0.010591190978621164
4.1335725877961655	1.4894575471159297	0.010080508343318764
4.175545047598226	1.4894575471159297	0.009609393878937987
4.21883469831157	1.4894575471159297	0.009194647151935038
4.263187499052436	1.4894575471159297	0.008853636257552085
4.3083431699499615	1.4894575471159297	0.00860012742413915
4.354036719571957	1.4894575471159297	0.008440843693891253
4.3999999999999995	1.4894575471159297	0.008373594097522337
4.4459632804280425	1.4894575471159297	0.008387368913831763
4.491656830050038	1.4894575471159297	0.00846428089680818
4.536812500947564	1.4894575471159297	0.00858278421045992
4.58116530168843	1.4894575471159297	0.008721333296426739
4.6244549524017735	1.4894575471159297	0.008861609797405362
4.666427412203834	1.4894575471159297	0.008990637601935355
4.706836370010881	1.4894575471159297	0.009101455147449235
4.745444689990585	1.4894575471159297	0.009192414271706383
4.782025803169381	1.4894575471159297	0.009265514275106078
4.816365037029297	1.4894575471159297	0.009324371907858266
4.848260875291647	1.4894575471159297	0.00937243382652672
4.877526140494684	1.4894575471159297	0.00941187409872642
4.903989092425377	1.4894575471159297	0.009443348924879533
4.9274944359592645	1.4894575471159297	0.009466492858624479
4.947904232394002	1.4894575471159297	0.009480822516835177
4.965098708928512	1.4894575471159297	0.009486624790603785
4.9789769615374055	1.4894575471159297	0.009485463158538944
4.989457547115929	1.4894575471159297	0.00948010827727107
4.996478961420489	1.4894575471159297	0.009473923637069632
5.0	1.4894575471159297	0.009469936848039009
3.8	1.4964789614204885	0.018447636594561487
3.8035210385795115	1.4964789614204885	0.018239977365117257
3.81054245288407	1.4964789614204885	0.017843076441787346
3.8210230384625947	1.4964789614204885	0.01729057872663975
3.834901291071488	1.4964789614204885	0.016625677520808586
3.8520957676059977	1.4964789614204885	0.01589418118747823
3.8725055640407353	1.4964789614204885	0.015137798529531376
3.896010907574623	1.4964789614204885	0.014389007672171977
3.9224738595053155	1.4964789614204885	0.013668451388118112
3.951739124708353	1.4964789614204885	0.012985176134897252
3.9836349629707026	1.4964789614204885	0.012339359826517566
4.017974196830619	1.4964789614204885	0.011726618823520258
4.054555310009415	1.4964789614204885	0.011142677727798027
4.093163629989119	1.4964789614204885	0.010587190209754132
4.1335725877961655	1.4964789614204885	0.01006579916188379
4.175545047598226	1.4964789614204885	0.009590030741067183
4.21883469831157	1.4964789614204885	0.009175192424915116
4.263187499052436	1.4964789614204885	0.008836942276070422
4.3083431699499615	1.4964789614204885	0.00858749473967854
4.354036719571957	1.4964789614204885	0.00843246402215316
4.3999999999999995	1.4964789614204885	0.008369126486392488
4.4459632804280425	1.4964789614204885	0.008386480732480422
4.491656830050038	1.4964789614204885	0.008467013167604027
4.536812500947564	1.4964789614204885	0.008589663387065854
4.58116530168843	1.4964789614204885	0.008733229939238916
4.6244549524017735	1.4964789614204885	0.008879416595091887
4.666427412203834	1.4964789614204885	0.009014885651278205
4.706836370010881	1.4964789614204885	0.00913199718848256
4.745444689990585	1.4964789614204885	0.009228276264317294
4.782025803169381	1.4964789614204885	0.009304962215640632
4.816365037029297	1.4964789614204885	0.00936517611881695
4.848260875291647	1.4964789614204885	0.009412257079054109
4.877526140494684	1.4964789614204885	0.00944867832561432
4.903989092425377	1.4964789614204885	0.009475715683121735
4.9274944359592645	1.4964789614204885	0.00949378320908144
4.947904232394002	1.4964789614204885	0.009503152038147134
4.965098708928512	1.4964789614204885	0.009504683233226759
4.9789769615374055	1.4964789614204885	0.009500249580233025
4.989457547115929	1.4964789614204885	0.009492669608849041
4.996478961420489	1.4964789614204885	0.009485173515503533
5.0	1.4964789614204885	0.009480596981540747
3.8	1.5	0.018593432257084316
3.8035210385795115	1.5	0.018384535216719487
3.81054245288407	1.5	0.017984842960961082
3.8210230384625947	1.5	0.01742747202854492
3.834901291071488	1.5	0.016755053436349348
3.8520957676059977	1.5	0.016013006136640532
3.8725055640407353	1.5	0.0152430018360339
3.896010907574623	1.5	0.014477937166432748
3.9224738595053155	1.5	0.013739326592523393
3.951739124708353	1.5	0.013037430575958922
3.9836349629707026	1.5	0.012373788629471343
4.017974196830619	1.5	0.011745293208854818
4.054555310009415	1.5	0.011148642567185169
4.093163629989119	1.5	0.010584010511092666
4.1335725877961655	1.5	0.010057053872812248
4.175545047598226	1.5	0.00957885993325348
4.21883469831157	1.5	0.009163985677687378
4.263187499052436	1.5	0.008827217524571373
4.3083431699499615	1.5	0.00857996860413668
4.354036719571957	1.5	0.008427269368639186
4.3999999999999995	1.5	0.008366102027198884
4.4459632804280425	1.5	0.008385447930276783
4.491656830050038	1.5	0.008467968677711232
4.536812500947564	1.5	0.0085928458801609
4.58116530168843	1.5	0.008739059101722842
4.6244549524017735	1.5	0.0088883384079591
4.666427412203834	1.5	0.00902718205389034
4.706836370010881	1.5	0.009147624207007717
4.745444689990585	1.5	0.009246782180934845
4.782025803169381	1.5	0.009325511074151792
4.816365037029297	1.5	0.00938667008151297
4.848260875291647	1.5	0.009433523219515384
4.877526140494684	1.5	0.009468669090905154
4.903989092425377	1.5	0.009493671469899413
4.9274944359592645	1.5	0.009509319545108683
4.947904232394002	1.5	0.009516257737023692
4.965098708928512	1.5	0.009515641962493724
4.9789769615374055	1.5	0.009509517650869518
4.989457547115929	1.5	0.009500751646950658
4.996478961420489	1.5	0.009492532956976829
5.0	1.5	0.009487622229270971
