-48750.24580213634
3625.1669635903727
956.9103064615318
258.94304962864476
-68.8650839955016
-117.37855747626686
-8.480227347541652
1.5941026561167944
1.5882735560121695
-4.10948387797356
3.010889979025439
4167.953323060004
-164.17730242753632
25.542000104909896
-24.094762627505236
-48.940829780460675
-16.99108535584006
-1.8766315144132664
1.2045565269062177
1.4871667990369934
-0.17373840727332351
0.16583569292859585
147745.76325404405
-8607.138711345131
733.1010872042534
1178.8689476139484
-524.1388848197896
-609.8792927862178
162.75587030608864
-58.95145660088984
-75.20462981493587
-68.12003907062402
44.2637314841014
-2.356297022995121e6
-4.245137048808587e6
-3.5604653588329344e6
-2.689859052916405e6
-1.4422990600852866e6
-1.1092396826050552e6
-292089.0036705365
-218349.03352366367
7835.85231179899
14773.363992559487
12240.892729407518
9288.612042589844
5104.809308117574
3753.6255538602736
1120.6750185677722
814.8716959047936
-794.3554145635209
-1658.6800986924302
-1303.762179306692
-975.8822801545424
-520.3091634328459
-363.14815909389876
-119.2522285136248
-91.76577221719758
131.60521246931012
322.3701800668712
217.676059534405
159.27020920559082
70.89005458938924
69.80777323639128
19.544160524773176
22.86064241696901
-73.21041790896443
-146.07012745057844
-112.39894606541684
-76.12889872619404
-44.67911482552545
-34.029447375784606
-13.881257933551279
-10.500292666079757
9.518004989234827
3.254552210982537
5.05063554371522
-12.943994026315982
-5.503630461992032
-14.021932091218206
-1.6086896209608796
-3.805099742465718
-3.4246165790576826
-3.8871058304020867
-2.8048155732956515
1.084582081626485
1.5527980779387802
3.017601404049272
1.1218965616587515
1.0096848450302935
-0.23992238177548747
-0.6398227284936457
-0.5751986475657579
-0.637958771653492
-0.43542175111857795
-0.3675219430155496
-0.15494280219921436
-0.10010673963406215
-0.22221818360687481
-0.3100793171050655
-0.2921717960466402
-0.15684751164458846
-0.08738225907054173
0.021933388569900854
0.021375292127801936
0.05229853386881923
-0.0008531947358831789
-0.04232676767174988
-0.019207669875602233
-0.013551102771175827
-0.01220579765266588
-0.01297483571718633
-0.01471359611741866
-0.020199335246012112
-356643.80432583514
-643929.6530732955
-955969.5245149133
-595049.444792652
-415957.04482307937
-129214.98370382882
-49387.031084371105
-59902.86369112138
1139.310268939886
2173.4930041872967
2984.256432128179
2002.3783008894834
1324.7086603231119
409.54728954758804
186.70932654309362
182.08533779590996
-112.44986823086825
-244.93315247497563
-269.4259439606185
-209.62964665560668
-104.91315686216608
-10.172180902514786
-11.590648472610933
-8.347072251093568
27.84685448790335
59.05097020259065
58.73962943647391
49.45297196769928
19.340434111520025
-7.131954606087102
-0.09978151432009591
-0.36430674310732863
-13.098295195383267
-22.32819787060246
-30.593011214733583
-23.960767439537445
-17.212333464606818
-7.388820517241889
-5.730462530468321
-2.7783012298983394
2.965682758989351
4.173009929646469
3.9132999276466403
4.155543733395235
4.139105509594864
5.050081003967676
3.938746673460107
0.8149765531369892
-1.0638169720323074
-2.2031164839848585
-1.6867941400106081
-1.5525807302292634
-0.8886189096389168
-0.6462576484261382
-0.43855703088198333
0.007289476561387408
0.08270275728492969
0.14562867155859976
0.08721937128071465
0.11549875883353997
0.06101112367178636
0.03624579801586937
0.017839271474912374
-0.017100102741425264
-0.05607182251476373
-0.10374152741857352
-0.0833844244652771
-0.07736575842626771
-0.04381902353441534
-0.03474496846490678
-0.016256102812599656
-0.008669093752220098
0.011671352049093737
0.0005157866394954094
0.00855009973882382
-0.00044719036830803726
-0.0029288600925607114
-0.002982561019207721
-0.0034517672841065886
-0.0025066907526516895
-146641.86123149865
-360262.32513305784
-501985.32785497274
-382703.75156994583
-210481.90731311974
-71172.8041841209
31509.89507060915
43373.93505560526
599.621183283699
1462.4412974259742
1749.660522623024
1296.3834944985833
705.8112877240007
340.0944024248865
11.860198924717565
-64.68768472180498
-94.13937422778884
-209.82139732159118
-166.78982104387254
-90.49510458505212
-14.790993546704673
-4.9490565037040035
-3.1569622033464677
7.696453807677388
8.981391391280269
6.462234310699004
-18.825991851075855
-42.09396689148163
-58.91517403677974
-46.27996264809326
-22.142228793305744
-13.721425523891238
10.174971420486456
25.9985011095935
19.03381808311714
19.825489799947672
22.21315137661913
18.38413092297323
12.284538464108225
3.124245431854662
-8.547564979235334
-20.750375205337516
-12.71025482574512
-7.854433869300786
-5.18081280574235
-4.282974715236406
-3.2516947009219215
2.09742750385
0.2986812203833617
0.7854538995786415
0.3177854086581494
-0.1084952583029096
-0.08844462872036554
-0.018810806972330608
-0.04494187525350653
-0.3947595517003934
0.16303468249822725
0.23524934554435645
0.3888368556174755
0.33590829600229255
0.31673073960445663
0.3203429643646187
0.20885875479525243
0.11432523970070606
-0.0758695990527732
-0.15706210868529344
-0.14032519613279199
-0.10066895908685322
-0.06543112840795472
-0.0739477969829252
-0.04936487165836352
-0.029409566557302615
0.030155792512834956
0.07573294854299176
0.05849930168852653
0.04871386494200168
0.017445180189902074
0.0194883767520224
0.024543645920155285
0.0042984532248226005
-2.201437376366123e6
-4.16372692949191e6
-3.7486931451158095e6
-2.8830474515450518e6
-1.9113138635993998e6
-950962.006246644
-335638.46519978304
-100497.06503433318
6218.716213159999
11774.236310237835
10637.056019706384
8287.718145147646
5463.168105603314
2767.295393533699
1037.307515141814
307.9333565197832
-344.978322686268
-629.3930434308542
-592.6543302050949
-472.0399579567439
-288.5106643998279
-147.52144004795886
-59.92127499357684
-17.90189989730131
-19.11167368849967
-52.24758324167604
-34.524850002523046
-19.478895628846114
-21.233638488670334
-11.419705903958237
-9.237173213749749
-0.1121283210513579
-11.703949995593794
-26.43030419118457
-19.32981020000517
-25.35027138075309
-18.349179888166358
-11.377713616919406
-3.083686351677346
-3.1839095824097514
-4.0521322574966785
-2.5904627299572494
-10.885639953169822
-4.216650588635994
-1.9711107534805434
0.0060136690947554805
1.101258770039785
1.2978828871914763
-2.690620980953911
-5.593261834560271
-4.219406379487041
-3.7380198074611495
-2.555343853941215
-1.667060770263592
-0.917487998207927
-0.3660429914463998
1.6458068235450098
3.08013083329159
2.6636910787211354
1.9826016568145919
1.3344212181110693
0.7998607172929554
0.4061953946073657
0.13394414112495442
-0.1494441105577481
-0.2615887980612421
-0.27552593346115456
-0.19286051327413922
-0.13937702684500622
-0.05831179529456685
-0.026793930628951433
0.00630093351488947
0.252458612383083
0.4447318561741129
0.3662967603273674
0.28442237513381424
0.18985265822117148
0.09325114183041054
0.009186383277894021
0.02388238650542602
-179028.58963009532
-465433.3977211427
-226973.2460728342
-118142.07964265531
43612.87889691028
81953.63732914659
51481.39069934862
9889.68432596083
496.1366557047826
1242.4927540521778
628.50695940565
261.31799541734097
-139.94858877957466
-240.02891442438337
-137.59820567040845
-46.290051893736845
-19.31459035247506
-56.11906612946482
-46.33858191970864
-16.801198998320256
-4.4887880069342305
-2.585749598787084
-2.2707361687090346
2.39626610169328
-12.512289581744817
-9.049190395602645
-1.4212676309966157
-0.3417362239865233
1.1084748388722319
6.38904654574623
4.360005875475188
2.320042835720511
4.293136794303931
0.7285843195454607
6.059617517681538
7.4466052570555705
8.82732277073584
6.1809851656180035
1.7325978504419635
-0.14986378423575972
-3.0971938110762918
-5.428596035261626
-6.748368983959242
-6.417269689775244
-5.477398071501279
-4.097136618900611
-0.9461984209400738
-0.03633575195615498
0.6839444013797408
1.3730599857763457
1.1065467157565634
0.9041373879749006
0.5974027899721261
0.3267650065401792
0.06443134002144446
0.015280386917667723
-0.0755684206698314
-0.20128237294596887
-0.09442740931426084
-0.09248744480059379
-0.009754989226521961
0.01389895344724776
0.018216036011701686
0.008039913711169558
0.019151372754342783
0.05676834882003109
0.03802631733835293
0.04265969465049681
0.02320986308321702
0.019308575365616643
0.008987657370885853
0.009484525375538708
-0.013674778454513446
-0.008172528240476764
-0.015885525440353092
-0.0184394100200412
-0.011177090290656366
0.0030098705192844934
0.004392506066089849
0.0050703357536657995
1.1668525254453314e6
2.0139937431721718e6
1.8433235596546428e6
1.4150562073032013e6
1.0011955943657748e6
659770.7536768756
364634.51814845286
105353.22105590902
-4106.387987679711
-7133.318799403118
-6553.583370400843
-5004.099980966396
-3499.2888126008943
-2241.8225119168264
-1152.4095578031795
-329.1088122818184
536.2240302825116
939.328255002875
834.7605111990348
631.4493356408286
440.41437843236696
262.6589181735406
107.75198371596726
19.114989787842454
-161.1949851063575
-279.64775499314493
-239.00599798252514
-182.76647725415984
-132.02339248854565
-79.2974696403643
-29.232569058183895
0.4861930506766619
83.4061677337145
144.7762334495986
136.17526088723687
106.06295338682102
72.99454551702188
46.45643590780252
21.328358952107937
4.914812041488864
-37.47481199110763
-66.82110978415236
-64.58314863916809
-50.962320495895874
-33.27656922243191
-20.269262100828605
-8.64108290723906
-2.858200649341941
6.483310854381019
11.403299796688048
10.093517218959642
7.306739709353878
4.800367093486519
2.5717139452429474
0.8836484373905955
0.33127061299372185
-0.16752162795753828
-0.26530833369549106
-0.19615998629061687
-0.06075200766776398
-0.034644757201265836
0.020277832515978093
0.045961621070195906
-0.005067860676762649
0.10570771235567969
0.19656270655958422
0.16338449962825569
0.10265851537980202
0.08916894048333697
0.04317493535262852
0.017228271359151268
0.020168115640721015
0.007687647447309861
0.019632025489311474
0.026029173757989427
0.028101947379546608
0.01238585830328722
0.011990184462875005
0.004534345267392639
0.0003117332387843104
