0.06672848611752635
0.00713290662284108
-0.009162506494885248
0.001735214727027186
0.011220946441780604
-0.002858459215650531
-0.006893054350028512
0.004408730228700071
-0.024674602948178175
-0.036782470585301145
0.023319637178936002
0.004730627155351297
-0.029464528076852504
0.011381482903486733
0.005199491739029453
-0.00314130866112488
0.018210816594354255
0.01007724145041117
0.00453909864389067
-0.003386510605555987
-0.001028328872034166
0.008923868139112213
0.002559223240496864
-0.00894587852592174
-0.011202306286412743
0.0048716830092706
-0.0012454283038612379
0.00010442149661533598
0.002682364213784961
-0.007763302927713956
0.00016581805264118243
0.00536502219320167
0.0016867947050912126
-0.0016868002633997385
-0.0009262235080610672
0.00017169744356965137
0.0013161711706874363
0.002224286732980197
-0.0009527342120961673
-0.0016083914468075818
0.002683299601568142
-0.0025886427170899104
-0.002247666867367385
-0.00015183341573372117
0.0007262102128059004
0.0004920841721226793
-0.0003389739205995419
-0.00016189129172061216
-0.00016163665354877426
0.0007761652798199233
-7.67413849316178e-5
-0.00038516999608769837
-3.5667377834804875e-5
-0.00046193230829463144
-3.2389324669742694e-5
0.00046127042963352494
-0.0005245827159063801
0.0014119696683616266
0.0009985404899680455
-2.4545851444710584e-6
-0.00018348644517149357
0.00024273639507111356
7.853420455525588e-5
-0.00024783958705775654
