0.07005389589200817
0.005035628445590853
0.0012885367182330965
0.013446349271714203
-0.006726160956491925
-0.001981672082019594
0.002461287414315725
1.3583470775737131e-5
-0.04404861423340104
-0.014517062358751491
-0.00046474106156346544
-0.015506371553798968
0.005219441947367798
0.0042868182789973265
0.005485401912739158
-0.008519780351463313
0.02430770371956177
0.009659001331886843
0.005321883879479353
-0.005425980292852247
0.007723257337159785
-0.006867851560306695
-0.008025369198600663
0.010605157600153799
-0.008146061806551029
0.002675023543455515
0.0008497975746015631
2.4411329309885998e-5
-0.002858458989477251
0.004418574420607836
0.0010434943786096413
-0.003088080333051914
0.0014532409218833528
-0.000984863940800393
-0.0010979278642878495
0.000900004953158348
0.0006167944110480473
-0.0021251978595543206
0.0008417052645786833
0.00019336418025203488
0.0007663648661756501
-0.002802718912054956
-0.0010592369631274806
0.0013309153322936848
-6.80855128535204e-5
-0.000487399912504691
0.0003508004456668843
2.4482364949842474e-6
-2.7054928315472245e-5
-0.00024614298820884156
-0.0004040713581101466
0.0004026497140622549
-0.00045106819778526375
0.000469624534843884
-0.0003379329214248826
0.0001387666495338001
0.0003653184287621345
0.0016012617014591758
0.00015357970557029098
-1.7295837716904782e-5
5.551236826001906e-5
-0.00026224573712212043
0.00013678080594023892
-0.00011500239802231433
