-1445.651777157058
-536.8888929838746
39.25341293764919
38046.16201493861
383.28717508004587
-2.6706107173649802
-64536.405428376806
-1320.9263116537668
71.73777762779223
234264.48821738487
969064.6612634517
-418716.3399144581
53151.45975590317
-106.61347589248352
-191.89423036327582
28.695013778752152
76.36491233697198
-8.778375107536975
-57.095984114417135
17.873156820162503
-20.64180254037643
-59719.74201542194
-414218.9769189909
-3431.7769171972295
-95635.68403753891
-4.044465548331287
-12.441094834694628
25.662661881255847
-11.232096502641795
6.694565673388525
29.359562694702422
-3.9657267848096724
7.488726629130016
-606424.5180102806
-768732.3824196995
-344098.69860145083
-5927.793628177241
434.2429232870592
723.5004434582047
138.03050527975358
24.74003157797687
-9.660101726130723
-35.9532344094878
4.099888245935252
-3.7686674921742975
-138312.13100808102
289638.8100401112
-73889.2927316588
97194.13507670908
-3.6218492363966517
-214.8772112228594
-169.00676852894216
-95.65021308703544
14.988790341187775
6.612673556930461
25.462014528263698
5.305953343406865
149204.6737997593
268400.5490077593
-52653.748496417
9013.042959961136
-212.97442521414064
-257.70176335510797
-152.7655016936111
33.13523124857445
19.283984122572512
15.51491620627477
25.532557084265758
-3.84006678952741
185197.410300498
82787.79243032893
-46774.32228485903
-12327.867995157165
-180.16723174630857
-105.07930627058506
-4.059319540927123
81.67062966428303
8.032829831615434
1.912874896340744
2.4938482553049792
-10.140662362265163
