-407930.1523526317
-16860.17999857047
-1970.2141719126225
36.00978702581136
338.3385126457717
370.0859121993462
-208.24476090240066
-10.343050544358212
-191801.81800879788
-6519.338772216831
-728.3181182953733
44.32612917048638
161.64414516354304
151.83617700958726
-84.37627596937209
-3.933326827676564
183284.20004979233
5289.823927395972
446.17442875339157
38.93256607151008
-113.16020326989779
-115.90526886866654
70.21083387348668
2.9981261272888626
-3.1392366197530515e6
-3.707132858571033e7
-1.9654968808179732e7
-4.7002858933754236e7
-3.643710739980614e7
1.1825706368709004e7
-2882.803664100501
3885.7858416288877
13828.606200293942
9615.39742517998
13713.142896233161
8521.24930383703
138.16142238302862
16.413774939241012
-241.018490392762
-188.34458974482487
-336.62066023497886
-214.77599512078982
-20.609335688263815
-28.900801476310374
-43.870177052355395
15.437018415414043
11.063136685526565
-3.72718458104792
-7.861579542948475
-11.810644495574582
-0.5191083636658593
-21.884019123794186
-3.396853229479773
-1.112319174823954
3.5907995030307234
8.85366484263656
7.346586857899768
11.287639205136552
4.278422055225494
4.140862619118104
-1.871870420925058
-4.638806401996199
-3.5474860491616798
-4.427204061137652
-1.4784641108398087
-1.544755014212359
-0.05223921237931293
-0.04407656879205402
-0.055343942108553076
0.005540330522946632
-0.012620405719108725
0.024285522745634808
-8.760260114877677e6
-6.838829691668126e7
-2.5277388805356894e7
-6.6700997212898456e7
-4.167971352253829e7
-2.436257775949946e7
-9430.849477277454
-15303.070895344874
-19120.60278864069
-5965.454179702574
-4564.098401344052
-2449.2016347133917
226.25304642076003
389.7455748828832
526.399474598156
186.5889168367923
127.28809138016615
80.08753566624395
12.819212785342359
33.89984775912199
0.30986559169509986
19.041982818368012
23.125144380544008
5.443996965421928
-3.262776111557793
-7.139415770220924
-6.550101030511259
-5.001347259863355
-8.645956434808426
-1.7069835160285562
-2.6067359415230165
-5.2036499470676505
-3.708000128225292
-2.9002329417719666
-0.5923949904341244
-1.4786489379358274
1.2623427303416415
2.3191187587979973
1.5353637278321923
1.302968775445555
0.5063912178452714
0.5863426512229412
-0.03870505721747571
-0.05957060080439299
-0.05026401311240804
-0.023489005320012506
-0.008982372305620817
-0.0025321397177172807
2.514064150313414e8
3.6459746630332965e8
2.3881073735893086e8
9.479514117979793e7
3.3005811211160243e7
-4.121383355324057e6
-37630.607878060306
-63340.527764859995
-42002.77823777036
-24703.494897323064
-7720.050711844082
-7699.763188764499
773.9185530980719
1381.0569337865638
979.7938401921747
616.0984603950361
195.27372579211587
192.9480072512313
-36.69794834263325
-54.41034063563159
-68.33999605829445
-33.44122134503634
-10.738478492922596
12.577178096854261
8.59655784375766
4.6190694346098375
8.629993007422874
-1.2695999839759238
-2.5332303798445457
-9.133553993856518
-2.90456678259681
-4.952194210812383
-4.74935648725386
-2.05719559340116
0.1271021422800351
0.7821072301903406
0.26721506563740693
0.3963059544224466
0.37969789718281644
-0.39692807937300334
-0.5569580718385011
-0.35477459957334445
-0.19544854259912586
-0.38905870837331874
-0.28780224732178644
-0.22911145931349594
-0.12562533341909696
-0.036343532970496785
-4.140443048666417e7
-6.717164268409081e6
1.1372976874552665e7
3.0250343587860353e7
1.295862942989776e7
2.4950872336979058e7
-7299.83921313524
-32863.4662214265
-40964.02562852038
-22351.074014429552
-12177.301322721401
-8339.801461471154
304.9891591141689
1011.6845325004554
1171.0888471691476
645.4140674790201
374.00622833393436
214.94346957632163
-26.5382389943996
-51.504534163521875
-36.60143581248872
-30.634459732272152
-22.931053205958914
-8.387371816628615
-2.8778299315219438
-17.26611211638435
-21.324732132581552
-11.618551574847674
-4.9570807106966575
-3.1377553143219137
-0.9764309850132623
0.6662831099732234
-1.0666027997854546
0.07120682820793565
-1.5881930352578724
-0.10614373303675544
1.5182196825259338
1.5781132288150255
1.8335833586159334
0.6133605687849211
1.0204061027400162
0.007542303572153167
0.20428163956168546
0.44441251324295855
0.29809264144426184
0.16823078968702912
0.05096493894635584
0.04002004304686906
-1.2525803082335046e8
-1.8091644941694564e8
-1.3616265619504008e8
-8.882708727941737e7
-3.588351108276773e7
-7.765601213487454e6
7407.046116974186
1544.4719687716108
6046.693129231576
925.4371364013869
4370.438002869454
-3321.742988117971
36.31178584866459
334.621752959126
61.8149294227959
96.55514417106903
-62.37319187524818
90.56410607942544
-27.39891274536434
-49.56782798160609
-12.645131423755995
4.701174274747314
-2.335701354361974
6.919390259262868
-8.119311973510342
-21.657528940066726
-16.308518835117347
-14.824781815004465
-2.3236687959388176
-5.939719018136452
0.05046284991835475
1.452486919579197
1.8366007162701978
1.683882557352312
0.4975933764405685
1.0002694635915454
-0.9057027212610399
-2.0799410953957667
-1.5131395644643402
-0.9763934849600593
-0.33505560928360795
-0.3870300288805253
-0.024126997061014246
-0.0554960650868927
-0.029121563256583726
-0.036504963386946754
-0.019519771881515394
-0.00028652941546717016
-7.954564538873276e7
-1.3204356932288425e8
-1.6045700923624992e8
-1.6190796125801858e8
-1.173520647216715e8
-4.1411274708900936e7
-3301.4255020024643
-10618.236339402767
-512.2661847288545
7111.242848188528
18319.537804954813
3883.3445152163476
181.21479575125116
485.1744729006223
93.92200172213799
-97.93109373761361
-441.0415182516107
-104.30520057740007
8.620770024378077
-3.657173647891488
70.03118014956206
56.32589265402921
45.1918303476606
23.099538022214563
-8.002149411031036
-15.347422079123
-27.339856447586453
-15.45383586421878
-3.9945811274295537
-3.837471800418444
-3.764305643499036
-7.3302170539487
-1.248985479093404
-2.9655173605746845
-0.27416368314467165
0.31237972824985377
0.4309063425212491
0.6552228815364215
-0.2792125641667217
0.6059939850256928
0.10686735501966217
-0.14122596867328202
-0.040376717529176036
-0.0687155873972869
-0.046172167263177265
-0.04616100343939135
-0.007197454295930266
0.006097567593152089
