-0.4131698725679232
-1.3484842947817082
0.7117549695997842
0.27353033125699483
0.07289591587540228
0.8498929211074164
-0.7827734189467493
0.2392537461063209
0.6930370246530894
-0.7538323187978668
-1.2477028000639103
-0.9751326073865513
-0.45018161599925743
0.27623220535056414
0.15221787059310482
0.222341435648001
-0.6859406856296252
0.2649359667254029
-0.12801743909750168
-0.521777053941279
0.5797588872705705
0.06183409137358946
0.15345912090858874
0.129905862336111
-0.25703300866028606
0.7941957342960139
0.43311622176788295
0.633519218987512
-0.9713316232855409
0.6155087481162921
0.03978835228408164
-0.045890850118674886
0.025299791935692175
0.46379236847031213
-0.1775074203304329
0.44987201632148144
0.07444272646608342
-0.34338997243372066
-0.1596768048071044
-0.55471281746663
0.39150496667428647
-0.23853358456607157
0.15169154280331204
0.21785886013580855
-0.17362074154367915
-0.1610314644377715
-0.3904032542792411
-0.5287889150774742
0.21694208374286586
-0.07155686265301424
0.04081136105045782
-0.03963248217029139
-0.10527357678853073
0.04107266915604704
-0.015953361525521098
-0.027582911233292283
0.9683836738134387
2.235238652962388
-0.2325536794715595
0.9222951020103685
1.2638361126286761
-0.49889893840583427
-0.24750936786610622
-0.07560949897973959
2.8522177796822255
0.6886157444818233
0.7595881026472208
0.0564126943049477
0.1416980977115464
0.9677560194723542
0.2136352673265825
0.6916299679261515
0.24461132979931816
1.2612899419891561
-0.5776897027458707
-0.10451690740513314
0.34615403127349753
0.8908332949366051
0.7082025149713805
0.06035806957340373
0.9159833697130486
0.20288869737534526
0.7292958541259161
-0.9909579536251231
0.2852169164351902
-0.80162041597429
-0.0980331660924167
0.6977962102866052
0.09903984432535057
-0.7049672204947448
0.22571213991447323
-0.27426210158148634
-0.10264705056725397
-0.1966146757945464
-0.41855760872763553
-0.08202660380821333
-0.6205176293417882
0.216954518430295
-0.04532350030187555
-0.8848337201217576
-0.3745242341201631
0.34984005556308123
0.16175365000985018
-0.032900773111772884
-0.49279511731657627
0.19286406079831095
-0.13582720584871924
0.08640293057308251
0.032520000006164375
-0.2943407384261121
1122.2402936789106
-1.5315295604681292
0.15086206261953466
-0.6779134367179035
-0.3992241599519033
2286.5662440095252
0.873421723463444
1.038901659873348
-0.2891207527020745
-1.4917988253210155
-0.20680223270520343
0.915382197264213
-0.7281635381107862
0.6478613026801352
0.6020695853643429
-0.8708702166190485
1.3819590441531142
1.1881867895902656
0.5615340241400397
586.0255012190055
-0.27086229415303037
0.022841297396890038
0.33957595256134304
0.5117609189169984
-0.4814190678807285
1.0873719831368254
1.1615454491854944
0.4652139457215988
-0.32390912003493505
0.35671214955581276
-1.3144514965856335
-0.23540584139567997
-0.05588625696904317
0.5490416870095429
-0.1857150269646911
-0.05594577007379451
0.08437520772586114
0.6999583336397138
-0.22682359685341819
1.6778328371546591
745.4375377394078
0.7125508979321066
-0.140985364192893
0.20788198530839266
0.45930545312487936
0.44135634165630966
0.0796565649399033
-0.48176839299537827
0.9414680346353873
-0.00999685656250983
-0.05162288547488666
0.1153958652602648
-0.2015899912218618
-0.44135751631796893
5696.246791081122
1291.7466564231536
-0.5735927656121155
0.5760944397763244
-1.0724474623538325
0.16552277027416892
3739.87418320836
-1.7332166589129125
-0.8599500748352816
0.11889065168588125
-2.1101858128924724
-1.0084245308310966
-2.2562985053089673
-2.8694978938971936
-0.0686234112434247
-1.3404126683589717
-0.8602569829271755
-0.40634882058397537
-0.8111393283772272
-0.8657382037156602
4608.755572660406
0.1416699444652438
0.7243828533434601
-0.08590985392364268
-2.2189416817597785
-1.1504951322238028
0.33550733412346556
-2.6821081341755915
-0.8100042414054458
0.5541007563155804
0.11497818882091695
-0.36623289997002473
-0.026444429400195524
1.3666190156117801
-0.1628427628383033
-0.13260174217739906
-0.447438546987049
-0.6465315647458646
-0.33878266523949246
-0.09337344852035659
-0.5824339963142996
-4117.551187144679
-0.031511210972043936
0.004914981798738149
-0.7197986799687168
-0.3633222829989897
-0.640084761833331
-0.05954993553956049
-0.3078407941026826
-0.1288454983095581
-0.31576632547002803
0.20584964857100663
-0.05109176816709753
-0.019162812679567875
0.2082649931013178
-982.1710949203286
-1122.0069687357618
0.2575786501237714
1.0881371442988959
2.008643621983517
0.8994474655786796
-2286.452649650355
-1.9414646056729725
0.6238170446103493
2.543777533338514
-0.44303437427133696
-0.37639969569139825
1.1375983600400266
-1.5823666164471835
0.6170938088903307
3.504608827753929
0.9000902102890482
-0.9416468903145023
0.9386418598408031
-0.4720518729904018
-584.2406658886823
1.938989943197456
0.041591186378624224
0.5937078754833084
1.4888707740421578
-0.9302002763752707
1.2048970528474126
-0.07982193867384833
0.2867878649443525
-0.43246697028279446
0.06660833511242023
0.6811637754818881
0.5304269912103509
0.014779375057427479
1.3932691737568883
-0.3507226034145368
0.9189943947192493
-0.41509974150946777
0.7101510572483122
0.17164998207754847
-0.8113064013225174
-745.0524405897723
-0.7386253232521867
0.37547529740658253
0.33980250555843894
-0.07033257829086603
0.43151260376509987
0.5256854777115648
0.404784523839478
0.08037674681148177
-0.5669683083304916
-0.009675520611418327
0.31066711975081035
0.7429997127438045
0.16736494103148275
-5696.713077142878
-1293.9015388916991
-1.0210666505932373
1.283437714851721
0.10577102905643938
-3.431905567163171
-3740.523463734481
-1.5135692437345962
1.4680752884656292
2.537864295395446
-0.6686130306363411
-2.41680446818518
0.2517499005264247
3.1063175585371026
0.4173209503171055
-1.541832225892816
0.16682564858656243
0.9161096641544888
-0.6469666280150368
-1.7584648672887777
-4609.770239229922
-0.029778388880792945
1.1752760966838072
0.693893178838791
2.8536406694059666
0.539518569817799
-2.6550662082864798
1.238048517848972
1.3836945041579352
-0.262201336026177
-0.5743318723656987
0.05599264421276421
-0.3038776788516931
-0.35631955379468894
0.14279542040199106
1.3159592640603954
0.10913446332899482
-0.3582021503569875
-0.6353855338821582
-0.4779501164268853
-0.0821233702166622
4117.149461205045
-0.6050171894612437
0.35652766662592794
0.36443877830072774
0.8069137602741171
0.24692978180533698
0.16128934245473045
-0.5193871713183468
-0.25118700792288984
-0.2098691220810147
-0.47146475035907875
0.18323335842472074
-0.1317535957627497
-0.31760002293094886
982.1439136218065
2.166417090723256
-2.4444526387918293
-3.4187303896789754
0.973236359252163
2.833748346554971
-0.7293586435392637
-2.748641371613516
-0.13236238212661586
-3.951781023204191
-0.8882547473481459
0.4470763315595644
-1.1215021666152534
-0.3310575519482741
0.29624045702314056
2.0393103964244106
-2.5998305057612394
-5.745391730646506
-0.12825851095831423
-0.7847945804542816
0.09781498800113499
-0.7177334961968662
0.6916901148987153
-0.09271466412015628
-0.21555837803510453
0.6624467890470431
-0.22942434021717517
0.3585690068290016
-3.7016725324781827
2.299833076482942
1.6375836895182714
-0.600294320456207
-1.9096165957077813
-1.0295963558088241
1.7225936995185227
-1.5209397477415647
0.6819521436365577
-0.6729172141677764
0.440700506403256
2.86943034569546
0.2162144856951921
0.7020070876557001
1.8895686089008874
-0.9571777874748895
-0.539495435017076
-1.4477633300131534
-1.7778273854840863
0.0174021727768493
-2.217168099384261
0.37539847465573273
-0.574489680870141
-0.387009418614832
0.9644166763836945
1.5382924314436397
1.677120120438121
0.4755265620541422
4.833287666585473
-10.679888301240082
-0.31324736383320817
21.936872589497657
-18.23889893318374
9.814783888841848
12.079750662052815
-15.604097413651276
20.474019916602607
-17.047345227083227
-26.525281259705384
9.906128581889407
9.352892681325192
7.013398152697364
-6.023917102699694
0.22390322830070122
3.500628131230737
0.11739134740751589
-2.007384351052089
-5.215794887244351
-8.871826619588969
0.7525111090538668
-5.3994414477311015
9.614433016301465
-6.245649175109526
-9.013517416247929
11.752084965518023
-0.41177601010689435
4.333344701888083
0.05318096905087914
5.6305518012805855
-0.029936212622396017
1.7035752973150615
-0.7815997680916984
-2.870313664356559
5.40889761563049
4.003481320214378
-10.534206097128267
-2.290601616918165
7.192327121467263
-3.5874700082220716
-2.5465989954143335
-0.03242873378271617
-0.9815079383788603
-1.4347900254084358
-1.3427961691390882
-0.8383738086652867
1.0787290675455694
1.1270364536229527
0.9451699290555271
0.7127040361339607
0.7984210576985026
-0.0786598295065198
-0.6426843744680055
0.04744667207530826
0.3075399508770669
-0.7465488665471992
0.8493230321226782
-0.4180043857421725
3.397791177704884
2.3869056764069256
3.384866889606778
-0.9374289389457234
3.4782159596319016
2.0550788475761905
3.4017492222830032
0.4176189043692271
1.59534595189956
0.817288073557611
1.4238590776714237
2.169459656562332
0.7476091731829222
0.8283957391440557
1.1437716190183593
-0.3495687307037533
-0.02956749820678613
0.11977499168834034
0.2268903394004753
0.4547992729869648
0.14077170962102598
0.3585904857225339
-0.13495788440365383
0.7373169918093255
-0.5531110543822391
-0.03800425928741804
0.16250579887048516
0.22801754979766492
0.1512853259188805
-0.654653483070037
-0.19973197937232
-0.15587086535864425
-0.21132274658877054
-0.23195210008373174
0.4418163772403713
0.3394901971906559
0.38531009060317767
0.06544014332166938
-0.12034681357870838
-0.749702089607418
-0.8996562968477227
-0.2828691354069535
-0.22786388767254898
0.22697948942531132
0.8260797741970128
0.3785292067221409
-0.13333856663156296
-0.36856182420708705
-0.07431070657704043
0.004461869277965635
-0.007637728157770332
0.12951721077081357
-0.2332488641526725
-0.23961193768570963
-1.8221143015555865
0.5013783759327781
2.3252113401575496
-3.033375536940461
-1.6321876313472354
-2.708715600938801
-0.013426730531698905
-2.4316344632002727
-4.816364162050013
1.318883944249401
-0.887142300473863
-3.0265966253275183
-0.45006132982386354
-1.0994602009675747
-0.7800106324813553
1.8044508511255473
-2.1142730158816745
0.6390180445310993
0.9131554386322641
-0.46065520388808995
-2.433217616591184
-0.3567397615436061
-0.9032080731951553
-2.453946075565813
0.12939422121226402
0.7122716990634893
-1.9460234781363646
1.6905518426696362
-1.0935727399106074
-0.27973686631622763
-0.9432976036740944
-0.7415322070001652
0.0029104581284389967
-0.6725659449841499
-0.5827840437802386
-0.11266733894016431
0.29964138719481315
0.25148263544998695
-0.4834914498636507
-0.42061100444025207
-0.5048071673572112
-0.32431372754427584
-0.20752660332589243
0.4343904388363069
0.8370977027957196
0.33570294658623084
-0.1372351845408408
-0.29422309786325657
-0.047534806713802426
0.30832235704857375
0.5484062591613692
-0.08184593366268197
-0.7919775074304759
-0.47705880860235733
-2.409911975356804
-1.6426614341507217
-4.2350179260124285
594.3539476499744
-0.6065233545528467
-1.3854930166687112
-0.9612061189182995
-2.1341766851096886
0.7703198640738802
-3.313882457008058
1.7727943555786152
-1.5743104855629964
2.278493393437719
-0.3089144119600802
-2.211616408059915
0.3076169143818569
1.5863982135605417
100260.47140096675
-0.6371485203193304
-0.2271030492221586
-0.7812884568298389
1.4661905776105495
0.15023284615323337
-0.1708691546178195
-0.6221867121060356
2.9603276575364497
-0.8651292274132625
-0.028044832771492684
-0.541947560591933
-0.06815751910855425
-0.48348968731085284
0.7694566875494749
-0.22177241509886567
1.2384703544646187
0.8493753224118823
-1.6504176530649741
1.4976277794686859
-0.9124025756146119
1751.5953686536836
-0.08268577243049578
0.38260763015067156
0.8427574464254936
1.5811382977053334
1.6003815087536433
0.7495464399485783
0.39694648858846077
-0.3262488098047239
0.23190429878976745
0.6088110161821249
1.0584198484706713
0.8779293725853606
-0.032771832786485156
-5545.985949248353
-20.14381237588237
-0.184904424390262
-4.490348933456153
11.307285653017727
13.20246145819006
-20.452267856184623
4.766411041360555
1.1371229286948594
8.589254680654234
5.748813891943354
-0.1916781882119987
0.028592526183322885
1.9949169939777953
-1.2155420449199543
11.426147473173838
-7.711860927766842
-3.9533650393273145
-1.1115105386298547
2.164771958886938
-247948.19037969585
-0.2167167563226909
1.5629612795420516
1.250847644195367
8.097643511916749
-4.993311356086777
-3.8670007046846613
-2.040506680041149
-2.445433049619011
1.528627058578006
-1.464812846630019
2.6830635233997358
1.8456095975192701
-0.5088989042344924
-0.22791085237636538
-3.580911910925601
0.33271450581817186
-7.0207116364730435
0.6833938124739258
0.14240169398554753
0.7267849896247105
-127165.68925966637
-1.0921629093406344
0.9978909007130448
1.9055463089097389
-1.0274427491914713
-3.080291351420842
2.77020331617616
1.2899929184840286
1.6058282587856043
0.4516241853529975
0.5363497159431113
0.5760218028417047
-0.22785917825662835
-1.5105768098736931
-417298.3664408414
-0.4712689526245074
-6.360050961304593
-8.874462203115614
-3.7611332162154123
-9.403722263954423
-593.4281967684593
1.5509165226038328
-5.022347502590126
-8.085399684172376
-3.778011172161552
1.1581733728091381
-1.5814746183473
-0.4526255489591258
-1.2091159547501371
-3.5816800386661876
0.9838800672455847
1.09058090511637
0.730397822435676
1.7577860275985153
-100261.8310124125
-0.10643281568328156
1.0113767606915838
-3.0112592426074896
-3.64749216216571
-0.3249780721789297
0.6592214702565674
-0.5234805622953594
0.7473483085805457
1.0260008492223114
0.9755384142580519
0.39402312767382847
1.177213526291756
-0.15306073735349374
-2.2017784146742336
-0.21878682498640467
-1.9784602600937395
0.3069286989242124
-0.350232458697011
-0.3569659998781763
0.33441635559227495
-1752.4908403717372
0.12222781260442704
-0.7097152955779101
-1.40340161320502
0.28027736182749036
-0.7937102052207365
0.8932077974589436
0.8947257599659089
-0.2232576473237829
-0.3401061860313058
0.0179317773850011
-0.5970815952138884
-0.5905438426279206
0.12602122931574328
5545.990800645623
22.07777057666949
-1.6114443299743768
-8.525448976803121
1.6007304295913853
-13.693980378955953
40.99393468329514
16.59651068584831
-2.382738438725001
5.258703043570422
-1.3895115344536788
-6.812408652463617
1.4067402388044625
-0.450606204895693
-4.098392448626309
-2.897425747973935
14.88932930434869
-14.128397940842294
-3.577303237759551
12.589432131588389
247946.06058897512
1.1365411323830292
0.7487083478311142
3.3152785880420472
9.732206179887015
1.6237843626541586
-7.882211800190248
-5.2216698994136275
-3.870153232833024
-0.48126602462532486
3.077644729963346
0.2915965498325786
-2.527821138595377
-0.5906151431349758
1.350746906895683
5.8539878327798185
-4.110452452070198
-1.0915555285699294
-1.2326583663546415
5.054714550582439
0.5785569661562296
127166.27390460612
-1.474528316818196
1.5783810085584835
3.2839164339502274
-3.7280567987122426
-1.3681592572828718
-4.052518168323044
0.47508739215572104
2.860495456205944
0.2233297149757304
0.8019736182123166
0.7907663854902439
1.2098021806302057
1.224085719346344
417296.97680518473
-2.1464058297747513
5.669811300628973
16.521744373851696
-5.166796888166192
2.1224083716229827
-3.157017821936148
-6.665815221951767
2.7439981691290294
9.080646120170979
9.082950029437782
15.3455317151342
0.3962289505214973
-2.31195556975889
-1.2816117310453856
-14.16208248221876
-1.1403972540147682
3.149142134742083
-4.80146441411076
-4.4544609134326425
1.4837062568575903
10.848935239428046
-4.005183941795548
1.8401266908173062
-1.9169529103762528
8.547751657553167
5.885848053639967
-7.36960817947478
13.949339733467284
1.7338846019105847
-2.2540274732663064
-4.191997793060095
2.1422796915337488
2.772868146375138
-4.960870993061623
0.6227417457425186
-6.471044067629847
-6.981489089747121
5.476435224440532
-2.2481044165105266
-2.468981875508249
0.9684781293110186
-0.25895977413807103
1.5846321152128255
5.8920438300655835
3.5283054443795243
3.479660757609856
1.412586398066657
-2.7220994781603918
0.6099247266662052
-2.066784254397591
-1.2807894032422384
-3.90446699760651
-1.9234760946482414
0.04775826969634162
0.7705999739909372
189.04939849926782
-272.4332437216404
-248.2418853188683
567.3493595723668
-215.47613418463698
210.1441013300516
121.5806819055582
-328.8053810389984
-89.17414756503567
-202.7065708877463
55.11324859952951
-9.563059806774849
463.2470092194916
387.9783520979748
-291.56272559970824
195.24479549788578
-451.97608874683846
-230.79186166623188
-324.0456351023788
46.412176801251036
-124.29436827371762
145.61891509440537
-204.42854834957376
426.1689713941233
-73.74087128533901
433.4442303426404
334.4698055586358
-23.594809400141006
-30.42790198625549
232.2347975681635
-20.201613672807525
-104.0112817307077
-0.5145755421282057
-64.91856903932064
-117.63844904318533
-331.79232879432413
-254.38441579722783
63.862357791351826
-18.06810103896364
-175.59535273869238
89.7054336004545
117.46835712678593
-118.40102792186929
265.2255584494719
-70.3782941651513
147.45135179311217
113.54918622890624
-102.89791161400206
28.74715153351042
-53.10213482324511
-10.61893555666308
-42.038837210258706
-23.645831354266743
48.169512206180826
13.431319882723566
