0.028788629846566285
-1.3792013627374702
-0.4239752849637997
0.26427348215459767
-0.3413862629050712
1.0203783263085227
-1.1484926321393714
0.1750673070149122
0.9601755286817423
-0.4752844806586837
-0.7832451167770242
-1.0500011447579876
-0.02962229540144973
0.2551878639243256
0.7567622339785572
0.2727318864272364
-0.3987597149601749
-0.21497842815231272
-0.609857774378876
0.31696592512885213
0.06565033985464165
0.6809180373854427
-0.20162491619125156
0.10105545858123026
-0.45893811408535073
0.1160795879700752
-0.12520385690317348
-0.015908608493510674
-0.03700805155890768
0.032734522017888866
0.038245252205131176
-1.2654521593707682
-0.4717932685265142
-0.11408757417753755
-0.8482838044807429
0.3707353794900316
-2.143977212870004
0.09680015737960107
-0.6463632963641146
0.8318515408154974
-2.5466427418597974
-1.0370401320864806
-0.9022731039995836
0.31910085228647606
0.04636893220017856
-0.0980836588846859
-1.4102083297749606
-1.170474723473915
-1.2644603115328872
-0.2374276968317472
0.7441734438500912
-0.17226033857041592
0.23262192605349494
-0.3250512689658008
-1.321908517922847
-0.26347930676152026
0.081241482042414
-0.10661084997122976
-0.2749320723525835
0.047830960448857415
18.699187390746808
-3.662390438893441
0.6677899685348285
0.10028910239157267
2.182561270756434
1014.8566573439049
1.2975950316303626
0.7556125883749263
-0.3453938381393552
1.2744810990350652
-0.5321269564006953
0.4510348687910814
-0.1714972030885974
0.908669237058681
-0.14518637076355762
0.04373851866374279
-0.777328916804484
-0.4168819103675131
3499.734992419605
-1.2208538605530375
1.0151205508437164
0.4821013357336371
-0.17280727268621407
0.4773998519633623
-0.3014706659602579
-0.6220979470235802
0.14530746646068832
-0.13953603820428015
0.007703580728510601
-122.97428326148658
-697.6647194966141
-0.4707240129937125
2.094987795930504
-0.16428793732928854
2.7231963691943606
381.2419542283608
0.3452914550123701
1.5616131099544133
-0.9195547401112545
1.0695352558878066
0.21990136563532706
-0.7997187771088506
-0.2592910748496732
1.5872910394871949
-1.095537335093289
1.291077981745537
0.8145210845621872
-0.20978625808589652
-1105.9564687149289
0.3486614685993617
1.0871930519112505
-1.2255909070475575
-0.21294861273715499
-0.3429604246765653
-0.23697447062747748
-0.36350838662665763
0.4924022617346766
-0.27764675131994715
-0.10465524227973487
1445.9201715094864
-19.512583249145084
0.06724837222512499
1.5352529923521936
-0.7183036277923873
-0.24459529292261886
-1013.402983268102
0.15772898011970343
-0.48306107269525483
3.120478342864263
-1.0261597807421106
2.296460405921678
0.4084259724363567
-0.06924230456359984
-0.08298345507604798
-0.6065785814617352
2.069441665218396
-1.3503760413032648
2.127524187422903
-3497.9829340037622
2.1254975761945567
-0.0674720268308232
1.257799550429449
0.4801015480324153
0.016915237039511002
1.0861350540887207
1.3710470153631644
-0.22729322447590364
-0.09010882471525412
0.4714918339645973
123.01860247513216
695.3912786205091
3.909875188116184
0.7328283966317639
-1.2631236118901012
3.0364826054706198
-381.7523374744798
-1.1642210879359671
3.258259789701023
1.6735701790399662
1.5599745130989584
0.3667603912682173
0.5817039449799845
0.6167065739625319
-0.5627786609792156
1.4616384447699233
-0.6839934340293794
-0.06664843741248092
-0.42105064654968255
1106.696147074613
0.24267171609193097
0.5758219388471976
0.07889675784407885
0.0665084137255083
-0.18791886238004796
-0.2007896293278088
0.07133295135214107
-0.6201214342548517
-0.696137099457807
-0.23883759323532466
-1446.06869799402
0.0014740104697617213
-2.467832687000106
0.02149127927124542
0.8985106480750411
2.408999573111484
0.7116190376096213
-1.00504597030568
-0.6629272730909279
1.0081853175608773
-1.0463181120148572
0.6016251004369413
0.31961520436466806
1.184151974919552
-0.8767480961521712
2.119790395405729
-4.500090854806098
-2.3690285923676737
2.8613689125844273
-1.7724042819262866
-2.0077189532590025
-0.41203009460781936
1.3630205508785882
-0.6517973562929955
2.113512593109107
0.2237807612760212
0.7084400944026745
0.29217402713720814
-0.8558553147703196
-0.6792322330414962
0.03885827256307909
0.20144666890746504
-0.23926689085274158
-2.7662873910840897
5.906199392602806
-0.7564052834326268
2.6073675246427555
0.4616414449151311
-1.8688780984063103
0.2541073335849796
-3.6158651589918733
-2.0061129081393196
1.3185343451838483
1.3906017429869744
2.0407871675396585
0.0338644895598115
0.8365739838989606
-3.1560067779452443
-0.45721443970944775
-0.038557419611541785
-0.3107554060513402
-0.9021409016281412
2.0188796811714047
-0.6036760357469728
2.458651463854737
0.23304277020135136
0.5137241039175515
0.14567786244181197
-1.1461927800461773
-0.5479938140409946
0.18822294189459093
1.0224017027765424
0.7100545488222008
0.2336230719511541
-0.9387599537681832
3.347200920185337
1.3545194501904687
2.6508221063024933
-0.7989773742768642
0.6915152074045257
3.05943266634224
1.4988855820765523
2.130449076056202
0.32908120896861126
-0.4910361921496381
0.3505265550118235
1.54533491876352
1.1313057064736258
1.3302046741779323
0.822751749566212
0.11282332718489683
-0.498750488357256
0.41860080701392643
0.809022801561828
0.7706245659480224
0.6182637314698586
0.008713346564087997
-0.091695035316551
0.4820520745618559
0.31283485200013317
0.019003676329843604
0.26783128925487715
-2.1489618603301
0.3603107031412901
-0.8453703435581463
3.4170129250451127
1.642152719409732
-0.6156781660165048
-0.7903375417677635
-0.9345814331297049
4.327326437806517
-2.8984985921148865
2.371731117649354
-1.0385917645069276
-0.7460660875797694
-0.25765532198756347
2.7160501373503094
-1.1502588712590014
1.5405786648631004
0.08649069239157954
0.26437783940588744
0.46582922793290166
0.5535216676980769
1.3971595364761464
-0.3324405391715654
-0.6484387228163054
-0.3394519897633878
0.4973827235447564
0.4518375553316942
-0.8468658695820342
0.15805958887030092
0.9824110601047058
0.2578860730009935
-0.730091935188256
-1.2950993007294036
1.7001919006908508
26.58940062777848
1.7543326697423411
-0.30025104882694753
-0.6248293075101311
1.714618143898357
0.5060705742569636
0.8287951406554309
-0.4836657306841582
-0.37899382472692605
-0.19211804132435828
-0.9071756243330402
-0.36858137997042206
-0.7753424131872833
-8367.001784463133
-0.6690575745404841
-0.016507999544395996
0.020362623784219387
-0.49766670610297753
0.06892116900050471
-1.0592864043597277
-0.414042214337098
-0.2720574790426371
-0.5784199856644139
-0.3448363746442443
12923.618417691489
1825.0524828430114
2.772405419631736
8.199331976585666
-4.35949430014522
6.100283324627852
-1194.969805334548
-5.337389640907473
-3.2214613276371673
19.39196746418397
-7.037354081655108
0.06821508184122933
2.2411248794373004
2.1389452446422856
0.4825378255311707
-0.21748130081496975
-4.147201824047646
-5.998183908525915
7.951078351224391
53266.29819233973
3.245461385857905
-2.524460547797536
-3.1873955233788656
-4.134995696427212
0.8161228549206508
5.237324582266081
2.1811706590717588
0.5940659819708559
-1.0242104149869542
0.4041425708810358
-3793.2243313537892
0.5696869340457615
1.3564247466244057
-1.9932495473556486
-0.24513465633857
-0.858960707292701
-27.09293840538829
-0.4219384469862928
1.045959656349506
-2.6519137752457045
-0.8819700333225899
-0.23793254077819045
0.3041511002875889
-0.17765855958612298
-0.03810248384745976
-0.5421703182187343
0.43826330254571855
-0.6329106895591523
1.1063015626574073
8367.135013584468
0.1790632714573063
-0.23367578076535908
-1.6005123894239832
0.21861400690200924
0.1968710140674936
0.31512005574124746
-0.05650662964623656
0.012025795512174113
-0.32047136188977465
-0.1338580987822148
-12923.862719918825
-1825.527690028297
-6.768229276289565
6.618131113980338
4.890087871221198
-2.8483284126959134
1200.3750256989895
-7.626092278995857
4.412225721441293
0.060167457014872326
16.4565765634537
4.740839114586736
0.8499965860065086
-4.515343746609771
-2.1192621400719
2.9545091922185875
5.3859363987842395
-8.945220210446129
5.162792047009575
-53271.16501788395
1.8890142582877274
-0.7194029035268782
-0.17722644813682906
1.8824630430690432
-3.6902956254850143
-2.3666078489983517
1.6970168423321996
-1.417423871933612
2.113432484940228
-0.4073775533943205
3793.8404435476996
3.508073876913089
-5.135839593902984
-4.50763747162937
10.00432962669164
-2.781493592817635
-1.5736649713062256
4.815728576759082
-10.457551701087898
-2.9372776301444223
-0.3808466631500377
-4.807126254503985
1.3363333933071493
2.2792379160216654
2.7947968736317392
4.371503923044405
-5.060107677246268
-3.9889703974431594
2.533686052271471
-0.5144802345816172
-0.8909728450953096
-4.431472385045863
0.22906104843834005
3.4388166678235836
-0.7020792357234308
2.4476013790620867
-2.58679929205544
1.407868109451136
-0.9467404086759291
0.1115311511176355
1.1753182643630733
-85.127680716613
139.05398476374972
81.68673843206126
-236.46727229027633
-1.474008173638123
-61.40169039869795
-49.62130212266465
175.64908732742904
-122.77996164969964
100.181582424236
169.11108308004268
-126.45241913245738
-38.29602530107539
-25.454638644857333
-193.79525812771192
157.4776562448856
-24.64826894086136
-170.57189091869606
109.32028795998096
84.69180878217439
60.74161025175897
87.75345237771984
75.71912554390738
-19.791046139817375
-31.47530010174182
-38.5583271144753
-29.956463413205803
-18.53682696532507
34.4955953776887
6.425039979935199
