0.3173640071485617
0.575493983453103
0.4295842950653633
-0.18184026752834048
0.22805314113342198
-0.08802408322641535
0.04620196570624721
-0.2841251266032837
-0.06292155045278763
-0.17845952319744662
0.09817466877993138
-0.18491003759456093
0.059360797331507974
0.12964112287242294
0.09608413156116105
0.04359621530185529
-0.7601410665906765
0.546763856787659
-0.743548375931468
-0.2298725246552709
-0.20619379033549512
-0.21096283032586774
-0.34420927464970624
-0.5950378881251701
-0.06481377127176804
-0.10857079942344888
-0.21367860059951915
-0.04272993521670053
1.7026393234649055
-2.0338593504077838
0.5145410407654935
-0.2530307030445846
-0.20281722785392414
-7.889871592945089
0.43650018126791945
0.34854040189306856
0.16796603836551016
0.46273095804593684
0.12374402759659858
0.022095328071484455
0.2547402602635598
10.491466903642625
4.661878742749836
-0.9278624715966916
-0.36175423240126364
-0.8681289846693275
0.20761519316551796
-0.7710391095791939
0.27294605698645574
0.08434183751987409
-0.2694713511825696
-0.2680209897933409
-0.7339501093300835
0.3850899342134666
0.06989281618164794
-75.91280526510137
-1.6903708223253489
0.8926616046955448
0.9321221225377893
-0.21132756779396716
-1.4909585673841141
8.492298150062561
-0.7768417562334515
0.17917112270773008
-0.4128976936860408
-1.0835988588346928
0.10250857379364627
0.19110982233312213
-0.04465014594876837
-10.15568560446173
-5.756202255566609
0.891102042487544
-0.06724872385193609
1.3443984304248382
0.7768700496236204
0.46104626612830074
-0.2735191109005608
0.9557391841768105
0.8113462848475754
0.4116945713482973
0.5152084071399509
0.5659360165420321
-0.05205042485450612
75.82554621885963
0.16447128140642167
-2.2563178662920067
1.8045466711686486
-0.5238891612809303
1.5133638290195393
0.04474983754159293
0.19277254809616315
-0.1937854062351997
-0.3832836686428883
-0.7699934687823072
-0.9354835750489405
-0.14132239045285092
-0.2694680509754393
0.08818978273292541
-0.6777140654825177
1.620949657680128
-1.2502797931264984
-0.2984444246789412
0.10632835751403094
-0.6123752228042623
-0.6076781422131478
0.47394948040714824
-0.8639051906211
-0.4357478205096017
-0.3588939415294837
-0.016248337769978895
-0.2081383998106694
0.08749336167393217
-0.13857635713274255
0.5882676850839745
1.3224206762067297
0.5598995735207792
2.007173829878804
0.5773295076217982
0.19235343179094583
0.3088748855169946
0.04388969272701229
0.6017898901570591
-0.12830130095317768
0.14491883666649175
-0.131721426838668
-0.11443173475040601
0.058676617213093134
0.8869198976461462
-1.0281991228677112
-0.9072889746278066
-2.460393389285038
-0.5990306124493573
0.060067170897654475
-0.6549593429208217
-1.104016363587417
-0.19459731026835644
0.08974550385038488
-0.33791943609813097
0.33018735123599213
-0.0741851417019646
-0.0018340873636429854
1.4062988662741298
0.6747661528486212
-0.22289707213030177
0.32253115590513276
0.7611708435838516
0.038667517931611314
0.011778920225756927
-0.47510587157955775
0.5563843820256745
-0.1314888247798181
0.3067366452099945
0.25488573165416845
62.62552905345822
-301.536300907097
1.6106578583720932
2.2164912340516407
0.7999008678733344
2.931668103547751
11.648506175946194
0.10437320587777538
-0.4929892592471362
1.1966567551197165
0.45057276599749574
0.42215086332704715
0.048353634768092145
-0.021263616838997794
225.4075210325639
-0.0041778522952433915
1.0501649547863228
1.35361704421562
0.2654882031639257
0.6449795477521252
-0.3657994056714781
-0.8725123643088886
0.23315554893469634
-0.49717238133343716
0.19028176147338494
-0.26753706465182536
-0.0659798784237866
-0.5325710568401919
-62.93701494807339
303.73171362727015
-3.170788192455485
1.5714895020429183
-0.2200305796442016
1.9171418314558273
-10.153681892273745
-0.5158401524594327
-0.5334000325561834
-3.483999314119101
2.637774671968845
1.053315650814483
1.427161659608276
-1.5616209101445644
-225.26918657099114
1.1407446155007512
-1.2882792870005824
2.8763420921309173
-0.2644576012373392
-1.6704356469728863
-1.9519078140730421
-0.16536174829093767
-0.3192931610401698
-0.558367622852491
1.8128243061448246
-0.3294240896279737
-0.21802554081345304
0.49242245701780163
1.1033507262124453
-7.813422199794328
18.16081731684764
-0.3089707629085658
-20.372786353320606
4.331087012734096
8.43292347869873
6.685326565139562
10.475799961337305
-7.843543998741504
4.318098727484882
-4.0184870209479975
-4.076742073610694
2.2942471534449806
-1.8287439408412116
