-0.06585920777854669
1.2030839737267123
0.969611752591425
-0.11849730935106843
0.6154131058093288
0.5621565931033768
-0.4761472910686967
0.5181844811565948
-0.38950988976011697
-0.3896369314230602
-0.7638378984841936
-1.2879538893142273
-0.9719223350387723
-0.6864744063720186
-0.6784603198983757
-0.19847035470441712
0.58760500230568
1.7449280927580293
-0.16084252491757323
-1.2907379566940513
2.282700551487984
0.5707865067095593
1.659840691291424
0.5485593164830739
-0.07124529247817157
-1.8650425502232142
-0.955558394493202
3.3865024735779086
-0.247672112359929
2.5530338111017086
-0.8448573349678482
-0.8216421476689199
0.9566484409317426
-2.063474233667238
-1.294960166565786
-0.04751402794222861
3.8187450436686525
1.715998888577021
0.9020207457014876
0.8057534181441947
0.1744968000630193
1.0218513290696476
0.9965758263851163
0.810566643321023
0.3777698815347226
-0.524643315231183
-0.43467537282074076
-1.1969330762309025
0.46903377989721845
-0.362354399610078
1.9935735078967054
-1.9121130370552697
-3.0318650423823237
-0.1478634569244614
1.5500714500101567
1.2632449762548623
-1.0039963754798193
-3.1805606334893275
0.4800735063946707
-16.96513925635223
-2.3099507742741276
-1.032866025653066
-0.9628134347964454
0.9349658241037396
-2.1592691426981663
2.439472183444486
-1.0766667490499118
1.9949122044725944
0.3319455934918372
17.852260902636363
1.1201682669022863
0.8733051073768097
0.24367397246447225
-1.9181655107632867
-3.2800637406722544
-0.9569257724173837
-9.85004388197624
8.80930735744174
-3.0659388051989396
6.031662038608249
