-0.20600271258167774
-1.896118653733593
0.03088273893338431
0.4766539694067262
-0.5259268065176194
0.4856676915077926
-0.6795409003320407
0.019774675740967865
0.935983155049327
-0.5844192864259106
0.03793792727283712
-0.9723318805488789
0.07723662818234472
0.44717056263538174
1.2678545662992409
-0.46724614949758403
-0.4993675977993956
-0.666541041986857
-0.5289972748001909
-0.3317401517871763
-0.23188550728747415
-0.11623723050173099
0.5017082875322509
1.2153953057360423
-0.6159354156834879
0.3203853850726031
-0.6082775632743319
-0.22506274051504732
-0.5483210722323024
-0.4790980493182791
-0.557169143711267
-0.2576856187850591
0.09596982459082014
0.34359877351821017
-0.3004007677194125
0.10163867235797566
0.15386866250060605
-0.06335918996687491
-0.1309491810668173
-0.5792195134337675
-0.025157799398776017
-0.18576963507772493
0.07536569832987312
0.022327798861905387
-0.10561282116109783
0.00963824839585328
0.1371108057346061
-0.1267972202174378
-0.19511786188657132
-0.1399058361293888
0.12693940717726812
0.08331766119473555
0.05705836441820856
-0.015215136140912851
-0.07150670471405259
0.18364206282046294
-1.7984993730040049
0.5664202109181099
1.1644483125317397
-0.36111748877897654
0.4349153352640444
-0.9121736696679781
-0.2974162555955999
-0.853760102064957
-0.1594552826046147
-1.7432781407777571
-0.38526417456450807
-0.28211464399205866
0.012005168546387873
-1.0090316971740656
-0.8197503698201456
-1.3553953024749124
-0.8476681092086706
-0.5344639143393715
-0.24355093771092057
0.049124229749092696
0.032274346673821154
-0.15845888194357677
0.3666023209533626
-0.26864228720798544
-0.9719030702940907
0.1086329503588748
-0.08277603037156368
0.02674234722306937
0.3180871782915626
0.2680968767953762
0.28596850277226193
0.03602189712402229
0.6179001645868882
-0.033511065501424284
-0.13286529148178725
-0.166650164457181
0.18242009982793672
0.14125363787671472
0.21459668354138697
-0.06337301533697412
-0.1419065636563729
0.0780261012730225
1.0064172480366373
0.027267484304329744
0.1569916842034864
0.2740379834525312
0.15276098985552378
-0.13721067614335003
-0.3043371868161455
-0.054453289665738716
0.04552570013564407
-0.007073274088739189
-0.07498162315408718
-0.09138038550231108
