-0.25389318080554496
-4.6732019379790275
-3.4122244030885795
0.34156650075869405
-3.8405824065082506
0.2136906373438929
-0.5855956122837879
-1.0436869990306963
-2.209332520004062
-0.5876279763139122
-2.1427556664891
-0.3180122442591969
-0.3208369782130458
0.7160298865519826
0.21862019323831058
-0.3905157851506626
-1.5005067106686052
-0.7282555015821656
-1.1592144954495385
-0.06894654226556142
-1.209186449783155
-0.15250904110102934
1.1586880086541855
2.7186108114186847
-0.006470905801762088
0.9723491086973035
0.8833236757509284
-0.36120477346571117
-0.30973921820492006
-0.8132982564433323
-0.46455731441314735
-0.8520515199837557
-0.44665967370824994
0.10299958433890717
0.09807459832639735
2.6453888283417193
1.0292237083128684
0.81645084594833
3.1779982125189403
-1.4116617104394413
0.19953354935936132
0.34781929898486025
-0.8589258614801485
-1.0697304639431076
-1.6303605549190774
0.03524535479953875
0.07266180978290718
-0.8049050823359957
0.050732645423418585
2.735802040973805
-0.42892030652904456
0.8103387644697693
0.011815875018262968
-0.5938140156216757
0.8731459195427609
-0.3208539900944857
0.17922865393579043
-0.7452118707642804
-0.21016663894152499
-0.38426187042378346
-0.22094227697417615
-0.13009940350868068
0.2703648939459115
1.5213716084993185
0.07685744735310732
0.06489759128727347
1.2900705610533212
-0.3011340838590973
0.3405159234781159
-0.45948808124672275
0.4089945803012739
-0.4287428967956187
-0.10072829785498885
-0.507059097602554
0.09837282091639006
0.18152380924704653
0.24856706961683905
0.5801007770006738
0.6536053862405554
0.6057480022143406
0.6505981761154777
0.23131802398295292
-0.03881727950891822
-0.8547039311891671
-0.281910100449863
0.29109325581542456
-0.000386751657276483
0.3280183619144512
0.5308640104381782
-0.3007621844481935
-0.12352827056617346
-0.35327046793293937
-1.6434734309193344
3.6228915726885433
3.2121782631906513
3.3943391911861127
0.1698131691801545
0.535987574636783
0.2839378890542524
4.409556593111143
0.8909659473982915
-1.127307413348153
2.533918446491544
-0.590683243971554
1.6386703416925523
-0.1737877293640891
-0.36623817133446734
1.0118997630766453
0.36695005471069286
-2.4687859922365023
-0.5420547463572323
-0.14461116379774475
0.38277076170241564
-0.929470181159965
-0.7261657199314376
-3.1618918150914506
2.0220016409677957
-0.09084234328304433
0.8737282577078436
-1.8674460930114116
-0.6668431373419366
0.697343310699297
-0.32574205247636717
0.21050745570924567
1.3551956534466265
0.531020682298356
-0.614213237082051
-2.7085708215390927
1.2431482081114307
0.7255679649600617
-3.0822821300954324
-2.1449929391867317
-0.26506180488909836
0.27456959860918206
-1.6632245266570012
0.4491804475898853
-0.2349645732677077
-0.5500541253637864
0.4793897802101773
0.04766371228702911
0.06397170900663421
-1.9205406241136853
-0.6164681750375639
1.0458528382595105
-0.7869852159880485
0.029223721407186373
-1.3677090638882172
-0.35539707105017604
0.7706006404262791
-0.7671655434157183
0.5342479643039831
-1.3467850886644948
0.0847445972541165
0.25606507052931554
0.19536880110220156
-0.3395976117649829
0.10418554981733155
0.03203460339801515
-0.36095719962830075
-1.2707097060483443
-1.5642429272102258
-0.5556965595519353
-0.5173941765745794
-0.7137047740435593
-0.5934007676262913
-0.8066906180510528
0.14831723517742676
0.5464721248432586
0.058885101583367225
0.20454900172626492
0.10174815213981453
-0.3634150796767429
0.32211501771971746
-0.06478665031522503
0.17970435185804584
0.04044578019890535
-0.051546276794860756
-0.0016803247651052658
-0.10644057348724588
-0.03843568496748341
-0.041225348315681434
-0.029743024001372496
