0.003354227919250801
-1.4595922714811016
0.32252341127932516
0.5166239576904459
0.4165225766501332
0.4688163477766894
-0.5674609772189319
0.22141763643633175
1.1871795954293303
-0.4879244646801909
-0.2237677548133546
-1.1513266865676397
0.04132212886524786
0.3087089508802531
0.8323655335675335
-0.4867112010147187
-0.5211993646412121
-0.844055218266778
-0.40781451175556627
-0.028451332235613115
0.20526472500005494
0.3309766605584154
-0.4483953387806856
-0.3014883780889042
-0.4613568870954666
-0.12806703410558934
-0.07377238582884536
0.035570993667249286
0.11856932163896312
-0.004247054978124853
0.16858967939558694
-0.8634322661483453
1.1916718423903079
0.44068121691551543
-0.426077712681861
0.19578008310903386
-0.8658324809660976
-0.150271244463361
0.49405176489998887
-0.6881834460007374
-0.6972288681612333
-0.4069384749045071
-0.16747077121258397
0.06552509012387848
0.13263451991630104
-0.24675010515550796
-0.487126563244708
-0.38618920401005413
-0.22037202103288153
-0.08351854832852226
-0.10714682753698584
0.08406418944858439
-0.24294972798223863
0.2222259994607515
-0.1295716671532864
0.10455473525562156
-0.013884804245738387
0.18928018320228857
-0.030793591048752688
-0.10281145979387125
