-0.0050069597937446265
-0.19968562160667086
1.123307780204833
0.0812566774106556
0.24048265886633835
0.4247275287090289
9.482309665958555e-5
0.2271629482577462
0.9948178737746022
0.31024472730069785
-0.28262154985040994
0.03370589487315023
0.17009752732982147
-0.052507830678819666
0.20074411840640138
0.189390617471582
1.6490518467368853
0.06275658140032898
0.5438386249101836
0.13019650859839713
0.12203866804731285
-0.040230483776094346
-0.004779942586629799
0.24020923126818983
0.23956378748566542
-0.22292344324026775
0.23071294983030216
0.269103745819859
