55.06118778405718
-376.304546279209
-713.3245665367564
-128.13506383115134
-221.87769898779834
-322.4697152997678
546.7637978462659
-206.5017775835841
-201.64253612984064
-347.07367485049997
685.1804207131349
356.57522193667387
-55.496060675410824
-255.30010083880364
146.51831558537683
-303.7313311711844
24.823759067691647
-97.84053006455719
91.25775878800837
381.46810081465685
-650.6618387427286
401.0187871514751
81.7941315872387
527.7323523059753
289.62071779421456
-309.62450448718977
402.34495885831916
-26.77596483868068
286.833560966238
-210.77083486542747
59.136148946298306
-431.4556290317941
190.2181170904634
-98.25740562791965
190.93867791850326
226.63095111266273
506.96427204284174
-335.55486624175137
21.259457917767126
-82.036388125359
354.9852789739361
-21.721418747731306
-120.42803063823074
9.30801031668601
-211.13621938940213
-279.13551164096094
347.71733078485056
-174.2979763965406
96.1095518772854
38.644191190925525
-5.343059639043995
147.85837819980807
-193.6899293466111
119.19274265574165
-232.5671548802387
317.64083307360346
-306.4849717316789
21.637036919511264
-161.01386538815996
130.0154276541883
195.8533464412706
-41.598905332431656
-18.534886689737686
-23.27724560724979
-139.1286447385799
160.4804658943573
59.916324131331656
-304.1370581363727
285.506686661353
-34.562524526639606
-196.25053751742595
69.91819025756809
56.725594166882175
92.9643921414961
-38.93477389005794
-18.376680016689672
10.926939112018632
-97.9003615146369
-1.5568473397592777
-136.8622149172265
-45.154964047059565
-24.76491100029021
35.02742648654081
50.17895183196303
-14.486856167730565
1.153079889810093
-29.784443828689106
-42.18361367205368
-17.8443203330944
14.667126986027993
-12.578479648025368
125.7446254497206
96.05420095647695
-82.8530720622034
79.06492186241718
499.61596834164465
-129.39779242734693
274.61835100491083
66.76805589340348
305.44590145275214
203.7532680522166
85.56738761753401
336.45313872544256
-30.080261109790918
6.0255133189945225
160.8945970094435
51.15390098828009
151.2642251906552
153.5208976288867
78.58267210427334
116.16572593371437
-38.06077066907354
47.21152884151499
57.46590009068345
210.85023152008398
52.94686115067443
87.96002029990811
278.75720163831005
42.873597931618455
110.64302364246524
95.83203031016187
-65.32406244323126
13.364600401523523
136.9751997573998
-11.985879446044859
18.932616403267197
-49.82989072178097
21.5192163708366
33.946069868191465
69.37299141709242
17.822553129408043
188.51206656207512
-13.494954836410427
2.4489340169264975
123.62140653590832
73.14657281091691
2.632827002983511
124.23291366026898
20.67848428024407
-1.9725458083028862
-25.64100788081241
-94.32166309969458
44.454085290072136
11.014488941720193
31.317617023664567
69.30767378837389
-30.7413181595327
-6.886412014220285
33.90984895449837
28.797929207393505
46.93888082204311
76.40383038040831
-3.477926030657453
21.646879109764324
-37.41850683439856
13.941044524672408
5.152160533205668
63.327997059027915
37.25820604139882
26.15290050870901
8.936360560389083
-49.664401484904495
64.12545652383055
-12.919080851550026
22.77375644915393
-20.209792501267277
11.99235909950534
-12.948685017470009
-28.596915665594487
-5.092528175806589
9.350948224210676
24.67130423922291
-24.18660477956945
29.31693767365275
-14.25076227826008
-30.100816829948062
-0.28105523875996136
-12.239728012563129
-10.165914405558437
8.272321334014208
26.20064482649083
-9.599655581554039
40937.19367425525
-275.8248788652419
236.9134985934796
-201.63869709315784
407.4207274923946
-240097.86692465004
-364.73800027990967
-103.72131249906047
287.66279239978866
234.42984701312025
87.44404722258551
-69.15292265285372
273.04496138423724
52.87222827849171
17.90488337613774
209.12072562959614
289.220883424148
108.38757051935818
83.15479318749685
130675.18016391565
40.27407140235232
-65.09544318680558
167.14650206927857
-120.80245055883174
16.262858225614277
-60.0778344025224
-152.73573593271314
-12.55538010108796
-55.52236526334381
-149.12254274467085
105.83815897928253
174.9744259105943
78.68398758588097
94.76243682939845
25.114839581514765
-109.3250547376218
-69.8411684804436
73.8999747852037
-215.53497783677085
107.45901887181769
-158.85071989048603
-18.796464378906183
57.85878889280113
-47.047655439203794
34.12318419274337
83021.47691495519
-89.13921665926628
-7.676787248554837
33.62884282667524
77.0585300852286
-46.74115118771882
12.75226501474525
-140.50474310344532
-10.119774078347795
-95.63964363531328
113.44198353881244
118.20485466450376
-33.49094397612353
-63.564455788317126
92.43004456823628
-112.20308406757084
70.2635577994806
33.32352341378236
-70.21689119328408
-46.99963192798154
-54.01441913148348
-138.6927393456366
-17.62969925244078
126.06123114900133
65.66502171696509
102.7748842350602
-2.5512549406483034
154.45591257348434
31239.002716097748
120.79949104310487
-9.890899649672326
-51.04236090884431
-46.390679581461974
-64.17905065520804
-117.8549296160696
-46.34431667424261
-58.96582829658208
-50.92050534020228
65.49443549904393
44.5181656380434
14.1431544986317
-25.625589699538782
-27.132111510661726
-29.411246546362463
0.09218187060907877
-294082.6717950168
-80.54264241988116
261.0667893200532
-34.95288221751386
-10.306075729380167
-664.5077619607496
-39846.3520369014
166.4010417219535
163.55272092789926
206.5331604580912
-65.96026213576303
424.0759030752133
390.85037323093553
140.3020330753786
64.0006596643667
358.60816464911625
141.30894634047976
-262.36691145941745
673.2313446347373
325.2913783396288
693206.9043471896
-16.92656108395829
-216.88217499908293
-289.3135100958547
428.0366992143447
-303.6039510510326
-414.18512905731234
403.42783447134894
875.6563092507763
-15.491700400490894
-6.550743853086637
-199.473989606011
-296.11994561075073
145.9587916987292
-74.53481356427528
-96.89253716461478
620.5395108402744
-90.37453366769148
-628.5472612877797
453.18252534820886
468.6730325619449
246.3990905655634
-181.0388763975676
-101.97746008513634
163.9333387439364
6.847662385350718
-269283.9749263313
131.94581028397488
4.9428596021375215
-66.85167762516518
42.030431838737414
-48.74673177331433
-395.49446497588605
295.39084156409683
152.14482193322098
-66.87248985637459
-227.1953525912492
-82.83898435890443
-13.906797134372054
104.73484818759931
-135.7400480672697
104.40241518165449
-20.986417235232945
-14.658406236174052
85.19403006311215
-102.31791799620079
-52.04365296767453
195.6360283089942
-48.57533708074808
-31.888741057133604
101.83425616966801
-75.89107795909385
67.2864984618795
-41.87691013304469
-583532.6175010799
3.050222194478218
9.928490150083071
-18.764294613186436
-16.384807690887033
119.53724284041402
-61.37575910584067
45.19886779834351
-14.271735378517702
62.74043122697251
-30.082270341296425
16.926523956969202
-20.203360605488502
-18.258442896098913
8.989665475550385
8.094370501519926
18.76792111447978
988118.9874395388
-40899.36747700141
145.8967061869939
-51.11267084361132
-44.409923266147786
283.8218401820576
240326.18679184932
102.84232255459483
185.72506649604395
294.67115468293457
347.7408922120219
255.16208733559674
206.15262980780932
320.9246616967139
24.120592169506672
57.940389088057564
209.2221123379333
390.0120212381688
214.12086037883861
211.78300373401248
-130826.5630473238
-117.13316701828384
76.44066897332671
-43.87630522197575
31.825389322878003
6.254623960820033
61.172472657314444
82.70422589997476
160.69680919017694
110.646263864776
-30.058077949706277
115.15359292414097
119.82959574773285
25.68110933550448
27.32172750356935
-71.42743590711713
-138.92352183933377
211.96087570807126
72.1980836545354
39.85350973821119
136.44578785198874
57.464039297707444
-91.16636948077054
114.80157116493652
139.19395780333136
-5.745348014910385
-82844.69136842406
111.33810528841357
-17.717320314695908
29.175181183017227
33.97019915758381
-37.16935199024613
102.65541273779522
-202.1556517701714
113.9367287613654
-10.087504417516447
-10.923669120196587
189.7008910680336
26.15327847077283
47.30755224703489
38.373944113865164
31.890572771518013
-13.870835947449862
-29.29687558500918
-34.74690144740818
54.92256040659541
43.15940951749502
49.600990302816314
-85.21717263029261
41.96947245901986
52.47027387483171
78.37782677799063
49.80620898085116
35.018423904743706
-31219.533809252225
-1.7268743321081474
-48.87785567922288
30.004076924926384
17.67983095586407
-60.489136892893306
15.754286300228323
88.03654639494451
-40.4410726357496
-43.56410104740929
49.935773456183746
8.146983388330757
0.09997168001600304
17.835443048578814
-40.61926142258806
-5.592261025124117
4.909188902589451
294093.37414483295
-304.41853975022093
-197.5686602985166
285.69713228400394
-270.8516404857076
47.82930399952577
40098.62206899419
-607.4547396509105
91.37457015945819
290.07759477946246
190.50634481538455
189.79383171534144
-69.80387711257423
40.09067021123154
36.22868615541814
65.04788750088971
-20.606765472541348
523.3891179095941
406.1155303409748
-490.40325466227483
-693051.9004802275
231.69366160626714
-4.296565672112407
-280.04511954385833
165.84065196632528
-404.23151592429457
236.50723299333953
206.24942587861537
307.77626484605645
64.98507072356468
82.82300391680603
-30.720089219826253
67.2566766426066
77.07120188459413
-78.83678276817966
24.420305130269888
11.622654052086624
15.647551800626182
178.08375214857324
202.03413728124306
61.22005379774407
271.89722648428796
9.540422584120234
-12.188196544293326
201.24334459634196
83.63649518248191
269304.08183265943
48.26225100536214
25.816552643484645
27.80697246671326
-41.13361435764916
99.91557955748159
-174.33479409905868
97.65494276800996
129.82175171785977
49.31720851416226
-97.90049532719229
-35.64281634379058
-12.812927554049548
5.746916806911641
-25.970545391420487
-17.773076719480724
2.007536758265998
159.7697338121974
-83.1013950499582
107.51167212390511
100.35035684067225
98.61613543733415
21.842738610443135
1.868679134217893
100.3247534512017
11.702019664164157
10.004776415174538
-21.91654246668549
583530.9962941614
16.085350246703186
34.64291803817264
34.05656439475787
49.947729069475805
84.190555233085
22.60653304467044
9.10045834848622
66.67907037066139
3.7969923192238944
-1.3914178536922062
15.507384158012805
25.996096965777
-4.209076117110681
-23.882991310725497
4.945358596598483
7.510877242706286
-988099.5887667754
75.25016943670776
-134.97014048683937
-38.77059001236783
259.43922380758556
110.07181064951573
220.1840028112493
51.52081542542223
-119.37093935575386
107.52758327893947
53.136566222116855
-109.82200979089745
151.46728758529972
1244.0288504847308
-54.966055203787995
806.819920298968
3.1497970961134345
-1932.9319569852273
230.20330372108793
400.8278728849616
42.49290920237864
-744.9304065587773
-1437.5239481856918
-462.181830948885
1616.8792348388897
-362.61372251308666
-998.6036878653902
1416.5216716841946
2609.5585539418717
64.87124929797852
34.95012079439626
258.168974500308
15.542422719567554
523.5274841676975
2422.2690046125595
-585.3815305655113
1053.4215737405827
-619.1269583856799
-2116.6537810744803
455.45007330138657
-67.03041169889762
-130.00398144949537
-1028.549750543246
-4343.967301646105
26.842659944094528
-202.1727752899207
-16.923911038948233
231.79001000868894
-794.9646977137465
-273.1334266300221
940.8032144969358
-408.6680350079677
105.65741126661634
930.2680222784912
3324.8042428732924
-175.7801352935417
158.18505473947656
-353.13536598457375
1680.8950125113295
91.50188056276745
-21.314692575824377
-329.4570639931801
-54.39932113312745
-258.7725436825679
-181.39914842971947
-393.5991516180745
-1911.609440152485
-54.348164503929674
44.29810888807217
-1379.8879664815465
-149.0179606351788
459.17106244045533
157.10664867759073
-118.38803877139003
129.69492166282416
340.1600493234977
50.230343535654335
634.5893479913278
145.20009368378186
837.4112240760493
11.532332002996723
103.22674214621647
50.572528409328775
-368.5354865871197
31.370933423096307
-54.55914653907108
-109.86801418109476
-247.32913722118897
-174.10239327614454
41.30237984053204
124.73068062729759
-13.610818526951398
29601.168943280645
-48734.883686230816
-9985.411987009213
71879.85275259792
-89201.44539928349
54647.98094271459
-71023.15254525098
-5046.386316088479
197469.30978132787
-46444.42254081253
84014.35215031507
43539.36376952188
117043.74380107089
-62432.89756620716
-217195.07566882213
-14416.894232327366
-167456.99750069334
-203878.68651711257
-136969.86718928962
50030.860843733375
150983.32336163934
-37615.77439189181
122361.42609267043
50767.56664688263
198695.26117710595
267523.50726384943
-172892.5052599544
110222.14738147568
18919.054388405377
66654.05246365738
10546.68385624367
-177512.47768264517
-64326.382328013126
56836.225020503545
-66082.76202906299
-135079.33609222545
-10852.232360257762
-148459.43271657283
-220179.873110838
-22030.832924704817
237793.21541982156
128263.50095331293
-111449.60793044735
-179708.37986461935
-23248.430404670344
119522.55333516587
142692.06499614034
-8793.630165524482
51590.448729013675
96156.7334565647
107041.22894374523
3236.4941210626
-7927.492290279273
103910.65550007923
66241.27487881712
5810.012445258408
-137757.40444876187
31258.889782194772
-37653.77237991364
-10582.296869734875
-53611.88350686791
-4122.714434496973
-47887.02661163033
40121.77935154902
-62776.22152703111
-78255.71125624426
28160.42437989591
24119.443358200202
-39517.863862199636
-11579.435273621932
85024.31289490015
7057.015778268425
-21397.023932329135
17995.959447790236
6861.49717566881
-6184.320304934801
34387.09227146734
-13556.698603575438
32585.339422532295
-9875.295714355161
9046.655593905441
-4944.595675607565
-4195.854670174187
-2969.36049817606
-1374.3082397071269
-5206.856194407048
-9430.068756022629
-4847.537306531113
586.9668969218413
1326.586830503521
91.32849629455897
-128.5324792123501
73.05724798716686
317.0234880250491
-73.732275212887
-402.9439066939159
219.68996565266258
-181.85745598547985
-53.48072696889387
108.69332071600205
-286.63650142757336
108.84493283316732
-452.9702865738715
161.59626150787102
42.99075385943554
-245.71825169767598
400.0621395546044
-773.1515901266729
-45.83130691178008
28.23288274699229
21.758572232114606
-127.63515292078345
-31.472965903348772
-15.358477471331902
-398.38316554331425
71.86096231390735
-463.19547408576574
-641.4380949919971
-54.461855267741946
313.82045168291575
-178.42420489390224
-188.1169403453951
183.0807996511277
-12.396900939106079
-54.708168460485886
25.379254299787853
-36.29109359673305
211.67309255422816
-44.170105056454815
121.83036624406157
-31.7712398984259
-142.4716659202043
237.72577046819526
-99.84864582995338
152.471720688174
-2.6034261676067665
-14.397081998945406
135.84392568355682
-28.831655868906484
-29.43783626426774
-126.42287005472389
-12.896409263151082
-38.81551058256373
-221.76096809519817
-26.340602423747473
95.58631125263653
15.013002176596878
285.7144727213963
-24.565223125892185
11.148382273017367
128.64465831650764
89.18428076236609
-0.6610818508139453
-93.38110425319029
-110.56909959574432
-82.71614213107125
-41.73723760909009
-76.54453661414007
-133.94505890515123
8.72399721304388
-7.81769331307411
65.84594084871544
-31.30278009738645
82.52604058647674
46.351974031362076
-15.221499867870842
-7.679351562446646
12.688628334447367
25.373913083108064
-7.527711508213425
33.9222140100998
65.34526402191774
20.18555758295659
4.810126593728344
53.36972921053706
-0.8608900856422665
16.32065556597197
25.62980918449498
-3.7710086440809882
17.54327279588304
3.29306431444755
-4.805750937689798
-180.14168481424866
272.4479354888904
102.0195920492263
213.16127467360036
474.3017220064305
-265.441008384749
400.15998777080074
151.3471383454427
551.5837406444576
-663.1403428164613
-746.0334345432392
246.67202453604583
-576.0665168286744
9.168932572944485
-142.7210340542908
-325.75310328489155
-395.5267974435464
229.1173429585616
-357.6483867161095
296.6458130938326
-123.81275808421077
-748.7499130037749
262.53614182028394
342.5608551175588
-286.37964331056276
404.94513367164234
-89.503095058816
112.57411986227717
271.95375886557264
154.64682422087625
-488.8651587962311
-524.1949551881954
278.00083674756905
91.22251675908042
122.1873065346929
-110.47777707305977
-273.5241504187418
769.2826608089247
-218.7288098776205
481.6300357837988
421.0601830112951
-33.137902027637864
112.76853451315229
-140.04687162528475
191.4502552272203
-290.32783208506805
-176.27400017361003
103.92561116544248
-59.344121751206735
-83.9913411438671
-116.52262818864351
317.10244160785567
64.3672880423001
16.990863772570346
446.9662774413739
-276.0557395334037
-189.0886931837744
-121.07474644489312
45.21981558290136
-430.8013407339574
179.33312615799272
-64.69472386801789
0.518758423916548
-69.19597814263939
-45.66796912378151
-124.86443610473367
133.0527941138585
460.8475423701461
17.768130879509737
9.058748197317916
-190.5049546548466
-120.9026373735831
-194.02787079568668
34.56285952315274
-22.51121967313303
93.65863975621073
16.843888365201508
244.89184631519436
297.12693393478395
213.19628459376793
19.74079030138918
-95.57024971164502
-29.531138959494392
-181.3693910890236
-64.96533007123625
60.07601283461713
104.93188587049883
168.4213611144595
-82.60678706535433
-27.081499019874325
-32.14628575215694
186.6502970633378
30.052195408403044
-695.6856570295622
162.1613758028466
48.83240477780538
-529.2596697663192
254.87529140454362
95.42315989946894
-649.778127580363
244.8569288704379
-535.1310343575249
90.07607539666708
-316.855923554739
1.6141096434205848
-434.872639175403
-96.32074592007164
173.69000079252834
-440.74238856065523
172.56188517600887
-1.419395373326154e6
75.62628279443892
-115.71378735049167
122.8947133970875
-0.2245881122143014
-30.572354343409604
-58.52658754482225
77.1775667811857
39.3849021062393
-410.9229671189923
123.97022530025288
-12.291766362673506
242.80766691679793
-108.5360748156589
89.84595354030662
-117.7784245225645
-1.9830557566435258
-100.99980181396911
-439.20784063466454
316.81354984354294
60.727969592254574
-259.1629732562662
-135.5319581538614
61.051969814312734
258.8002729785391
-42.95522532021184
-905522.9831489354
-123.19651131921792
49.72527255345818
-112.08663410678531
194.7731227043136
-69.66083983094464
-88.27692296075034
146.5556792351068
125.38662704053775
-44.3887994946376
0.33493941465767485
107.40118497234126
59.5066940362474
217.4191698420663
38.17093608329963
-128.54548180442885
41.58399455762412
-55.88459026931147
18.903768368919
-43.80731270095014
30.594930153067942
27.63551353227471
-71.00331204960908
99.32819875765867
-97.57185855726705
121.44713397875157
15.89199661687528
-136.49717272205623
-2.71249515172998e6
22.697687940473926
-69.31538987392311
-38.12429938318319
-12.8895479953921
5.330505090057616
-24.603178714679075
-4.428348460638205
52.486243384421925
-84.89596866176576
-36.79546926569122
-29.66904512675621
7.808483890405141
30.373084411878704
25.961968639390456
39.50501233697384
-11.674615688884726
1.406271874110421e6
-13561.040111204175
7690.47854611769
11377.75270812932
-11466.088494499674
-9893.122096240013
-3360.6494529372803
14137.820090510584
2830.161058564922
751.1286910856381
8208.5209961892
-9560.421418799237
8744.669145464106
-3671.4645309355847
617.1712136702654
8818.842141905212
-7261.7210117228515
-149.7948802506161
636.6113329837016
1803.6229436409676
2.6427326478003515e6
-6881.125995791362
-447.08390563579707
-9160.316035255726
16223.038990685665
-9075.47629015481
-4133.485034876374
18945.032040368784
13.787560357886871
-10126.324263558006
-104.33781259915808
5348.694508726997
2117.2398595103946
1019.3355755200746
1174.2510529650592
-7893.3374009587515
10956.294959577464
-7497.777680237678
-7584.6360478535535
-1548.010032889993
-4254.041417142012
3420.860776821312
-3206.3891166345393
1436.8312175409087
1821.0617046567138
-1603.7620330915047
3.007967355584155e6
2256.8560325576723
-2993.109258410003
-2876.4154804206587
4717.9609183070725
-3440.3030586323102
2124.930837477291
3017.2308163385405
-1591.7295601252274
-4615.987830477742
1742.6249035979938
-2368.8696809062467
1494.3610672705834
194.3428043717894
-2020.3815350367252
-450.903919035594
-1420.5271155170512
-1180.9225011677463
312.071389504015
-1003.7410402379032
2310.89047992783
3170.3279656054715
-418.04820641116856
-1124.7605093848374
-28.259983590711208
844.3174443629816
-170.77038398134798
-3686.6184296868337
2.598653990788091e6
-615.6114968616079
-965.9177776024255
-839.1238035512387
-2425.3028415130325
-170.46124374222163
-587.0524492055773
434.4197000366955
746.4867195115529
-899.5459467775087
-381.4969673005699
1377.865145008722
-305.6433550931689
176.59889237728743
-333.0221180838293
1271.5675055161564
-773.8894974363939
31190.40532630869
183.87309230025326
105.72767482248685
-103.49658955179773
253.81629112758839
459.9451416195705
-0.04710520065280719
434.24988652710624
-141.80467127100624
139.94377320490906
-325.0517021346356
-523.7788518851147
128.4909453022798
-119.34985200639339
48.01173351855404
108.6021937906849
-162.78178951727355
496.9004577009955
18.321331005060962
80.09863772156096
1.4194736345520273e6
-18.227307130844302
119.14035380658711
-20.72442145379297
284.02518522433974
-256.01433518910443
310.8478819849378
-68.72075745777578
16.43570875925367
193.97590784657376
277.65647751041814
-30.744861487055523
-206.37250986449436
58.77445582095019
92.69952099010042
-117.73672560406635
-96.48470559795304
-281.2948315267029
228.0729028894339
176.76803422865575
-54.15942651162029
13.565628328278615
13.386337322827574
94.73806139133752
-87.20678111325007
-11.41993316773409
905600.2378277904
124.15013118354064
10.499812203341927
-32.26412805332301
99.7327996957519
-109.87615646351732
243.12109906732954
-35.30630329284608
37.33337622570863
254.15403733603705
145.60506744162996
21.164734643681843
47.8358481536508
-84.22264567242784
-42.89953954388401
66.30192140115894
-6.401671219983487
9.38521140171287
-27.05245424347531
-137.4386752159339
64.11020022376762
111.71048473885165
-31.23482184767158
-95.66548010882644
-28.886198131270188
-16.116872086664763
-55.30741584997248
11.191739828055502
2.7124889260348757e6
-63.799121119008376
-38.815714172001556
-2.22923469513017
-24.407968219679482
-37.471254518171506
155.41776209196405
10.081728708610616
49.4683262506478
2.5555610013573067
28.6186730576238
-23.635053521622616
10.304383380749407
4.340693778853617
19.958114242815352
-17.475503723121342
-17.04656953651059
-1.4062914324760085e6
-13617.990569221369
27134.33360175884
9101.567194921574
-19831.042043706442
-13067.078179254422
-3366.0936877611675
17748.571093156548
-1031.6063171932853
13662.125676704953
-25667.647250547023
-16215.10845740673
5108.4381944884
-2212.9193945925263
14415.792615918286
-19591.434152375463
7344.860015997137
12840.342140968703
9760.141546532479
-8388.25088931674
-2.6520389426219454e6
-18189.63724753282
6963.520826840485
-7771.235179191551
12839.617345570306
-3842.1075249262635
3015.903700786555
-5238.497967532755
2924.3637625132355
18510.20440960157
4036.297879567831
-346.87739278845305
-1066.0013300891007
535.6288891582172
1227.3880823299407
2038.7111476207235
-187.67799556161825
-5247.387918149208
-838.8882347825358
2693.49746199551
-9248.667836684586
-9314.040908816716
7409.407145010049
-2507.8705082505758
-2551.472904940814
-11070.039991683416
-3.0110969486082927e6
7139.4129513089365
3039.7001173472913
-2612.3377682921146
-3123.5774169850247
-4472.8465681305515
3373.46821294024
2380.3552823139935
3363.6259525327014
-5326.570564096994
-5641.370656310303
4378.009754777075
3380.8273158710526
-9899.147257189983
-4919.960020999377
1755.722912932805
2454.555140918037
2791.1654122248065
-4516.197742589806
-2500.4218697555493
3416.1374359170304
3309.764382789571
-3472.343511676124
-758.7766586004981
-3680.041142786865
5196.467141059108
-881.5038219652413
-5068.906741443059
-2.5958651932981308e6
351.0565364478914
192.59865909638202
-2270.4518666406607
-1049.0486968283826
1078.0000653608115
779.3706671650915
-103.91835385460662
3251.082751670366
719.62594340492
-283.8791065497415
892.7019541704898
-570.993829564589
-1606.5240742343524
-1365.8872891322078
839.7573238475035
1057.2590177901568
-30514.769479907693
-11369.526553115451
14234.826548833193
4772.555324757556
-11648.71944340084
-14861.86327331052
6532.07769447936
19097.30591601505
9703.323823078714
-9772.929617109423
-9215.586952553347
-13673.18731926533
-2966.5519181243794
-23374.07366416795
-190.27047239828312
8065.871932623237
13863.755829716032
35468.16374670229
15830.71805048718
9933.697375844946
-5341.1281332598855
-1285.9400964877316
1432.0355720534399
-2726.164171094595
-7968.107601445312
-23733.38625574417
-18758.080746802854
5997.71797478391
-6411.138744907677
-3002.902566354108
-6252.892449773103
-219.46224172627393
7049.787870359536
12730.772159624119
-3453.326371748434
-886.4988748241673
10676.684980756616
4493.131691602407
5404.0234575246595
8479.68334225128
2112.4223555756266
-6123.789678225985
-19805.901787892933
5848.523664012248
-2120.6863549038053
-455.33179509475525
1229.8119909120305
-4375.289649237223
-1383.7023417460102
329.6395650253438
-8067.387000926508
-5075.7813838936945
1328.7724494474842
10112.173298596648
-6817.436940329422
333.5729531450866
-18.901260293870745
8661.763077493233
2403.3237427428744
-772.3510856758503
1613.3957497258305
-1113.6277615249621
-3599.583462034325
2955.68566314466
-4654.93912206327
-1154.25914124187
6054.94337817177
1546.2039991957222
-5442.766731842282
-3741.659404798041
-2122.0542274789077
1983.102206156261
4651.06546705253
-389.7764558191341
297.03392992217863
2604.2512083142415
1590.256755436792
-3083.684009179129
632.3961500092073
1568.356562247386
-454.5808816377344
77.1221270011457
37.393344090511164
-3672.719531871621
-286.10720876576556
312.3633735121945
457.3957273993845
188.98262201129486
-712.2872762859695
886.0931650995001
644.9697519849655
-73.2178667394185
-21870.431730209453
71336.86911243152
-47828.716093878575
22750.246568336224
-15654.682423180873
15195.136886217986
22201.63596950088
24128.934665324803
3151.796155996612
-12391.859658720707
43971.40624300953
-3844.6589782829756
-11590.643015595553
16339.087435879745
-23692.341429853812
-16559.40570399814
23545.33319467572
29438.161174236582
-3825.5128289930626
-27466.725104714333
-24227.61653570445
-2865.3974082903196
19163.17869400091
22894.48860580469
1026.8128739256144
16979.116050011995
-38363.68917527467
29271.61806222378
5595.121397759605
27553.148008330947
-29566.67139198224
984.7509493081459
-26675.704792096567
2494.4168603400512
-17328.810272119503
29296.016640291742
-1685.181790179181
408.13681581324374
11602.33193180328
-10719.234047673777
-9883.241819225295
-31974.3181040842
-10311.569697321233
11468.518915691215
20203.81459050644
8278.748383036847
-6505.593861213539
-11237.874076764938
14956.785503080253
-10652.932109686111
665.9182368170316
30743.435503372813
-8595.078531425164
3412.6870027384375
-5618.332912786397
18590.575348719714
-9325.528020930238
-15968.548946169652
-23296.762938110776
4487.302426750348
9188.2838460744
-6273.1392151838
-8709.883186077202
21834.514870197607
-14692.719753351726
-6175.182385378834
-15220.102951507037
-3245.634373076539
-2412.2982361101094
-2100.9218179735444
12604.776948125223
-5042.37418172425
-3693.077139224336
-37.90073371150812
3414.3904992751704
90.0759003289311
-6011.091241288218
10646.371883570395
-6992.391874880776
4374.255388343944
-1140.5697451968938
-19197.29140605424
4145.153613114722
-1588.279432070299
-10947.061220619804
4043.6933281762513
2053.212414860415
5223.649424019518
5345.758499837206
6073.51627373752
4196.970597418834
