-1611.1091671998006
-433.8624607559557
18102.53963837646
9955.367585196147
3739.8286876716743
873.4110048442934
96.65827591228191
-244.98678877786838
-256.530298636053
-166.47946780507013
-53.35009098650954
-7.0375391184827665
-48017.11805900294
-37199.10570407702
-7597.963122329299
-779.0859909959973
8677.906927640115
11978.187926255812
1740.6798883379158
313.5759001173911
-1957.9022023246087
-490.94784352736286
-3218.3854035531454
2475.5918543983908
-47.44640909455712
-2044.340784756912
329.8916667258613
-285.9864103141342
-84174.97248377172
-48435.273593518396
-17031.820722304165
-2442.8209485983725
2207.4734602528356
458.76170314311554
27427.95503893443
24297.17015617776
658.3547010836016
-183081.184692393
-65457.579041306155
-7111.05637458183
2935.689124328368
-25289.88875894341
-9126.275699337564
5825.685320971974
102410.73685056767
5504.196017698805
20570.156332115133
-9790.231914760914
-1972.7882946808547
18551.285351332463
184.642722677371
3412.2699190674384
10414.858000061187
-652.3309288633152
753.1867287389991
-1573.1072069012525
-254.05834997149495
-252.3382718440096
-168.3338183129656
-52.14383818530882
-6.237036848672449
17694.476611412872
9973.003857511243
3857.0398694703135
914.3483419518175
99.91021150754989
52234.945466269186
37025.73542496264
6394.510063861502
445.1790220444545
81543.26889943474
1134.3075195531135
1012.0135781576877
-297.30734771769085
2036.0014308451407
538.9489684394657
35101.975956629125
-329.5788744257892
602.0226018566897
9449.767887568218
-604.4312218983162
1666.9387718851397
-33436.63045213588
-22720.87187238203
-3400.1183383545094
-844.2378561065525
-544.002587150186
377.8491544753508
5480.350578841096
6837.893445477305
-739.4581050198509
19300.811258749778
28349.024424997184
-1919.8504250084266
1433.2258654379523
509.7326485763144
13856.518718435522
-8709.783624532469
43337.72517160459
51513.56374882423
591.1520370905637
7470.725087730681
21.830701935558583
-17613.634700284932
-8883.3712233514
1253.5259039661285
37149.43325736889
35951.27684499833
-589.1799205922119
5167.36560357476
