-1611.7592818914763
-435.2773981645428
-589.1819605615677
-207.6072658058809
-31.5735036805517
552.9652663157648
202.4964483073852
27.363450259493543
810.1890569458238
302.8268115568434
-402.27413090300655
-500.3634306826906
170.14702180590123
-1704.020304672407
-756.8219442904923
550.3128510882403
203.0040022891313
26.96534888673395
254.77909448149046
147.31449596941135
47.586671000962916
1376.1449165466577
487.6962961202455
3812.9914239085488
1545.740645126465
-681.0699223182959
547.3710023266901
189.6575913985922
