-1608.4562201930314
-434.61379959892906
1165.6288973914661
120.07503599727642
-92.73140190840282
10.524363894631888
23.73793805344968
-18.41808112967428
-24.818110666498004
-9.913350195671006
330.41756518738543
131.00846549426225
-52.83908998281114
-42.523923835068885
46.682577902883644
73.81415571998345
43.50224517884996
11.533299891420901
340.95854628361315
132.4589885333021
-56.79943357882324
-43.76746107114415
48.005257162314784
74.56224643317249
42.533670205755065
11.40874115303852
-6789.551773078348
-1997.566013046224
225.84917398118196
347.57632749824893
-24.874517014087818
-150.0955252362466
-106.42940212992401
-41.00764106795098
1192.0673162812018
120.1977178309316
-91.233248253874
10.51173735631896
23.79919297714639
-17.957909127389858
-24.5361566227951
-9.51064586630739
-2.8625272290847064
311.38154241262134
129.13128436272837
-53.508984540001705
-44.339262743008476
46.699504318243044
73.84546168132624
42.91955580427324
11.430935636667982
3.326576998483363
-7768.9608898408615
-939.7225497786002
1153.2764149524153
-183.7300183740956
-140.99083231938835
67.02189822763985
267.07255996548815
25.489779791720046
12770.745008053216
-570.0298874491729
-320.0061029436269
-400.2275812302183
900.1020095422641
98.69532767331948
-73.75898339424973
-8.07326138404803
114527.198035921
84010.09555751686
44789.5958719705
13194.390106001054
1339.8872866070126
-194691.63700939613
-87809.53643421418
-22412.34551069413
-8228.223018643517
-921.9810896488726
3414.2096915167213
1294.4128256574422
403.317395602865
1353.7445793621237
142.71940875721933
-206.25907060983377
47.716022316752905
127.29923560051782
-46.1131324047121
4.864853423746419
-140.69408670585997
18.639398314097832
3792.318371849475
47.02069556621948
2.9470176119399834
-170.83447561428898
257.7223833006593
67.28712065485618
5.996731392403264
-5765.664177538134
-2461.8894264877276
282.86966581482307
-39403.181415469255
-10501.15878954628
2852.2930420043917
-220.20251216106453
-103.07265501302436
811.9896598071057
267.17183544233234
-19.571026693985235
-36.86270770295161
28.81732178321858
-44.658483558879475
-821.6239940509441
31.133886351530908
39.15944437681324
-33.295083541626184
-52.2076211980836
-26.25387885977805
-221.2071004150159
-15823.455145443431
-5160.330041497292
611.2324443102052
-47.01683120781672
8.481874789750984
24.611456540905298
-432.12645873589685
-95.04227981035486
-15.313380841015345
91.99427749131061
43.47863757097485
-2416.4269188255953
-1154.9148140800291
407.1667490135673
119.68007852484838
27.61375008940601
-37.769964889299466
243.32107147202476
-70.04903408154426
-61.43157808214405
59.917024330032504
-25.5417521299789
-64.08610291959555
26.149737845477347
-10706.255089180417
-3044.76966410606
1962.2188604686733
-634.4498413539559
-112.61292416244036
369.6006945945726
101.7275386909883
133.94584184167115
-71675.29722099502
-61934.872381834655
-15340.819886042023
-2529.3867340301904
-394.8854456557297
-2215.35413602718
-1274.601874275021
-262.408959886944
56.79177619043453
199.01637799331004
-130.76962075764493
-66.7916819779231
57.52892818399375
-108.2200094372139
-3767.379107665937
-1336.7435642835826
233.6658154933969
7.4735255913045435
-125.09635962120414
-7.005593748397409
-8.023980562395549
80.82182046669449
-149.71938451529502
33.364041399390224
-12.416268218015581
18913.869623252896
21968.63806812244
4288.971296392614
-1268.8344947371413
-1377.590248817753
-924.973716290412
-47.02434761669439
54764.011000256796
-12535.980997362065
-3138.197749367938
6321.051795319012
9343.400178005191
5902.321315385876
1379.3674663650713
-228889.22099954
-125183.4973124056
-43256.33860791294
-7881.592484524246
226720.19712257502
64290.38184967484
-4247.674563921236
2565.2121316439093
-9747.60167410742
-2190.9719706699416
2293.8930635503793
349.4231166790992
2339.8364604028056
-336.3802680160257
-1090.4747719701254
67.59275869422622
-422.41041370503694
35176.06180598203
6431.222451346088
3150.8328578131627
-6095.016886259043
-3328.4329167426695
-809.4686445721189
10779.058894575757
3394.6457688577743
167153.00010654185
33735.29127669617
-1137.1081360845446
82.76692640819346
-103.10777256802106
478.6208856874485
629.7281305569181
-11776.613950605153
-6242.869346949516
826.410844091083
386.029377876396
-912.9584406855498
22400.548889349207
3323.0600521340625
-190.24574941948148
-83.63374909120104
100.02591284503082
798.1759990794479
754.401351687519
286.5428331620676
4958.354438366504
3332.4474546459933
688.4107500130466
-5384.520563132549
-697.5453770608266
-831.7910209583731
-22297.516455959572
-6119.660531314542
26945.319824929393
-26630.94828449169
-412.06718105842646
-984.8903166290835
-3303.3000624987058
-148724.3668550461
-146739.5621062437
9130.535822489397
5886.258282603353
75.16460421469485
-559.9748907879206
-1268.32096721105
1077.1097188596327
-3837.5526778220355
2235.360980648025
4330.083990581388
-22775.84838022794
-5316.94658672706
-437.94459211316484
-1550.3003387581548
-3292.321311533056
970.5190723018006
1975.5825259790029
-53811.02729003633
639.124958218808
1873.936273161387
1622.8070642781504
-222834.26534979558
1664.7584284721138
-31005.143323453918
319.6755479422386
-5510.423760447578
3405.412038963544
-460.2644957428529
17189.152128531758
1121.6483707791003
-36499.08163621604
-2123.1486299009543
-57460.80134166635
-7482.19513171921
-3338.338714128698
-2296.5037624151532
-148553.75825747204
222.46019785635946
-25867.094731446796
-9709.845148057648
1667.125810636662
-26777.330841061423
-1588.7812976778278
-25435.429634256965
1773.5196574323259
-3479.3004065116133
-5503.998424924903
353070.49933223025
38078.26695421251
-3580.1155500602513
2908.695742374777
5453.5366649494035
150058.65586373574
1119.8119798289765
17225.520742020337
1352.7541276207837
-583.9019489978039
22585.967482111337
856.6453909662047
-266.9403469490951
-669.9525771983173
4135.1088388349335
321.2113890425203
314.28755257848985
1121.1627466306966
1544.7420026667635
-15831.198783604023
-1335.8992638284915
221.90401852410994
548.7269786288604
-1588.8809798867478
7.73889560044773
-34.29056335045921
-201.70270910165814
29.84280483153107
-5204.93587971311
-1152.5138818314415
211.58833023284845
-158.59405631772916
491.3490716955905
-1029.5450712069496
21134.903472007165
4455.673343756541
-33.42924321499704
-52.473764435614555
1596.0172779501033
817.2073050945618
-165.7838940781843
-397.77495170444973
1374.4840938619209
-921.6502412685751
-180.43129538790694
-12.23224277342933
1186.772424130054
271.2397112828451
70.22910404283705
5849.87742651337
-4334.229667143021
7397.846112899271
-4822.764715325477
229.4856811233708
-125.88025475789456
-17709.235753638313
-20520.14118448286
-1876.4331246187949
486.15355172825144
530.8052783993421
-324.32055548406896
685.5165523192888
-620.4554121878268
-680.3623085911216
-411.7796193136841
426.5334006169618
3572.6782621296766
1082.8829914944777
-507.8862253002634
396.238569616102
52735.85162475279
-12858.046798897314
-8446.46975468968
546.4587945836166
39618.11022872804
3633.007495416752
5747.124777894077
-1400.3498729551147
-486.9927065274219
5.984314101990401
369.61947140994346
-187.0357833407296
-96.83070964988899
9.055877039342015
-72.10103235555066
-48.4620705306644
3548.1816776354976
-2268.214556228776
-117.12829200819651
-2578.66075660918
695.1623870241626
8025.034774187094
241.9747546316816
107.53311535854913
-162.8836644969307
-295.38650481339073
-24.157974121906367
8266.961095886534
2330.506015614554
654.0229726676071
32.18383086358736
-1937.1643285667444
1447.0337102826516
-508.01780531922384
-11.757315288479646
1371.886354570467
148.58466526261623
-172.2051015325598
-990.2064558610782
-3020.410191110435
1053.8320162602613
-1115.9113694804016
362.23604704374554
-118.96545778949655
1010.5093137274915
-478.85124457210435
-4286.030830300958
-5869.753311157825
-17129.44614252547
4969.708047036553
688.1725648578773
2871.0754723347145
2313.6433889155437
44486.3930859163
189405.08918687626
50415.78600642018
64.81631135543432
3047.0476160200424
1403.1883638539477
4119.097609516852
-3490.082198347128
-391.67724348788215
-5199.6769677661405
-3462.5874744195144
16226.825825171047
7353.972774016156
744.8739535284143
-408.45304786061484
935.6212527783641
-614.1483443156366
-83.83919873544298
-119364.75732732803
-450.82395232163793
-33566.37438766611
-2781.1908053787492
552.8297830606624
-29496.477590210063
5542.73845546325
-5556.70624681642
-257.0713160944129
-851.3731426438463
-500.5561340039445
710.0620301421131
466.184601393915
-3276.130061878189
436.8031305087858
-42.12150355456344
53.60693919181146
331.885788567786
137.90070315339793
-57.34965834035599
-43.05000644552868
47.20617040177541
74.06824753679695
40.99303102351303
13.052841831249731
1.8090992637406376
-6575.2873357641765
-1949.7422871075282
242.59002311999453
343.7431374680765
-20.606629682648652
-152.08078590955515
-106.47534502532937
-40.06141917812671
-14.4346260278951
4574.272290864047
-2227.5433105486763
123.04570021664678
442.3179275038885
43.34868790049807
-893.4287463902467
-205.62477482580843
-7.764748294437319
19580.187989977214
-827.9947485099889
-3991.0454145928056
3139.4881916568593
201.99684155433894
-1729.4559112815832
-649.8321403320462
-71.6989345603218
-135513.84464667743
-112657.25766193024
-47109.08062663424
-9586.801828498585
-1441.3039330533213
-254401.51795296549
-141678.44118809732
-49674.920006833854
-6305.329076101403
395.1550897772636
-2473.6197575063693
-832.9019072320564
-158.06718495682523
8184.014523308602
3586.627328500916
681.732758942086
-186.13497978968547
276.5789300216328
-38.83702189605326
-86.083795572485
-358.9766526475855
-48.08486115624206
10342.795375437316
1900.5402354750574
-871.2948583160648
63.167751821400074
150.30230381218755
-207.6779353925132
-74.7828397944706
-531.8827719867262
-1839.73091592938
721.5903681288991
-19468.40036525482
-19007.078436062526
-10918.44864031279
-1899.5409323659721
46.9449306679457
-414.8405351988379
-47.90997672930746
-56.6676770627588
-63.54687811535989
22.697719015835492
-60.23827515615802
-3582.964353916683
-633.4339781529649
524.2572696669739
-189.74284014074604
-25.207765423459897
30.8068509399128
-489.6163703598474
14606.030245977954
6273.357555723557
463.5163420601856
-75.1348819748323
22.815727558647335
35.853058894740315
-3286.0385882692153
-716.6927699689659
119.2449195424665
126.71485989952028
-35.42512443585745
-710.7217166039192
522.545358079924
3647.5324385333774
1519.463923618326
-309.7253687676309
63.017226523834644
-519.687608093081
1861.083010786291
1177.6870094259236
-223.68754525479648
217.18900661782797
507.87726019605384
-280.85421434282654
73165.66876787452
32283.527631817513
29368.79669335
-6831.939365514343
-18649.461984673464
-12409.012147846826
-4430.707628734455
-166.43618708879634
-4597.719503420158
-3196.9166455101745
1484.966855736447
2513.607710029402
271.2976448496713
-11274.328439766035
-6456.223286767427
-855.0232106334437
-10044.102778326522
82.34513403822429
884.2141776738438
-246.35628303857183
-333.9107723254753
-616.7192892193274
-1312.4859882688227
-1416.0777532638658
371.9742282313698
-123.55357375127679
1.4555198358039612
-497.0451334595926
-100.83100654534707
359.0150861886533
-278.80011042387315
-77.66127877807186
-132.44584576466298
-8472.111261282733
-887.7167215176379
4326.267407859465
-2540.701444526988
-3361.5644951896393
-1269.5591334925819
29.25801587638378
31557.70385916348
-37273.30898661071
5140.595883968304
3458.4384551410476
-572.8097429382221
694.5289522466062
374.46286050939676
162869.65999459772
68110.50747024629
39489.18029974909
3902.9557027033648
-835950.4990772404
-232114.41530231474
-4864.606029648573
3653.462647509093
7277.988837835667
1689.1801649439726
1944.205206102704
249.6379717817519
-530.3453094267238
-186.79758844037679
152.8634256360532
-157.26668034387237
-373.30312705552717
41921.57630956769
-7630.121135939515
108.33189542665303
1183.1286493764283
-309.35092073981366
-423.56756004286603
-13522.874328377016
-2343.539996471587
-189885.042688136
-79745.54556064986
-8068.834904500297
448.34027798678915
-246.17072005536863
30.374879673186328
320.4140360374249
23178.12218973601
4866.935306557066
-1589.394680563398
366.2437152457804
-196.8655486259707
-26559.364643457557
-1573.690436902137
-85.5137365129535
-37991.55905825203
17.643648599154393
-46.03843437886896
-302.83573204084695
-9808.13982631299
-42525.452602776364
-4209.675213937173
463.8116408716289
-14744.64874104298
-2163.358980239444
-2225.337252091601
-126746.70702894419
399509.04809775914
69427.13498414354
-43620.500820272384
-62290.19141195845
-31501.57107131029
-75.3855924654133
77415.30090172042
95969.5058612103
4270.051654431187
-2657.7009121830515
1875.205126655991
1797.048613215218
-26386.06731275559
-41752.169338401654
23406.383635095444
4893.437357411739
-6388.741328261838
16614.89466753022
3550.2022979447042
1427.5864486755993
12749.142952786051
6644.903490252692
-257.61128192090365
2332.245426394822
35579.228595362285
-5.193695133703863
1615.1954039229595
511.83226613460806
156333.27627275503
4683.116834608887
-62120.766409898075
784.4318039127668
-27498.618217076062
-1153.5386844251657
635.0382907157039
-10884.693013282807
-236.4154721738352
15247.111499540695
6046.281792883006
-76305.79161098931
-41712.62999109971
-548.9018892009032
42.514606411133
258373.39801038502
658.7106863132908
5511.983126845192
-7524.871346917325
-163.74075622290647
-42283.082858889116
-1598.8852515460324
40831.12228825693
4107.468274379639
-7368.48179191338
1546.9896932067034
1.2590464822403367e6
386556.09146542795
47253.87521517502
1821.5466460524433
-22959.964342795352
219524.70940153583
-278.4929969798917
9316.888281458781
-6387.068187186018
-2025.6046892585716
54854.48122494482
-745.2067497558409
4822.571255548272
550.9794670242833
-9872.14082914258
-1635.0755966624085
-807.6897211965604
-2073.756883700722
-1227.431227171683
-6539.252848310566
-2049.2381166770783
-10160.487335322734
-1990.581271277873
1687.9913413713878
206.7653625011445
-55.192427642911724
-89.5821802743615
-15.171660107150556
-12930.276088888317
988.0488772081242
185.70539119669428
-98.3529376024211
255.304563821731
-1497.3239473466356
54286.873444601755
-8018.622606228003
-26.094959981948328
-20.946684168423296
-2213.9713835204684
368.9928258659642
-45.09681459441711
18.473113505624227
13371.596393568623
1139.437175052532
-130.66598710281355
-80.81064623730128
2981.732910954823
130.9904917889295
2226.291957924869
-476469.37757825956
-25708.305686811418
20605.787025152094
-13366.872762756388
-6223.946478833662
-1754.901818266762
-8807.075872959205
-1320.510317196216
1760.9105337031417
-631.6578366429205
6946.600019306439
1912.674339968273
-2504.9116188130306
1467.9724930940447
848.5569632295827
587.1837583356812
-1011.6128868450796
26501.342347080914
2342.4171975463737
3127.090022094562
4340.215171252098
250510.76873627104
72090.77108281471
9526.190342966558
-3030.607912358485
54935.87084337426
5862.055103360676
9593.101084477985
-1306.8605263197167
-1267.567898283051
0.03625960450299771
-4.972008168926876
-258.33181082826286
-77.25258183256172
-1057.0207068873185
-23.164271117529978
-1266.8340736423218
-88655.16853070028
-13456.330748243177
4036.2387682114813
8550.927268491945
-1169.5189716675618
-5334.149650206129
-4127.5231993404495
-20.35719751724485
1314.4669438299734
820.3002623993003
-133.3779589044323
-25277.714277989835
-2659.1533788013257
-2839.843523857729
194.1590601419713
111031.02068116302
29954.029708968697
-8620.168728731041
2052.9616595427055
1289.0265567690712
70.72227595742993
691.4036227572227
-2311.6118018521083
74766.46511347932
16805.214078951998
-4294.121741670923
-1203.4107967199634
25605.682853408893
10175.673190824036
-208.09920997967953
170960.5796597878
146636.91798385326
-43707.8180610567
-65537.12849202464
3047.2532434185846
6660.372593574756
3859.3528457222214
-159214.44155597742
-71629.92380573135
13786.62628017406
5822.274651069794
14368.400837841344
3018.6897580736068
-6268.273631534109
1336.5551199097126
-36016.93032307716
-12090.817943923905
-6702.852935313632
-5712.32633790994
-101.94191913468167
432.46447399774553
-19637.127485747147
10207.80637450054
-6401.444569197036
2115.2745158501593
-90687.74945882967
-315.34587380778703
307.5470575289539
-526.5485204515276
1352.1229384426572
-51909.4180769094
-6518.3186552159395
797.9277737313009
1914.8495860739015
-8391.907349064151
1650.1942169663755
9611.205511451848
-455.0883058212967
-1553.9177812630194
282.9118116796966
504.8206466761011
430.6476220428902
