-1609.1351182958786
-434.97357935367666
2067.0291390145126
658.1665034106751
421.659897266122
-38.924851223240175
417.30296846933976
-35.48875641048077
-4121.545918590974
-1568.1536916721557
1998.2995226746614
657.663392016555
-71.75726973600774
-185.02031648715703
36.56438215592909
92.46481601784278
40.669427063609746
6.2967989959399775
424.02133857534034
-37.37322436453476
-211.59214078272365
69.22387399037105
213.46689653698232
145.93523956346104
48.884861410752954
8.52811901990724
13441.973795530072
-2923.099822269167
-1931.1368337721003
-1054.3981042323967
-1274.7625731108649
-407.7437236783109
6.585880779685993
-26059.50939945466
2593.401034271661
1375.8799547049166
-2116.690541202161
-701.6307661856945
-1053.5618878131475
-339.52129085092264
-50406.83328402865
-38638.589596127495
-5890.976625492991
-316.6407238804101
19279.986850733876
9269.717201454545
3399.3685850283973
548.5103800329385
-2.735461813887985
146.63357106453302
-2185.93236945449
-395.7841530073611
438.1035302367278
138.08603827371124
-27.141587562284535
-13466.310743765565
-1457.5291106274553
523.056075414945
490.64615346900416
1177.459841501479
242.14400452801937
-2654.3925033091155
-634.415898761941
305.3243560952852
-241.15541457168672
18.321337839140295
176.35183787581747
107.43844104800138
87.8826164214217
4444.414332273059
1669.598717038555
-139.33245526541478
-610.2329504137085
-46.128900680826334
-37.24230878795695
-111.88370654287782
-33.569195930615116
-396.7851417649997
-762.2087745686547
-246.25540880234678
-63.66594102934443
98.53136634957491
135.29118130461964
-125.13974446361019
-52.153008415900814
-1.9827075250374286
12.501930836645874
-32.91958555243599
-22372.014785698633
-8386.049517996882
3606.649958581785
1921.8775573077257
585.2709967540727
-314.99015952871224
-73.64662306698375
-22773.017032379637
-21039.76138114458
-988.9131830323274
185.339461716254
111.73481725838971
-110.09832530860267
662.3802322703301
364.5720884793365
338.56454610583
55.18065139074116
-2750.347003544344
-618.3733342456677
-41.8185063886946
-63.34737661112235
-42.30972680019199
26.138821204644653
-51089.60998253096
-69234.99338118969
-54713.49620042114
-26817.56993143786
-4720.3995292800455
-273.9677929323916
31347.70820646951
-41702.560729073215
-70438.40370763835
-48216.003934945795
-19475.64617347112
-2871.353813344258
57845.73309137557
32909.01662334472
2827.680860845965
-38566.75618462214
-15719.705840291997
-3711.967830202253
-10192.609139165606
-13334.213344317126
-7189.610549267338
-246.0069593823285
17416.585065594663
18067.717581726847
16825.039260180936
7838.293143480292
583.2182987310908
1217.680486063402
-3992.751412677565
23.637469675958837
-1479.445568384877
-66.35908181997182
-6644.462300602033
-10597.189715489052
-484.8904710228518
1301.1508239526436
448.8106506660316
32407.650689429618
-2624.3149455741486
-819.5113200480661
21090.667509156985
-200.07911171014445
4373.076360251782
-189345.00902819732
-79019.73884774506
4364.742231850318
30348.34798847001
10278.166670584278
1317.1536905750631
6523.444174966263
5179.276553256694
-871.0426008443098
18441.886589457827
611.6661257219179
3229.7108403402394
535.102277209845
270.6442703278979
-3468.7024703287266
-415.5141563991693
248.1903944361712
161.66308968609016
105291.8172192825
13240.678837185644
1179.056987153367
37.51386621639545
9395.573325816487
719.1694717409664
49781.147130388315
2837.0504294151574
2236.7769542252304
5371.8358361911305
-27426.058679090394
27082.58969162179
7125.793118608615
-44811.50894368889
-5713.528214446617
-2068.5752526942015
-1857.9349180493423
-1147.3409748167892
-998.7028537705496
-1769.4867221848626
-2004.1608442268703
-1896.6623730825954
-590.8692788541034
-309.35062285530796
223.5270571659802
-1753.9849216696207
3296.5450862361026
379.7562485088635
-3004.3328255587294
-231.89814473499518
498.88161997499515
27271.40146125221
-15968.241311282954
10133.295207780911
574.593878824659
-629.3630693952409
1024.878409441982
1602.9563164241097
-416.5862198768201
2047.8336246514764
16.924534091968788
-336.0938594429757
998.9406742373505
-6437.319729761175
-1198.4463357389645
-2813.6158052459336
6.836286320604157
405.29334376246334
-513.9602959156146
25375.30951863003
1479.1411651274987
6182.5436564762795
960.0209476491834
-825.1067577461775
189.66823820043976
1279.550648322354
1074.162816422841
-2739.9740432201024
-7406.081165671766
-830.063375596006
-438.6534941925471
-1179.7288341148205
-418.20880474492776
-630.6923187782395
59932.509175923435
49295.358306345915
8151.836704030803
13240.591476098387
-2203.9085063793323
-482.92965690789845
61815.49697570966
49467.62151865122
2373.938928235675
8085.838979281227
-4282.237364186651
12749.372878906612
1340.2920965834983
1896.5622250768408
-2874.4000083964943
391.40097514843717
-5065.5419936062935
-2357.7987652146353
2955.8336491289747
1122.9674935754433
-727.4599786430344
86.85487473391811
-220.3559999384301
381.0159425450784
-42.49459824783936
-216.29897279733555
69.37577468951278
210.55242933428144
145.71755003502352
50.464616427228144
6.490286933197182
-4151.578003177258
-1604.4456475589852
-312.3481157849833
294.27091041055667
140.55912323636437
36.835532039534876
9.956737792889658
1.562184917640033
2946.1184918733306
-2791.3289412095464
-352.6364322210093
1058.2985251293358
979.647880954632
420.41181037920404
63.10434883737003
27091.636004418833
35778.628035679336
-10165.643466969856
307.6978703677246
-515.279155965542
132.07926190043398
-447.6546100711009
2467.581638777702
3274.5886821320305
33.210191203090666
-314.027928737513
-37954.43804560959
-20998.261199497058
-8427.35909621841
-1152.4008079414962
-146.84320507351404
-248.11576405937362
-557.4262597418034
263.11447525610777
467.3502594108325
274.0189845860039
63.47614620920545
-21763.91939549204
2702.870175620559
-3670.8820450027165
1567.6767127233945
804.4819763590216
750.8282096987303
788.3855259781959
339.5302596278953
4151.93183212232
1907.7638418915944
-80.80905834372022
40.60219638068221
-6.609883910821061
14.65805751707223
6274.759290054606
1563.1998609579434
981.8738986505606
-380.48240851350494
-558.7162361618421
-681.1188031032918
152.42672068228876
-14.710597805733475
4119.209503099885
-4788.0053753796965
299.34317328638645
88.627515366315
-188.4740317939778
9156.59182983981
-305.29994725156314
474.0875337458774
1807.0746014676556
-503.4651738778838
366.622449932282
18952.82301569931
8249.047219382262
23046.55917498661
8476.07191705406
-3918.428528484887
-1067.5333104057179
6.834335566306678
18414.806951771956
15635.917910550066
3228.9423014921435
307.04372477836785
4.983116079360355
-6330.837191334737
-45.39146977758783
1298.7246979161964
-2439.9651361225033
-220.55331434128013
1021.7223788144985
271.8679083825523
640.458738079452
1487.5115332496835
-742.996195621541
415.1460693658765
-37681.57333196634
-3397.0205575490027
7622.766614232576
6369.17915009105
4059.067993729969
453.44581072836036
433660.3999068794
21036.440294704837
9066.813856304007
-23119.319201411545
-10682.771730398976
-1684.7932273190636
-38141.50308455159
-8889.222064582947
-2185.592272970129
25290.90954338183
-14509.553919542857
-1620.395612432316
5293.412143972592
-1208.5806739205602
-952.923009563399
683.8551940424402
192200.11784480608
-36488.1492075187
597.588999249696
-1762.9160276682992
-594.958104814813
665.68327499368
-18117.01058391718
-3819.6339424171906
-1292.8236913629487
-976.74542067176
73110.13350114593
12457.960577622316
-7687.988172455753
682.2618029501648
-4157.636194845934
31867.02801555016
11970.296194195786
-485.87541827850333
-1353.6067448732488
3579.7556347692102
-2952.6741160220945
-354999.2200735325
210961.24998854968
-224381.69067886894
-127178.05321930481
21043.809027082974
336.4757001213795
-114262.8478806323
-45391.26157909823
-4403.386835583061
100929.73264789776
-74785.19788512045
-13908.860096434177
2338.411469129687
-820.5396855574877
-20789.84541524338
-7173.112571004979
-9102.759521164811
-1320.9465368449714
-20569.745896452
1087.9242007199095
4505.191241436297
-1162.4346986108262
52577.90937804172
3233.2319985822796
-15875.284426458498
-6703.063743671605
4337.974412184203
-1388.8091557856183
-103308.67682591174
-16177.94665190881
4800.6198984344255
-17806.190196075797
8426.851793086053
-6549.547545794258
159.62127027292902
-4.768213627841394
-45.438116441524784
-1452.866114962388
-1611.00420819394
505.6745988836086
33.56016675500821
4957.259744103057
32.81122199945566
-5085.186938346992
5150.384025253779
-1845.972739379276
-4313.938984939235
-1595.5725928539669
-154.85070760576966
-268910.3985361071
18371.162655229
62327.7937114417
-35237.33758486339
9512.878163820707
-19622.421813375382
-3318.622728670071
-4242.305709706302
-10360.522869410821
-6600.471308382249
1064.6215664748172
1832.7431039662338
-39890.571565223545
-5335.428023925954
-7399.968792047339
2407.2752317405293
2772.6560543157684
-1276.214596549872
-202469.75572681206
-6204.836707580164
26591.760213441703
-15751.17305699014
-2425.841244904196
3101.034661539865
502.6241781432722
1826.553035560389
-49677.05404804906
29807.76981512411
22064.178165252342
1218.4045717557963
-45635.18966337257
-13736.892233598843
-2194.648226623184
-115837.46345842423
-143023.22019076056
-87907.72890667223
-68973.90542205576
-40671.94818961893
758.6473908966695
-57388.373993833025
-7506.269873214366
2586.0045768647733
21540.709002627504
50576.682449100466
27963.255014697374
-16836.861227183836
490.545338721105
13569.5106722014
10413.299594539116
-27326.78449778988
-1017.6846867428682
-7679.163179037009
-4423.421420822834
-12219.346355802993
7921.94098611851
-6508.137937743608
