-1610.9170632159353
-433.44834974423094
-933.3219223635696
-343.69831216238896
-267.9278724838909
262.70182930731
-276.06342340274864
259.2195409999593
5576.547206805113
4578.636967227057
-930.4181042143483
-339.4401197212541
-134.45658512278632
-20.439454978584077
-9.85071361574998
-2.903231254370132
-273.8802315103973
260.5813385340928
734.5015385480939
439.94717402521275
138.8075476913889
18.85654642008039
25367.844176401533
26285.200462202243
4172.759451127286
1684.8379288930719
167.0292899642407
-24116.70975146842
-20469.02250834939
-10603.15566549137
-4402.233952358894
-570.4606337564702
3092.3411243571186
1729.0025183722491
106.4557288063215
-3256.3463621255883
167.33371067221577
-174.8021118625718
3470.2372042678608
1040.3007616125299
376.16242856453334
7189.785929462824
4676.727470796221
2290.8240326473683
42.40761719407542
76.88100125228388
-1339.02749392923
190.73498842040647
-97.60355441565368
-4284.034435231395
-1122.7886593397886
241.88427239451727
-302.67506135600047
-1101.0919890266425
-348.5032401371499
-78.72649577508963
33697.61519519527
14081.637348405595
11024.23448551078
2133.035137865016
699.9324051562527
9593.993723349718
4498.304230129754
759.8481534857874
-3906.528427668235
-1045.5358619701133
-798.4239516865904
-42.5395732040808
292.8953136645684
-48726.079157434884
-68903.240375416
1578.3471282872881
332.4396744826726
437284.86135972204
115596.88419637861
24722.844169598713
4389.616615033151
-13414.21947087444
-3556.3130193451857
-8547.493925772369
-3551.0615443951315
-19331.339360570964
-1053.7997657718497
232471.42130678275
26217.834107568866
-1604.1062367038587
1633.4632168721128
9448.751726315482
-3892.280416200636
2594.560838797369
-326188.2404920829
21516.51530972241
-75868.30411705321
-18574.716302801884
-2583.1910855040815
-704.9971065684066
51901.62413323336
13951.765735727779
-1096.915367803476
-2645.7935979922104
-2648.813253346794
-931.5062294233004
3730.776606972135
29363.88131133447
908.7098845882164
3743.317751017754
-763.0963806772087
26486.884909214616
4493.061045704177
2790.5916110561766
-127037.62741615566
-17825.741694150525
-1932.5417833456165
-56.670221603028374
107.650267298212
4637.540299687024
-35122.27372787035
-1792.6261939950484
-5439.92498944817
12123.910739465871
-12364.133257801137
21718.810922542354
7385.3769571727535
-7051.5787951278335
-2731.767856706393
-16656.144264713043
-9701.163230263805
713.2480553958875
1092.9753392891243
-260.36832223440047
260.18950491128794
734.2574305895421
439.47793505137577
139.16340662627732
18.588406682125125
5589.94805567634
4490.85261901085
5504.330535702838
2325.018839286309
607.5180467050546
75.14097618878914
7102.9808149648525
6400.300237955817
2050.865843819428
466.5704013481796
99.52290342460766
-118439.47514028262
-20599.33344205358
-8746.01188479114
-2382.1634436757217
-16.71001921060424
-6694.737723169555
-3787.3047292008077
100.70207908250147
-11545.284724241432
1845.1709247831484
314.20580158074205
87.49481668490544
-125.2888544463581
-58.14914519072402
-32059.96680977067
4426.914713129575
141.27911092684354
-370.45891906689366
-316.02979935786345
-4833.69965823182
76.18164050791752
-10.053439938132527
-11846.12283953754
2493.6863173897887
426.7132912699208
-702.8588434817955
-4325.028432461114
302.0770971012068
-975.354162810667
77607.49388993955
43752.532107727966
7726.921032722459
-1339.3459427383848
-44.5724397041091
-1042.710885699173
-1199.4248771136981
38.84766731580519
-1171.1142775953908
-1446.8690301689396
-741.0746526320825
-138.52324444252926
14.99550566677824
-14639.410839321921
-24571.135362605743
-190.1369909139281
818.5019590363794
84281.5367752537
-4440.299755815583
-15530.31249849301
-283.86717618339196
5924.611073183247
1196.2027179503655
-1225.5631425622005
-1534.1421098287558
-6469.259796391835
-2031.0121192786505
137134.05286753975
22202.91689235221
-3945.9672828772955
4073.2030173058643
487.26302050879866
4290.359866841904
-5567.985284907641
-836501.4987731323
-667280.9087372884
-28161.342964421357
9262.970968704802
7253.012322972205
1472.847828621377
-95609.23304363669
-24761.386087468854
163.96227268328857
-16022.340876216424
-3793.679071644037
-3880.2955536437953
-721.4128299566213
-1577.1899929033032
528.8173338537823
-5088.572902173048
36.638407178242986
21132.83103780221
1815.1833967217722
4464.587631801965
-126604.36799561654
-23491.536537035834
1876.9969588059096
976.5339709294616
-1999.377774608291
3677.826662100275
-34832.124915301894
-1963.1110922853286
-5485.173938725517
-228231.25556549712
-265293.9763951254
-27676.446626888122
-4923.5791349984665
-5019.022130204707
-982.6355355304529
-50795.58459726992
3125.0855470165825
-420.6593805998473
-3476.1019116706593
