-1612.3980792657994
-436.2057288112409
-2209.29642067826
-302.8415391868438
-71.9249020928302
12.901313084535216
5.96548396613881
3.703761773737242
-2.054515306307256
3.0080292619179034
-2.4090157786659443
-0.3012171384524732
-0.0033434645142528603
201.62161282025494
22.26186292987255
8.502674551407019
-4.040148115176607
-0.6009894925766388
0.7853919655032578
0.07630435179730236
0.017226070207700447
0.02108411622806356
0.07059884158581503
-0.01292137486839081
-61.27057263046336
-13.440025215992694
-5.627560487529157
4.574948043671922
2.186720917114383
0.17685400059640455
-0.10704057259580885
0.29621827196128614
-0.34760582822800007
-0.09984404410892544
-0.005028439838773512
-600002.0571850714
-1.410360269288227e6
-573704.2982564425
-648443.3452561653
-84963.82746824388
-254922.29139337534
187055.0845947209
8123.341415002616
22.632257265195268
44.924636978983536
-355.35668206075314
-189.59572192263406
-297.92427373118267
-90.92662155335174
-192.97239934489363
-75.80160031089545
9.523533893646256
7.82416482873759
34.28501922836254
23.039397087028302
22.52654532672046
10.365334352304313
10.893676815163255
5.477813331663602
-7.8812437427494375
-9.085538750895608
-13.041104977523336
-9.012002598354194
-5.653053177475893
-3.4823585955802794
-1.678669946487259
-1.318484562066865
3.0232327740865905
4.717203197338369
4.072456842254358
2.8742050555057115
1.4499509983926175
0.8533470451796469
-0.000256309768848953
0.2515230540009436
-0.4295728329887969
-1.6455924517890004
-0.9597676823871061
-0.7133028139706586
-0.1878259772526044
-0.08122789209566694
0.1817708941014401
-0.11113839637257542
-0.1587563104336314
-0.05706650158293124
-0.2658471143116073
-0.13987423673072813
-0.1609445785084196
-0.026151302495305503
-0.04472460934600435
0.029996260715706907
0.02450895941677552
-0.17634023299708748
-0.08927220704131647
-0.08061322645321482
-0.0630448545128582
-0.06285328557810103
-0.01512314857346146
5.341714350955452e-6
-0.027631395178554518
0.09167646037802872
0.02284017191603891
0.00180319913586256
0.0045092793911515345
0.012297299450970522
-0.019049836100142464
-0.019664110888969234
0.02412597966868051
-0.014922268129212487
0.011550885181646918
0.012880073573876136
0.01328981300323987
0.011804303903033251
0.006051522231204472
0.009119134566822439
-392406.6262494434
-1.012590355365515e6
-493464.9383245774
-317861.97229683085
-228002.2284204714
-228714.21323013963
-203075.38990684817
-52792.15426925624
115.29264434117745
219.66267283467718
66.96059723961494
-45.727604683384364
29.596956812512055
71.77650536354633
84.31722883884335
4.382477906973699
-7.165743122836258
-7.208486463858397
-4.117413199106912
2.8463648245184388
-2.659722210900009
-3.9562841967772604
-3.737399787604373
0.07938941046570087
3.2052241391936778
2.870823169522576
3.343128888528804
0.5429585140033111
1.3595964491506818
0.8913919208421501
0.33703469004697195
-0.07363785055395573
-0.7576346008055074
-1.317717836899804
-1.5911816517518425
-0.6072931870933056
-0.7124227551620212
-0.3918477903036631
-0.03623882742523829
-0.009747191861651053
0.14176950696113286
0.15413346324281765
0.23577535932359953
0.10994840499103897
0.23271700645605847
0.13273839847613472
-0.0021783937497355157
0.019489478012856075
-0.03059315052302751
-0.07499550899451518
-0.013690318701153559
-0.05769014345356335
-0.01741747974634859
-0.009838340710614093
0.00312239381242163
0.002486046002333477
-0.06530622819495634
-0.07842772230875858
-0.06665637677549126
-0.008742263716659683
-0.01770279545509428
-0.002874248397667327
-0.01782976162901379
-0.0014158066405831331
0.03487904405074726
-0.014030438556154982
0.0324162079692777
-0.005203031979974824
0.008060293461608583
0.0003162064801308224
0.007820633029957632
0.0007197118882511977
-0.0003437514220414601
0.025899763564332465
0.0028635348683836944
0.021707561681352277
0.007943873738176385
0.013805679546236042
0.0051586493506389835
-0.00025143083786718316
-136198.52918511632
-398594.30422537157
-397281.93912142806
-586488.6581367184
-660144.0158378893
-484799.55745117035
-172746.99052191246
27196.391277533497
32.77539300023479
-21.077417428180425
110.0385947790077
178.06569860566034
291.23218188080136
201.4074139439381
90.52955598623433
-6.942346888300116
-1.6230377639507503
6.165681759725948
-1.427597787323693
-6.497757333643022
-13.138192859991236
-9.370758702946386
-4.782727817705797
0.024319886680288214
-0.713583658783338
-3.4263849511734734
-1.8954639728508724
-0.06604147894854305
1.1607933620514828
0.9992821777148375
0.6767990903056352
0.09395389850789347
0.6176763688560766
1.5179370243024413
1.0839595602347243
0.5370118698012166
0.38621302575486144
0.1715042871692013
0.006256430269938508
-0.021252363926358445
0.006578859345930787
-0.17276235047851868
-0.0635926212244268
-0.10254595216266214
-0.0355520714726998
0.02100261098543345
0.018704954669463748
0.028607438547767237
-0.04034100381643177
-0.057167864088948785
-0.022059509999111892
0.008568776050899563
0.02496976065346883
0.01966497888100791
0.01977054777939339
0.004432427885952527
0.022559432095387577
-0.01741923683663391
0.03994203017722874
0.02035825505021904
-0.0068169688056696695
0.0002685916329026012
-0.010703399061702491
-0.0015271006846728895
-0.0020725929784321364
0.0067285046008192
-0.0019252514657739656
-0.0004822137879645782
0.04424394995732989
0.016697805979888954
0.01673338100592706
0.0030818437027396364
0.003283808134245914
0.018138322439839906
0.004893384063781663
0.01243739090778881
0.0014832203245394575
0.001558252923909032
0.00302349440353646
0.0013900178615131758
-219530.6200645204
-205073.98229997564
-590200.6165154651
-280004.7971104849
-226090.6705254508
46733.29021903027
-15755.413330061303
-28638.388949175824
148.7001906197391
-229.33172513197582
219.92701222057244
73.69528035206898
99.79189763675106
-14.339781113356805
3.7729698890445724
11.598949391174461
-4.46736987258101
14.719896808168352
-12.754002545464452
-5.176313188688672
-7.329940355381119
-1.2392302585961006
-0.8625185366533116
-0.6739657377176262
0.8405763593725584
-1.0379934146481256
3.4529493918576653
1.6544461877037202
2.3486040772524968
1.4258675089619857
0.7231800673572377
0.2393836072761876
-0.9511463920279285
-0.9604689469918234
-1.0971983937806762
-0.7938975240540518
-0.9031764794586606
-0.6325533576545037
-0.291679394136319
-0.0781499541618879
0.17472391726196815
0.11620941616050001
0.2023268693647917
0.1897047725829512
0.2549429257696116
0.22568867536021497
0.1346201873011929
0.05007299825625037
-0.018341912368463328
0.02571870094344016
-0.004431958466874605
-0.02711693545615578
-0.007918841408130697
0.003546171116070302
0.005725706286589869
0.008289823494312723
-0.003096415405360646
-0.020734234078234572
-0.005650046780762905
0.021140273895419393
-0.011481843738106689
0.013636970137463853
0.014546874775270998
0.0035874477100798154
0.01933021964244657
0.017485194524083255
0.004586121023451349
0.009949473269790904
0.01523834818381243
-0.01891708306965377
-0.0008298309801408641
0.004671606292857284
0.00028912669795440245
-0.007555382639918845
-0.012238634072281806
-0.009857647171447905
-0.006485118145761412
-0.00659025970456342
-0.006795946936487873
-0.00023268209707966723
-12682.158040398625
1547.6527070349268
23970.075505247707
47316.02289405337
57820.43675568766
43084.90430287577
-13108.20076846813
22012.541412079772
-27.968417712592384
-94.20778738710572
-69.9711415859487
-51.273291892320586
-50.95320885738495
-19.647171141022994
17.62709447908927
-10.350407495470806
2.8657270490270497
5.417606009234768
4.590889804965151
1.3313488098284099
2.10190554737678
0.313006572805612
-1.5219303308034329
0.15943811494956597
-1.486225137634693
-0.6062438654344384
-1.2061510049177195
0.28509393012441603
-0.016863234293514686
0.28559706016047876
0.4075357777930269
0.09588080666631923
0.34026553251492825
-0.6173343829949078
0.10464495199221352
-0.15449893799166795
-0.011544971570706943
-0.0370481259440185
0.02772184219917523
0.004769671890943454
-0.2947793462551264
-0.07936589292283121
-0.18901168376216337
-0.11343872730480394
-0.12301988230870686
-0.06049966035042063
-0.02085112839293662
-0.009430727938071273
0.027737043856612527
0.08766185992799118
0.06076487627345711
0.06361018305225366
0.047513059099175865
0.020068172784665456
0.010707332123869682
0.007537308928007438
-0.0014776986280984068
-0.002471239386294465
-0.023920448264386943
-0.009900697229676124
-0.0031080538583557788
0.002876102089142133
0.005715996027556842
-0.004322585746818782
0.0070070185819330255
-0.0007039906442948228
0.019293502802262927
0.019564886204700573
0.0026626035004347352
-0.0006133202649989699
-0.0028575097301740226
0.011363421049670874
0.00035147718955546106
0.003824575278696795
-0.0032545900946315343
0.002066074059994508
-0.0005932241098833071
0.0006792710035185401
-0.00013241212355197808
-0.0008076732235111712
-366099.58601954393
-813337.4197202382
-623806.2125468007
-591248.9384399864
-344173.382287088
-262497.8575894248
-87159.92014112319
-68298.39081949218
197.59493939884814
306.28202146130997
247.04115732534876
223.1278916528418
150.47384071466587
118.64381357608453
21.515182431489393
27.947097256676205
-9.590621266750576
-11.941901196181426
-10.443847966041552
-7.228903749442465
-5.946352457487102
-4.937867902315699
-0.3974372481877994
-1.0573559950988767
1.315530869035147
-0.05404902258773727
0.4639074426102669
-0.6792608410460481
-0.07222554130773712
0.16415556121696645
-0.20861712332142746
-0.020957809932769012
-0.1013044197439115
0.5138046590905424
0.06652904429319569
0.4761539104625699
0.24159154234385294
0.10689002949232555
0.07198861474161486
0.07073890993758933
0.20739242524280496
0.18969168596293373
0.3072243561813688
-0.033727776644862664
0.009780545622751045
0.010143894825558192
0.0002650242430521214
-0.017821841584435
-0.027478638663597465
-0.06593718578936165
-0.05379935065090067
-0.012940558540978659
-0.015831136097756385
-0.011515632448729243
-0.00604413988495025
-0.003232637237310163
0.03191171220205045
0.04309556687169152
0.03233379508794364
0.014638360878996162
0.012660623668234238
0.0007657467921605103
0.0026358943793551503
-0.004583985093692855
-0.013731883435116133
-0.028740053805024413
-0.009318290146586927
-0.009541317690395618
-0.001051681073497052
-0.007545699747549057
0.0029361738672708526
-0.00037727593268342745
-0.006255167122508951
-0.006313855198914763
-0.010790431611435341
-0.008343475124219141
-0.009686588328475852
-0.003743418354924863
-0.004746720446091136
-0.001232022341006993
6.062355427397249e-6
0.0005054610663898085
-0.0002629714548624841
6.690720403548678e-5
-8.55677451176282e-5
0.0002917056390891851
0.0003255296512211411
-0.00030451012562633466
0.00011761326268375657
0.0005383607126716429
0.000337193478333297
-0.0012006552965477106
0.002131929013982127
-0.0002555854935272928
0.0030824109839334454
0.005075078056774452
-0.008983618013065822
4.955396260707932e-6
0.0005897058950917469
-0.00027385362043321377
4.319350153068662e-5
-0.00011774765760475099
0.00027866345919599716
0.00024349629897451957
-0.00025116351569077626
0.0001943073841764347
0.0005793916564322125
0.00044142812278721096
-0.0011376073126323138
0.0020981435727324056
-0.00032445149034622946
0.0034939806637837917
0.005031768578433734
-0.009223163482632054
1.4869481329364646e-6
0.0005194192288621597
-9.669655915402253e-5
0.00017007259061903966
-0.00010875138058412005
0.00019539635298913396
7.871886789116386e-5
3.792114116182736e-5
-0.0004362919047075576
0.00014911217488864886
0.0010551988788886125
-0.0011351905690553956
0.0023936519228169206
-0.0008745588828882623
-0.002164838247126565
0.0031253093532894005
-0.002474141190577182
1.3907834843014915e-5
-0.0004237048155671076
3.8046340311778826e-5
-0.00020894979362602042
-5.910367505695059e-5
-0.00012648884845405564
-4.304551529320048e-5
-0.00022264211026819158
0.000319361791662527
9.558485846024241e-5
-0.00020411384610841295
7.394756390435701e-5
0.00021910597328166884
-0.00018225173720561407
-0.0006844618831912575
-0.0036499882922174337
0.0002677461287391206
2.563978738349165e-5
-0.00018378435220089653
2.3076811988569892e-5
-2.351349933036751e-5
5.580178025640929e-5
-0.00019581729656883417
1.7897180520518982e-5
0.00013163914628828307
-2.4351536132575734e-5
1.4396940712578243e-5
-0.000803454062574165
0.0009109287259928184
-0.002277870564090007
0.0016293970254914838
0.003848155979858232
0.0012537255170206227
0.0014660393459815092
-1.0738054098415353e-5
0.0004237130094506702
-0.0002978294566115683
-6.809867111427645e-5
0.0001844078444211214
0.00017696075675618388
0.00020990913123140916
-0.0002864487711280031
0.00043512360634321586
0.0010382690301720386
0.00022572710861065387
0.0002224205775999532
0.0015984617594706802
-0.0012753540373235514
0.0046234037718289695
-0.0015238729274878729
-0.005846296664349685
3.922536488066368e-6
3.897433119642554e-6
-8.777895422320094e-7
4.0466205462212424e-5
-5.734747875223535e-5
0.0001731195359816886
-5.0016617752843166e-5
0.0001177474591086837
-0.00033213537695123607
6.560851759592344e-5
0.00038943992621061807
-0.0004686736126471653
0.0008709908083649722
0.0009073259519223323
-0.002386354984063184
0.002253394364873151
0.0010744201274138453
8.187237448033416e-5
-0.0007500410415486447
-1.6661693991266213e-5
-0.00045240044109716725
-0.0001860980863881422
-0.00014403973637506143
-1.262837922741866e-6
-0.00016602301934994824
0.0007202537811037362
0.0005821213551643414
0.000758780042773592
-0.0022986592007918664
0.0027141429743914435
-0.00023776298559094285
-0.0005039463807258451
0.0007608588720716073
-0.007077315704085051
-1.290798208967603e-5
0.00036363661416349743
-2.203383129907691e-5
7.895005617563967e-5
0.00020499804527487092
-4.828801280149589e-5
-4.595148220242408e-5
0.0002473257382180843
0.00010002636410275011
0.00042105785279496514
-0.0001709656473625207
0.0009145761655662202
-0.0009936543459762547
-5.864920443982959e-5
0.003344861245809758
-0.0016736868222216857
-0.0009271421040666638
-1.5074613533655058e-5
0.0005628454765486662
-7.969915982452087e-5
0.0001928117650106415
7.56136844563517e-5
-2.2442422112830085e-5
1.8871013892282828e-5
3.2305060584893795e-5
3.7731292156853845e-6
0.000394541120523611
-8.486050381201518e-5
0.0006480376381271512
0.00011120949586816257
0.0001367906365026704
0.0024429820133079253
-0.0014747745432224975
-0.0017992721778841451
1.8208840052582566e-5
-0.0010662033632884086
0.0004380558893945496
7.995865305781602e-5
-1.266382530425937e-5
-0.00021875723717265758
2.07721397704133e-5
0.0003818882794996023
-0.0005573259996434883
-0.0017010988288097867
-0.0014640308385176044
0.0004002868738725456
-0.004058667459420838
0.0017905480199084589
-0.003287945245480752
0.0023403758128293707
0.008036302219722121
6.735777460582332e-6
2.5437947159713037e-5
7.559055500044895e-5
0.0001768492526766779
-0.00021440710367093938
-0.00026177558932874537
0.00014970596069236206
0.00015030540525780989
-0.0005833718022095756
-0.0008374253732089161
-0.0005395315620984767
0.0009987021477297759
-0.00147360313786197
0.0011563942001023815
0.00034268480144672057
0.003878212960760058
0.0030837588965196
2.0562609902807695e-5
-0.0007054165520069435
9.286969537678214e-5
-0.00020568531871890594
-0.00019374832651370048
0.00011208298757020697
-0.00023660502933041502
-0.0004038637195186283
0.0003239412824848749
-0.0003301485552654326
-0.00018743752025858265
-0.0015307246768094397
0.0004156072750483041
0.0006572703413913473
-0.0024475882427067905
0.00010852047115001204
-0.0002584208054363825
1.5624164110639884e-5
0.0010248342597260307
-0.0005245321708797643
-0.00013344452733609312
-1.6964069171756096e-6
2.5860609575548013e-6
0.0002602445460945849
-0.0005280463305198364
0.0006593481843625979
0.0012619357911149544
0.0007748622573546561
-0.00015605336578545953
0.003439997846157325
-0.0020068890945300856
0.009325951147037154
0.005062346971967804
-0.016528878803291916
1.8221741966837464e-5
0.0012681370712500175
-0.00021179619956024673
0.0004822934107347913
-0.00024253825464924132
-0.0003069680489342334
-4.760615701958456e-5
0.00028374689576882747
-0.0003453945894894932
0.00018845421998278257
-0.00012213594699345067
0.0019405232563199082
-0.00035682005194113243
0.001046273722679347
0.005426441729355802
0.00406218040966054
0.0004305273550248605
1.2786605572987678e-5
-0.00028420834457278533
0.00014515237152747015
-3.367170977315431e-5
0.0001945459960264993
0.000294724085879415
-4.656292513644757e-6
-6.761795311157792e-5
-2.6042832544325972e-5
0.0004378592527712194
0.0002835068459340869
-0.000895226433899659
0.0011006981603260242
0.00048433736530162315
-0.0039491017534572116
-0.0029050891474978412
0.0014992290719954703
-1.6048169299514128e-5
0.0012315868613656574
-0.00019025330310709407
0.00029531555041621016
5.4881624205932404e-5
-9.375679519724776e-5
0.0001819551653638885
0.00021421749827210372
-7.872045524388228e-5
0.0005563989566445833
0.0009545670708346034
0.001136259934012568
0.002085475017986092
-0.0013410431510505517
0.000551631980156261
-0.00027505353993061555
-0.002820546409866503
-5.923882676790139e-5
-0.00010990941081609054
0.0006726949087297341
0.00038744751498259413
5.937954258918598e-5
4.095650610387802e-5
-0.0002858734545100038
0.0010686720561625008
-0.0015350730836729174
-0.0017853582324166433
0.0006015109100231473
-0.0006969055960116703
-0.0025521418700742847
-0.0002590436352866419
-0.012145575392888368
-0.00029502410219546543
0.016766090788762983
-1.2784477906854693e-5
-0.00010249062372997132
5.513339779863046e-5
-7.184621275454201e-5
6.972770603645329e-5
0.0002664601649269284
0.00010806516892993809
-0.0004446727304006042
6.847644642889209e-5
0.00017836694564514176
0.0005389696614353784
-0.0012887631680709008
0.0018673570879007718
-0.0012939705067354667
-0.0037785519034572407
-0.002740002713281769
-0.00023255758403288923
-4.206198361508817e-6
-0.0007537640890215234
0.0001485203119429675
-0.00020305193514183662
-2.213551386684581e-5
-3.563601775073832e-6
-0.00012599650925890712
0.00010765081334925598
-0.000117704211292824
-0.0006233487833363585
-0.00031606539287591835
-0.00048093262476612604
-0.001075138547173656
0.0005433737255407704
-0.0016149109014472805
0.0007110030450528598
0.001857405251890707
-6.663188570630632e-7
8.413308745470362e-5
5.0309447100365136e-5
0.00011630594807342141
1.0285967579961739e-5
-9.811575379235576e-5
9.029267657181898e-5
0.0003744877244344473
-0.00047325566235357743
-0.00023835506256683972
6.685889087028674e-5
3.3757461627013764e-5
0.0004346653473980139
0.00024657673803801897
-0.0013989193756177246
0.000984307273958579
0.00021198769319233474
4.449999581162183e-5
-0.0006219318095927774
6.16856938894408e-5
-7.616346625420488e-5
-0.00022901508874932682
-7.570030858259274e-5
-0.0001248935090355251
-0.0004979067822065367
0.00034557335680738643
-0.00017706892352695088
-0.0008946276209401297
-0.00019887550800251692
-0.0015665525781607985
0.0018160847418122038
0.0016336275927056729
0.00019140117284951812
0.001765714910843948
5.042336566900346e-5
-0.0007076203454237751
0.00010915931661451472
-0.0002973581337120974
0.00035283336715419066
-0.0002555767545901649
0.00038403796147980636
-0.00026046831425657077
0.0003151415569809351
-0.00010956659414862554
-0.00014507230279376703
3.295594332306575e-5
0.00032366557448908374
-0.0007583499654654159
0.0030020100974168977
0.0012347589886074351
-0.0037868430442066967
2.3540423276802875e-5
0.000856858411241658
-0.00016702015466988916
-1.432972651598396e-6
0.00018171641069255652
-0.00048765378361324645
5.860471324026554e-5
-3.907150361005726e-5
0.0007425781299455598
0.0002019446999244139
-0.00011834583404077783
0.002072811991536108
0.0008214192366962003
3.8111632149722035e-5
0.008024332506135554
0.004978884106452294
-0.007580307484106574
1.0304948106135015e-5
0.0008667564571148866
-2.935810706672897e-5
0.00029612999052325306
0.00015617341149691525
6.881912684506685e-5
0.00014467880521120094
-0.0002851653442755588
4.217241038954088e-7
0.0007111232384898973
7.451163157581704e-5
0.0004473989891643817
0.001373140618207672
0.00012940854560636834
5.308990479500501e-5
-0.0002001918650779392
0.00023357376850038897
-1.3622575228285004e-5
-0.00037437714476240043
0.0002334162319387352
-6.364507861191051e-5
0.00015959362531246395
4.836227763590521e-5
8.899437921892939e-5
2.420809421882505e-5
-9.144252627177863e-5
-0.00019844222141616511
0.00010590918073607195
-0.00024463628428637987
0.0003184437356219864
-0.0003948331010965699
-0.002538212007875372
-0.002652736592633864
0.0014564227029182167
5.917529933013252e-5
-0.00015560954959075086
-0.0005373088872093765
-0.00040379597335830425
-0.00022399707350317257
2.0901906070186e-5
0.000118549743180411
-0.0008965726362617582
0.0016165555295305845
0.0011046704580595914
-0.0013339629929747753
0.00028870364675412423
0.0005536378202162627
0.0009843893221017856
0.00821248390940107
0.00014115876830890777
-0.008393693574131758
5.151128701255002e-5
-3.117102100674458e-5
-5.189681881164294e-5
1.8358343280672964e-5
-0.0003146079793622565
-0.00025921749624542687
-1.196280076454777e-5
-0.00038927302760813104
0.0005821524509773395
-0.00037630535553352293
-0.0005461675498671067
-0.00017465482309732562
4.801000060183085e-5
0.0003814291054383343
0.000897209226190029
0.0012601350589002524
-0.00022049494584830377
-5.906721767670346e-5
0.0014521049863698047
0.0006331959826520867
0.000645159492633879
0.0013324852837166268
-0.0006004764187039972
0.0001920509681712395
0.00106930114574404
-0.0009124839989528771
-0.0009152982718655807
0.0009526815382536739
0.0037171230616628603
-0.0017223918215240116
-0.001532928887608819
0.0053448996943951995
0.0016795386427734518
0.0023542162914750872
-4.373373510774532e-5
0.0006813718742382418
-0.00011467395772702492
0.00014955202568175773
0.00013656304353588453
-4.834549237474845e-5
-1.1214328914850119e-5
0.00040963400601649446
-0.00030795185690863904
6.295239621299162e-5
0.00037414014097747483
0.0006616494435788683
1.052953255074321e-5
-0.00016221618866127057
0.0009770087758853498
0.0007741330298971037
-0.001139270021299123
-4.277306981184635e-5
-0.00018798297073139254
-5.571942382597664e-5
-0.00020336349458552672
0.00016947965120323318
0.00021338115092489984
0.00010522026182928797
0.0004196650643495646
-0.0004624363200569734
-2.623806086076511e-5
0.000747371228428343
-0.0003807109935530393
0.00034810291662901524
-0.002068066841770654
-0.0035022349073028087
-0.00043681219489526536
-0.0017283845022893318
2.128978995173456e-5
-0.00025692565987028935
-0.00032818180341327464
-0.00016947021256264274
-0.0003867999007184702
0.0002956276745189098
-0.0004774343418046612
-0.0002779007877592543
0.000962617541053405
0.0007875056163974164
-0.0009127100972890595
3.202104710154971e-5
-6.886053925087577e-5
0.0021812824928836854
0.0003784765346280613
-0.004124074174582658
0.0005307743232399046
3.192958643400662e-5
-0.0007884561639897892
-2.5523715426165954e-5
-0.0003545479716310294
-7.000421672651234e-5
0.0005153946176485871
-0.0003424753610941944
-0.0003202560626667119
0.0005909703821241898
0.0003034332923179663
-4.637317820555179e-5
-0.0007620709414838306
-0.0004540071045643728
0.001053320932830733
-0.00038850561217584033
-0.0025503349923836063
0.0021706495413455545
-1.7844395291530585e-5
-9.287280775851065e-5
0.0005244553359511021
0.00020939681060100785
0.0007210608427590158
-2.8737746648030495e-5
0.0002541830855826136
0.0004320474863425
-0.0011900967833059699
-0.0011940501151564281
0.0013762712810545849
0.0007257586912975394
-0.0010987776103411426
-0.0022942417802329965
-0.004275640850905242
-0.0011994287291900276
0.007223117084131729
-8.164205092955907e-6
-0.0007727771379709169
6.919826935195227e-5
-0.0002586214685466992
5.910658386534794e-5
8.191525441302686e-5
5.316486400062633e-5
0.0004658927061411659
-0.0003484512605451744
-0.0004871381341522242
0.0001601929436594063
-0.0006540616164165705
-0.0005855665655319595
-0.0003117844234507248
-0.0028280733459104543
0.0013152071965127723
0.0011083628467267398
0.00010536030925456847
-0.0011243152360481848
-0.0003018116644813596
-0.0005813243432819635
-0.0007419377653967353
0.00019924769027533263
4.242476463870192e-5
-0.0008572564029484893
0.0010392965669371887
0.000377320507805456
-0.0012961516435670973
-0.0019424467343811607
0.0012240044652103706
0.0018071648848773866
-0.0006929545869133762
0.004146773555021702
-0.0030658284200783758
7.623373781286522e-5
-0.0024143862978021923
0.00032157403264742527
-0.0005955595817579069
-0.00027162200035900635
0.0003180747487580731
-0.00015445138794449516
-0.0008722795931493607
0.0003319484711235705
-0.0008030702135013675
-0.0012814396969923329
-0.002420391768074407
-0.0011178532681164405
0.0033027096153405286
-0.005190526272328415
-0.001977923664809104
0.007389442622857541
8.956568329899792e-5
-0.0020911307325677583
-3.1497541210232304e-5
-0.0005025820438812916
-0.0005625429067925978
0.0003972290539795653
4.470870881622618e-5
-0.0002653577787211119
0.00035555038220099323
-0.00011411608739434162
-0.0007803055174025853
-0.004086605536071951
-0.0004968916527960214
0.0009436429574431511
-0.005504884452033475
0.0009088677395647826
0.0022034224908765534
-1.9593703570139466e-5
0.0021763348356784317
-0.0005058463506110752
0.0005029007310573349
-0.00046254918183841686
-0.00045752125745535165
9.197317266166012e-5
0.0008586758247004477
-0.0004151108456830126
0.00029821953138570504
0.0006819045259381295
0.0023769123347205726
0.0014124432794750234
-0.0004812729078772517
0.0060460179206976794
0.004525728402950588
-0.0066092133804307165
-2.0562244172923885e-5
0.00048391770723001256
-2.8850948717603433e-5
0.00015710728559238148
0.0001283478112324636
-6.306950947633806e-5
2.7996063544315308e-5
0.00020029745160472117
-0.0001391797517587185
0.00017819368549365809
-0.00019513112837926677
0.0008793639257389652
-0.0006850787765604495
0.0019063358775279762
0.004792519519644939
0.002616982522817463
-3.455579906218279e-5
2.9211131874108447e-5
-0.0010229259633086263
-0.00012487675991788483
-0.00030450086813665466
-0.000811270022952768
0.0005602146095648183
8.942317081170078e-5
-0.00037489844097868784
0.00010746519240525525
-1.1629949453621948e-6
-0.0003612851303328837
-0.003124656430019619
0.0007334018116149781
0.00034507052008961374
-0.006529047850985899
-0.0005187303041995832
0.0020135502939256198
-1.8885376262126897e-5
0.000972201574421457
-0.00043769549542062113
4.947988822500277e-5
-0.0003249390945441628
1.5585251071173946e-5
-0.00026315601215991973
0.0005160822357942041
-0.0006394891212262805
0.0003545178182794076
0.0009735064926545495
0.0005639212087103433
0.001671629324791297
-4.534433265924684e-5
-0.0018344402416502416
4.036510168184438e-5
-0.0027472068732962724
8.054726590969604e-6
-0.00012959760411294878
3.5441476432555687e-6
7.396035930692451e-6
0.00011226969338425223
-0.00021655590361614133
-6.627930387720777e-5
0.0003108651514390139
-4.260898505547199e-5
0.00025860844853591345
-0.0003251523583175946
0.0012763566415154848
-9.722656735758455e-5
0.0007068311092833936
0.001317876464656032
-0.0011479778159540915
0.0008836943881201135
8.189695062381004e-6
-0.0007454122272708202
-2.4175669435567955e-5
-0.00021345498077940763
0.00021448979687222042
0.0002818988980893311
-0.0001297400081227684
-0.00024170298399253605
0.00044758492071971954
-0.0002059035495009416
-0.00011388000970416808
-0.0012349403851034456
-0.0015097681456706746
0.0006827441806732933
0.0018320394429621506
0.0018361424696391835
-0.002454964446447008
-1.1968065796301163e-5
-0.0005776861395865257
0.0002526092308376313
2.3342894855070467e-5
0.0005141950322484783
-0.00047005307735315107
0.00014719581455311295
0.000211421018366268
-8.99117521093832e-5
-6.479765037892964e-5
-0.00017401652967319664
0.00070713091254134
-0.0015632574086350366
-0.000796789577980007
0.003162608932543603
-0.005756886312622808
-0.0002589407058084026
-2.3945597315374424e-5
0.002686983458191849
-0.00040053854759019013
0.0007309955489849679
-0.00010891604922762199
-0.000571581848177175
0.00012801477939236664
0.0002008564023993877
-0.00046663302431974065
0.0005443256176954346
0.0004204424828234573
0.003226159216599386
0.0018671290780693302
-4.446381769075531e-5
0.007554528316359163
0.0033213621230158276
-0.005567508882111449
-3.7036485852191206e-6
-0.001648781978172712
0.00019560790527268772
-0.0005366005816664792
-3.399234850669901e-5
0.00011890174012218284
-0.00017156712468233216
-0.00026456127917386156
0.00010469187380522368
0.00014040390490435622
-6.722960817106126e-5
-0.002724143345704444
0.0014510273162279235
0.0006997703264075587
-0.00805413986942649
-0.00809522064639795
0.00020556982065138873
-0.0001918599478075354
0.0028197851736959803
0.00044609204191963745
0.0009787059536957164
0.0003117317935414787
-1.6377066538095372e-5
-0.0004139051467766339
0.00141067537251717
-0.001959172556480547
-0.001453696750731788
0.0021628461564908866
0.0019320947685982663
0.0006469541421756039
-0.0020928722394792532
-0.009293575555088446
0.0005129158584087288
0.01210207724444675
-8.836615245871234e-7
-0.001076216823564037
0.0005858192048101376
0.00012028295074417517
0.0007306224832658985
0.0006380742573403737
0.0002685784091561972
-0.0006401254507803552
-5.23203192681886e-5
-0.00043651275849970674
-0.00031549656376771346
-0.0020445069549979164
-0.0013726333500317046
-0.0007274340240920066
-0.006488648475893441
-0.0037223644622905584
0.008187952967874518
-3.300654549397431e-5
0.0009790976703367609
0.0001376636066291988
0.00022840365764770654
0.00040922829571930536
-0.0005324257143829968
0.00039644254629053554
0.0003236998492943274
-0.0005487531972891381
-0.00036662677792570513
0.0006161423211743323
0.0024544551665455407
9.690566638819356e-5
-0.0008990259021882483
0.0028647907026071173
0.005469901834973266
-0.0019433262462598948
7.377183429680263e-6
-0.0003456396853743761
0.00021593501979072518
5.4506961403696504e-5
0.0005125261997435587
0.0004063032985740273
-5.691250080996289e-5
-0.00046669272507068936
0.0004800984073666232
0.0002525495934084693
-0.00020906366433624433
-0.00013219398563896293
-0.0011865886906052196
0.0008908544983989094
0.0012468211507676373
-0.0016632873654034053
0.0009724899942376594
4.44522897143435e-5
-0.00022991544751116546
0.0002482810561549815
-4.122858037792614e-5
0.0002809432898410099
-0.0003583087648393429
0.00035609618528949347
0.00023787952326986643
-0.0005447960550165688
-0.001091146361520285
0.00039023808857913567
0.001235153885471803
-0.001066996119195942
3.877236509225548e-5
-0.0012597328675615755
0.006547791359605119
0.002586647311321916
5.22300916300757e-6
-0.00024295581880327328
-0.0001584332450565124
-0.0003160507254785444
-0.00010589048616327273
0.00018225575864415673
8.574520225716964e-5
8.71451791833822e-5
-6.338764613599721e-5
0.000377481948747909
0.0007391667450423891
-0.0004317013434717205
0.0015313737197259801
-0.0014659557899550488
-0.003215260954240445
-0.002952661990288814
-0.0011581462418996436
0.00013839267262131041
-0.0023969463093787375
-0.00012835441537941295
-0.0008628923294180129
-0.00042254125664695235
0.00023887487149624667
3.1846677764436265e-6
-0.0010676621903237043
0.0012902240122581769
0.0006528783352571582
-0.0015800574506088408
-0.0017629928625863612
0.0006469628041991142
0.002759706328498199
0.0008812320682687993
-0.0005800412947939131
-0.005555327546257294
5.494286284969123e-6
-0.0009637028769933968
9.425165915156517e-5
-0.00022736151410318494
-0.00016598585065166874
0.0006946762876271484
0.00014024892280787443
-0.00025722382469797294
2.9954481295214774e-5
-3.2622031177828e-5
0.0006830286889152936
-0.003027105399752103
0.00020672336821317262
-0.0009412536870036313
-0.0069320518181618445
-0.0015256103639096374
0.0024654718648960436
-1.2415093071658598e-5
0.0003138005853607253
-0.00020955194504571124
-7.18267996690842e-5
-0.0005505478927371075
-0.0003990015308837193
-0.0002410521305061782
0.000262549979763338
0.00018798478745171466
-4.654628574448934e-5
0.0006393716375097427
-2.1276773041345642e-5
0.002213811911984243
-0.001918222971504743
-0.004099188781426526
-0.0033906761250421203
-0.0038290691888368546
0.00016646206161002484
-0.0021727737469047223
-0.0005104768406387533
-0.0008966885048997966
-0.0007195011873149035
4.7548780475700466e-5
4.4902576284658954e-5
-0.0013198104805473775
0.0025102967089129153
0.0012424964551911884
-0.0027369310247577464
-0.003025776519330375
-0.000409776169637104
0.0029700407128222758
0.006595945489292745
-0.0011105425384883006
-0.010192466839742651
1.144720077353827e-5
0.0006317573381832579
7.209754597724776e-5
0.00023763197992546394
0.00027505027056798755
-0.00014294206584926722
0.00022530072398198607
-0.00015119303165671567
0.0005679728761128459
7.95797568562032e-5
-0.0001003951464949647
0.0009845665123173481
-0.00011121821890335258
0.0006148771125288226
0.0038123283165149876
0.003539713065384204
-0.0040484788454904184
-4.499540006005451e-5
0.0021227387002572414
-0.00013161436959492018
0.0006983411719440303
0.00030889551716069643
-0.0001492965895877778
-0.0001339422449140389
0.0005582827077658546
-0.0009917731742426596
0.00014876909433793757
0.0008327269128048948
0.002148399299107209
0.0012123588810794787
-0.000691399945542252
0.0014063806550809349
0.002772123589164644
0.001602081551605066
6.451143676073922e-5
-0.00029532822392264304
-0.0001334012629443866
0.00015188797410249145
0.00014440824379969208
-0.0005085598804816754
5.772005721911967e-5
-0.0001793962208099924
0.0008956754717964998
0.0006739598179916058
-0.0018657648195183943
0.0016000828726608536
-0.001410800497385435
0.0035715153992848573
0.012353676379218347
-0.0003504440191938986
-0.007753535432522904
-7.457045016852786e-6
0.0007778503680078435
-0.000378626824096754
-0.00010695158325194399
-0.00044832165238507354
-0.00045469840546780984
-0.000602437199920596
0.0007433959648853861
0.00047769269523056604
0.00031857219411508467
9.386084214435304e-5
0.002056597721115206
0.0002766988170015864
0.0012319380524986347
0.00631668203427043
-0.0017252292585315987
-0.006335439412963084
1.4872554676173291e-5
-0.00039013289513598135
0.00024640516936590904
-1.8156398168050295e-6
0.0001902084834013321
0.00039664084601799966
-3.083413201291077e-5
0.00013866310735159923
3.3177611342676634e-5
-0.00047040361134114425
0.00022740464980254988
-0.001739669301129927
0.0002954060949695788
-0.0005832020739950682
-0.005251293419886421
-0.00031490063755360817
0.005866384743480982
1.7660138556471306e-5
0.00016474505199844718
4.689100174015373e-5
-8.426697967228608e-5
5.829486763278796e-5
1.6942658509574453e-5
-1.8815327545591878e-6
0.00015058024937392275
1.2163255051907508e-5
5.885524881937477e-5
0.0004535691586030774
0.0003850083370339519
0.0017938093186058073
-0.0018164197782180385
-0.00437456152500806
-0.003498214371137839
0.0026668043170199112
0.00012505627002335314
-0.002916025407756659
9.961282457379325e-5
-0.0008824355275103605
-0.0007038888076649671
-0.00021490327922915405
-0.00014408903271507866
-0.0007160923351164845
0.0013020629635665164
-6.861144253269938e-5
-0.001622685149226942
-0.001993731980858928
-0.001205662407039034
0.002265865322197938
-0.0010547545138344632
-0.00024107434000409183
-0.0003380806167898979
2.0198085778254137e-5
-0.00035317580669835623
-9.698180003754419e-5
-4.385321770497482e-5
-0.00034115931932718167
0.00019114231147863037
-9.320113960862629e-5
-0.00037686229188153765
0.0001874335867460175
2.5866262917347676e-5
-8.594500273385584e-5
-0.0014168713341882507
0.0007701325884234463
0.0017777105130402393
-0.0020006942416400633
-0.0007362564923265438
-0.0010229621587998503
2.434362071022452e-5
-0.00027100893856470137
0.00044158315558242526
0.0002626751122373928
0.0002404718672657438
0.00023390922382717787
0.00029334036322173514
-0.0005259095524565777
-7.798302593346696e-5
-0.0002775016908809488
-0.0008590501590789113
-0.001674802118651138
-0.00020693761716894545
-0.0009345840605597636
-0.003230618068324353
0.00028189115310993786
0.0019875862181320644
8.214986761936867e-6
-0.00027837663747871185
-9.844929333101477e-5
-0.000246614265505675
-0.00013837328998757078
0.0004378871110983253
0.0001778474667952813
-2.544362627140679e-5
-0.00030360292009254115
-0.0004205591455641448
0.0006441858777865719
-0.0012586549520021448
-2.19668340968904e-6
-0.0017931766812977446
-0.004357479392523071
0.0036038796719803584
-0.00019747731695463367
-0.0002452380375122747
0.00477003763587884
8.61850040109896e-5
0.001664593761791081
0.0009256770642136722
-7.478965459914739e-6
5.449585927428229e-5
0.0011510431055635232
-0.0015605338585761913
0.0006171690787906403
0.0023543014798310586
0.0050261627916486536
-0.00024389622802763856
-0.0016856125302323892
0.00849246861401812
-0.00531309062368815
-0.0006642454211339582
-5.7048298550812924e-5
0.0017977385585051483
-0.00032309781482115873
0.00037594255262223913
5.425600212071682e-5
-0.0004907547559358244
-0.000127060056767985
0.0009031648033060883
-0.00017476116051946933
0.0008158457807999449
0.0005339589545069934
0.0028658441877807586
-2.3921562720270835e-5
-0.00019505356928221416
0.0067280023297041774
0.0006692974046592532
-0.0038437767846988494
-0.00016015095382855815
0.0014359433951473721
0.00010892455366881356
0.0006574340115676615
2.6568756229555964e-7
0.00014527603753116487
-0.00017758504689124896
0.000609817051534804
-0.0014993662982595328
0.00018360782749135768
0.0016135765873167807
-4.1699860113606675e-5
0.0010035464810896758
-0.0024355000096804268
-0.003376506578770849
-0.006727013100688572
0.00537702184969535
3.116443193980465e-5
-0.00020762612911167663
0.00038524630715755395
0.00036080283919527834
0.00023029486792706702
-1.5770662240825444e-5
0.00033102972338282954
-0.0007897334200195171
0.000556963495989847
0.0002723895330867558
-0.0009322161637906302
-0.0006708474548738513
0.0002599138844057406
0.00020531321995375773
-0.00010258816962420269
-0.002962289892436726
0.0012840408977525114
3.525443280938252e-5
-0.0016676298317580048
0.00031646454046588935
-0.0003137308634616968
-4.077591138192278e-5
0.00033038707984344524
-3.8807349300417505e-6
-0.0009072546681959047
0.0007099517850293473
0.00015245673552327226
-0.0008106215870747313
-0.0021738753942097577
0.00021600203724337757
0.0016735162537032248
-0.002091915241021143
-0.004400911027441001
-0.0003015850767863651
0.00021085588347562192
-0.0041837612368607726
-0.00028815503627109237
-0.0015498796051813689
-0.0007755037911751958
0.0007361402807941945
-0.00019799806193501998
-0.0013087530032372433
0.0023484022556822096
-0.00011796876715266807
-0.0014687114522213376
-0.005374464809740373
-0.0011039421287567224
0.0026145458052388207
-0.00898458618422858
8.387168469523086e-5
-0.0006071121388702693
-0.0001805897556077684
0.004923465696623636
4.5891264309397304e-5
0.0017509816373919502
0.001416958607442352
0.00010212736100572172
0.00010102941894292312
0.0005665262507563482
-0.0006336127307948019
0.00019028831078246613
0.0016278457726425564
0.006166308097793491
0.0007992946678120736
-0.0009816112906693183
0.015768694986286216
-0.001840602762465151
-0.0063250881387658196
4.674711135213577e-5
-0.000996415684533833
2.5009262263359617e-5
-0.0003775045667248763
-0.0002530952292935324
-0.0004995419276731233
-0.00019368109456953497
-0.00021569457274649454
0.0002904792965126101
-0.00024164305574182786
-0.000811113118187529
-0.0007057996882388009
-0.0002924946268911242
-0.00016786477110458214
-0.002498162054456948
-0.0002403193149095627
0.0025713855610627343
-3.454365631555948e-5
0.0022368202575772924
-0.0006481253591199054
2.4738303073296517e-5
-0.00031368515973403477
-0.0003292637417768826
-0.00021964690070105236
0.001561986882549269
-3.9806036694526105e-5
0.0005478309804344745
0.0017197474344531742
0.004590485933556441
0.0010316169337042122
-0.001897409286795368
0.005536901714148551
0.002342757586526222
-0.0036537511376909955
-2.4675097053661328e-5
0.0007816195173842917
0.00019219573939875328
0.0003687210781136558
0.00031732915007961875
-0.00030680123883742146
0.0003244560106463706
0.00019936517138295924
-0.00033155558278331014
0.00033768684819309044
-0.0007600434372711408
0.0017941430787991593
-0.0016299891593396236
0.0015239964103399449
0.006929491179831795
0.004235853615641967
-0.0005227696918442453
-3.7827504602142516e-5
0.0009628733794536315
-8.265562168890257e-5
0.00046341995554562577
-3.0801519355281524e-5
-5.641743382331635e-5
0.0002169197758440638
-0.00011375985392859697
-0.0007148623774576692
7.566550779320167e-5
0.0006607474175509517
0.00019036377171480085
0.001833744500734617
-0.0014914159500227508
0.0013608559263933381
0.0017048740088270865
0.00024067230751163154
0.0002044711527210422
-0.0034101503023852213
-0.0002597928563131611
-0.0012636855935920473
-0.0006756200892960815
0.00011048864106153284
-0.00025167725615881916
-0.001303369509479747
0.0022638897498698574
-0.00013080552498529808
-0.002202361483569642
-0.003312225121937232
-0.0007423911797757859
0.0024791726798775227
-0.003471119492830469
-0.0006852448684346196
-0.0023063360927959593
2.6711192395545315e-5
-0.0008738663545815072
-7.73833211090906e-5
-0.00024249669284637896
-0.0003082282236790699
0.0001266276377142118
-8.824524995614428e-5
-0.00030162930706195294
-0.0006283009080990037
9.99507124570717e-5
0.0002848319786123622
-0.002136163363393002
0.001706933175058254
-0.00039564142939644984
-0.0076723651157615405
-0.0020479097201098004
0.002354760467815146
-0.0001628319626515149
0.003647347659820459
0.0005015591311587702
0.001361945932447425
0.00113989446922547
-0.0004032250405556386
0.0005108973234168534
0.0013012707633074097
-0.0015556290059380922
-0.0006714767016092973
0.0014857743664579402
0.004857374133514093
0.0010798244100019123
-0.001724885112955357
0.003937606808670441
0.00016806742376009889
0.0026259438373955777
-4.393730260771495e-5
0.0018120291660327502
-0.00011817240783433062
0.0007009748052117658
0.00013556180455692138
0.0001507795892071446
-5.451373272368134e-5
-1.436315493139797e-6
-0.00023600161145805826
0.0011100126517314425
0.000600151655731501
0.0009740846698143001
0.001225255068145018
0.002159193724449698
0.0056371386716002865
0.0026519924504275452
0.0025807197812202603
-0.00015418794193125025
0.0013576889802111097
0.0001916638488144918
0.0005767941103523286
5.9609078011236505e-6
-0.00037635191287343594
-0.0007109638256586789
0.0011298838496486348
-0.0015546534090832283
-0.0006128758852951982
0.0009498755091884908
0.001462936416529195
-0.001681717459447134
-0.0011880699079134496
-0.004809773056344101
-0.0020862120504945773
0.005047915630855567
1.0611263647032532e-5
-0.0010081259713697274
6.799409940656554e-5
-0.00019331508824388082
-0.0002799512220534959
-0.0011907097578798865
-0.0004688457002728809
0.00021947531256720802
6.234201524102376e-5
-0.0007195702183321126
-0.0007275089491412728
0.0011599835943878185
-0.0016739691386643736
0.0011701020162618095
-0.0024529015569640013
-0.0011582869253273695
0.0037593175092955357
-3.3946898794315575e-5
0.0017417035677211562
-0.0001968980133955491
0.0007333453374533377
-0.00021400881126306195
-0.00032535629569739984
0.00041699963684488134
7.518335175286211e-5
0.00019503060855958072
0.0006384359892566319
-0.00018554076833846893
0.001942912284291887
-5.601624081092867e-5
0.00034379071953081044
0.007790638675553163
0.00369170285839421
-0.0005190095737930147
-9.967831478516882e-6
0.00017978751700658727
-5.926512159467244e-5
-4.1452987432067436e-5
-0.00021338210985378942
0.0005766881976657942
-0.00020630368292260217
0.00021050240226350037
-0.00044843625984733123
-0.00019055643364900306
0.0011070738130432218
-0.0015656614667384759
0.0016984188147867096
-0.0013483926028745794
-0.00607865635935935
0.00014782556495408308
-0.0005471626670801137
-7.585886404254592e-6
0.0009675362903002336
0.00016077719350859667
0.0005038070823993405
0.0005667483903218402
-0.00023725460088690447
0.00016652883233978668
-0.00026981450662216826
0.0001537353062895072
-0.00017051583625745466
0.0006548669038324723
0.0014014297405667482
-0.0010561866700312273
-0.0014411722163991173
0.0016160058379213046
-0.0015007210332830562
0.0024255147588280058
-5.1314449318375716e-5
0.0021309803671364516
-0.0002668680190402483
0.0004812072782149142
-4.3712836553275434e-7
-0.0007008721293694756
-0.0002645483275518572
0.0009625550311064628
-0.00029171821317087207
5.390076681670411e-5
0.0012173137222451552
0.0024484604323583396
0.0010213454056469855
-0.0018051425580758562
0.0022042772961439914
0.004348503140925114
-0.001767386259840856
-1.7473453480639304e-5
0.00048237158155473877
0.00033136717699501614
0.0005673250130107196
0.00044439721223697265
0.00017094550597048912
0.00045180953450595004
0.00025896784287488727
-0.0012565029778476926
-0.0002538835087292716
-0.00016469436844038384
0.00029981854654706556
0.0005040903345864779
0.0006222351771731
0.0017528376235817133
0.0029577063812324614
-0.001683218897415888
4.6893166956916174e-5
-0.0017323249146772074
8.872419645947457e-5
-0.00038829858260538074
-0.0005667177723822116
0.0003630749457680517
-0.0001849998961609184
-0.0003456865131018284
-5.083000818360886e-5
-0.0006137083865369947
-0.00039054881075799053
-0.004128854758443589
0.0015660053462564795
-9.96454600998848e-5
-0.009616851311157753
-0.0028849219794128216
0.0013443009883630358
0.00019099076344638983
-0.0020091167043070055
-0.0004422814297248311
-0.000825303115145916
-0.0002805867782274659
0.0006029513663536676
0.0006409965806543015
-0.0014466237976538164
0.002159030739137861
0.0016541567039124287
-0.0021727583596378676
-0.0013374042881549473
0.0020474446106436327
0.0020784156347412003
0.009347679154246684
0.002432826698848022
-0.012003603737178528
5.644074005353291e-5
-0.0015121558757432093
0.00023387653623366895
-0.00046207496004249535
-1.9384407603271974e-6
0.00035286283876264805
0.0002564126708671839
-0.0007742340117698473
0.0005255928968023275
-0.0006117870537907929
-0.0007697032322339594
-0.0017509478457689808
-0.0015211394499538174
-0.0008580418641747979
-0.003149878196401592
0.0010467955657744864
0.0013553967615101278
-4.816780451498107e-5
0.002126084679567685
-0.0006013111309474395
0.000634910463952499
0.00016345058906744913
0.001298843244716938
0.00028985694070056493
-0.0005794996723105457
0.00048524700793134906
0.0010583393919503799
0.0005169133476172213
-0.00026029446088628644
0.0008476505008557415
-0.0001447541411851957
0.008777786468696218
0.0010017094052116868
-0.011315778695014005
-2.9068475339514552e-5
0.0012892177428784027
-0.00037220702860900736
0.0002715239726507098
-0.00047099436220306395
-0.0006464879275770146
-8.310944781777985e-7
0.00034276748696311144
0.00024629607588367246
0.0004233815684575678
0.00017709811277243407
0.0016658724205483389
0.0010713220642365093
0.0012103583297993345
0.006603395886941008
-0.001726436858596229
-0.004406259583833759
-8.085156852119913e-5
0.0029627741919958156
0.00039135932069503154
0.0013628466833518142
0.0011516102471234714
-9.005902764125288e-5
0.00038941378465879944
0.0001175796258330839
-0.001027218450122431
0.0005828098756953351
-8.351969350061804e-5
0.0032026831605879865
-0.0009139353311823374
0.001741633672705948
0.01027848191901533
0.002015187775154903
0.006023934524234465
-1.6087249140263962e-7
-0.0002013121259578833
0.0003698016344417492
-8.332313033259392e-5
0.0001459230225014269
-0.00038991529444799887
0.00043479872971859324
0.000403982482326178
-0.0008995749086303944
1.3974617281405389e-5
1.4674863891000974e-5
0.0009415035435834982
0.00048547410848470967
-0.0006427788892656307
0.0010330455054952407
0.0032348991978336573
0.002090598240050407
-2.8280612892238338e-5
0.0012380272736462708
-0.00014671773100843267
0.0003110174454615191
0.00028834005402943977
-0.0003005415656726539
-0.00024511723508612395
0.0007046155509752233
0.0002857230022634514
0.0004108090339534982
-0.0004270635862179315
0.0024639249603550122
-0.0017689782772280405
0.001884176958186957
0.01112519717214168
0.002220922182462783
-0.006319365353289803
-3.2020236751960527e-5
0.0019257144009186859
-0.00034123406780785573
0.0004181796365084581
0.00021180542602704884
0.0007574878935275394
4.179494995839526e-6
-7.995112600022296e-5
0.00010220301796434867
0.0007673289601597739
0.0005948655639411923
0.0008891663712067893
0.0015484370440685244
-0.0014589009953369406
0.006877051729817119
-0.001523163139381059
-0.005244331634205353
3.693256997441635e-5
-0.0020230038854062702
-5.9806028432854585e-5
-0.0006789895877206086
-0.0009204272748057242
-0.00011360807426923409
-0.0004273857955395446
-0.0001313805138257065
4.543702018843953e-6
-0.0004722267988512072
0.00019009674389819524
-0.003929435161712316
0.00041774919583482397
-0.001495021709761378
-0.015223368035114229
-0.008277129849725586
0.006761299164431777
-5.513257892418881e-5
0.0023590461426262472
-0.0003076460027263025
0.000798373417728194
-2.1166027751407238e-5
-0.0004646873484909173
1.8193748233913654e-5
0.0009924996220763292
-0.0005221114226101757
0.0011018788714110563
-0.00017083023678188643
0.0019924176719998544
0.0008453191126980235
0.0005275676032427686
0.008884602660861265
-0.0008662788480751364
-0.00042371486982412354
2.1159684374514787e-5
0.0005450872399090187
-0.0001650461905963736
-1.5440757054415553e-5
1.9097030778791124e-5
-0.00026119739321520336
-0.0001618369386166827
0.00032657918217709407
0.0001245974522288692
0.000796579162179211
-0.000323516578205227
0.001236259526465287
-0.000306588685692056
0.0031011191931297646
0.010512924423393272
0.002962281365872829
-0.0023780616954309397
0.00010417331965631351
-0.0017946410865323263
1.6572999787746458e-5
-0.0009322222720869329
-8.591713085888659e-5
-0.0005526063444252467
-0.00033734095778384794
-0.0004051461266228581
0.0015621934286250481
-0.00011774048361199668
-0.0007409279855589533
0.0014545552340960541
-0.0006817068094498637
0.001768506648891765
0.0003284213231829301
-0.0030415494748004344
0.0022535282023044296
-3.0723816422012814e-6
0.0018911842872476655
9.61287565544997e-5
0.000767825433606416
0.0013474188242494052
0.00018622217862334506
0.0008611283756368688
-0.0003225727432200831
0.0005222800233795504
0.000634520431669337
-0.0002587292867938313
0.005257274100212815
0.001998088285020845
0.0016360762962620734
0.01967049879730629
0.00986025441486543
-0.014544157964020544
2.825796855127124e-5
-0.0002809364380939544
4.839433278779127e-5
0.00019366280497029858
-7.755633163496123e-5
-0.00018692938226737586
0.0003673882426536695
-0.0007762390264739753
0.0005011875330188079
-0.0006958138478437213
-0.0008825960064400396
-0.0008567754794279649
-0.0011565706946425611
0.0006924596583863266
-0.001924075395601783
-0.0023320315632780948
0.0018885071182889832
1.2321799909771483e-6
-0.0005657488099031724
0.00010759845092919064
5.2324056498048386e-6
6.288610540068453e-5
-9.996475895638405e-5
0.00036644594525598646
-0.0005844012337422368
-0.0005423609739341544
0.00018814035401281374
-0.0008344083836134956
0.00048422555749794003
-0.00039435757855107767
0.002429066085654842
0.004821179331146424
0.0018842761666132254
-0.002529561460020369
-0.00012458579840106252
0.0036283333028481963
0.0001081042940402945
0.0013618217065927568
0.0007928473548386205
0.00018670872358278516
0.00018281939344215188
0.0011795738231946539
-0.002079372784755526
-3.73371600698586e-5
0.002055123612398022
0.0038285467868882316
0.000708193263873478
-0.0007675956106613511
0.0020927993783566986
0.0024357377227489
-0.0033735186917754115
5.500769924059995e-5
-0.003969855753283662
-0.0003820078607568818
-0.0014207496279101562
-0.0020307485442670106
0.00010147413383027074
-0.00125800767309377
-0.00026680918454856297
0.000974841300068316
0.0003774393386517968
-0.00220556284214968
-0.007230837846524297
-0.002210231603232453
0.0001558096172840918
-0.0187348874579727
-0.008761060343969646
0.00916290831728596
-2.7366897070853163e-5
0.0008373183958337185
-3.614583710073411e-5
0.00033267374320642464
7.275930880275999e-5
-0.00026081422346590745
0.00010532781012578106
0.00013287596799957946
-0.0006382763470126519
-0.0004316535793579073
0.00045662721198472505
-0.0005952059515892437
-0.00043824967483998563
0.0005491307167430332
-4.3194903429399473e-5
0.00902011871133486
0.0019648706624601354
-5.431972331310172e-6
-0.0002735599538742968
0.00037819491790497554
9.796088577047025e-5
2.2798569387652635e-5
0.00018923206237611868
0.0003805337954066758
-8.845137144036895e-5
0.00015210096093563983
-0.00013976231251075526
4.69364705281091e-5
0.00023243049811616108
-0.0014258502333909919
-0.0009365296345389992
-0.0006927469797059886
0.0015229095057553955
0.0012677792252856223
-9.902306543940084e-5
0.002033472972279863
5.387576673415042e-5
0.0006786378859495683
0.0004561518709999237
-0.0007659382775292348
8.827482451359655e-6
0.001045653158686148
-0.0010639292488064135
-0.00017859738137468727
0.0005817130735195115
0.004235119846719494
-0.0021983778998340493
-0.0006267190975481083
0.007328267888619917
0.0017145367033438452
0.0036760567734771066
5.448960278491137e-6
-0.0018966737921665782
0.00023308217765354917
-0.0003421521634066471
-0.00020348448056512652
0.0004496558926462495
0.00020843655429303497
-0.00044292922834740967
-0.0009638783825861531
-0.0010426141232704753
0.00025681421281236545
-0.003659947041840859
0.002085843923392818
-0.0008806096671558309
-0.011960968500919619
-0.001779601762400991
0.002320971689955207
-3.7942792755437986e-5
-0.00046005294254689244
-0.00015079417359175758
0.00010346097603180903
-0.0004479594227331725
0.00043552449450720603
-0.0002651994851330089
-0.0003760460559445992
0.0001733347784651868
-0.0002034010661848171
-8.365737496126405e-5
-0.0017611158153624164
0.0004270148948694002
-0.0005154778393777337
0.0007802881145295703
-0.0010808802181001976
-0.003483286833334667
4.068422669582558e-5
-0.0008456316234785031
-0.0002415445351895301
-0.0004340226213348176
-0.0006771866708791127
-0.0005147810093172511
-0.00019801705732189
0.00026162522833497113
0.0011923175865813358
0.000998379603827081
-0.0007523415792856047
-0.001399719443256083
-0.0009816880805912224
0.0004796987481942755
0.006503157900576409
0.0031451416125064667
-0.007026019979763101
0.0002260692650549
-0.0032976127733805476
-0.00024122830727020298
-0.0014117924723310755
-0.00017973594109441207
0.00017132190236681828
-0.0001255190380034083
-0.0015984304255079287
0.0030708298414644903
0.0009301721355053726
-0.0029776027631044253
-0.0021391705249630064
0.0005896687597207327
0.004517689404822756
0.003281293726142694
-0.0032230855819858424
-0.010288446022919708
-2.758674115108541e-5
0.00041541729152962337
0.00034755121577949023
3.295101546181208e-5
0.0004155410987263722
-0.00022238285894686367
9.056584447068408e-5
0.0007435030441181684
-0.0001986931655404582
-0.0003044337739099841
0.00018792527748235797
0.0012987189013956985
0.00027045848458439513
0.0004699154565447504
0.004270881284117771
0.006858789757132761
-0.001595533093359381
0.00010871723106238625
-0.0028031327003126745
-8.643757072252818e-5
-0.0013158526766471573
-0.00040322749514516373
1.657506613412829e-5
-0.0005913353546981293
-0.0009551047050674553
0.0023689283512302356
0.0006635688479908738
-0.000450744757864361
-0.0013489031655132054
-0.0007915831903182474
-0.0002451757141506614
-0.00011436171478473638
-0.008970639545864143
-0.00407520025124916
-1.7735933305419387e-5
-0.000608591793477825
0.00037723275212931697
-0.0005167343175845324
0.0002211107306680902
0.0007104430141409544
-3.3286573282205926e-6
0.0002079209612093433
0.0002177644843066365
-0.000541324075861065
0.002372057924148657
-0.0007748195469560611
0.0018829203725494999
-0.004055453653648696
-0.014682157399045612
-0.008995968124240571
0.00720680573704058
-0.00010036728959221322
0.002097851370429842
7.542487662467216e-5
0.0006713956213233557
0.00020108359911439537
0.00019292264198662735
0.00036792841757633576
0.000139615399962311
-0.0017408630012008465
0.0008751016470845539
0.0016569073624387671
0.0027520804003902557
0.0026887107101337335
-0.0015919283560374888
-0.003948323364124696
-0.005169166555858038
0.0034263855691681407
-0.0001014418471959889
0.002430932921716613
0.000152498874026039
0.0010180863082634457
0.00047166094556285484
-0.0004656269676032266
0.00042060809883832066
0.0012485902650344704
-0.002303092409439464
-0.0005251397636058936
0.0014349356373126938
0.0028727410206740855
0.0008092234939602757
-0.0032093593449322388
0.0007690103329026201
0.00027342072251854984
0.002963858880962795
3.980716977813528e-5
0.00013403786687704084
-0.00039232173666082056
-0.00023733882999376203
-0.0002191826752470952
7.688237570083396e-6
-0.0003754702750291108
0.00019669248348466086
0.002383478932529936
-0.00023691435979472696
-0.0001864163792078301
-0.0008394644861040262
-0.0023114543406733807
0.0010904983762436294
0.0054795764715006865
0.0037327592575233204
-0.004447502676173362
1.1648436665872914e-5
0.00035429239436780027
-0.00040336530204621837
-0.00030296034585467065
4.861363050019747e-7
0.0005733137123119872
0.00010416145771609373
5.289457767785252e-5
-0.0004409113023090163
8.368540074962563e-5
0.0011125864760426051
0.00023770499651544553
-0.00040046189617221013
-0.0019051910801118502
0.0002841050777987919
0.0024372402402901934
-0.0015318746547735168
-4.9762456937133464e-5
0.0004170886981402173
0.00033169136237451734
0.00013957920498579093
0.0004967403369097675
2.0466248812735606e-5
0.0005044874842224979
0.0004695765717788095
-0.001356749856442844
-0.00045309271305971684
0.0008593810067732165
0.0008762729235335831
-0.0007829005436121941
-0.0011142810041507123
0.001336400727948096
0.004374841945251035
0.002222753406361949
0.00013562709176997444
-0.0024067564160437558
-0.0005725183485706967
-0.001172289951025989
-0.000926098993843153
0.0009576509298560355
-0.00037255109576547497
-0.0010950737176215512
0.0014850056782615936
0.0008624129809575566
-0.0006223569254202064
-0.006258372232947709
0.0015130775534234365
-0.0011119666581984238
-0.006213202719656233
0.0007495826588274596
0.005598199060558649
-5.724063742028878e-5
0.002355491329509497
9.234477069950363e-5
0.0005196430293032012
0.0007068953479371151
0.00027092401360106046
0.00019935146770052944
0.0008368326446944117
-3.430136011634338e-5
-0.00013600648426032489
0.0025012262224337186
0.003954171364469243
0.0007296967035256775
-0.0033570789603786393
0.0014380838316543252
0.004510617132781707
0.0019642312650469404
-8.070502758829098e-5
-0.0012195785373158052
0.0007974694339031777
-5.2915709106140794e-5
-0.0003235542115619372
-0.000826412091681864
-0.00012517203182937234
0.001163936429007763
-0.0014341059038959296
-0.0014676564349806662
-0.00029803659886396287
-0.0009402254843278833
-2.832667827454559e-5
-0.001144736739144502
-0.01713972501028691
-0.00039340356007209283
0.01611394873929
3.837136073162349e-5
-0.0012288931199080223
-5.416776469396859e-5
-0.000346517522086482
-0.00012105105498618602
-4.070919437669319e-5
5.0982596728634985e-5
6.698833702552605e-5
0.0006845626862497351
-0.00013531808956583863
-0.0012738971036359997
-0.0018767976312525064
-0.001798774933041949
0.0012001971769365339
0.0013972624693691514
0.004592484638033997
-0.0033145640032133366
-2.6622120368909725e-6
0.0002738619278252344
-0.0001748428445383415
0.0001455343403907484
0.00010452043307708892
0.0010778583791482572
-0.0001706327958556188
-0.0009697805411919321
0.0007132702776183545
0.0004889834047854335
0.00014103530974876184
-0.0016701978544479933
0.0017117202123515924
0.00040401361468301276
0.004118419053838461
0.001700551244157073
-0.0026921632950815625
-2.948567389003384e-5
0.00046117965975522266
0.0001569154032771766
0.00015034130136929686
-4.381499134387445e-5
-0.0005339128395312239
-0.0004952933003232368
0.0006448519700385562
4.274058660565025e-5
0.00021051244405070627
0.0005682289440808962
0.000569387784342429
0.00028173147555615225
-0.00025632811604559723
-0.0013772813427474291
0.0027968884699402364
0.0016758204733742627
3.385234264855861e-5
-0.002147217524236354
0.00011971104472225648
-0.0008064386669456921
-0.0005689035871880747
-0.00018519127172693424
-0.0005089412285717116
-9.188122556932275e-5
0.00025223921886612295
-0.0003216764023473835
-0.00011156037980433911
-0.0036779661359796195
-0.0012639856131543155
-0.00031901207195755843
-0.007677704130987149
-0.005383562391190887
0.0019634377027576496
5.769500083797032e-5
-0.0003619532488412032
-0.00014710050531466652
-0.0004708900197844019
0.00020552188631667922
0.00015712872537776803
-0.00016748702970504492
0.0002877828221555678
0.0009757274673203155
0.0008397008769278105
0.0012077504876136448
0.0012618030703277845
0.0009016251474173138
-0.001453063766464686
-0.003415633240840405
-0.0028145745988098526
0.0010337447613732451
-1.2642112959677663e-5
0.0004120949025367648
-0.00020103691597468348
-0.00032414554543042296
-7.629827428316116e-5
-0.0005618794446685283
-0.0002518228815317981
7.64857552783853e-5
0.000788775218922238
0.0009522695879159745
0.0005372636123968177
0.0024504165101333734
0.0008701827679535793
-0.002437488616686428
0.002579926144777097
-0.00825042392253119
-0.002616489494685073
-2.3262375122947955e-5
-0.001495418938661737
2.8168963372163644e-5
-0.00044275090551936706
-0.0009370681795689983
-0.0006661238295851875
-0.0004512456127444035
0.00040146141536101434
-3.69400805916126e-5
-0.001143814042757694
-0.0016691719773352933
-0.0013450060254385022
-0.0032085583448651306
0.001577842807706434
-0.0042374920956099755
0.00010866529664490439
0.006162335983881839
-1.4309730575612186e-5
0.00037227764486825814
-0.0002138799326109019
-0.000381265701002066
-0.00015551311648869968
0.0001804123865785356
0.00033217206856876497
0.0008070037854141989
2.383959876982378e-5
0.0008883401766757694
0.0007596812208324245
0.0024660423690358456
0.0010754056184322316
-0.0014243068119662184
0.0043508718600837925
0.00011079929799427271
-0.0034516709149859867
-0.00011603336174192442
0.002505745008156599
0.00035455929006675003
0.0009797364065560754
0.0007738458481580332
-0.00031879750425106257
0.00033932083316617033
0.0007025127070803917
-0.0017499403839384873
-0.00025215885659041106
0.001794023505785316
0.0036819085811257944
0.0018393201904502818
-0.0015841248481310432
0.0032580266419327806
0.002733404113347606
0.0005728102425750211
-5.802003299979922e-5
0.0030819970747592573
-0.00024249379031343634
0.0010350474269716077
0.0010508121131985906
0.00023137149978463291
-6.991862193958454e-5
0.0003450825506948559
-0.000829634422007358
0.0022768217896253344
-0.0003071065369847707
0.005816036526138522
-0.0012441946893206805
0.003211149702077653
0.015532684532446136
-0.002769320821304637
0.0012680065602878046
-6.164161803738519e-6
-0.001081479508901698
0.00026817757524883026
0.0001938396124939996
-0.00019181042434997017
-0.0005159311273138423
-0.0003916783928183526
-0.0008461759620451255
0.00011240117770318193
-0.0012708579698749406
-0.0013002222134316597
-0.004231255159427978
-0.00042935138665386205
-0.0013809723301223523
-0.009126373925710852
-0.001985460936551052
0.002834587321087614
-0.00015527274046850465
0.003343370003314582
0.0002969774892746122
0.0014568516222878219
0.00021084445179853824
0.0002720729350976648
0.00012001062821016746
0.0014038763814600143
-0.003240475910942283
-0.0016431160693162771
0.002123774321037163
0.0025067699461904193
0.0016454174320259989
-0.002818391829515026
-0.010178284859146104
0.008134614469137503
0.01104767293961037
-1.7377616053405293e-5
0.0010773036030707177
1.4300435381526696e-5
0.00041833649186025847
-2.1504447954814106e-7
0.0006710627402686429
-1.3998316951229643e-5
0.00042765908211976346
-0.0005669167049287373
-5.1490891561849504e-5
0.0002477287365562754
0.00016000399129559648
0.002884561106465678
-0.001211397722993639
-0.002719509140385666
0.0032885813984938833
0.0026541554984756107
-6.879685356498572e-5
0.0011206355130462641
-0.0002456678817318898
0.0004516444950242154
-7.723014467254528e-5
5.915874950681002e-5
-8.683470421813274e-5
-0.0006000238534604974
-0.0006065717463847903
0.0006151525425927677
-0.00026262647988453577
-0.001710243443383428
-0.0009397166723805755
0.00014862899703519932
0.0065121442878427966
0.0012573255783298147
-0.002262690366551886
-6.434221176571605e-5
0.002482355950027066
-9.925105281841769e-5
0.0005529059302792444
0.0007999449619514038
-0.0005929692768165066
0.0005111110260795884
0.00019931100457728007
-0.0006056659572124189
0.0011422170752172548
0.0010926917040853972
0.004576115685841254
0.0015199786392056788
-0.001902309800151931
0.013728670163716539
-0.000864766742416102
-0.0071206304261496375
5.827612252916158e-5
-0.0006661847016252956
0.00013133163440796515
-0.00012189585238182997
-0.00011849931861548735
0.00016250526736312132
-0.0003339137154220516
0.0001319371697256818
0.00017533576247548896
0.0005736841653112411
-0.0011297512196141273
-0.0005070970963803919
0.00015035379876271175
0.002940939513934236
0.0021384000947598887
-0.005502286185519342
-0.0005225757369826802
2.1803850398020687e-5
-0.000798647329949884
-0.0001278066947000194
-0.0006001935650920124
-0.00011209996653417187
0.0004096478919444847
2.244090519193563e-5
-0.0003237314971615346
0.0014055448565452424
-0.00013765203571295255
0.00031887762056925616
-0.0013648508450148265
-0.0018878668436723856
-0.0017190029561573316
-0.004021549950777129
-0.010882892071195431
-0.00018326697770657685
-0.000227528899317957
0.007566954309716024
0.0005487086030752339
0.0027382082068752
0.0024056638473405286
-6.813337107146034e-5
0.0001673206842129018
0.0016495212579073699
-0.00398734180542624
-0.0013222313168046508
0.004985762047695457
0.0095687955668084
0.00273186806655783
-0.005425011918981929
0.0027222231787733227
-0.0015672799471820587
0.00043597810735408683
-4.334886246255158e-5
0.0024841998020933976
-0.00022812717004634837
0.0006981356253952905
0.0004925246880128552
0.0008332432205682527
2.0190545938786374e-5
0.0004352498832421186
-0.0010549320069382776
-0.0004953716323939868
0.0006154859110617604
0.0018723193793249797
-0.001026980530022202
-0.0003857510655645929
-0.0004782106325114807
-0.0015817627641064405
-0.0025892656018447276
-5.7143782584651824e-6
0.0010353579073253457
-0.00024334387248415145
0.0005882808766109285
-0.00035606599503916594
3.614793641460205e-5
-0.0002614749215733339
0.0007121970270946679
-0.0009059485286033886
-0.000823175255340072
-0.00013374492930717533
0.0005904257125223439
0.0009499984692363825
-0.001225583882591728
0.0003189409654226006
0.0073308480315334166
-0.00016239674137003324
1.1926183487709657e-6
0.0011039787972181006
-0.000452476378010942
0.0005246364743189031
-0.0003989870505978594
0.00024860813237358945
-0.0004449268661506959
0.000406052998530575
0.00021704606901160262
-0.00044898680244325997
-0.00034148463576732526
4.967897795655594e-5
-0.0029889914099139455
0.001510575655498729
0.0037029504221198955
0.0072459325771299515
0.0024714378101698097
7.046346369085518e-5
-0.0019697455738415764
-0.0003034018934442672
-0.0010020655108767217
-0.0004801806360876982
0.0005062229300204328
6.563100103842074e-5
-0.00043000118463676926
0.0011875892344029486
6.86882242869728e-5
-0.00144833215787347
-0.002993499564356548
-0.001803846097792902
0.0035374516572847193
-0.004591683569425215
0.0011354118547516438
0.0008826200649951258
2.6662021994350104e-5
-5.5282935696993734e-5
-0.00010443215351179708
-1.566182731705161e-5
0.00021100563334486896
-0.0001843541688798643
-0.0005945945177848383
-0.00036738702609976184
0.0018189810071282209
0.000501276270044834
-0.0016047368126044152
-0.001829127614758039
-0.002993201960980472
0.00270039445444207
0.0010862901959063024
-0.004222415176512331
-0.0017118935392078929
8.126796475854784e-6
-0.0009835426583315841
0.00032223500920370944
0.00013386782127499335
-0.000249550175143522
0.0014874453250748358
0.0002192669432038165
-0.0008393165587983378
0.0005165101852366204
-0.0014866951261797439
0.0003411138497284857
-0.004929293723297623
0.0008197944230037229
-0.00028477269523358563
-0.012189466409265761
0.002641742788229672
0.006524836888459114
-1.9698313438598556e-5
-0.00021748754753557036
-0.0002575725269260257
0.00015301271715348783
-0.0003438894225711162
0.0011663666439006883
0.000521536311844708
-0.0010018994740232802
-0.0001698730364466896
-0.0009269404595277967
-0.0005012879323262721
-0.004441151616915741
-0.0028414329693896177
0.0032536274167836356
-0.0035275086506246786
0.010012411731999892
-0.0024780636394025404
3.214095792263659e-5
-0.0007968979669582443
-2.3567191355976708e-5
-0.00020113392491422161
-6.621413991676113e-5
0.0008564473320326407
-0.00012385105222020634
-0.0010442393185976936
0.0005594075515055949
-0.0007157282223279461
-0.0005943087312857107
-0.003189218186177796
-0.0011736436836553333
0.002291552151683817
-0.005610524359059311
0.0022322174686148517
0.002012548754008741
9.779544286479601e-6
-0.0002249307027287283
-0.0001706244626007125
0.00011668429676941129
-0.00012248030590882313
-0.00023929613645302957
0.0009036717187184849
-0.0005983916202712829
9.703650326626514e-5
0.0004323212554866194
2.992167574291915e-6
0.0012479462056281738
0.0010908240666181767
-0.0032972652989158194
0.004329659242947695
-0.0008951775399539145
-0.0011191952029873458
0.00012050586532666172
-0.0036193111421713425
-0.00017391331871856083
-0.0011618045838655928
-0.0007257193192006487
0.00014103009763136179
-0.0007230929673092154
-0.00043877307505164285
0.0018099071381988809
-0.000842335060437485
-0.002061138121066253
-0.004027062539549861
-0.003331590707090468
0.0036746946924647627
-0.0035159376888430145
0.009364711483433416
0.0010923370456019034
3.9057260317371706e-5
0.0013643251475422434
-0.0005630602276010439
0.00020735965843542663
-3.672225113306181e-5
-0.0009729960489639899
-0.00014787849788488205
0.0005030783061898412
0.00022995769865489442
0.0016480004479839268
-0.000698339323543026
0.003219808662637235
-0.0009700988749243265
0.0005726663856967932
0.015991527029786137
0.0026049100558766638
0.0028007685354190714
1.1025963332108147e-5
-0.001230008888562149
0.0002956194812916828
-0.0005102862353204193
-8.878275781190973e-6
0.00019077386882364555
1.0989455969684682e-5
2.7217092638633334e-5
0.00028762413362046446
-6.885065101027446e-5
0.00020633350924326662
-0.0011582512092231476
0.0005485295588710805
-0.00236465632401297
-0.004798652615559949
-0.006749969485920037
-0.0017343981946377743
8.977805598009715e-5
-0.0030947274008921014
-7.330917980878384e-5
-0.0014065042999160452
-0.00036822607238350705
-0.0002708293373035199
0.0002905114634832364
-0.0007576211627300346
0.0017535883701571804
-0.00022477861207893479
-0.0010226338495213897
-0.0005291092273669177
-0.0018279701869523025
0.0009927683530025057
0.0005431734851003319
0.004089807052994216
-0.00036820249310894033
-0.00011420818805337729
0.00235812202642208
0.00046266247175844765
0.0010805596596906377
0.0009136465071346365
0.0002989734426257356
0.0007525711779603533
0.0005329945675814278
-0.0015166926898057158
7.712906532015628e-7
0.0014915133840005667
0.0033627514248309814
0.001450571996722669
-0.0018966244457087487
-0.0014476517047699467
-0.00341080647141774
-0.0023758323381256594
-1.9354727887736533e-5
-2.4418355355707868e-5
0.0003778948416400184
0.0005125379567539701
0.0008720037893496579
-0.00015478164794585606
0.0012289258391737481
-4.261468288846983e-5
-0.0012818037236950687
0.0006692281328572802
-0.0013855692341234165
0.0003728599513412451
-0.00022937129343824958
0.004233754444548698
0.013660878405821475
0.0028739693117081264
-0.0007947251535717373
6.273499812030578e-5
-0.0010955760296076384
0.00010001381026091748
-2.6564034663877673e-5
-0.0002626858390237617
-0.000388200080197291
0.0003539619057704436
-0.0004355210825515921
0.0006660198410343665
-0.0011290442970733074
0.00026822293577568896
-0.00462868056904038
-0.0009874910340226953
0.0018724577024247146
-0.0008122838418727062
0.008966052674098305
0.005229479418263679
-0.00019415359198811735
0.00411409301664225
0.0001402828370096071
0.0017527492957531865
0.0007591771192943213
0.00012212983984047105
0.00021985118211597773
0.0005304360046759908
-0.0026661655249859374
0.0009567846640018662
0.0007022742879718425
0.0006042203166059041
0.002328684074502128
-0.0033491546001625442
0.00126458745603501
-0.004185805808499114
0.0004539018053284896
-8.524714379259086e-5
0.0020987863302789375
0.0005553688627872652
0.001016908746054891
0.0005227733721157251
-0.0005996239217504175
0.0013017581645348895
0.0004109422786502602
-0.0021176982882551865
0.00018329831863314372
0.0013293154828363525
0.005396086607428677
0.0026702797915007515
-0.0019801294960836748
0.0017180265180314386
0.00038553263883155575
0.0068540002249923805
-2.1573793398017662e-5
-0.0009611157289154713
0.0004114787213790573
-0.0006707974860936006
-0.00020803526129637893
-0.0009149753862922636
-0.0002728532776456085
-3.146737697253028e-5
0.0011904079610995117
0.00021346517314012344
-0.0010732286548304146
0.00031257530340118725
-0.000577834442387609
-3.41633472209798e-5
0.006535475974791374
0.0009192160002660372
-0.002252542120537282
-4.833896572267544e-5
0.002166688198073217
4.719193779081188e-6
0.0005810804647362758
0.0006551062847033167
-0.00042806462715372243
-0.00022736098831887205
0.0014757321319273226
-2.7403835050304314e-5
0.0008510867818306752
0.00022159778859303145
0.002460895247131078
-0.0022088992138989383
0.0018290358602231632
0.01092500736074122
0.0061833062657963515
-0.0035772386408199947
-6.106629071210631e-5
0.000822898996400595
5.84190902403027e-5
0.00029973057922435235
-0.0002791982644610846
0.00042778489022898033
-0.0005332284793808893
0.0012485588090715807
-0.00035923721872460916
0.0005559066104643588
0.001542567898824842
0.0012156278694621639
0.001698877297683232
-0.0021555131286772515
-0.012837696076612191
0.003003756434677446
0.005287784198543026
-5.260623634969074e-5
0.00019485397689695822
-0.0002614074024521261
-0.0001280282620997658
-0.0004435373991131651
0.0003902656923166464
-0.00029175204249298384
2.0132628061316597e-5
-0.00010967221440301889
0.0007563501450746303
0.0004272176256230369
0.00034732547803848423
0.0027066997287439635
-0.003317997614761676
-0.00782738234821182
-0.012729586913330758
0.004177643357449398
-5.1073138240797665e-5
0.0009508245148521048
6.630674549473582e-5
0.00047017836463142783
0.00040764538982974687
-0.0005152645102570847
0.0006444883238004207
0.0003622970244809037
-0.00041526434777283585
7.873038187624066e-5
-0.00022929430456514408
0.0013327696165864535
-0.0005258466234044296
-0.0013763812553675137
0.008195340775815168
0.003431793873648872
-0.0018959240543251475
4.5460254406204465e-5
-0.0005045964708182882
-0.0005332527899285148
-0.0006158561509886301
-0.0003236372767480795
0.0004315840961014764
-0.0008162563199909886
-0.0005994331923394446
0.0012301107613916422
0.0002828998742750932
-0.0025487745115973194
-0.0027711241037894525
-0.004210226675864971
0.0024778877396495775
0.011123288733522451
0.007928243903289363
-0.007216859157565424
0.0001083700546469924
-0.0012897261681102921
-0.0005568823373711501
-0.0009208055163926227
-0.000553605006305577
0.0011610612994203604
-4.7859025755537694e-5
-0.0016660546833142196
0.0017450347610724313
9.966239274218534e-5
-0.002115683560949202
-0.0020779355536139463
-0.0037664083629153845
0.004134974756944575
0.0018902575782862765
0.0010370841286506509
-0.004946943716100744
8.078239375604433e-5
-0.0012387360751692957
-0.00022036668040695866
-0.00023826995337948386
-0.00041335738985272713
0.000542502291582211
8.761693737435649e-5
-0.00038483125058474347
0.0002943259769232136
0.00020133539851788844
-0.0013117776029824212
-0.003010767738080135
0.0005722360047783894
0.002369925773846804
0.008521250886742883
0.00712644186738146
-0.010221805738342851
4.054291754639068e-5
0.001028141010119933
-0.0002601723233351653
6.07979327129146e-5
0.0008371199612054126
0.00019844865560850685
8.143045429881451e-5
-0.0003910969683284111
0.0012552439787399052
0.0006720630459180495
0.0014829060499100199
0.0005960205811963135
0.0024553885707516033
-0.004241107234327899
0.006187654584166413
0.00029814554582530573
-0.003047526819023214
1.219937279197619e-5
-5.5117765546757166e-5
0.00028667664478525435
0.0004893800410771541
-0.0002166448064892523
0.00017789667660767655
0.0007737230875620484
-0.001069319929026622
-0.00019748685889340334
-9.606155378057205e-5
-0.0018383366010285085
-0.00018878363720797233
-0.0006574174361523717
0.0025000556977594576
0.001712219752584645
-0.001461190525501618
0.006080086818018246
2.3050120597878612e-5
-0.002607139889276521
0.00035049434224698636
-0.0013731960525563875
-0.0002628438995792368
0.0004000929424302517
1.3913839808187881e-5
-0.00023091346354379684
0.0009022175758030681
-0.0010114418537785943
0.0028099095609906526
-0.0011646457680967329
0.0043603569916621015
-0.00729514404399475
-0.023783830326868254
-0.003834511146947159
0.003790275524601503
8.031226946822224e-5
-0.0013338829291369124
-4.3543051492239807e-5
-5.2473207842040044e-5
-0.000318537122113134
-0.000740160771737655
0.00018314797669544852
-0.0002565873989103185
0.0004152869415684606
-0.0011364699719245345
-0.0008054526558277586
0.0005969899998175951
-0.001769229181825861
0.002323420469919849
0.002394543501765772
-0.00729221144365359
0.006937941234806152
-4.893657811457155e-5
0.0012987096030951473
2.953667561532989e-5
0.0002593149128644905
0.0007208496116918933
-0.00027234946241480655
-0.0005287755699253806
0.0010605193629380383
0.0007206379982681208
-0.0017072411138429422
0.0006681811468152637
0.0036180852973583446
-0.004876544400387722
0.0011156349944769163
0.007284179511466593
0.004109145480278075
0.0032913431639896604
-1.9368597276746197e-5
-0.00013295877119926772
0.0001937166053681063
-3.681493903111746e-5
-0.00013632737875491802
-0.0003811576021138449
0.0006126069712530777
-0.001095132721231729
2.8642114572258423e-5
0.001186086125012522
-0.002636290557987756
-0.000492250929827228
-0.002358494989689456
0.0024496906344551104
0.014157019213713769
0.0033178203185438185
-0.0050450616956947796
-9.919056158538614e-5
0.002547437845637456
0.0006670566843726806
0.0012564127770865467
0.001111320809013644
-9.035218751899148e-5
0.0011970090914406317
0.0005928396063181351
-0.002647478183625983
-0.0004355387533451964
0.0021182226765079862
0.004753015567966868
0.0017261634531705512
-0.0013828738949739385
-0.004955828270434419
-0.01166937243933724
0.008236859762786836
-4.925649788495828e-5
-0.0007737580887667438
0.00015385676979376046
-0.0010343125806761958
0.00042759833196180826
-0.00029909458751989696
-0.0012378848794332758
0.0005673436605565976
0.0002851596050451624
0.00013826749034373471
0.00135060907669628
0.0007464925334136986
-0.0014114083248045685
-0.004543293262126502
-0.002810861343518424
-0.002581202254380768
-1.0866873798112379e-5
-0.00010974700848268628
0.003317846604459205
-9.732161599787109e-5
0.002029490803226974
0.0004361470842271969
0.0009471107903271951
0.0016357260064406465
-0.0008974552953041725
-0.0012010768444664468
0.00038919733751947215
-0.0010749009582370261
0.004234843924144917
-0.002538525457275639
0.00735462562115778
0.026864532217030904
0.015277007029704708
-0.0031254497827037787
3.149837496828849e-5
0.0010659788198281285
7.086706544924072e-5
0.00024052771942705402
0.0008187604438702556
-0.0007562652262948426
0.0008080633190815193
0.0006519619899415862
0.0002896117497069313
0.00025588480551470307
0.0014078359673740045
0.006067541497800912
0.0008747490732685773
0.0002149337236710887
0.0065791998521607465
-0.007597940892510364
0.003757596085451889
-2.675558621134537e-5
0.001111588399970325
-0.00013778318388839677
0.0002910424473416031
0.0001399233100447239
-0.0007179504085550266
-0.0011142416869350464
0.0012379428592203827
-0.0001866935856349136
-0.0005202046500955698
0.0028741749651408056
0.002455504638363719
0.0003679963077976333
-0.005451475909093006
-0.0012402276617877472
-0.0017848428472425606
0.005053231035274933
-3.882397348131079e-5
0.0014624639711776533
-0.0007180953384992735
-3.097215873253713e-5
2.3753379762418856e-5
0.0008476636897536643
-0.000748497151601427
-0.0001882180354683763
0.0011778740756221895
-0.0004645253656684845
0.0017513733746693687
-6.927087902840995e-5
-0.0005218068845906658
-0.005439922188406751
-0.003109276819004552
-0.015924770751320393
-0.006102728101939944
-2.6376936957723596e-6
0.0007108939989331543
0.000186256779315407
0.000477773810727476
0.0004643809134646673
-0.0006816856878272107
-0.0006131065628667264
0.0012911412903223317
-0.00039137357609514715
-0.0009269816824575156
0.0023596243991902046
0.0007068558009848251
0.000454055114220686
-0.0027617180210298027
-0.003369914092984472
-0.0032484637807423077
-0.0015360732793289341
-0.00012234693160959091
0.0034076819246774714
0.0008846650596184078
0.0018839759643941327
0.0016695662555126407
0.00027119707839407057
-0.00038670288861706383
0.0011391903293805326
-0.002088383316844773
-0.00041435920533668504
0.002835968934001484
0.003750784034560151
0.002677764184394142
-0.00175878877846306
-0.004911177366457807
-0.0009576725930685493
0.00257948707279208
3.787771289875743e-5
-6.429092445202609e-5
-0.00013871801413320654
0.0005972289026808726
6.73892696506115e-5
-8.027943248771413e-5
0.00018260108361965762
-0.0010798840110833655
0.001226327521628547
-0.00011558399880270392
-0.0041377849903815435
-0.001973484327610406
-0.002628055498990162
0.0073976492865340205
0.02219855247864686
0.006338850760995002
-0.01117163571146019
-8.291821473594874e-5
0.0004292540296114171
-0.00012537225873973
0.00011574180335254267
-0.0007052202177211292
-0.0006058224539405403
-0.00047592381990010647
0.0006899191080988966
0.001212564210673588
5.28120585044234e-5
-0.000601927987916036
-0.0006863274386525153
-0.0008057782873511083
-0.0017004974431366878
-0.0012364495244271843
0.0009964061679225225
-0.003104144460387858
-8.355391748777665e-5
0.0016939379660758608
-6.69290797774407e-5
0.0008335599250270541
0.00015971537418404738
-7.860884460859535e-5
-0.0004355179506354241
0.00042132030961784
-0.0004898402798145867
0.0012604204134722477
-0.0012100716732127458
0.0041049689342085504
-0.002334036603717616
0.0020624625824543536
0.006374248267071536
-0.0024806100542093925
-0.0012350869897862038
0.0002257849698312014
-0.0025417292145133038
-0.0002487503190321883
-0.0013684273865328309
9.477871120162187e-5
9.900681983567926e-5
0.000199013982349036
-0.0003573237008979309
0.001655102044754269
0.0008200730137035797
-0.001353800169735872
-0.0015797296809757827
-0.001279622101184418
0.0011213008181642705
0.005901289494964094
0.004083390056169555
-0.008772184547917155
9.48418918197397e-5
-0.0014162486976050483
0.00018808741527625604
-0.0005524894712321505
-5.700299678362337e-5
-0.0009896625740392464
-0.0008950574554702606
0.0006157265694463868
0.0014357221017293853
-0.001109034061503964
0.0007522235931226616
0.0003645361943724891
-0.0011764018413507956
-0.002727652296843072
-0.001786045175493379
0.0023596861807608878
0.007298218450601525
-1.8555986244124064e-7
-0.0011655647224590507
0.0003319105961210247
-3.517798789384356e-5
0.00010441002329682387
0.0002677304065054463
0.00046244453594458727
-0.0005308300646728734
0.0002025457149670818
0.0003667154216005697
-0.0013676204411931072
-0.005116249077864992
0.001632786431418663
-0.001612735848456697
-0.00629606188561503
0.00023753875523163532
0.0005226871785025964
-2.2659193263274488e-5
0.0007793854078999014
0.0002500315744055141
0.000881331668594297
-0.00018219602741884356
-0.0012099351112957468
-0.0004931852622211087
0.00023285277243064137
-8.770890097409344e-5
-0.000895982378986405
-0.0004820759351834232
-0.0004262411386062087
0.003292269412311175
0.002044458142937501
-0.0013212959287246281
0.0011802945885037784
0.020852024905647637
9.778576489107611e-5
-0.003645363156576279
-6.865520189417735e-5
-0.001428067245302988
-0.0015143139222726636
-5.785881557647806e-5
-0.0005193409256875561
-0.0003612522202657087
0.0014276022911066605
-0.001251473610634123
-0.0022384310398169322
-0.005710490573609977
-0.0031196785648461975
0.0027902669939090263
-0.008618878340843489
0.0013196332409061873
0.0043546858933107375
-4.538992226633049e-5
0.001434437407597244
-0.00014584421800286439
0.0011068014042828274
0.00011347626194809726
-0.0012996674061521993
5.7658603248829554e-5
-0.00035105982779901697
-0.0025668726020667554
0.0004870748137471969
-0.002341194228608094
0.001806973847288266
0.0010494247893551283
0.0005550679627690142
0.004338524176703126
0.009660487953707981
0.008193629675109946
1.1697972159031053e-5
0.0017282839052231145
9.306703675102672e-5
0.0008739989490353315
0.0008753621874001197
-1.024743405833112e-5
-1.3720132972369255e-5
0.0010407090680844746
-0.0009928792800187078
-0.0013381049770516602
0.0007781034000626762
0.005948772812419725
-0.0034401123157424707
0.0020367534935478906
0.0016727827476297964
0.0007163858082322731
0.005108508485489875
