-1611.5683327436627
-435.29689775875227
-9922.57177783398
-537.967915443314
-52.030653198971756
-47.49261361108159
-16.858390244709245
7.010475504457115
-10.824178141315407
8.445225156479736
-11.462547788075218
-0.7985422116701189
0.1541867831489019
2355.5490545998023
147.73253519902937
30.635955810535688
-2.5223731723838183
1.0989022922999594
-1.0216004234008993
1.956418218694994
-1.5380314962683947
2.227888239698816
0.2718653748070615
-0.01622084745580794
-222.424171855882
-49.250693092467365
-17.002019270181318
6.593913688817409
1.7095431140148483
0.9851410573946631
-0.5504581953634474
0.4567871944919091
-0.7464462083498489
-0.15201731401080498
0.0014379876096719203
-2.5698897881918345e6
-2.851473774634573e6
-4.1452317359970706e6
-1.570606047010056e6
-1.4185869734689873e6
3070.556464436567
-25286.131411926923
339375.8351252595
1172.4541320096268
1202.46433423037
2315.133164832291
758.6297418838523
475.11493621639244
-183.08247764532496
-44.20698238071787
-304.21010481489094
-47.997340638826344
-41.46169071039436
-116.44129178865326
-37.19571915524566
-14.963684990395523
11.485705557371762
1.5859387305465875
17.681649867467414
-1.0958680121659923
-4.2192475595642325
9.702480767593334
4.201984651304432
-1.4562404930266335
-1.117649108504162
0.6154439664162089
-2.20593053731037
0.8765812172467743
2.0304420277783386
1.0498804474317425
-0.6427948479392129
1.0631829417456378
-0.2561421234275704
-0.2795169841874879
0.013749170542001546
-0.2062226701772816
-0.3862956264250136
-0.02064352843861792
0.12799209237065093
-0.2809476565310043
0.24864706830469102
0.2625241475015366
0.18197945517602054
-0.10334654413231252
-0.3042770335139294
-0.33636685515183834
-0.2500651758073499
-0.17678679777977196
-0.21248602890903381
-0.14143154113624773
-0.09962796509569709
0.03525493877438078
0.1715328359978898
0.0012732586114569927
0.11457160049430612
0.027311099477392832
0.03128066466189401
0.022561639403432844
-0.016878925498068898
-0.03871887278695926
-0.11339435712798446
0.14621374657175187
-0.028422361983633737
0.10139569859667122
0.0434461855828551
0.02012490700308317
0.050339271174780105
-0.010256983745792807
-0.0026765531811154914
-0.046473291600559664
-0.01063394838110789
-0.020840115761674487
-0.003195754049889484
-0.007333181154061798
-0.009382614037145938
-582954.1134707758
-567805.8379441177
-785734.4752324655
-347246.2227238485
14695.859863106401
213984.35321028705
-12687.833956076109
-51976.44822109271
175.3248907735366
-101.87056068490352
148.70571997872366
-75.42099837518381
-136.9788119524971
-176.43924263307005
13.081391324606257
-7.605255086379543
-9.43451131594974
7.457699495540262
-8.035928064192849
5.457886817677934
6.042155822281495
7.723463610961664
-2.078617826615254
0.5845729542009986
3.3658919515213492
2.2709095011784868
4.046893460130384
0.7008876734151949
1.1884333472282007
0.6346686634621018
1.1501281656607432
0.15974086010785665
-0.5286888132967255
-2.473494096014931
-1.8976438381266532
-1.1416852808363271
-1.3867025786855096
-1.130943465778841
-0.6189993121070921
-0.3100661357332476
-0.13557947882167487
0.5697922552260364
0.3451573787297545
0.2317871001277815
0.3949886419710339
0.34894566778900116
0.26170238048724104
0.16531272724550475
-0.06899643618232285
-0.1902191516507836
-0.1145341137980983
-0.10769244844125742
-0.049015829628907395
-0.01879913285343812
-0.018187605368155123
0.010428969637441745
-0.029142646949541808
-0.05056583043624329
-0.0681531637530309
-0.04583267377215618
-0.018188789054939317
-0.0128259948070301
0.0063951633966279845
-0.012859582457109726
0.006344352242889824
0.007416345261490421
0.011734568306561695
0.029099168760322855
-0.01338922092815886
0.0003783028218194636
-0.013763366369204185
0.03331148642631739
-0.004454389838914734
-0.017235720141231977
-0.007039370296773078
-0.012906252345609544
0.0010010452390048117
-0.007113179404204604
-0.0010755488097688834
-0.00705971414096165
549856.5191324877
975954.0365846694
1.0112901170422718e6
462196.64912976336
42542.96051748232
89721.03081856814
158069.1816691265
128002.41505079225
-380.0403903148986
-723.4872919029979
-649.7325164832398
-395.0111308346841
-81.18613576720006
-109.25739192380532
-120.82910389613777
-76.50796427179495
22.118989814138683
46.91805715232322
40.26580387935432
25.396183781776596
6.4250393603983404
7.035384696695012
7.448458878512007
4.4762267500354085
-4.911559282780893
-10.503962355082638
-8.04737299363699
-5.911564705689007
-2.5157444856242357
-1.78818066758973
-1.5189159096381597
-0.8024278146521995
0.5469582447397471
1.3152312468184526
0.12878612403274553
0.5511836306615876
0.47111484465467796
0.3499221325017013
0.2810206407572746
0.13335798216142639
-0.11267985747764178
-0.5857962339646392
-0.04471396226292441
-0.3937070848276222
-0.270942000445726
-0.18263281911553353
-0.1250327643845616
-0.023210253463313655
-0.13831163173468905
-0.31480390459136726
-0.248632077626119
-0.20596025841349155
-0.13878052069151453
-0.07533574882096794
-0.032359692185491784
-0.007324727779154522
-0.019541066550917977
-0.027692444434242854
-0.0345762264307109
-0.03179001741146837
-0.026168604723300914
-0.0158820933419696
0.004435301352723225
0.003946488436008736
0.021617796989019885
-0.045193010288191435
0.01141847475213646
-0.000938802717731942
-0.003265014095476645
-0.006893931688814225
-0.03664069185473317
-0.00906462167386786
-0.004058546163040834
0.004931817495358777
-0.007243825225326101
0.007801099537603575
0.0037406573949928896
-0.0004492749801165931
0.001975080784642222
-0.0021409786107668954
103027.51035380669
373745.9563610733
244343.0891914321
372076.4043620117
157156.7051380916
-202795.9729100597
-277394.7501127628
-148992.88198257185
67.34152795794768
-354.98360511349995
-178.52706284433023
-90.29619856257348
52.16715039989444
271.42107659295203
212.97897287408514
80.7737237233997
-3.7666132861247106
20.50382870425078
8.095711930070237
-0.22956979361585586
-8.984484286307248
-19.80841476373837
-13.19892601659173
-4.589784891817219
3.1559929806384885
-1.6191864892275332
0.5993905553687179
2.630284521022917
4.539744432675916
5.025072801967319
2.6058865844369072
0.7973275529316415
-1.6049255136861422
-1.117279072949957
-0.9222732281255407
-1.3114797921552983
-1.7435475646560483
-1.0110810897066727
-0.4110738133377509
-0.11470854001361351
0.26404499162589495
0.05922439794060869
0.15217162406050944
0.36693668580167904
0.6256202144016902
0.3478198567335181
0.19032874141975029
0.05580550840471943
-0.028909611085239328
-0.10657992468409505
0.02785020287899215
0.006234316899273248
0.026681179574253137
0.038033404570013724
0.02523229437277755
0.014828668088147758
0.00784166774410847
0.0042360844134585905
0.04178583491076245
0.040027032561708635
0.007021077166783265
-0.0021640119726722556
-0.01902081351912018
-0.011649114298092195
0.02381817957302923
0.10261342740847047
0.04516548611460115
0.04007679055402739
0.07964833378114497
0.08465536846311433
0.07694603823944363
0.011195233377488695
0.03494698249050613
0.051196673281385004
0.04773518084454448
0.03068075848520274
0.030402822042366287
0.015148661988207432
0.006154850924818529
-0.0016168445511222991
-49948.65220026316
-199123.2586004862
-155007.59759413946
-282680.8184765113
-254650.09398416668
-171321.22593818099
-89749.75649679138
-58826.71622395721
-2.043692591525379
117.5819477862031
76.31928813020949
160.51242535894113
145.33815027169672
88.36494437130466
36.534836541122566
33.507559579176544
2.4794641606545462
-3.2658833886456966
-2.839791080717919
-7.843954437367417
-7.793691623364922
-4.315732103956354
-1.3451774833154233
-1.587176224557416
-1.3675573691563365
0.1702230752227739
-0.0053812744269702345
0.5664988299825705
0.8529024796515882
0.3442640204926092
-0.19972661988750184
0.13154015588264842
-0.11515059322090712
-0.34612103161548113
0.04276964684021782
0.26746520230758947
0.06848896218630962
0.05450423293502946
0.22636986473836315
-0.014983056179199296
0.04965025637496121
-0.18590695670338864
-0.17209603115804054
-0.09357375099902578
-0.026444097022361827
-0.02411770321843873
-0.0942028108701566
0.024067628019975213
0.019140282465802037
0.10943532273237094
0.05174082541551874
0.09240609648621176
0.0638030337493744
0.0538367145589975
0.028710017457476002
0.005722664224180487
0.014250519090169268
-0.0030802098414669894
0.02289124797649945
0.023403815192512785
0.01242832704396516
0.009288531041478058
0.0017811865457140962
0.0031273425613221073
-0.003895469839783861
0.027939351038032523
-0.02809550391896609
-0.002504490459845331
-0.009009585921405858
0.002471591203598569
0.004519769964369869
-0.0013891067108752532
0.0027825259758376257
0.0050673696027829776
0.007062030550336617
0.005576574976966564
0.0023674718801476665
0.0032408650322230145
-0.002327623120605908
0.0033588160491833637
62008.40275843584
84639.8725118147
-5905.313351463484
-433824.0896068723
-394667.3282588897
-367921.3041731798
-190470.92734965574
-94319.20389791744
-7.31386557317001
-70.32845827938138
16.888333322085845
314.9784339164014
282.94334654375035
234.06199652981803
96.95916602322465
53.646394926035704
0.8596917971036031
6.290243685058855
-1.6921701146965065
-13.83646144883417
-14.142672674162647
-11.45283372357812
-3.736100920692987
-2.6350807596853687
-0.28846852394398526
-2.5439842492728597
-0.038476237179993475
0.9900216621079598
1.413237688504575
1.1385206348049632
-0.1001336254313393
0.3548124692000477
0.06271245779485163
0.18839853884536256
-0.3974864626504273
-0.38719252292863093
-0.13043701228854468
-0.15687131614464642
0.16124615555920788
-0.0690676838218532
-0.3274567957316084
-0.259145114164078
-0.10060942673388204
-0.27521899803977345
-0.2616109605608404
-0.053207798099718484
-0.10632494144785079
-0.00392917083346606
0.006488308171819757
-0.029089639159186966
0.015331904171490857
-0.011966991997221623
-0.02362875457329418
-0.03186171563210955
-0.011330303249942384
-0.005688431597508685
-0.012385738118170226
-0.01475783321364739
-0.019113787915137914
-0.006089744972956597
0.0030533846875581776
0.0007686465210560067
-0.0040697792352978055
0.0028442953776697407
0.03446979880462407
0.049618241840554245
0.04835775735268108
0.029564277983304472
0.0005611491891737058
-0.0004160392222961051
0.007932856475499414
-0.00440571270735891
0.00636752312311558
0.017116399530777225
0.016117297096767427
0.010201010416698124
0.01572342591071503
0.007126708651258648
0.008892951017505944
0.003338946876106278
