-1610.018063720474
-434.85463178306003
859.6974730693494
32.13626253697599
1.8001865401682113
404.4593860820702
28.65369926870904
5.766496043344838
224.49237574151923
-7.006454650311127
-3.5528897757215443
-9.64858927051873
416.79438591855103
209.3981044219098
123.3982029396288
-7.203849975551415
-12.322808562648191
-14.871306744701716
0.12260736607670693
0.4592905246977272
0.2758293390773919
1.9737696329204915
-1.043773182486187
347.7546842058607
237.21212164418455
250.32365223458652
129.3492847936953
-5.61574192172718
7.578925555883617
-0.36426804823191433
-2.184434559478512
0.41207354751904096
-2.615850885882015
-1.182613094295947
0.20069947271404276
-79.01124635810002
-685.4267587158914
211.15161902083682
52.79691422253261
-0.5487384412829697
18.350825659592882
-8.14231010964107
-2.335370155941103
0.627546146876709
0.044326264925218344
2.3793651274747627
0.47522550401207164
-440.77181408115507
-612.1665549480538
-193.75410837154607
92.89449005950324
25.001461293427973
23.57725598733848
9.281070896668828
-2.0593286400845274
-1.3763283089943075
-2.2841158181301022
-0.9228075451443735
0.47232679569484015
-11.017211993851516
117.51257005948808
127.69112006120346
-29.090075847807245
-0.7570088001103538
3.431325582742174
-1.2368064848407765
1.6043489586371424
-0.9628957729833552
-1.9198082800074545
-0.6158642981462121
-0.4247766884446718
183.57046153926203
147.37593407797064
-4.469676840594829
36.743734929851506
-8.188556911242546
-13.143809213069535
-6.410721917958985
-3.3577442796798485
1.5628100807781466
1.158269495181046
1.068595348179584
0.4956010398150414
0.00020813894421575793
0.044523705099638225
0.010409464630828926
0.1158757013114151
0.041554221992196654
-0.3996182791212714
5.801330099828441
5.594055682992612
-14.169735605071262
-0.00036683236569942266
-0.08344472211371327
-0.004033751726870673
-0.24363350030612213
-0.08532366011678484
0.6777417193992341
-11.459417783815566
-11.37945590961228
26.770330227347674
-0.0023206969824327295
-0.10199525296284886
0.06521131180169155
-0.1686859207542647
-0.0029756613422349783
0.9136550922106262
-0.3863946743444304
-1.0926628792861615
-64.42387646876078
0.004028239207461332
-0.03167999015729026
0.06538787660216062
-0.2639539804359683
0.26214109930064927
-0.2111108117255263
3.4708683197524532
-9.899337147125696
-129.32497046227763
-0.0031071242225054595
0.052856764909401104
0.17707478773169222
0.2117244236796651
0.6528565510979649
-1.508620047404073
27.535782699100494
27.425203125203996
-170.78186657902145
-0.0033883929156221996
-0.060039175688442185
0.06742072537963949
-0.4491075255187775
0.22480532941776066
1.099929022205675
-9.180974562743515
-12.587983008743617
-78.20704302273417
0.00017826537058426847
0.057265332348104346
0.024025078637701192
0.7365480970659741
-0.19255965047814896
0.42360359492819966
-19.877076162763757
7.753460450464987
292.2614764931537
0.004176003320537462
-0.0196142666003605
-0.0626278817762996
-0.32150875417984864
-0.11120764267630047
-1.9018540107516502
37.17917064678728
3.2158912176753045
-251.85024330013286
0.0025454011362993833
0.06863621162008467
-0.12988122322588233
0.37031064503489197
-0.22605187174941604
-1.3781353399853131
20.899171986270783
8.77688729355255
-69.66692724697799
0.012741648458419241
0.22038171474019327
-0.8629591139479724
-0.26956854893559373
-2.414662398797371
-1.2152573774624476
-39.77057344674592
-20.428826742727583
638.0598450414226
0.004108330507103527
0.11689837432404523
-0.18691734607102445
0.2806789656427532
-0.7494792409381522
-2.261804158262945
14.964879239816772
14.681882839827793
124.30391827386066
-0.005148479079347906
0.3430047673655329
0.14946399243537772
0.6464463002387909
0.5918787541710566
-3.0735316578476986
8.709930914270934
52.024551235461736
568.1406228184477
0.006141406562552697
-0.12549893344507737
-0.11146769907079433
0.7337921332122949
-0.2667338178067232
-1.2023381286611028
50.79437624784138
-9.528674078132722
-255.78090731341996
-0.00527912859282807
0.047571864120920425
0.050261919475542594
-0.12877351938728634
0.33940011712189017
1.3908936568268837
-26.4210162884265
-2.9211134280610542
87.07652943172646
-0.024113529620152646
0.1337952542862416
0.6456412583927648
0.6562474236176132
1.5021111262590123
-1.9447538750572415
31.369346218348635
18.12482407870229
60.782235384085396
0.003016036252076042
-0.08055491985877267
-0.15311362991328015
-0.01780527647355436
-0.06406208291551502
1.0450128720447402
7.152159656970526
2.0232802732471127
-274.2507503371752
0.007389819375560094
-0.2787154566721991
0.021365485649524316
0.005146222259315865
-0.27677515692569843
0.9802218159700763
24.920882903059013
-15.88976982046593
-218.99165735617277
7.018698360464512e-5
0.24414374742001552
-0.06035397919385868
-0.13684291877899257
-0.32118717061679763
-0.9422630512771347
-8.883880969405244
0.19970272806968484
174.2386832472555
-0.028944248308628233
-0.6189726566176064
1.2014819817584346
0.371974124692617
2.0766218251928
4.873612873158833
34.61562838611546
-99.4339166838588
-1060.6462525855436
-0.030044002945430935
0.28162654876444915
0.33994819178440155
-0.8028864582123193
1.712910128593172
0.2933208753064964
-39.04481452718903
28.508152117085864
315.9496460687571
0.00015700741276556893
-0.06111782918468494
-0.1361659809498507
0.49150310014166704
-0.07020695488892872
0.5919180009006529
2.321214704237935
-17.069892419512545
-18.65430525048421
0.01440330613530483
-0.4851647625421776
-0.0036252327438309924
-0.027323572309746264
-0.49385331680348615
2.209616344263894
22.543623175297803
-47.57972037150085
-509.11664908209997
-0.005579659942955909
-0.6146680908401291
0.6016389710432108
-0.22696431146161433
1.1918705424907938
4.184439739458801
-2.466978738951538
-46.819824739479785
-582.508827501256
0.00929611556870027
-0.033632059052336655
-0.10216290992783653
0.10911692987346464
0.030351601783620192
0.2749317210358046
-11.968205429352503
14.491394420985923
132.7449091987027
0.014694516573458875
0.5978288260369244
-0.8694358714297389
0.9441315680784756
-2.292624059386337
-7.9276353612934125
33.88098143720238
77.59189891789936
1023.3660694860209
-0.0018393416549208222
0.6031532180356513
-0.4212719255908185
4.238919772599396
-0.20600117675043225
-5.148210435069333
-13.343043981670435
53.17103685840957
855.1058137283612
-0.03994471101354701
-0.09672610838110832
0.7527661538739213
-1.2045370799990958
2.0183700912699125
4.76164078139736
-24.142804536730637
-63.30380968530588
-722.3153546166342
-0.0012482940080756752
-0.09711637212510237
0.03946438178110685
-0.44289989994646656
-0.6552962025196395
-0.01936780153153992
24.12174081981433
-7.19105447442025
-374.1223707077205
0.008956765771265224
0.1341162343105542
-0.5080877293719447
-0.583332774702507
-1.225482921693859
-0.2654835980200449
-21.417282162359317
36.32592207633918
483.2052440388882
-0.006301368270084606
0.7908839197475416
-0.15421078215366146
4.989991966910739
-0.7398480366126656
-4.830748060609488
-6.741474839101432
54.304000578026965
855.6572103180112
0.023342581708226583
-0.10478613546429855
-0.6150840413174422
-0.2615340349584264
-2.479248050109915
-0.8603536003710368
39.69132708385761
3.5371372867071122
-144.6540185348374
0.009878306726266512
-0.3297301042567883
0.09996957659443843
-0.4069748999215648
0.48594761361645555
3.2738690942933095
2.1121216881829454
-21.814992308295448
-874.0601276365607
0.03514565543230479
0.38415863197807393
-1.04462188175612
0.03267290444894586
-3.0932754754837046
-5.11834302599538
14.065857548409907
71.27727225051966
703.73034245364
-0.0073833146150776
0.1292322242503722
-0.008037484647520219
-1.0399776595492245
-0.6650812578845227
-1.8434315279076456
1.6386120769025505
42.479261128777964
431.8705637072568
0.0006054270567589254
0.12886269190398683
0.14375473838004404
0.9034986136764268
-0.30574545788122026
-5.866224817905941
98.5040121709919
-23.506048856821394
-112.05333802641948
-0.06317445046828783
0.9827712543292618
0.2695146584083899
-2.8333713896619543
3.8870454204035734
-0.7768529873066091
-123.35598361911107
-12.714356930951702
656.076869488333
-0.06170259314723715
-0.6714323584379267
1.9954586998450814
-1.4738479643634634
6.482865638186623
8.758947706587813
5.854475139786007
-221.96636917193464
-2340.940227603056
0.004205488416746142
0.23180664924768857
-0.020053051832592286
2.117114000200284
0.46706373191527806
0.3835417063482993
-69.47086474133278
52.283145175762826
1011.4932724850978
0.06026068592244675
0.2693780447607097
-2.0442557389803504
0.5690264171914998
-5.198307068249518
-7.242797777708224
51.764277376123744
39.723159947562
851.4762040128685
0.035763809055640694
1.9599871331829715
-1.8208787661192913
11.352826742202977
0.7825935150740234
-20.85643864335851
14.346660610092982
137.53685034298329
2761.9995806032716
0.04794720874959174
-1.1623250920732835
-0.48812536285674063
-0.6752249085955793
-3.34100038500782
8.844965133936705
55.408413082227995
-135.71786774676409
-1388.6750378137249
-0.029838817860588673
0.8435215358466505
0.32874856159979615
5.981638356157734
1.1188795547959995
-9.07613775242362
51.08206267633753
69.96399464758645
1292.8939669538236
0.051942935940838875
1.9715841037286017
-1.2567079554039575
3.6496373635227504
-4.971766428764849
-22.95112210800124
103.02645763213174
197.523836601013
2732.743470895278
0.06524426049006983
-0.5830727383286394
-0.6482246125277888
-6.0336346333069075
-1.222370800384968
1.4150689251471134
130.82867604804898
-145.35703136980715
-2062.1420398956943
0.005727332061468767
-1.0172672570262038
1.1790710139178073
4.151664842331083
-0.5784345127618674
-2.6785772072622147
158.60126212228118
2.2205144720921135
-1224.9842761268135
-0.022066165740862377
-0.4258958039553173
0.5222329755672339
2.2851690971257708
-1.9480537246062062
0.9822341343495214
34.480459684761456
-3.220044572299402
1531.7451135526812
0.1500134170934134
0.864736788171649
-5.302143302046758
0.9517048021404839
-14.387012585952903
-20.731539941862057
12.750849098488898
189.4531612636204
3531.646722169999
-0.028732451661051473
-3.7710987433404584
-0.19708564178002383
-1.8804619928999609
-0.4781771043668273
25.417569274715927
208.39906143858198
-336.72186062085507
-5860.099254809301
0.10497500407474322
8.429510086108538
-10.581416112053434
75.7632049592302
-9.350053421734453
-109.42496372840964
22.54029952714694
1335.1084213117624
20397.10203867242
-0.47765105830672916
-17.241775944072323
24.984151918206106
-4.524780805836637
75.03598372969532
157.96081910106156
245.42835201339636
-2377.6165555950893
-30249.200773277546
0.9931439318810629
-16.736587444698596
10.324940619813548
17.462550977397523
14.732137862476993
128.77218259404762
528.9446015349121
-1557.8340264254055
-22784.890717220052
-0.8015500517895794
27.314349643342084
7.1149259463244166
-1.107213515828671
35.46312830356631
-73.06154986361847
-1236.9771312739472
-2790.383618106118
15169.572406443052
-1.895086475910987
-8.88038824689352
29.40078289510634
47.723254442298995
58.850697843546214
-16.992726773393763
818.7028795363217
-1916.5635446727842
8514.773456309687
-1.4201082682991295
8.754997294018205
3.788770490218331
-20.145635336072946
53.715725872705214
12.745561469911157
-60.86991861643571
-1018.9131412525343
-7845.207396087651
-0.7402845204058297
-1.3416543713222353
34.714817711757014
10.710076208410712
-22.88342259021017
213.16805170199328
-1716.3295666781707
-1963.5868727684244
-30512.888231929624
-0.6822744010418296
5.816365935494109
-4.155605376739507
-11.103192267107753
-42.880093527181884
-98.55314949707227
1715.0974375038459
1092.1763306309294
118.37213761830586
-0.26770437193455904
11.865992920841855
-29.235286240510085
-103.73752225902413
-0.787382842275491
22.94893298099786
-1114.6163886537688
134.74560564784983
5676.901043015113
-0.26562020513367274
1.1788391434777277
-21.360381094600733
4.584908839845329
-45.18325804292576
-81.44433280364595
206.3007435883544
578.4420454269081
3653.908821419041
1.2821914428174002
-9.544166458013763
15.198102661871912
-16.73774893653353
110.32927999796966
87.48400467565763
1775.9020218469657
-2994.7591523998335
-28145.39579978849
-0.20963885654482395
6.2963782267980815
2.7919415533131864
16.56957539290315
-19.96984470107374
70.66863172099518
-162.72873371578663
564.7561400871042
12557.789335271544
