-1609.7455122622457
-435.39590386775586
532.8018392548306
23.2481776610908
3.6841834823803
408.05036368423185
27.72621440852078
1.8546318383254938
102.97982751398531
9.828458514045849
2.5570740537320202
-75.78962793714543
-1239.4361566473012
56.9926142581998
-483.6545317295379
7.028843791951451
56.042930487705924
-2.466732420027552
22.4226351171475
-2.5565306805165546
-8.812458242435923
0.6973493652251677
-4.115350722372193
-222.17768244280495
-272.81632984242395
-230.75881343681834
-149.41078587527323
10.252017270974221
12.676882809043311
12.023479177989671
6.567105076719467
-1.54171680559723
-2.3999294286139046
-2.553061869288229
-1.1204012008930266
146.45252163389128
38.05034619225242
27.62574676109403
25.702839171237763
-7.926452628991739
-7.7148095470384845
2.2902149427049108
-1.5460399847315314
1.0478711020413027
1.6488592012463215
-1.004951729015564
0.26145731018537505
9.708687449609133
513.9256111838245
141.08796188200208
-47.0488785498352
6.049925222623665
-24.218881469363975
-6.261457457418225
2.285861183257098
0.7762589812066755
5.337845194520687
1.340456620810229
-0.2348104438385958
-6.131163738666735
-48.985049765430176
48.22102300327562
-18.497967051988933
4.895182587968597
5.860930930353395
-1.505191065589647
0.02520617867798783
-0.4914726813230991
-0.8804658951904157
0.053198933520814014
0.09343765590919433
-55.87803970418149
173.46108008275718
54.53278976414094
-70.60225797595447
4.727057540515727
-3.3458493412971064
3.1897463448192065
6.539632015811511
-1.8575599466657273
-0.781786439544691
-1.518547495737043
-1.4542939571922042
