-1612.047885382702
-434.40116358623305
707.3986671577131
46.49082211071232
14.228441512530138
1.4054142196102235
0.434220472228596
0.37868710564587976
0.8812716172390308
-24.586447390732694
-17.22793452631472
-3.615015856015438
0.7456306198342433
0.08918709715813312
174.38357813812175
17.28113753156515
6.398556086958947
0.3518168241025364
-0.11646554231808734
-0.01134233366126038
-30655.533111852114
-30498.12820227196
-43674.81559556436
-13131.622144532956
-20946.46936233107
116.09514725972711
78.0038348706357
136.35833530810643
43.565662013325976
73.14937872095922
-20.744657142487842
-9.75085602906094
-21.25339001194254
-7.155593430365436
-11.488520879174953
1.7054755940134456
0.386079345868584
2.235948388741607
0.6367107643460573
1.004298831333844
-0.5231625646882593
-0.1826467137055935
-0.7642945898655519
-0.18661953261383213
-0.2469537286618493
1610.1442100649406
1365.423891999504
3150.2724822655236
-2266.4479803042595
-1727.476289416921
-18.652521642895554
-36.72568342533408
-30.510978084674814
-4.712375257559238
-1.005290641008451
5.797375206497155
10.710664161418162
8.876029255067248
2.2376257697909616
0.8102212842329236
-0.19852561901222787
-0.8105609978067692
-0.4451208765864312
0.1216611841989589
0.05732632614134047
0.0584463893861924
0.13470019514287146
0.18328415958942337
0.015772995915317205
0.05253776882214394
6856.858393180851
14793.09388374114
19083.04814784772
9589.379911035317
1285.6664869838544
-18.48317183455998
-57.616124432303586
-55.91864064927744
-32.00389273259045
-4.904464238899194
1.905614280923765
11.264987205132984
9.901304248284799
5.471558204451112
1.0958699350555698
-0.18045814755591016
-1.491329102796465
-1.0070887263781323
-0.4138145383373407
-0.045538484037211606
0.05285380039439962
0.08182254781205817
0.09969221996131435
-0.07079015878401694
-0.003494411807104035
-5389.863757035973
-14807.544285442007
-16066.270278043234
-7009.406905989193
173.44186141222562
4.102861512618312
14.61367071607819
15.751886256599468
0.20259854347545347
-9.343744881438019
3.919658072493026
-0.3104456035250315
1.3634759647377321
1.9531294289527907
1.7604443582227034
-0.4168485196988895
-0.40585290672758023
-0.9765644340142098
-0.6391971737424562
-0.24495084083064741
0.013155011973319697
-0.13312121146483155
0.11773301471513303
-0.014734936657184446
-0.022491083355506484
-858.4818756084425
-3840.7466903378418
-2655.029668185018
-1213.8949675745546
-305.8552699440664
1.8902386857766038
19.473838791402084
10.589686308024573
5.622320673380853
1.4643186729949509
-0.220094136293303
-1.591638948769201
-1.4966562506021204
-1.1768438146893672
-0.483287682343546
-0.11922443866318759
-0.10969744556620474
0.08266245122358168
0.17884425553931327
0.08301032241465933
-0.04301617827699603
-0.04592599961185716
-0.10183990500140598
-0.004325894165021092
-0.022595666676877714
-5928.097604152092
-4002.0212740123147
810.9163320172177
-2377.2586535190453
-1215.8951636786205
19.511274695272377
-7.477903783725421
-7.867111952054127
3.1139803598706925
0.2580905482970127
-3.3220247192849124
1.2053793321686173
0.7204700873856661
-0.03331756561751502
-0.1654051006728328
0.45307547390283015
0.2879831512690947
0.08439427051531194
-0.03156026380147262
0.12216522067195261
-0.06361474610315314
-0.04062305949973149
0.059660103690515956
-0.03746211196716279
-0.034567155711120935
