-1608.4455092462372
-436.6137154049847
149.67603830690976
-20.6323463774408
-17.23655519405856
-6.103601704726333
3.4448868760135367
0.9844230053481577
-35.768682318127745
-9.584286551087777
-7.242046165696009
-0.8911394946342805
-0.3470166608732203
-0.08639692034384644
175.51818822666897
-6.278855379938305
-4.591962820896971
-1.864830586812541
0.8475969497465649
0.07520201890952871
3893.6419378700757
-16155.751994287131
-12354.969677871795
-3394.041887411911
-2732.810807901239
17.386218865186414
50.84504002860557
12.363343527346093
21.932118958711413
18.21956779665666
-8.085113577436873
-14.351844437382148
-1.8392845834116631
-7.087368667717811
-3.9571092608217007
1.1702571855686996
1.4677525369054853
0.6243331258903552
1.0259991099811416
0.44832210651202725
-0.21550084900804747
-0.5661743450121021
-0.30923114133535196
-0.11639442255017364
-0.07079167613182509
15315.358090369074
7361.136555215518
12808.312223523186
5012.650255233133
3875.2923941640884
-21.630448755028883
-19.814207719900402
-32.331548190301504
-17.726669852998157
-6.922195360053724
3.1360641881432567
7.77114432382663
6.59621769433679
3.38706236188009
0.5536229756687866
0.3053231453006686
-0.8457167182109382
-0.17975322597969334
-0.006224994057696085
0.17354233692740748
-0.018611087678816935
0.05464266624269819
0.07625768397721443
-0.03531904425320912
-0.0033347502484548687
-1505.4992005384427
-5159.189999651247
2864.7759792928755
1248.8103803145277
694.8687787871014
18.448003598659547
7.388532006219196
5.464097163365463
-1.8512393305687749
-1.3735753775049058
-5.332489737769876
-1.8740716462567466
-2.131111709692024
-0.01906171992114963
0.1921920671794159
0.42218349978303477
-0.09768854479298374
0.0033165220159919167
-0.01306755107908787
-0.039008890734831936
0.03218645888350127
-0.010304865193988603
0.10424105908418765
0.009900585542087665
0.039356170702424254
6160.667111570022
-14253.836742718686
-446.3439008040007
-871.8905060812082
-125.99787938089568
-24.954482267412484
13.43162169256279
-4.214981338929162
-0.6354267072376473
-2.7232968276230074
9.38721790374242
0.2519478852575137
1.9709162120555053
0.7167171921354404
0.5407075278739636
-0.7093156927071663
0.46202459515579936
-0.08818165498611749
-0.10106020362960629
-0.03948294230465005
0.023050779903400195
-0.1689552215264456
0.03629416051661357
0.00021358714855247097
-0.00459940371648628
-4501.9306901641985
-2221.217644273398
-2726.245406854723
-2481.4749508553273
421.27661470267236
2.921131192406722
8.391388455859587
5.456854415442769
4.871625641271927
-0.359228766770161
-1.562162153232086
-0.23432839447193246
-0.9515397976502225
-0.8584136226933567
-0.40275657343838134
0.08474354150861803
-0.3069092661528006
0.10037302169331672
0.1011896584563181
0.1548523458142529
-0.0627291987858131
-0.003330662545191397
-0.09695893151950159
-0.016978464180173538
-0.03620057719214417
5216.689463645777
-5353.177071644806
-182.36165483319277
-1734.195482117903
-971.687925268191
6.859072853404961
8.853863987055327
-2.523901717242329
4.2702567308804396
-1.039131833389072
-3.4885380800066748
-5.252086906628752
-3.6056306345944598
-1.922362898130228
-0.5005332349548753
0.6801708134843677
1.1216504935226195
1.0254224863412582
0.2363718496952405
0.2125238766745298
-0.06296922381577193
-0.048956203919764296
-0.10324840366590687
0.014263700707162673
-0.010762689669441616
0.000318834028262416
0.0019444075280977198
-0.0025856485804450755
-0.0021702918216234338
-0.0020418204365324124
-0.0012860611990964817
0.007092686106585391
-0.0006692053273569548
0.058544829995007514
0.008695128896680688
0.009052838598672397
-0.3170720329047896
0.1449781318251204
-0.21016667325907865
-0.0010039555925207872
-0.0062291561714215475
0.008286897822784883
0.00705410344100948
0.006921121742255403
0.005958381900851657
-0.021676273828507
0.0012374888287104127
-0.19672870054019578
-0.028109856145502696
-0.041143611202324
1.0678405238178779
-0.4991441252403537
0.5303154635388576
-0.00030212026288863226
-0.0009845310864717966
0.001835635648748803
0.001957377462618364
0.0013131820408549624
0.0042835951605799455
-7.668462576777035e-5
0.004633209635119084
-0.018404521384749937
-0.006203159696447017
0.0035042041593915767
0.2397398619383755
-0.159250289418631
0.07231278754545173
0.0009407230989583073
0.005642839272484424
-0.001996114550781345
-0.00031551409187044796
-0.0035189597268292976
0.004702315529719504
0.007937401426263157
-0.006861365123268176
0.07011957558462854
0.014882979089775065
0.02388815345771603
-0.25434139200182876
-0.05362696755288242
-0.39362866698283727
0.001057273098529687
0.0027276651885307993
0.006694026758514588
0.002414412345229491
0.0033026556556763243
0.005157220061832456
-0.007451321899723975
-0.013400209061664054
-0.12607741200080996
-0.019304549175191647
0.009454985347048387
0.6895940117801974
-0.3504848382211773
-0.18744444038398608
0.0021051305535213266
0.006391522397444779
0.0021762435731166726
-0.0006884232967984207
0.0034835514457897724
0.0040803726450703275
0.014430966359613205
0.009705616661129766
0.04904344916685461
0.01644205162390394
0.044432196469712054
-0.15211063963435587
0.18958193033768575
-0.23534501443337935
-0.003120533121564315
-0.01607578453078796
-0.005785537188040488
0.003229976891426957
-0.005246218792275747
-0.001006252780366787
-0.01891597630701753
0.017213753975614674
0.009824195408281118
0.025444723441524687
-0.05712571967760439
-0.005174252106686153
0.012746871078401289
0.6740577849131697
0.0015128642937429389
0.006830293901805
0.005975653122528588
6.320264715083681e-5
0.004061856778632007
0.0035195506101216496
0.0028785329077137796
-0.0074287607394064965
-0.09186372526740032
-0.030006082478927693
0.00391945204927922
0.2888276885893147
-0.09319202446923486
0.23559867858309935
-0.002022103735211516
-0.011620456234086848
-0.008966089109786019
-0.002563895978486301
-0.0011500419072280554
-0.013447109848112116
0.0017158611019555841
0.023677201376392343
0.25871910484215616
0.018860888786725254
-0.1061092098816635
-0.819524689153222
0.853416146161475
0.7258918047447684
-0.00443574349507579
-0.02140177457379552
-0.014259566114654586
0.006100248863323284
-0.0065898137336277765
-0.0074055512957028665
-0.027615182032451904
0.032533612342792936
0.14182006080984969
0.029647650899981098
-0.12465568391712671
-0.6132591049835814
0.6364647076936334
0.6203527196468345
0.004794459635958149
0.02155701681862283
0.021211172637516224
-0.0034606780964497874
0.007373008971105118
0.024185871865538836
0.022061422680306718
-0.05465449144121881
-0.2889570701000894
-0.04534407701173416
0.12475379135072905
1.5653001715357184
-0.9796198443354718
-0.4020284425681246
0.002127170463871457
0.004685146338470321
0.007823785112137025
0.0010989387050427835
0.009475272917540998
0.005916820604082376
-0.0045109242764995935
0.0024325677259497414
-0.12483996918269566
-0.027918672220579095
0.07777202997291882
0.45593238598023744
-0.03730893297566933
-0.06006424307762758
-0.007157968482109556
-0.035040446404801674
-0.012144552486032073
0.01062932129960777
0.011323609277024364
-0.004560556181711491
-0.05175811814305827
0.041089124082084955
0.2239609026685147
0.007236209217959193
-0.10200654120649784
0.07984084303598428
0.7973323731054912
0.42515949115961205
0.002151556377360442
0.009173868249453638
0.008575102979282545
-0.002527953260340276
0.004208195945574018
0.009347684888048635
0.00014624755088966698
-0.022849438928873707
-0.15244777304251822
-0.0290140268173212
0.08426535901877728
0.7201962048207302
-0.44187998288500463
-0.2412776864455851
-0.0008462529641046983
-0.005213690890813407
0.001001284724589557
0.018893481379352078
0.00842384179827147
0.0015538414730644839
-0.040504802598149224
0.04137319628070006
-0.02213207621343877
-0.03546341700489866
-0.026423840341966008
0.39929068499008796
-0.07090695648334179
-0.41931353925536646
-0.0008178164472467789
-0.006361577624031278
-0.00425821552882181
0.00219553783084286
-0.006631798883858895
0.006830599903663529
-0.02578579696335768
-0.009320276167665717
-0.05081226597966133
-0.01033824802285495
0.01773005989096525
0.2556192217685809
0.10173017278916516
-0.342787607868601
-0.010025118292987483
-0.04627592456034935
-0.04076806840482046
0.006743534621651391
-0.023553869326779095
-0.04420591601320355
-0.0687388324802613
0.07069023190625262
0.47550937531735116
0.07818622999015795
-0.2416283630734249
-2.2850254257702733
1.6025672214212248
0.6708975397800909
-0.00092640232878901
-0.0036728613974234972
-0.009144140176933388
-0.0011512356625014866
-0.004072156907603078
-0.01406058729782696
0.0050805120109850286
0.04133889405497358
0.24099447574920937
0.03656567811248187
-0.09049574515629549
-1.2084360244725647
0.4907716145463191
-0.17536519257204855
0.005424798355361761
0.02151274058962511
0.02402931969061532
-0.001708890933520291
0.013976320275262402
0.0111520855059789
0.02097924878537993
-0.021693554974580084
-0.42368648882020093
-0.08729516885843396
0.022981559636979114
1.253501715403183
-0.6306277555267141
0.8336738915335823
0.007544383362298272
0.03884640039196668
0.02947286309824667
-0.00600332481688412
0.03426618107874491
0.038191031848798906
0.05653047391243214
-0.04036553404927087
-0.2730038201332743
-0.11542264596080794
0.26448556395870654
1.6026980530002184
-0.7697829136491152
-0.18814652215505692
-0.0017572674684053938
-0.006215609421838525
0.001727102405800424
0.004428413207892271
0.00903937834639069
-0.0058317631271063985
-0.008199597462022444
0.01001131165754867
0.08982641417459598
0.015784114463290498
-0.08698775013541442
-0.056191603446289
0.3044917963807468
0.47929367340083806
0.0013026572955359358
0.009770156757008427
0.0020274250031333306
-0.0005036215870203141
-0.009518113121603295
-0.0005233789120889669
0.006824221411256511
-0.016250897782455562
-0.054864858689010636
-0.016359849552779103
-0.09120937824958592
0.06343339197189651
-0.3111804976812879
0.1538661999214611
0.004678018202088568
0.023744283220119004
0.019784459984613884
0.0015955600079917633
0.023073468386305303
0.02131294266518081
0.021461319007896777
-0.03776737502653384
-0.25027266942823384
-0.10234673601172498
0.1726342555639818
1.325308867398588
-0.5995264216180163
-0.03545229728044045
0.0013913766816178363
0.006265350628025154
0.005720643656150024
-0.00560243206434095
-0.0012364985900596716
0.00897184134674847
0.01803211234082731
-0.01971488266527411
-0.11704060447985562
-0.01796809287091664
0.03244673091487682
0.4593115286193605
-0.23410942130556897
0.296810697953066
-0.0038291318473576037
-0.013537021337401318
-0.014659209375023735
0.0019242751643165456
-0.0014370977558443231
-0.004871057285327636
-0.010058442119858678
0.048639806475909465
0.24639254501425936
-0.012043621256672849
0.09757153041116892
-0.9474780852694902
0.5888191758499525
-0.6480653082786303
0.0003848151574866719
0.0026945176951777127
0.008217289354287975
0.009728302139340991
0.016938963381088093
0.01930386097194625
-0.02041129714129303
-0.007559810258237575
-0.137289473718964
-0.07100900341203813
0.16031487366724007
1.0112410476388787
-0.31306755968434
-0.046599483037608753
-0.010160099471465291
-0.049324142859013306
-0.03502521427011994
0.012383860411115489
-0.030640411064900244
-0.0378617100355501
-0.06957873370633287
0.06171962410703951
0.3742498258357934
0.0940159095811589
-0.23889053921773282
-1.683565101873775
1.0726151532963075
-0.08973011789389927
0.0013597014895490355
0.008867923739693397
0.014553353785842126
0.0015160606835074497
-0.0042178718408139885
0.0008833007828387671
0.006949853979733413
-0.05012809652848313
-0.2356078278425842
-0.015494304957876114
-0.02473910592412119
0.9106562477898095
-0.5605703087749406
0.6178892161382001
-0.007990311014728158
-0.035507799232317984
-0.0184754561497225
0.020293729133172417
-0.0039525975852148345
-0.004833977060283723
-0.06501774984516859
0.05228446542607421
0.26541084346789817
0.025113125516961887
-0.10836990825755685
-0.20316805906185587
0.3556767838815355
-0.7102862591310409
-0.000950833504004619
-0.010517942165822055
-0.007150227682279318
0.01444637861524268
0.02076676837161229
0.015849106984315114
-0.01444083685933772
0.07972430098206562
0.18555676487827658
0.05447824661599336
-0.01266805649971566
-0.11507150923010123
0.2077574762195022
-0.9966200680909765
-0.00015578570938689796
0.0023120913791986352
0.009167513591026459
0.001596140848798807
0.0035934928506549846
0.017334438000145825
0.016320652229999708
-0.02188413866869646
-0.11402927342220892
-0.01587240163815253
0.07748025472867597
1.1089130293908949
-0.5232157815252239
0.02699558792800942
0.006333294682603716
0.029685132274326766
0.026646086123651266
0.006465005930226213
0.022994762883334238
0.03620743760531245
0.04263070824680512
-0.06012987055861758
-0.37737019508883135
-0.08878579948085825
0.26330050845759495
1.8680390784171337
-1.1903433902561507
0.30623368002329865
0.0013691564902863758
0.00892328710196874
0.010007009149884161
-0.0006352067307823547
-0.005858450864850464
0.013142867424047255
0.0590639632072887
-0.0005109326211988832
0.0309360750496907
0.018737414628497717
0.07475789222991654
0.01650833709804693
-0.5996722267652016
-0.15982284190922377
0.0005120529555789939
-0.0074470288451128274
-0.018658228163221352
-0.01690824334427499
-0.01064196923836501
0.02853250357484692
0.06476990275883153
0.11606830480399678
0.3293414746771295
0.09621364177077192
-0.20325650026177866
-1.6655536867033185
0.5171599189355766
0.07202413281925026
0.0039024095129991778
0.010779291486301442
6.636179358359116e-5
-0.015188233951426579
-0.012469998950957297
0.017012011180889616
0.04895431104694347
-0.023526245297021076
-0.0950307349550902
0.01054096589492778
0.14934273989337957
0.048284164763116776
-0.27672802434112076
-0.3188122238569226
0.0066196198050272395
0.030055853396674263
0.017214512068567608
-0.013736193490525928
0.000922165221245738
0.006564344506154644
0.06040857788130706
-0.07532717933008772
-0.16919586989891008
0.00632468465901873
-0.001044603618947461
0.6725448122310176
-0.4567660961767022
0.0892961988275398
0.0022480933807049806
0.011324098173251427
0.012557981538206295
-0.00027091092050969795
-0.005457014747593802
0.0052476075731936415
0.03317002410457031
-0.043915702641136985
-0.13000291658993862
0.012277485865903146
-0.06910510460000382
0.7773570659251164
-0.7602905599794988
-0.1372412155958016
0.003794576437607861
0.0058983412114208406
-0.029850942894165913
-0.020316549834094227
-0.025223498542230674
0.004851353018507671
0.05084834607112866
0.13236134157015775
0.5622355854123904
0.028469686909197715
-0.14692035923973118
-2.8922073433042197
1.3983255581736382
1.1532678799927152
0.004501742110167814
0.02426883634390571
0.01972118793111544
0.005144230418132591
0.02909314644995566
0.026076692990927457
0.015952928140335467
-0.03466745671333455
-0.28546825587694497
-0.1162842970725152
0.21458518521178646
1.4632115709482663
-0.7193699731743385
0.32151920938903794
0.01574341379536186
0.08387561737821471
0.0713486976401118
0.0058404546810151585
0.10468946384214992
0.08324317022857763
0.0992134107138859
-0.0488033858438952
-0.6189350906035062
-0.29102534850994416
0.6053046113764046
4.111924402504908
-2.1131705042540934
-0.2951696247708406
0.0013653946631309714
-0.003798951109551515
-0.005342696140962159
-0.0065663878129778655
0.010568944021070344
0.00011972027909239919
-0.0001000609299413393
0.027425932031925483
0.18347320238641351
-0.016065594854360526
0.01668707937840016
-0.5787994894519598
0.6684803788305413
0.3319058384520242
-0.010929100913054999
-0.05526597908980296
-0.03483084810427413
0.0222783352983663
-0.015412412203557229
-0.020629108434268892
-0.13416431935624692
0.022328081244679443
0.19209835240007914
0.017768550825664663
-0.2399454663798727
-0.17877375491930786
0.959671858110702
-0.027488223569478745
0.0022452501022710855
0.013841826172048089
0.0012028578400102748
-0.014925251049732587
-0.005821102795017008
-0.012675477845684286
0.0627621670474514
0.03333495292659106
0.22223896721631992
0.041826514703734684
-0.013107808132114807
-1.129835135827631
0.4086711838847745
0.555840054841712
-0.0028493771647375202
0.0004905771288327347
0.02876388070573677
0.0197922360418163
-0.0048717296474753095
0.011562941760572152
0.011267012273196273
-0.09764244456122695
-0.7832853146543742
-0.011151838603344342
0.06449308051160131
2.702455856030059
-2.3915405228373228
-1.508239659421054
0.005415169826831258
0.03550609993386579
0.03360726048955752
0.006576811648751257
-0.0345197182756115
0.01388192928537903
0.02448576075505788
-0.1460153539146186
-0.7021835682568899
-0.014107012419624892
-0.09114862375831803
1.952745849430649
-2.0911760288172383
-0.009978427299515799
0.0035914881672795156
0.0011232341368629785
0.018898091325226577
0.009029672235139036
0.03414682636169638
0.003163481312927067
-0.019763377525963088
0.02461592046005445
0.0022345717096544067
-0.0692259545420352
0.10392598965067273
0.6061972477759925
0.632476242877724
0.6640538170244114
0.009346516584105423
0.0536131890683959
0.05324019964809465
0.010338092943356806
0.059907730290292546
0.06461757614672764
0.11658833610427798
-0.01707136397154484
-0.3032793965968597
-0.19030529292046866
0.4021993389047161
2.9734957370039896
-1.6027735993854115
-0.8893728366178271
-0.0033881954811477793
-0.04282546954952131
-0.044127482836947514
-0.0021346474331333434
0.06242897403748731
0.007930352170871364
-0.03021448517517547
0.30038167049692344
1.066078176770292
-0.014005379352359446
0.09569667495534313
-3.1364544103942804
3.094440412658932
0.2144633084594246
0.004691967734331172
0.021338235006507285
0.00990404997623306
0.00027665426910660705
0.011471644552819368
0.005777705399671918
0.010243444505043274
0.03722452921076473
0.1779209395745924
0.014390419271635946
-0.1251969512797084
-0.4714456876491014
0.7948996829286923
-0.5010517671858913
-0.0003458806299646008
0.01080617630731319
0.024813105739081305
-0.0015070076813388927
-0.02082268853742908
0.011618794217016898
0.03769931220672181
-0.15574932414253928
-0.5591405976025144
0.06948499878235385
0.03529422306181088
2.96424545859411
-2.0142718934830057
1.4518390118350544
0.013253069703812886
0.06967330173590351
0.024230944720241027
-0.0029464046934469476
0.05720559341257688
-0.001894191058266795
0.07822705875304334
0.016215962468124276
0.2549896876081925
-0.07795554904981004
0.10509991855682262
0.10034685556702355
-0.27941859904793415
-1.750902885690408
0.014116984885088541
0.07738715230450656
0.0501157658354129
-0.006120487585503564
0.04007312709872401
0.061699330062052415
0.17850426039743678
-0.08214437000024698
-0.091958414313818
-0.06154023383469835
0.24311602734317284
2.3598653553891578
-1.827156623253724
-0.15512958722337117
0.003921265443275894
0.023198824977919467
-0.036777425498662156
-0.024902260681756282
-0.012412606199706135
-0.006703209350325125
0.06262263209510494
0.151663551128897
0.4173437745319068
-0.03254722572485372
-0.12429351394029857
-2.8695020606367496
0.2192241300784621
-0.08461782645868701
-0.004798405671986544
-0.0027624197831345645
0.04147071327912608
0.005880547214199873
0.018888160653704262
-0.015301016998002907
0.00396105748103093
-0.21284163420827934
-1.0296758937938066
-0.0509445227027228
0.18868437537138977
4.770714648139099
-2.9442672331327446
0.16831517270917623
0.03249756376988231
0.1654966455988903
0.11780953274814254
-0.024742718950273027
0.1132769488579789
0.15703475704450856
0.3665575984956067
-0.21385785893395406
-0.8434469090870133
-0.25863761971528454
0.932398843115275
6.6711080666188165
-4.475359798047998
-1.4635133516262648
-0.004786688086973068
-0.0308531447677688
0.0023359120827680714
0.02886250994694831
0.05854235882814794
-0.019334182625322834
-0.0648557560968918
0.13373356924590413
0.4121729553525989
-0.013078703882150053
-0.2329345633950474
-0.4665086192936745
1.6185938946553857
1.254296108654242
0.029210393180412367
0.1436439329869842
0.08956359288424792
-0.013190802519508793
0.10324126055454098
0.08643358562578252
0.20378355744869728
-0.14430434271979806
-0.5369345083105476
-0.187744279720311
0.4129206368714572
3.6617069286657653
-1.8956239097328147
-1.228251925656222
-0.018512431211867148
-0.0929148250584148
-0.05251377220309299
0.037651033593712795
-0.006200092362420059
-0.07828187085815054
-0.20663490465655363
0.20448146184690735
0.6082571814229591
0.04097231670567045
-0.18541541278303358
-3.256454088277775
2.197839192671826
-0.2952316696861883
0.0237274496026823
0.11034898815556604
0.08854602191542969
-0.019039473037236052
0.03487029803895746
0.09630572451460015
0.24173879706686394
-0.19090563642264963
-0.9539375740437906
-0.13861853761751
0.49537545549014383
4.248916385046643
-3.211848494755852
1.4248249526273824
0.000900438791088491
0.01034539860186808
0.0439019783505226
0.0011890838575925097
0.04338402461856608
0.07906405880730431
0.05441475165649974
-0.044667753433172135
-0.7629058658203057
-0.15423345174689146
0.4191146905996786
3.9025280172462353
-1.7430173443998
-0.6243854071865872
-0.004027567399562593
-0.020756122439883357
-0.037918790387020875
-0.001712798112910493
0.03417200413861488
0.01808222637031219
0.04521816536505402
0.19801731975212225
0.6772877322248336
0.2509919339414873
-0.05707211977585312
-1.6772446810477177
1.0102526734065957
-1.367315138588363
0.01056748147762639
0.05033817869677996
0.056403536723547455
-0.002085450507068959
0.021267024637991502
-0.038736102432870304
-0.006561373984260362
-0.22859745237635903
-0.33612848886397917
0.035447645939079245
-0.006000568522773696
1.5037470405761748
-0.1191393517608918
0.5700195782418692
-0.024335414071546074
-0.12794341688430141
-0.06537491174467398
0.025235705939198418
-0.09495877275653322
-0.08122179700383886
-0.24121649025318076
-0.04046415652015644
-0.26922432338015495
0.19014210404976098
-0.5482835821678835
0.4077283670227572
0.8982442962209266
0.5611061756025206
0.0004999565671729536
-0.0032082136433600754
0.005382942377589092
0.010791300719632283
-0.03970647355663372
0.03490184238166712
-0.008083737326687256
0.0032168042921846703
0.011041245396551816
-0.09596420235796128
-0.14133984652294043
-0.8876707374653314
0.07034220314810774
0.8130741693792253
0.0003977640104038237
0.0065692389982674095
-0.01186821576868637
-0.030501665215710135
-0.01430089028532304
0.021471026995144003
0.009830034650295992
-0.07655621878532845
-0.10589602581561286
0.09475518903378098
-0.26681983400561904
1.4050131008225253
-1.3013930341091622
0.7090299860286287
0.0061386324278230936
0.012352976901722173
0.009978530046498176
-0.031986757378886906
-0.05197442905010419
-0.012410444374543644
0.09083895643264268
-0.10025480401846859
-0.3024623760912438
0.1812939414196275
-0.26486111643002525
-0.0890068885055563
-0.3047537292082274
1.8959168044685255
0.004566402643944212
0.025711399560668452
0.01139832457964051
0.014335387764995313
-0.00800881098337976
-0.01922758503547212
-0.022936989710832748
0.011952126813438576
0.03732515427261335
-0.08108060144332505
-0.06036264406921743
-1.3844073562161396
-0.05395392700498447
0.7915139492374579
-0.007584080775107371
-0.042833839844668924
-0.03199101256963173
-0.01701216067060541
-0.03955796498590537
-0.05362612074183087
-0.10763907901882723
0.0407653143555868
0.0004034222340832878
0.17728735392343692
-0.4759502628415032
-0.8242933711845983
1.3923476055516129
1.2478318680049494
0.009656568027450822
0.05047122961739307
0.03739125428693297
0.013585104036606642
0.011551689080954483
0.028754473434941644
0.020750974511960518
-0.05913069869585106
-0.43084892123578855
-0.002162197874357647
-0.17449328722911633
0.7589040179181464
-2.582112866177035
-1.3920333219400007
-0.00042869456873490387
0.02080588516557648
0.06139010509438745
-0.02180344547423041
0.04574893403303442
-0.016881171096602268
0.014104780740009414
-0.4227815349582943
-1.4053329248787372
-0.05777912620586075
0.8735240819551102
8.408142461718509
-3.509373386019112
1.035539369529505
-0.011207152148174283
-0.07302189479111638
0.05146984679964221
0.05019673130626873
0.13317591725123723
-0.07840652752751844
-0.17791535698050376
0.015955920089828622
-0.29553228993528713
-0.13230508927898027
0.08624688619823857
5.068019359607075
1.7987366455738312
5.823003894389427
-0.01793281398595958
-0.10515752504878749
-0.02847558087384191
0.005375934822793233
-0.05123555399313327
-0.058985222732223744
-0.2108008207806194
-0.04429545688196678
-0.5866448595979787
0.20358963379097245
-0.771675725400603
-0.029276924288471572
-0.1760918940248853
1.788877073608218
-0.011755570993392776
-0.01408830839028045
0.018324225929841623
-0.027688990527321305
-0.05044120288174181
0.008329005210380092
-0.009985210921711027
-0.3280398354465774
-1.4648494054889993
0.16689117646797666
0.12761348505209433
7.92298545152023
-4.93699198877071
1.5099106811206588
0.024653234763372393
0.12359010039342185
0.07363798994114175
-0.014242859375930212
0.08687731530491255
0.09280506902358945
0.28296861964221176
-0.02603501006028659
0.1231342566513857
-0.18314655289943152
0.7131972041464716
2.0735900016518514
-1.6643748616080696
-1.5252343460987614
0.00434372236997977
0.01307845995095002
0.011076037829836578
-0.008393167430525606
0.07370941852309265
-0.03647432661047263
0.023171693177032392
-0.03031187768796152
0.19889593973623823
-0.014605159710517982
0.25989661142269876
0.18083270290597664
0.3506252728458705
-0.6877113037565903
0.05448908011890773
0.2990726673979427
0.18682335430140132
-0.0604041201245113
0.15768833869871976
0.2789362272972193
0.6239986039616775
-0.12215426896335024
-0.33521937021251946
-0.48112166207383633
1.5768568312694968
5.720719225566294
-2.7221138419781417
-4.235022734838851
-0.0324574742027658
-0.1847607865717525
-0.11404773238809579
0.06703906562631301
-0.16852560864832233
-0.22523439452006977
-0.45761545293534633
0.0507531419959721
0.3958496830194226
0.40952402278156863
-1.4412929060364117
-5.812269856167692
3.7100654926820176
1.3030367157738396
0.0048562418133074195
0.016655063407692586
-0.01181272585165757
0.008786529001322249
0.008718298377706721
-0.057601027921198374
-0.031819880861399315
0.11228490083080982
0.9347953413067687
0.035709557472612424
-0.4506585400383466
-4.635283124293664
2.964059081143269
2.4362127836204945
0.014256577302189011
0.15108585591277426
0.11184673065935746
-0.034260235324090865
-0.10036763899243561
0.04576291316805479
0.16915817920732057
-0.5570829014546378
-2.496722717177127
0.16164375672691864
0.278885862214948
6.9006328564646
-8.217137824861748
-3.2452682240372863
-0.029717193312332427
-0.1461486346509275
-0.09798576542068177
0.031058957489130713
-0.1055907568863133
-0.14493123378122252
-0.36250050097093434
-0.011841193906715694
-0.008074991926442768
0.17465330495695128
-0.5724920573489976
-1.0409733983479004
1.9355282908496478
1.5192019378341826
0.02910669118569747
0.15843425614681927
0.05252484510380441
0.006306580529236424
-0.15626096020399263
0.19325273493564754
0.28633898474791164
-0.12451540827185334
-1.5943491881954994
-0.07206518093432443
-0.34652780228968266
0.4245036780670369
-6.862482791631596
-6.290317142802764
0.028796846940094913
0.1335566296723024
0.11330136369708954
0.07426471630507653
0.22280807691605134
0.003143688287579293
0.2319387595530799
0.43371265551595356
0.01714194994439701
-0.32514194350209175
1.010648149823761
-0.8596881824066235
-0.9701362066546695
0.5194809338572577
-0.005351681255083621
-0.012590310368134624
-0.022433899398431656
-0.08914564514761562
-0.11488745885482564
-0.1413457932825183
-0.19489405356065406
-0.21622853818529442
-0.3255248844206632
0.11706472302727394
-0.47881295640413274
-1.7892824649026664
0.6015350743847012
4.287017360833848
-0.015964024239914505
-0.08919105908019123
-0.09037933574310206
-0.001400907982286394
0.05237621886912251
0.003649358374634348
-0.08210426699700642
0.41058589388480865
1.008876076387263
0.26508521053771705
-0.13071698313826502
-2.751950303663806
1.6250864555525262
1.1068294083172443
0.036191505063098386
0.15005956758717406
0.1198906717647304
-0.0038425806574957804
0.0011698449974333319
0.08307043993198929
0.23066388227823958
-0.5224409561376829
-2.0147732727241356
-0.06891268596297331
0.6232662508506299
6.904664226484214
-6.19931264206878
-3.018222932045341
-0.01674037219065053
-0.09938884564175507
-0.08651017925711124
0.035222433982929714
0.00482353208312504
-0.13508154248718096
-0.27926809560693233
0.2769415886002164
1.8498624750357269
-0.094313630543581
-0.34616036888291196
-7.772706038286728
4.570311925525299
-2.1863614797881805
-0.020917768034823283
-0.02534802508338376
-0.01950595721644179
0.024482619191153108
-0.16604366609338084
0.015713911788934484
-0.013780671713020276
-0.18728784722965736
-0.43309364571401454
0.3369542052290661
-1.1034277671619972
-3.5446153076408797
-2.2269393373865904
-1.9725906368437442
0.007579401238893109
0.06920834462406537
0.07076922373172416
-0.05562990765612021
0.01583693733228195
0.0987623115312739
0.15550228833917826
-0.26374508076649555
-1.8981726163989214
-0.3137958885844179
0.7713624388999678
6.427260509619501
-4.747658716098418
5.0612537108505675
-0.031078311985106022
-0.11510811910518656
0.049894495147496117
0.24513161766827013
0.14805295499562485
0.16477410513321136
-0.3546490526724809
0.2284752513642237
-1.2480020892451575
-0.7815274079394111
0.9859901326714358
6.596169353520734
-4.432836757600103
-4.315039852112501
0.027735009612607102
0.12418039844882048
0.01586373732823085
-0.11258577330683406
0.11036437440387653
-0.16291615021878175
-0.009384438691014626
0.2267706255484566
-0.1588214267080465
-0.02220307369935168
-0.3430380761947302
-1.581026845575612
-1.3811412590727248
4.65412389150399
0.0827413954131879
0.42916363892141096
0.18437753387433112
-0.04341882035246155
0.19119981425840382
0.1253638539815695
0.5340706933916358
-0.1888157442733095
-0.5987383250908789
-0.22166823247436704
0.9611066921517244
6.416495358286585
-5.65665628489804
0.036960095581372095
-0.03649150843739372
-0.12004700322645177
0.018139811967199156
0.013883220069749035
0.04722092564351257
0.14851745693190105
-0.08146445170432183
0.14726509670514665
-0.5452995079228065
-0.036759097183572294
1.1662898619097417
6.726614614119156
-0.531547745258753
3.824208369563615
-0.07217480199222154
-0.30191682435223155
-0.07463272313516499
0.07459741321817691
0.08780529748176238
0.1188388139507586
0.01873715800069256
0.595441899551637
-0.023666951864544657
0.12822795453845118
-2.2723669718636303
11.103746713885405
-0.4712314091677952
20.913077062216377
0.0040036319057097204
0.044385033181123655
-0.03371930079739853
0.0019546150762212765
-0.04067584040767177
0.11021812775628792
-0.2527927846286121
-1.0162886179399198
-2.692821879426333
0.20776573096400225
0.5973128234608143
13.318447508557195
-13.91344752727722
-1.9496900451508923
0.07995101086816916
0.3085558700452779
0.3399063878713704
0.06547339596894594
0.4267295556170994
0.20040832471283995
0.5710621774988753
-0.4347890976842031
-1.8434266704713733
-0.05142447408504339
0.27924664323330806
18.828764267753897
-8.491032283322618
2.260296781370533
-0.08992679426511822
-0.45955434945824214
-0.1973788278248423
0.01706091987166373
-0.08931196811361167
0.5518693619993128
0.010964288021227266
-0.6248911345907002
-1.5246252337332866
0.2991512053688616
0.25632576543471325
7.697986335726776
-8.9361148721055
-9.387963910815564
-0.042282640935802404
-0.22624249098431787
-0.14944096616120364
0.08133910193662929
-0.26454721975380563
-0.47333215900897524
-0.5681350958108007
0.23474691789759247
1.8282988268164042
0.879946322712637
-4.6908285836588455
-16.76947593920072
6.067846324996163
6.736857427216396
-0.005273794250488463
-0.14576629055276408
-0.04233168892264606
0.07509849950219223
-0.04089573653102294
-0.03482138862183869
0.15990759733383234
0.22417391495499467
1.2614814732167088
0.458135865600519
-2.761715880373396
-6.8384341782509255
7.654191132785331
-6.140248198442846
-0.05882470574216628
0.03072750106771474
-0.27008504451717236
-0.11355273847503454
-0.05085818345793234
-0.25487130582627937
0.6317860250413851
-0.09060463372851078
0.6499287619113292
0.6063244641191907
3.0193220801872473
-8.035941885668253
3.689712523064609
-14.21454273834697
0.10624015604901463
0.21791817792744492
-0.017036797912236005
-0.18582605164435612
0.21567315633531295
0.2452649129894176
0.12878933354793515
0.4468743853782446
1.2453236790463318
0.12141245013945882
3.009477443993668
-9.240088737575496
-1.473002950246312
-13.285774508180783
-0.10261529210892037
-0.07270975067094906
-0.3684104581552487
-0.14202073365296744
0.3756349125212945
-0.719316402329398
0.3581568924885423
0.12182202190860306
0.9303834010927603
0.8774839828515478
3.965343084676708
-9.305131446324438
4.10028561042186
4.722797020753702
-0.0097831214854325
-0.16101529787491484
0.13573184680712597
-0.12512642451013278
-0.47614331073099836
0.5842073174610939
0.03962721112881379
-1.9120987743407913
-5.78145614326613
-0.04494460851544438
0.5709836444634423
31.619542983209264
-17.545813952591757
-7.4651429086150936
0.012261161514286759
0.08121246449225332
-0.19091266275240837
-0.34339466344749897
-0.3084401907646159
0.3039463087138373
0.80703224680769
-0.3373531843387576
2.4165025180484467
0.8337760772056785
2.875562697850169
-4.222088801695735
5.263673412433021
-2.287523703353511
0.10250386624843535
0.4140902935582726
0.2510503770550777
0.017147309367629097
0.7488002268208228
-0.061465111376603675
-0.18793425742034187
1.5790845170818315
3.6226665361077255
-1.7392753485402752
1.063754854632237
-19.747827649521525
19.742551180956895
21.59209263487386
-0.13339414520389842
-0.4968530480564166
-0.6386110898246624
-0.24491066570718995
-0.7099007443420707
-0.3992281755742467
0.18094791947319439
0.22599849205704103
2.640635797979257
2.896019073206619
-0.9603637411786622
2.2016951911870257
3.4921842213481993
-4.623792298461868
0.14296395129817405
0.1565448041719811
0.08943644421977923
0.13079663639274638
-0.3981462025363388
-0.10455241387538058
-0.47803635783188564
0.919225974111254
5.445033277874199
-0.09024135982830989
-6.122813513615433
-39.90901273415105
20.464663816414145
2.318600905199509
-0.11009188490632196
-0.37069620214607024
-0.7912982006847625
-0.24065038873757663
0.20978509560964007
-1.1674641084021158
0.3414445892601458
3.7169426388369304
18.247928088245406
3.1471205497184176
-3.527982799731444
-86.36959442074614
40.13780238420834
-3.9346913614245853
