-1608.941154421493
-436.5389451564196
850.9572605015362
9.968805053081486
-12.349844850597643
-6.240606829084445
1.5255457653472657
0.3652498436427454
-0.843268863427779
-0.24878492447416814
169.7546160725401
12.888691308937267
1.4384146304413583
0.552774669705512
-0.7709305879052214
-0.21085486214497767
-0.022761567112049196
-0.005422627704523865
156.1976097899312
14.080676401263363
7.971692265546139
1.1387015779181846
0.11916279681109936
0.16887466869810153
-0.08744362971724814
-0.05554191831064233
137.9526182044984
-2748.31383158037
14706.120884582973
2539.1706275362403
-1680.5210687995375
-3669.9486826869497
7.1390093132928625
82.48949143824655
-12.37319301700797
19.184216769014597
18.28657469648505
23.87450390554121
-4.3614226665894185
-23.24036383829266
-2.011992426580104
-7.505526687486439
-4.895082457861595
-5.713261498788638
-0.09632511281736157
4.044717077881367
2.9571161884829165
1.9955124824530075
0.5889237222848756
1.978856564454664
0.28527176104067237
-1.0457422485574817
-0.9637132254338157
-0.49312998441150824
0.11502433165018656
-0.8016875150699149
0.1424706200096635
0.1642283628734918
0.18886083179735313
0.22361967800978685
0.02234516105874985
0.13605838534154913
-0.09503507733018669
-0.20227681165427622
-0.015108948443851635
-0.15246394008795122
0.03232102839306638
-0.04613289541518529
0.009398049581028772
0.0070949248579868585
-0.013891148726260192
0.021284674839860605
-0.014924948526512374
0.014839901282582649
-15644.812601785154
-49718.10984452545
-33533.792624425034
-19128.538348613183
-10122.722859153655
-1813.921255326679
14.828190778872042
76.76776879833396
49.074691836219024
28.882267736921627
22.299074400627394
6.125005991858586
1.9936860690982416
-3.1754793676111706
-2.594004670768417
-2.3757171092947496
-3.175063734567
-1.1141028776276896
-0.47161869939295387
-0.5415911590827109
0.22348446143176842
0.3800725932454636
0.4419572082727787
0.18459668126876036
-0.08774338716398525
-0.8266486475132014
-0.6377653288799137
-0.4472247109594264
-0.16697006112994836
-0.06099685927597112
-0.05288064712349447
-0.03391872690760805
-0.00996066626480453
-0.03837201326943209
-0.01543099449515463
-0.00844581182055145
-0.014104281568400838
-0.09546346066136749
-0.03540840398001772
0.003708421528648466
0.010280542519395171
0.019463085962725637
-0.00301424419906838
-0.005582533119480317
-0.012707436764888006
-0.001472779098108205
-0.007313635212667201
0.0004124526933083521
8678.875506210876
33908.863858418255
28128.57163937336
10207.441532945653
4001.371698535611
353.14687282570077
0.3027808841702325
-76.28194061172698
-62.34665881313381
-18.669065256202895
-6.277158386745647
0.23545255105238078
-2.6924078068223696
10.75384831438234
9.435971993271133
2.373486576014042
0.8063967875353432
-0.03346083746937694
-0.044519591341134084
-1.6272595060314958
-1.5591681453709445
-0.33988167766395333
-0.22392925118702064
-0.05946546693200766
0.2364285880866896
0.3024855086784668
0.36674164209235094
0.04886698227561223
0.03765539051315378
0.020686662025393827
-0.033440449660814206
-0.05817633165795338
-0.06596419110260333
-0.04894084389378028
-0.015743531446483154
-0.02133480614490696
0.0483925242201525
0.027631683260871984
0.054421047793060486
0.006899840023979159
-0.006368634237624346
0.01471771355949496
-0.007008666091814998
-0.014134661751391116
-0.00822843666080539
-0.005063849525630213
-0.001417064688933088
-0.008043823788806104
986.4781302940943
-39623.70432658043
-32207.231230253397
-19546.684844868058
-7165.57519441241
-2637.3022402194174
3.7491197077129548
99.49943424645191
91.05780845017009
60.207369425501675
16.37563584653332
6.823881761098521
1.1557172475949953
-15.535433410886258
-15.52773996568224
-10.18744810486105
-2.1676133797438557
-0.8736366998283176
0.33080722668654133
0.38649287323364634
0.561504867169847
-0.293461361854265
-0.6056939054925866
-0.170079288145101
-0.5356959842635654
-0.3360177341812759
-0.1225822236484722
0.09257760788057104
0.14034201858054499
0.024334126105858486
-0.04607507596543763
-0.20831782870964327
-0.14298530979500265
-0.13309389944363867
-0.051330682657100675
-0.011940697701294772
-0.09333817274755031
-0.02699440833418171
-0.044515840313814024
0.03738872349574733
-0.03045603647679349
0.022774821966761418
0.022668410876052356
0.0358651035976768
0.008867950413452898
0.010367752846772
0.014571577921280793
-0.005782628807892729
-331.5430218329369
13777.278880357715
7077.118804428345
3473.8861579531526
1181.1905243498084
-39.1246277341325
16.78021286868547
-17.399236919831353
-7.4490127575941925
3.733056215798059
4.30518496754114
4.147749989225079
-5.225182530514548
2.735828615938101
0.7020295950805162
-1.7656497678652643
-1.4862778623771122
-1.0416433352756305
0.726591091973726
-0.09760251755830929
0.0805362496176837
0.5643584229972369
0.37489946522649914
0.19146136610889716
-0.22533416081158197
-0.2526100573049964
-0.1438711035396276
-0.14571781771004955
-0.07630190476068852
-0.04493595840218995
0.016540748421460416
0.024965162170132327
0.0010329550505511094
0.026182126110088116
-0.0006150774350276306
-0.002751371478610084
-0.011269821317466427
-0.0037250395998640745
-0.0073356579034323625
-0.020531324879033606
0.002664239728886205
-0.013176134454572566
0.0008422791616416222
0.0036102182325275737
0.00013505825018241007
0.01043264015349292
0.001269492746238476
0.0018524187896486303
5479.812350896512
3639.753994787945
2696.407711969912
9066.24785606346
1648.7610061537337
2308.9509286298126
-20.135989849685597
1.1871259342939013
-4.453314450955207
-27.50793384821959
-3.6977137924026318
-5.319315912549334
3.9358131752674206
-2.094877897599365
-0.14471333130912242
4.788326495421673
0.6500783569922799
0.5864971803240401
-0.22649444905523639
0.47105959221233434
0.0002545321933239717
-0.5860138239802876
-0.06928472113702096
0.056712667246950156
-0.004338096541938299
0.11361431500345524
0.035656891349306684
-0.007636180808340199
-0.0015404345671002884
-0.00979575307810928
0.032849034651232026
0.06290174249159344
0.02641177244361332
0.03667128881239755
0.007359936538369754
0.008512975739742138
-0.003049864862918427
-0.08425494274497015
-0.033370988577096264
-0.03973134623202561
-0.01036612380492735
-0.015699004344002867
0.0038379517224292944
0.029151923849160228
0.00870082769252738
0.007341455399275688
0.0013145039540867923
0.0006129730083433236
8.603255709573191e-5
-0.00023750054098805595
0.0009178493271279213
-0.0011997923109780284
-0.0005711341538126772
0.0008146596976284852
-0.0012889375622604537
-0.0022409672377486927
0.003152710589828995
0.004670853818547109
-0.010255317897940333
-0.030068549008092915
0.007902463446267062
0.008859608333161921
-0.049884966585854354
-0.003817228812610684
0.05404365680975156
7.665662213757834e-5
-0.00031592685237911267
0.0007991425445738522
-0.00121248137575389
-0.0005245102670835929
0.0008127774247715479
-0.0013134503940419604
-0.00213879123962005
0.0032747829306658195
0.006246877085582501
-0.010145513131509762
-0.02805239732358136
0.0051479616718386
0.012010370443853882
-0.0479513309259383
0.0021078591315393594
0.04518935255043938
-3.482529138288903e-5
-5.107444056956455e-5
0.0001133263546060518
-0.00019047232335940223
-2.6320519663804832e-5
0.00016403338142243986
-0.00029613389964634203
-2.109089226369837e-5
-0.0001861337364842813
0.001675427698389781
-0.0014109162739422362
-0.0012459276606625266
-0.00019929713338893867
0.0016768629752347934
-0.0028393163356823133
-0.0016339336534247125
0.008096184024133595
-2.52829827110041e-5
-0.00041858586044992574
9.554731240698262e-5
0.0002186815314910541
0.00011631205727194712
0.0005550173716878105
0.0004761056219710134
0.00035000509830163205
-0.001904435437378736
0.0005936944455571385
0.003135109766173853
0.00825571901791899
0.0007477364578534937
0.010569261012575916
0.018878243503624294
0.009512869478960856
-0.02718537333218338
-4.991466487480731e-5
-0.00013039123755611057
-0.00015757604114744684
0.00028197727304311735
0.00028954467175543495
0.0004654797410492867
0.00036628430746528043
0.0010202220350510496
-0.0016116811327674407
0.0014836314365398355
0.003218371821856692
0.009422245014175929
-0.003418099314061507
0.0019333445536199468
0.019723563933782887
0.0015963057219306287
-0.013433669540530534
3.3679413162379045e-5
-0.0009203136736369799
0.0009406915421761219
-0.000528578724348225
-0.0007216848777289788
0.0009573594906407188
-0.00011018018195661479
-0.00041176475879928367
0.0014067362503405111
0.002260226157391117
-0.011271373234929718
-0.021822284771300483
0.007446303767858746
0.015447329938464652
-0.035547633141265834
-0.000888944346380974
0.01681366655812962
-0.00011720667776534114
0.0005819668101816868
-0.001059314119082835
0.0009369289883557989
0.000982733034230247
1.00221412255655e-5
0.00047577484753864104
0.0023109716049901836
-0.002058828764223461
-0.0012723154891068002
0.012744951890348789
0.0259789347578727
-0.004784663219947047
-0.018279217628619563
0.04943621193014711
0.015094186801411615
-0.009105670242895707
-7.912257468475586e-6
2.2533975211523514e-5
-0.00012358710679411623
0.0001149052415378531
0.00032726079156664915
-3.894601432978356e-6
-0.00044260298949371564
-0.00021454874789025822
0.00039023448064571685
-0.0026313487174343063
0.0056956034294588466
0.005413495396323777
0.0018319125805980117
-0.0073018229451000905
0.006444638708840794
0.0002961388033729081
-0.00684729563554411
-0.00013927535330524984
0.002119527081348465
-0.0025772635664237905
0.003486687891851042
0.0009100722914407569
-0.003922254465555874
0.004342619348685596
0.0047190366835041155
-0.010608066800078862
-0.012953046487265628
0.028278782739668513
0.07846346581725921
-0.008833512790349277
-0.014246744426213653
0.13603175074889337
0.021496449231964556
-0.10491703165276887
-6.441560344488201e-5
-1.5765381308655057e-5
-0.0008962518711032573
0.0013308570194088415
0.0012072540121086692
9.267078932522257e-5
0.0013804440235407637
0.002426454387093704
-0.0032312784252250286
-0.0021644867242562975
0.009342003631600876
0.028867682470728583
0.0028926627269670914
-0.0115922941406327
0.05599029601765815
0.03461742143461925
-0.035371842935032496
6.166868238689821e-5
0.00029990467635799227
7.606616612109899e-7
-0.00012667747415682985
-0.00012667981449705402
-7.467268607843149e-5
7.116660064299484e-5
4.9267256808366206e-5
0.0005441413579726856
0.0031380540886366934
-0.0038700484118001184
-0.0032968341365491147
0.0015889255354017153
0.005930309920011472
-0.004817816345581806
-0.0010614979089227056
0.023150589878864564
0.00013652840201223927
-0.00010800695446057712
0.0013019245757114786
-0.002258958159989925
-0.0008971761876574285
0.0014222670499522258
-0.0020994752151580072
-0.0028163685006313394
0.004987675577728541
0.009385900918736298
-0.019415478208079307
-0.05028361624021938
-0.00016777966112424788
0.01238000767441812
-0.08698842995407184
-0.025385732041654435
0.07705092506891816
-0.00011891816123753307
-0.0029015047426787844
0.0006219825640611077
0.0001354012814962429
0.0012178771354348654
0.003678867735670141
-0.0008597385677154001
0.002783609374513753
-0.0031368114286447787
0.007374272768364883
-0.006961534106783762
0.0035036140287487525
-0.02372142121003945
-0.0029892592482167715
0.011387502395849828
-0.06698126140230833
-0.06884171710842152
-2.020470732397312e-5
-0.0012176428526447004
0.000451288748301008
-0.00019589877044150583
9.258967639334728e-6
0.0012078747011783914
7.573697314370267e-5
0.0013118843474942603
-0.0027098828459029864
0.001594431487945455
-0.009991746323991801
-0.011967578515052335
-0.004246222295933139
0.006434380010167223
-0.019095818453638592
-0.019865605324156252
-0.01913479174462273
0.0001080198946603675
-7.316591512704755e-5
0.00045289671316161217
-0.00029067520374305585
-0.000623189744007696
0.0005193049660533437
0.0007842474944824878
0.0002646352219426652
-0.0010343062427965862
0.00158662102412547
-0.008985238543077981
-0.017780335726124384
-0.003227936450850241
0.012959386359890626
-0.032598798813159954
-0.008850941712108538
-0.026154196618039176
-1.1754603465492087e-5
-0.0020433191880947082
0.0006557184968474519
0.0008899601718382186
6.297281686289505e-5
0.0013950342290080452
0.0002577337147550289
-0.00045302933035827576
-0.00030341015600146635
0.00496352916476123
0.018867928737724415
0.019435212483062164
-0.0036825675466421177
0.035194948308546914
0.0561735742361583
-0.017686119844611808
-0.10949711227863769
-0.0001876502627621369
-0.0002571890649888472
-0.00035498018715525995
-0.0002637762004335596
0.00043187837026869414
-0.0008387271861441124
-0.002169178689752738
-0.0012252780781203405
0.0036500735926686457
-0.002095599773877498
0.002000011691415575
0.002053635641095422
-0.005842996514484363
-0.018387761620478303
0.004439861605476077
-0.0016552224997724587
0.030082941931923343
0.00010791010507894797
-7.132163396422861e-5
0.00030770445680552007
0.00023632752039698073
-0.00024215870948341843
0.001969768391334907
0.0024136199624677094
0.003287867227492149
-0.0068831050483856675
0.004904075527943749
-0.0067809510945700474
-0.006224375396713084
-0.0011642766428622065
0.015886362928966655
-0.0074600290107010294
-0.020938484997883526
-0.022339310443035824
6.881842702499082e-5
-0.001140347609782575
0.0008009598518481109
-0.0005954054642930466
4.6081454864763885e-5
0.0005110641557049451
0.0001875873355118284
-0.0004411306835536471
0.0003848548206684684
0.002090371824445735
-0.01245710988213721
-0.021522788707808382
-0.004783752113802374
0.013869924384096864
-0.03405601498216442
-0.023245860112001318
-0.006368311992067817
2.2772437562726762e-5
0.0006959012022454887
0.0002943926233673836
0.001206064333303878
-0.0015198386839268276
0.0007413277467768656
0.0034391409148098275
0.0019110433995089841
-0.005972873715452267
-0.0051788156821841935
0.005432387652394106
0.0064353624735766085
0.006442239265988627
-0.0003725516303621395
0.02261341417970814
-0.004196748105911104
0.003677914621436531
0.0002553233420662448
0.0006465181150178914
0.0004019340899648295
-0.0009641576552560703
-0.000954389912250014
-0.0018098965239805817
-0.0014015187630624557
-0.005735087583818468
0.011194925967360114
-0.001815436679812889
0.0031303645421436915
-0.01041451023987386
0.015944419537538765
0.01516035701282664
-0.02875944717900914
0.06930197765009315
0.06463390186088062
-0.00011365979376088358
0.0001580446035256873
-0.0017221618524651619
0.0017779819109726496
0.0007561918310841822
-0.004678960480955544
0.001349074286296404
0.0012541708909535154
-0.0012820404631840312
-0.0015057624122305176
0.024478191685591483
0.03810936919131576
-0.008389538320092944
0.013791407253389119
0.0856566013054964
-0.0039056578976558974
-0.06606256553986967
-0.0002878376850348179
-0.0008534875103140249
-0.00024748137653039624
0.0009531102572099203
0.0010152844645080808
0.0018606912572991974
0.0009045386936474102
0.002804948956689731
-0.007619921542827414
-0.0005789518785153482
0.009896704415390022
0.022281407522543303
-0.006048276829294407
-0.006716184099383992
0.04581701283767651
-0.017287707722679062
-0.08819266346658937
7.92640481548959e-5
-0.002125288176385619
0.001537859423144888
-0.0019889197883633117
0.0005720540545378744
0.003851210077381669
-0.0029113197712302996
-0.00041263787921423585
0.004664308126672243
0.005788385539555425
-0.019225985339693576
-0.0340115399352293
0.0012337353391446437
0.007044440411877101
-0.05497015313223537
0.012548055536748521
0.04978076392489545
-5.877724054022804e-5
0.0002964837865362203
-0.0004159895110268136
-0.0002654497638309934
0.00019646556349351633
-0.0009326983667891903
0.00013374202677236369
0.00030206957025260373
-0.0013779612262297234
-0.0007693411774854555
-0.005931846628785292
-0.01628008263640571
-0.017268598669649922
-0.021281023136520003
-0.020338057330475733
-0.05165532002415112
-0.038130126773102756
2.2207196470094262e-5
-0.005083541126859675
0.0023014468790265217
-0.0014870354298324928
0.0015694443564938686
0.006860069966582232
-0.0027564793474451586
-0.0002689455979187001
0.005395947788937228
0.0010064456447040429
0.013298320118393813
-0.011040681026852097
0.022730801443907805
0.013216055832557666
-0.013751971104602844
0.028009760429321257
0.07991345933164835
0.00027478176209390554
-0.0037847737994718546
0.0032650327251455462
-0.003441753446131318
-0.0002396744872605667
0.006012087397549976
-0.0045880964792801215
-0.003840427167314042
0.011411940324126452
0.010179000830318885
-0.015930356914097936
-0.061702276422825386
0.015883270666526342
0.04707084085762141
-0.09862241335726345
0.001451136955638894
0.09132486983906217
0.00015766573884270932
0.0009313795538671243
-0.00015577265710684323
0.0003671983625632499
-0.0011602918929087417
0.0008992062287687928
0.0005812497912264309
0.0023756230565718534
0.000767266003247305
0.00025304801364178043
-0.007433410514351202
0.007846621781653693
0.011992758808693845
-0.0018126392077414304
-0.010204606330734493
0.08826265826483079
0.07021037317055354
-0.00031151486705138505
0.0004627436084666575
-0.0008511377053779386
0.001430584736862097
0.0009130418199090572
0.0016451362527080513
0.0008878606266406199
0.00444664460313392
-0.009969606625893307
-0.0053945573860233915
0.012739491174634967
0.04590908746727305
0.005613324876140774
-0.0334588290093568
0.0843724055296371
0.010490154519053515
-0.0388115138528024
5.244506042056742e-5
-0.003089895132535221
0.0010921317452063871
0.0010503160281699374
5.704615857959469e-5
0.0025957350407285413
-0.00021909733963429448
0.0006052325623469055
0.00026792016143435123
0.008247465278479853
0.028928815514293226
0.015182213455321331
-0.0020663323506137166
0.04744200855478545
0.04991566292805344
-0.013941000374049944
-0.06516679676724536
4.5233893279701224e-5
-0.0009487784434874663
0.0009133984137467863
0.00012156191814429148
-0.00011263403632870024
0.002478399320634459
0.00027927509497421745
-0.00027342827846152205
0.00031290130513002875
-0.0015990407671518467
0.0057586520458796225
0.007804950040897256
0.0065510795545559225
0.00978520937572851
0.013502577928774007
0.013003458642393289
-0.01140219825720073
-0.0001891090624722187
0.0008674565114843694
-0.0010712104063335059
0.0005257537498698457
0.0002212376108545008
-0.0024932442737464603
0.002435620051974563
0.002876476322476761
-0.006431518671794686
-0.008186792320785287
-0.017819047886850847
-0.0055544512528919576
-0.008271878642735708
-0.053028471132566125
0.028217503870760916
-0.06372503355794054
0.03024642276775951
-0.00014945602289207716
-0.00038660302065002646
-7.517806667199501e-5
7.982291365381712e-5
0.0006536807155771727
-0.0005962114948444492
-0.0006427985158924726
-0.0024694463953691833
-0.0022412255461910567
-0.0017514887593234022
0.0163450737904133
0.015212377879933474
-0.0021601158727484
0.019188434597339404
0.03268404887705118
-0.03362849036449131
-0.06842364109570141
-0.00022748260256612247
-0.00020594293044495183
-0.0006668206595904799
0.0014177190910479953
0.000881086084291623
0.002737247973778945
0.0009491506620758679
0.005685757483126059
-0.008229297493734515
0.0002980661285902504
0.010130880526001607
0.028458516985297094
-0.010111492746808937
-0.03320374893706692
0.050075960797591676
-0.02731542509505052
-0.03255925908576322
4.494133830282088e-5
-0.004417671167624242
0.0002827196163496371
-0.0014558998174630418
0.002661462272745857
-0.001341404557850884
-0.005470649575571178
-0.002407508756955952
0.011907792919801187
0.0005195780663561702
0.004461684828180128
-0.0053178532068799455
-0.005979395510497716
0.04596265410006636
0.014848741715347086
0.029864236427381525
-0.04086171291235322
0.00010236439076331168
0.00023583019524912153
-0.00022389586912190454
0.000260427246198368
-0.00013781062408146834
-0.0007680917356279564
0.0007444290011462745
0.0009567751112910223
-0.00029026205924920353
-0.005663625947127488
-0.00967489624358136
-0.00655821992427699
0.0019797687574209556
-0.02498864467379137
-0.01643969829016412
0.0032286790979558907
0.00038452519666842843
-0.00015769107992608821
-0.0002616518244746242
-0.00024314212065803045
-0.00034016807663141276
0.00037269905471540754
-0.00172761492844906
-0.0014087719483472975
-0.001215592469270901
0.0028547605811802164
-1.3567252550647335e-5
-0.0016237672270663194
0.011332302602329711
0.0027680463492565175
0.010172469634700728
0.024526784147840878
0.035628626765459095
-0.00031055526808126445
-0.00015385280999347329
0.0027263219941947364
-0.0010656710631368855
0.002234761078424536
-0.0008020676479388808
-0.0010241866265078203
0.002959007755646407
0.003084506619393945
-0.009304057945449086
-0.010085058257883186
-0.007669691863603369
0.025549977486009373
-0.004640413289957092
-0.059318739922504214
0.04387206738174524
0.026068726929220676
-0.028537513923425566
4.511081435852074e-5
-0.0010366770117011047
0.0002852822827862681
0.0003270888052299729
0.0004662803679844323
0.0003346536868443481
-0.00018508739089845378
0.001701872926626766
0.00113959186552937
0.00426077148012357
-0.004355853793685704
-0.015528712339837379
-0.008927647235993432
-0.00585633847086098
-0.030166776647233443
-0.04994237288438873
-0.007771448646850003
5.970654044255293e-5
-0.00014171116482317723
-0.0002570434724527066
-0.00019905243153899471
0.00040676531563981703
-0.002943760711573834
-0.00034641628024764643
-0.0013922985558845562
0.0015244883226630717
-0.0037514507186184576
0.003816512245620885
-0.008003389133280813
-0.0038184250831060132
0.002448260534903472
7.797067658270157e-5
-0.05561621521900593
-0.023363592609765105
-0.00016393871662446013
-0.005880238684235791
-0.000525855849399283
0.00030957822346102553
0.003096775181644992
-0.001414558789914786
-0.0015814791408189676
0.0014513391861751988
0.004675778075726997
0.006302017231825975
0.031211121586686447
0.029698887290351944
-0.006698667613239893
0.05688229379632597
0.08335592872815643
0.01824831757743478
-0.03812882326636646
-3.363671827037514e-5
0.00031324117863357713
0.0004259734766616437
-0.0002210588448061161
-0.00034623943370715
0.0024427205218982098
-4.635963404294273e-5
0.0015859544780127408
-0.0008101702281597807
0.004936483099658274
-0.012577919581390224
0.005185379840713861
0.0034913373457606247
-0.013276057919203842
-0.002869142662635009
0.050336028218913885
0.03535602386224161
-3.638008237298908e-6
-0.0056793289995830595
0.0010790508717444974
-0.0009759195808861804
0.002838514011138593
-0.0005488630491922131
-0.004880418637713349
-0.00226872452999187
0.010265758781839074
-0.0004993852787492955
0.009763005046783716
-0.0020295043838362736
-0.009957919036235682
0.05837991165142062
0.04417539635155335
-0.016159745547927252
-0.11047230864518591
4.768744110601172e-5
-0.0016399036407179653
0.001134304781752426
-0.00043286439190459974
0.0004675817676424488
0.0016912513021048125
-0.0006848250085812137
-0.000785712569277007
0.0008944847122267017
-0.0005143410019928032
-0.013084315217374966
-0.01357710386762946
-0.006298821884856431
-0.003755713240715705
-0.028687938476240273
-0.0030618126887547365
-0.007301062190986706
0.0001365847871905996
0.0019652451689822015
-0.0012846798596173508
0.0015856566176251782
0.0004985807206837088
-0.005507769923937614
0.002939042103486024
-0.0005871819549022007
-0.009712578381530449
-0.0006617729851222251
0.01808097381787437
0.0004793178670496387
-0.0034819197774075966
-0.006399529126922812
0.013461497177224273
-0.130045066875169
-0.0746763246911662
0.0001622036628433838
-0.010577069117867797
0.005006506173334624
-0.0023362678737951226
0.0025530706123575823
0.010729162673404749
-0.007503035668264368
-0.004123581893013484
0.016962690794450758
0.003922791690914528
-0.0007768758012219581
-0.03344951273083268
0.022851268929611732
0.0354750519150008
-0.016082748483889693
0.05580516628121396
0.024852361553470644
-0.0001531318734597198
-0.0014502385812552678
-0.0010264057264418962
5.387076081427245e-5
0.0021635050511884146
-0.0027536116740508264
-0.0006146205812801221
0.0013893252851919196
0.002020188761255562
-0.0052180685723202955
0.008499726419366844
0.011154968120266678
-0.007924800896069383
-0.0022533363685842923
0.03869292820151469
0.006752884261783449
-0.003272159376820285
-0.0001037956283887653
-0.00288328381537183
0.0005635793971959279
0.0005858016558932951
0.0015905739814329977
0.000742165541691556
-0.0016762997760541851
-0.001069445822870491
0.003238232452677727
-0.004726440957911071
0.01960389404090269
0.026440759805422005
0.01612956318397428
0.01995696069191969
0.048361766150305595
-0.012591037104484696
-0.027897907731080904
8.283316429629235e-5
0.003775189780388314
-0.0008703616943831869
-0.00018760779672209247
-0.00133741886432108
-0.0029857249063248424
7.897628762054877e-5
-0.0012617448149399206
-0.00012051180153962799
-0.000886629741139287
-0.018785130672655383
-0.01448302009749749
-0.008663951965698323
-0.0057012011235160085
-0.03155698692918883
-0.009739895814107178
-0.0049716936450571346
0.00012390142635385084
0.0019661171311094617
-0.0008049191597676197
0.0019698905746691462
0.00018821275712281309
0.0008943391846432034
0.005141064432804606
0.004441241244050856
-0.014460650817777792
-0.0027160430229289257
0.010892531336827188
0.006749081680466613
-0.003407406117824557
-0.05209258702902533
0.008012530151314244
-0.0921064966010581
-0.07388218220967939
5.788008170863626e-5
0.002849209725594175
-0.00015046005843380773
-0.00030706964373276933
-0.00041784622993931757
-0.0009470810623394935
-0.00027754880084420136
-0.002089369444572163
-0.0031695307196977123
-0.005747765877365976
-0.017509216550489655
0.00318060114354777
0.005920655361353163
-0.021098942651758386
-0.03754502491852645
0.04660876785506692
-0.016337476028924228
0.000285492671425242
0.006605367925332354
0.0007026765776555466
-0.0005462549205404348
-0.0054516755393391805
-0.0005915192368719933
0.002864420577882539
-0.0035996825101722186
-0.007047101291438524
0.012032149665764871
-0.040808652789993835
-0.045702112014431556
0.004092468798077419
0.005399560071070914
-0.10333154544266707
0.015959426238715397
-0.004102846698533468
-5.172252173369426e-5
-0.0016179800214206317
6.202649066174441e-5
0.0008589905638215707
0.0007286074743463297
0.0018165999650331124
-0.0010450334752547333
0.002410539597495305
0.0006972189705414391
0.004135351933207865
0.007490055563518903
0.013054241110636805
0.004838070716430875
0.01326483038892027
0.025219063888284148
0.012887323157112583
-0.009734047329014311
-0.00011579445215615373
-0.0008802103428394232
-0.0004110404237436848
0.00012194145492318741
0.001225738251776888
-0.00014697996637859937
-0.0013099775932553703
-0.0003166067930182945
0.003667067479044359
-0.0031305881374366806
0.0171052526051178
0.016812128689301636
0.01176520744419471
0.009112086398808296
0.03509482650335735
0.034323721394093766
0.0782449290269873
0.0001917960995968187
0.0029283005396247776
0.0012955895682091225
-0.0007493249812344828
-0.004079749501897154
0.003111339139606411
0.0022266419432436305
0.0003439399789261705
-0.0033230037058197197
0.011769176462686066
-0.04389161640045315
-0.054458018884998745
-0.003240839677986324
-0.015123966110838428
-0.13621276747040378
0.0005190120128298612
0.10805423762237763
-1.1519838021657814e-5
-0.0004893863586808166
0.0003363443922701153
0.0002640971414665675
0.00010103550455449768
1.2247682220243532e-5
-0.00017131353814021198
-0.001054036052178376
-0.00028181513716235925
0.0009741143601279442
0.006153978558828411
0.014588474170957395
-0.0011097861715449891
0.020698000677487043
0.020379846504154076
-0.021452689525852404
-0.05307554137809404
-3.3764993128948592e-6
-0.0023572448218133857
0.0020438473179992364
-0.0009948998023916562
0.0014107008734242992
0.0011643587307346953
-0.0011162315311216914
-0.007462771850184548
0.004045872458788551
-0.002886752832534104
0.025059613594737948
-0.014549442636858225
-0.0025462503213125177
0.018919925558056064
-0.006634640628697804
-0.10325332420829822
-0.0850911510923282
-8.880544054290897e-5
-0.0056873527905271
0.001412613982803395
-0.00016078722794124345
0.0019078225968493618
0.0032201494347066473
-0.0024328822203912616
0.0006344088456036514
0.0027291974088841232
0.0013788994752360125
-0.0031214392012745055
0.00928156581662739
-0.0036633793358599137
0.022900110252140633
0.012067110411060815
0.088439541610827
-0.0477204236948927
0.00012834965007151071
-0.00027038875751485145
-0.0008871055612815103
-0.0005647575099950103
0.001658275385651141
-0.004333206833761707
0.00010546702616728934
-0.00036753651589984244
0.004178024565612091
-0.004739821368068191
0.008837536382014734
-0.02427174021546113
-0.023445353403596242
-0.0005870939695314611
-0.021434682079951355
-0.1303000198006531
0.0014348301835494398
0.00023742809388438234
0.019486535371335725
-0.004232610586090111
0.003412366357358944
-0.01017269779969737
-0.014692091326067393
0.011160095404993287
-0.0019558554146653874
-0.02441200291916826
0.004396117643793917
-0.04836633621683648
-0.002587025822122266
-0.019659997488094928
-0.037335531703079586
-0.08370299590967685
-0.05453132232968659
-0.11272497432045983
7.716252166090058e-5
0.0017199176134697057
-0.0011124830970306934
0.001531065167261762
-0.0007345390161466861
0.0018699390954504064
0.0023504416204359556
0.007311998124121412
-0.00412001369552273
-0.002659571621504075
0.0053319429675749
0.009148071241303811
0.00370837641802481
-0.03041955105810018
0.027391459949353787
-0.024043960512022396
0.07952313920292839
-0.0004085169271972378
-0.004998401615119534
-0.0025335256179297725
0.0017318913333054047
0.005716896840824031
-0.005519691136170072
-0.003997781592169375
-0.001226288400103402
0.008161444973452598
-0.02418466460654741
0.05847444559532999
0.0826466159073243
-0.006113878401396737
0.0010389800725807395
0.19291998243610659
0.07765608070628968
-0.15403772705358906
-1.4275611499415887e-5
-0.0014231846400337834
0.0009078075104106771
0.00031154417186760725
1.1722320123129947e-5
0.003059322810044649
0.0005394149511976112
0.0009990903842104937
-0.0017701428310026295
0.0025001662021893792
-0.004287350029031688
0.011916126106888894
0.017038120071216415
0.005664256355148308
0.005024712542764682
0.034693170250739216
0.009015044713768513
-2.3681962555740072e-5
-0.0007081347639459807
-0.0009293741334016421
0.001916134832337242
0.0013614930912773094
0.003428488873341318
0.0014571979172193032
0.0078118705580902895
-0.008880081678940891
0.003915597666610969
0.012732482000945546
0.04248157516353671
0.012560914466416884
0.0159750104169543
0.07369802141846785
0.032710702425546835
-0.0095901811698413
-0.00012485508492524557
-0.001829387965020183
0.0009100294793324164
0.0002993222625835055
-0.000759685112494261
0.005016123663466451
-0.0013019890166355455
0.0024736055487688422
0.005030918317657497
0.0010275936192910909
-0.0003524215726204032
0.03283314725556644
0.01717608318969371
0.018453749367709563
0.03265346945257566
0.19803538135147572
0.09086638034993494
-1.2573670463598028e-6
-0.005443653162886733
0.0012977231569197046
0.0017873755573057897
0.002248517793467945
0.0029290348188536755
0.0012659414727203195
0.0033400394008777272
-0.006419678233169066
0.0064002957312386324
0.02388978382594519
0.044462085290361886
-0.026455781787504188
0.06021260370069876
0.056655612201529995
0.03215401474179109
-0.20550034578693266
0.00018046944286437811
0.004791931712640176
-0.0015174033126415642
0.0005459216477333004
-0.002344529538465561
-0.003802145027090492
0.004586573996668531
0.003990447673492973
-0.012444350928838471
0.00641107093346467
-0.009819785138049814
-0.004996184152142094
-0.02772508428133822
0.0032529995893200566
-0.02342033712030587
0.0080253794437023
-0.012954208546175213
6.5351131078825614e-6
-0.005551905904169733
0.00186891656390802
0.0017428096361973085
0.00019730939973288948
0.006253169163181002
0.0026807234462080986
0.005049291408926389
-0.008442003434292572
0.01726792547966776
0.022319164070334355
0.027623439433214242
0.004094619567549907
0.05652023908391242
0.0523929279405026
0.012538616802119491
-0.07639137248536453
-0.00029077637093154993
0.002716223637040096
-0.002015967366618981
0.002794958359407766
-0.0006148501802492293
0.0006534543927500376
0.003330677862319569
0.011752094875114125
-0.01951811764116165
0.009777480811253403
-0.000562165328962777
0.04635253163552483
-0.021846146934289552
0.00034488272750634853
0.05286617182981703
-0.04191058647427695
-0.11058664852202435
-0.00013022782308689867
-0.002512022739124942
0.0008912052515932531
-0.0020999227954588014
0.0018366855430395857
0.0036952986608376997
-0.004714757788059748
-0.0027811768408547767
0.005816460983173701
-0.005449426306233516
-0.006665505548185239
-0.027204660944920432
0.020948492036908413
-0.022906740059627093
-0.008433112599015717
-0.05281081433120235
0.152522809904607
-0.00015528606718899157
-0.0021926294527655297
0.0007472689610392286
-0.000985411000538323
-0.00034431035782020317
0.0041870156019088315
0.000681316655146018
0.0012230758796946347
-0.00199042620639632
0.009232145520821362
0.0015618925025695802
-0.01625863236148206
0.016590380740218572
-0.01652206790947563
0.0032155979829551827
0.010929764959228865
0.1626312579362398
-5.95230939553013e-5
0.0024116048856289733
-0.0008355489980259237
0.0009273690512708505
-0.0014421930797034197
-0.0004539782595666845
-0.0004113043051293706
0.001031477900607421
-0.00248471281759851
0.010594152010344134
0.011856934423401556
0.04718382721491827
-0.000775498433466016
0.039617051558478104
0.07717094949658938
0.11025797882833928
0.0011329073751212783
0.00020530462391851701
-0.0017429550768269034
0.0007327613063707505
0.0018356629931492903
-0.001171417903263598
0.007808685615772877
0.002553657243897849
0.007147621616716538
0.0005029058149472064
0.0022507517956955572
-0.00387990260553399
0.027212708395912315
0.03238701672923593
0.0009771466783655197
0.026067910069592155
0.21078642071235787
0.11634959118405305
8.338297214388554e-5
0.004428208426376272
-0.0016429001327480234
0.0009634610889163263
-0.002040636138960657
-0.004745183229678969
-0.0005591611168621876
-0.0014887520338933223
0.007257456064664925
-0.015349014335965255
0.023153259630536716
0.03406753120910199
0.01906524654186646
0.006722508069875433
0.05512410153050895
0.07204634367623752
0.033896320676521284
0.00024616071969408643
0.0030874923296588903
-0.0005557982595380174
0.000194720184913238
-0.0015408832746099102
-0.0028586215814277688
0.002566476830982533
-0.0009341572242638644
-0.0058853110839848675
-0.0016641832105649332
-0.01593995990323983
0.0008536619570080736
0.019678838211600484
-0.03130971526640779
-0.02151077338420245
0.061254704009153095
0.01990692787263316
8.969515456359814e-5
-0.00018081351377698568
0.00044724976805402195
-0.0017302722845203775
-0.0003351379823764863
-0.0012616974478227205
-0.0025372206246022096
-0.003582914910158289
0.008824807958869352
0.0049518263912554285
-0.018369464860731988
-0.05946472333337854
-0.014997497824716129
-0.012346272591675572
-0.09684300208330786
-0.06636154545620859
0.054458707580694085
-6.21010989518347e-5
-0.010943436469241265
0.0035770272545829823
-0.002349377976085659
0.0070074892433673415
0.009966150628914287
-0.008929578721554442
-0.004549767703930627
0.01631308556452771
-0.004502287981690948
0.02106482164228806
0.0049190607378846165
0.00618525194961645
-0.0012381841545239386
0.005158360368060628
0.07503351962092082
-0.05688178140495978
-0.00011776862340093558
-0.005555545403119289
0.002264692011431527
0.0002930624432613039
0.0032988119304254706
0.010938207094351346
-0.001897109722634543
0.001041204804446563
0.004445304985601029
0.010497105528764553
0.026503762482115615
-0.014963147123716077
0.0050840979369054275
0.03516850343150268
0.012035605910845758
-0.09913247507854182
-0.10196609879028815
0.00021420898500370563
0.008448493533556365
-0.0018704305771351769
0.00080116217030224
-0.005801954467922461
-0.007276258355516453
0.004923546015184642
0.0013069751406520626
-0.009052749778607672
0.016686981571648978
-0.043042976171131335
-0.04896154608646673
-0.04685766087329014
0.03042432454035365
-0.13358720746366134
-0.09443399660501774
-0.09301206027073404
-0.00033245455998123953
-0.003922509646997074
0.0019029772636310201
-0.0002470142168834656
0.0016188475278399073
0.007914962102648084
-0.0025270666628979294
0.0014571147551781384
-0.0007078100816745028
0.014208228908473132
0.016429145102797364
0.013866160380155385
0.002741317217029945
0.03402161363452579
0.02481633563685178
-0.04440969634425133
-0.018308184244384747
-0.0002632254829504258
-0.008494218091469458
0.001856972466044043
-0.003915308425126321
0.004610005550813138
0.01063942387903098
-0.008960964432854227
-0.004789607189662272
0.016642314633703168
-0.023148186423862554
0.0432604628878342
-0.00535292577251225
0.05341358801066876
-0.028160911267188816
0.10214453596868313
-0.006158841010542446
0.17606317920077721
-0.00015027191264911676
-0.006614796541962172
0.0024134424466993477
-0.0008174605538379954
0.0032334743852171985
0.009426421274493828
-0.0028421167402375423
-0.002153722476900685
0.010319967988456526
-0.002798841090846231
0.04045177470703974
0.009031666392450418
0.005576066871841738
0.03709396694422377
0.051664822073377754
-0.034051826760722034
-0.03021103183560378
-0.00013458487154067726
-0.004384523986559985
0.0020707988342290877
-0.0010212453236727876
0.0005971481075894166
0.00504258480418082
-0.0024493220662847224
-0.0017695374073771048
0.00428400127517644
0.00667941132409338
-0.008996267357950293
-0.04674369778068131
-0.009333694358695807
0.04944359534081272
-0.04755634736783115
-0.06769454643660906
-0.14134145999353043
0.0002220387790306789
0.0043990495910904035
-0.0021477843902635565
0.00048401275787174846
0.0005751684644636459
-0.008620879390321618
-0.002035022865965325
-0.000133416224654331
-0.002392573128656751
0.006266805002025746
-0.003502873890947668
0.014697947221008558
-0.0027444713120712673
0.05092628353034426
-0.023521908858457945
0.03239971551761524
-0.09012042951895777
0.00048507000953941975
0.0020098356339801173
0.000718212593377995
0.0015891528332420146
-0.0028683881551448626
0.006486289086598383
0.004392885385850923
0.007504411076831341
-0.0037224576818835676
0.001816679543019683
-0.02885702708229768
-0.03155537043683093
0.011361415314781543
-0.061862224512494776
-0.08119426553556182
0.07159835369464418
0.1287903325722702
0.00015121909714440959
0.007239130319218974
-0.0032870076060953026
-0.0008827767194754234
0.00028457659986207373
-0.008615492572658192
-0.0028885771468498684
-0.003476648487264235
0.013928576070202304
-0.014662410591533266
-0.009268666601015082
0.01058115795098879
0.0019733269463273763
-0.04169199806413577
-0.024460027261822892
0.08523531524353253
0.040409877602036515
0.00012451570724354404
0.0043533892960950305
-0.002469205606944842
0.0007030854823019058
-0.0025392541317106362
-0.005213807961752319
0.0023927100486891067
0.0030293759146559555
-0.004275452008368916
-0.009016806486903464
-0.005406305407383605
0.04412016626351115
0.021419287000796705
-0.03249172876386098
0.05060380114608602
0.17120330621592
0.10825400415615571
5.395472844039422e-5
0.0015326100781412764
-0.0008463409410634996
0.002443998853855286
-0.0009773528382692816
0.0008419421589982272
0.0036973811737390583
0.007253328582978835
-0.011341786547461742
0.0002026712614970393
-0.008196916022677143
0.042023575754410805
0.015756993675201433
-0.05396021494146415
0.029687854453276468
-0.004360967339028454
0.029664947420677726
0.00011141629982453613
-0.00414195907115867
0.002869402285606826
-0.0014702454392143114
0.00027830871921567124
0.00571361428540156
-0.00470146215063793
-0.004125115298827439
0.011717564223516
-0.01716327869870269
-0.0018656153692495725
-0.009477141824236257
0.005056701925144206
-0.007982358643155758
0.007573238289465537
0.11142766979795753
0.01586359577996752
9.720217146842813e-5
-0.0042498891760171026
0.002438575485395208
-0.0031029789819300825
0.0027641888299727866
0.00670389859000615
-0.009186147965478448
-0.007706552286611776
0.013058245942345148
-0.010384451855392591
0.010976331047115023
-0.00950817542173308
0.028596889505006013
-0.011136612267737404
-0.01069002520957588
0.015299965115280255
0.020369604128201164
-0.0004191336151606239
0.0005373277338863297
0.00024396684523407398
0.001260737434906086
-0.000907779939172095
0.002844553052167367
0.0012947289998797762
0.004786393785646751
-0.011785776283292719
0.012498813739637196
-0.0015993470425773994
-0.010321493175525763
-0.017858051852228773
0.006956863163202855
0.01101673938239889
-0.12113855206574871
-0.048578551308649964
0.00011958810636670668
-0.0023923368357309845
0.0011905017387372871
-0.0004262254971164293
0.00021270688250254612
0.006126207498881659
-0.0013888921137684249
0.0004859123501547558
0.01941426500385803
-0.010381684442541093
-0.005912132720954314
-0.0036905088378487733
0.022238800355033075
-0.017213244748363204
-0.0023140850570744693
0.24042455334762838
0.23907207123168667
-0.0005794026165788124
-0.008137475146284441
0.0016439829988245944
-0.0030540934251232854
0.003254359880619159
0.00857149302311462
-0.0028836222898690296
-0.0023005017592835483
0.00014945000784113313
-0.017101555380984974
0.02442107968211271
0.0005659211903305511
0.046645750021961856
-0.0019427159305308301
0.11329959230753647
-0.03215339377232964
0.06430800375529216
0.0005404782124329888
0.004666525390154941
-0.0011473282220819492
0.0009350529357461435
-0.003550880095918582
-0.0031368286519718007
0.004444131597070562
0.0026880221634720536
-0.007073539586067269
-0.01015839985344439
-0.008237804886837084
0.014737535729512731
0.02187220671293498
0.014563735297745671
-0.02915898726981629
0.0757630118062397
-0.011442233363385304
2.2974616065907087e-5
-0.0034676716922387536
0.0016196236670619037
-0.0005685097610490615
0.0021536378229134842
0.00755359535179501
-0.0026347230303562954
0.003255112641053457
0.004197148615542424
0.00850128882383125
-0.002618306673975624
0.0027785357105553337
-0.005900901021661138
0.04003661556846313
-0.05609694495928798
-0.0103964838669099
-0.06953183258485215
0.00027417659347697194
-0.00479482093032984
0.002642487116642334
-0.0009962189186095542
-0.0021945284592191075
0.00957149413480437
-0.002122378408960129
0.0037479962514353283
0.009345564495296891
0.005551467452365371
-0.013265195634591194
-0.03485284224612078
-0.0014989282041807026
0.055140930622824005
-0.0664828380617252
0.009544444756236121
0.06587161579248636
-0.0007745338736271832
-0.008662476343445425
0.0039513039803766295
-0.002882072324156709
0.004761060286575413
0.008607437618631324
-0.007816720989505354
-0.010518035743810224
0.014843349916379362
0.00801428475532004
0.029705355167668087
-0.009587168353747063
-0.009228628082269898
0.03254892802328442
0.05419688665343918
-0.0674531515572678
-0.12595705017066994
-0.0006724749302403686
-0.004945352610792191
-0.0016263447039661207
-0.0030313797046411643
0.006066199487813209
0.0009542847512598831
-0.007730965319710201
-0.000468051134629398
0.008132550171307911
-0.02150917361695526
0.03871788853937381
0.04940347891272566
0.051773642400492315
-0.02037945361544693
0.15714458890257987
0.1595611081164744
0.21094360548890906
-0.0004660469201585721
-0.0076776626578195515
0.0034943903814428964
-0.0038505328073739613
0.0026660111184388627
0.0034601623284367896
-0.00824466454419316
-0.01106677682577071
0.01600744743221255
0.00946131419587901
0.04189008660191257
-0.005059379653643392
-0.01619967140593351
0.11536009667004099
0.0017733944431028192
-0.06919087216700771
-0.07313314958853856
-0.0002336292818442553
-0.0025335847559087637
-0.00017749612523627843
0.00017878031865543805
0.006590438035981957
0.003432315073287796
-0.0038886934989803587
0.0007835590610211502
0.00047854289572505135
-0.004049971031311368
0.02749933776452852
0.059122409886553984
0.025377258368705063
-0.009133550139212894
0.09412822849285295
0.05211345709029834
-0.09788495306994918
-0.0007763986593820026
-0.010771119959543779
0.0030101636960420865
-0.0037799262697600874
0.0035596949873475422
-0.00026452713414594297
-0.00843919326062312
-0.013456663060862083
0.021401909887749274
-0.014025098764705203
0.027615508887139213
-0.028878053044562278
-0.01120724231534405
0.08401176112530005
-0.016340708639419103
-0.10266311411779143
-0.22435139888644443
-0.000413092591904195
-0.007069272717195417
0.0012269351409252346
0.0005951753975614966
0.000999687471183504
0.006526319323253563
-0.0015363793453554927
0.008590850456472668
0.005908019826846549
0.0023895864800448207
0.0059329953890964885
0.02167656409916868
-0.00554076175980135
0.09596259517902866
0.0479966630581475
0.016456599752776656
-0.014355639744607998
0.00020600926154800217
0.0041184350179104615
-0.001077310143255453
0.003169211650450764
-0.002187321644297954
0.004567969374470829
0.0029557776226210772
0.006287109073646381
-0.00811083997354582
0.02214060621105226
-0.00534038529055457
0.03142395404359531
0.03572586138921725
-0.016624912889774718
0.05596419290110881
0.13992137829821447
0.06926504971727304
-0.00038754274265961246
0.0013227126770170594
-0.000631505202148775
-0.00025711593952874667
-0.004514130619031816
0.0025986006193916868
0.006730354955478545
0.0075053833750146435
-0.016138262551574006
0.021399108235671288
-0.021397341328231352
-0.015007105962563388
-0.0030116653120717558
0.053796062647274615
-0.005841421104122102
0.01947936167935776
0.01814863544773468
0.00021247316238560257
0.005292683152183496
0.0034571244179590695
0.003305727474014167
-0.011242800139514394
0.01103848869027586
0.012698565943493431
0.010012185528966315
-0.026620092650984577
0.036049818149169785
-0.03805080085912014
-0.03284964657569521
-0.022612550644198082
0.05274055252450834
-0.12397397475531934
-0.05401897933383751
-0.03270214584947032
-0.00051308638165191
-0.004170744689479395
0.001275263742879786
-0.0009468007604457709
0.001765072256078059
0.005968601115770542
-0.0004836163535927659
0.002664312728567011
-0.008466523098428587
0.012742496313792278
0.005260978257548596
0.0073399910625574615
-0.0068903277797735364
0.04559616624554202
-0.006835770350024218
-0.03846185668523759
-0.0007122069384490062
-3.6214934891161206e-6
-0.0011921860999088109
0.0008256694165556227
-1.604634950598647e-5
-0.0007198395380268286
-7.16587829221069e-5
-0.00022163609062061872
-0.0004893768679133249
-0.0017692899684893476
-0.018633969729671407
-0.020942708443607235
0.006450794132185157
0.026314466001834003
-0.049023244301690305
0.022578263224425157
0.06096433221085191
-0.024535225753232543
0.0005898366404145108
0.014840014821761692
-0.0011014985323721728
0.0017224226695669038
-0.009814654528364015
-0.0037862097702378544
0.005899583591611617
0.0005010522043492874
-0.0183014006695236
0.02841856459946034
-0.013706291286976082
-0.016363058994695645
-0.018093944041302917
0.0948860175247845
-0.11881909453797376
-0.13450917806903306
-0.1806824217129953
-0.0004550420914088021
-0.005907165079303339
0.0011171514752511041
-0.0021275803052748657
0.004295169324756502
-9.33795599362309e-5
-0.006286267806481962
-0.009683162809144087
0.017360884865502
-0.014627588772370411
0.060076297665206745
0.008674036199660366
0.02876151891726155
0.04814991675467405
0.07361178375491345
0.029479573779102243
-0.010768048897653348
0.000584791419599394
0.011859458495693902
-0.005347430684179905
-0.0020774350202337234
8.436482488532143e-5
-0.021983375062608994
-0.0014409299875227004
-0.009412020371254442
-0.0017031485996325483
-0.0006312815779545321
-0.0268310579825241
-0.01945276176824412
0.007911347805692224
-0.08408156690859916
-0.006322937782066082
-0.02241658970548889
0.0013666924492836067
-0.0003941175639227097
-0.008402073256527795
0.003251365046252159
-0.0015875322564209485
0.0013232283752572388
0.006090446394404382
-0.004040084755179119
-0.002613243882892228
0.01758541320944191
-0.013428270874148615
0.01591512163582835
0.014549871186468227
0.00918794180918307
0.05452686140111312
0.013538276430680172
0.13622626329394005
-0.07451272851253202
-0.00017980092703667443
0.009684344774697755
-0.0034124919010595878
-0.000574638320342938
-0.005217815589444798
-0.00914705449720988
0.003669299375442448
-0.0029359264625293327
-0.004476126299286026
-0.0007099437031699325
-0.00043333161655857537
-0.0072282219027633935
-0.007789147608576716
0.005061520837541309
-0.0015764889374571428
-0.07984516899147588
0.0005723408504379575
-0.00038802779648145814
-0.00639896250189997
0.0017151657783516557
-0.004715195020850578
0.004781853644519215
-0.0014716286349894282
-0.010466035781104362
-0.016642722994611298
0.02938364978275633
-0.030486230810242456
0.021563547810312184
-0.029814282839073006
0.010799098719287456
0.011316926920925905
0.021679609678467205
0.04613667067560937
-0.021492929661870715
-0.0007836688913320977
-0.021357814703900913
0.005924669616413433
-0.00304967294869362
0.00211728372972917
0.026552904238822235
-0.005835529862404396
0.006408634880642595
0.011864791886887324
0.010215056485604796
0.0017319652206576309
-0.027613310835841485
0.05490474796719711
0.009723900907307459
0.12845604341622124
0.07578113907271813
0.4310371333769796
-0.0008303617593980801
-0.010433590919676347
0.004766349501868429
-0.003052278132654555
0.001035598769227197
0.013961792316113563
-0.006704649599368314
-0.005059764067548745
0.01628249215365198
-0.021137801844939828
0.027409461668658784
0.025453771473293606
0.020910965650055166
0.07286119771993561
0.03248781536083107
0.1787877756143273
-0.028920497398619485
-0.0005101970906785687
-0.008824465712400689
0.0017960929998359198
-0.004905136353088954
0.0054742208135233165
0.0006279691154381515
-0.009364365114276078
-0.014433987145404515
0.032122132024074455
-0.02706302486535361
0.044044503243535635
-0.08111750640577796
0.017936679530745805
0.01993825499898674
-0.020420364273968587
-0.11616209149007024
0.08949384119319627
0.0008495326114004053
0.008740959557462138
-0.004820751366082411
0.003164759277607121
0.001179874487735163
-0.014433858214853358
0.00042401937548306774
-0.001064902104141716
-0.014031193295734054
0.010990380447753752
0.04682705125726588
0.05569744995590588
0.015298132167991701
0.01585947385406565
0.04944618716364711
0.009990550853325385
0.03672305515029182
0.0005052516596861783
-0.00867995900862738
0.002853985881961779
-0.0007687499143870604
0.003978805518463841
0.0066058083682771634
-0.003197734322365202
0.007330659249569659
0.019500059132051252
-0.0004309784300627604
-0.009306293227067273
-0.02525013275641876
-0.04246860486674481
0.008371151497063613
-0.08069529187870096
0.0314148030295305
0.17629564208245668
-0.00016615785567973207
-0.0005328183269991227
-0.00017114114660842465
-0.0017852512883612674
0.0007410292959043602
-0.0005462669984460824
0.0006687497385800063
0.001813464549105073
0.001679936012209964
0.018484287179713527
-0.026650474555541
-0.04500463582670652
-0.016048484513371652
0.016503125015985533
-0.06144890400256767
-0.012332113268147751
0.15249962089201605
0.00019327159483722279
0.004011298448225137
0.0017836646704849572
0.0017751236246385824
-0.0034675938781295176
-0.0007634388935987981
0.002099966048896054
-0.0038994698072985765
0.0008102972403823406
0.007420561455959029
0.03501260231376019
0.035331993465407725
0.009960252967478355
0.04725887841535335
-0.02045555855182828
0.060937849607006454
-0.21709817546930305
-0.00034850150584332564
-0.0013739230358318455
6.813490930776745e-5
-0.004515816732511667
-0.00032807652003792316
-0.0030425672176320026
0.0015300776292466055
-0.001976481116010737
0.009431648739037768
-0.004012602524842305
-0.08463955201003058
-0.04553945946047355
-0.020018134945141174
-0.021585298269728194
-0.1638142192789297
0.1339167371540423
0.023319193482266614
0.00020242697835666225
0.004460755393955906
-0.0022558663862094165
-0.002837161699330205
-0.00021599275472690052
-0.00887833851477838
-0.004856772667094574
-0.006451891071115697
0.006163932730037057
-0.01401530611515665
-0.030481869886852093
-0.025552580016620422
-0.009709868615219563
0.02649834057433774
-0.07690928780001227
0.05229045089511393
-0.06809522623177662
-0.0003199636377656617
0.0032653004373450452
-0.001256376049856226
0.00030443538662535416
0.001179421124240779
-0.009161133051434173
-0.003675863769957265
-0.007950227401731007
-0.008587736654721114
0.008849880312722649
0.03189623209664314
0.04786622154764343
-0.0358086485256255
0.03856358590010382
0.12741873496866693
-0.10588551252322932
-0.2619242253727238
-0.000959740861207179
-0.01491435751496864
0.0032009706074754463
0.0005346151756897848
0.00385959292446725
0.021421023184406626
-0.0031206912312531005
0.006742902749872877
-0.006022133022247374
0.00043371244013953007
0.030474487011994823
0.07366535939742316
0.07485196988293386
0.05212872470734012
0.1821643637780116
0.30691568760447485
0.09363689630892502
0.0006332290440300706
0.00648779280294127
-0.002005223967803061
0.0015564619076648518
0.005152372215114473
-0.01456132222795604
-0.0034289429926905313
-0.005231858200492088
0.00126861431488585
-0.012061862987982928
0.03155002341233569
0.025195746617521074
-0.07935166842275145
-0.03758598815272939
-0.11131368506367609
-0.061636388734352184
-0.20291945830308666
-0.000614748763364024
-0.008349146109761972
0.0015270493803133801
-0.0005463286522507994
0.005135333930845097
0.00933331333766796
-0.006104875525186613
0.0006915041184748071
0.0053068591088520295
-0.014824226893402957
0.060395301956996966
0.039122799197748734
-0.031092942722327176
0.03787036772492859
0.15038191186244185
-0.1844430770221965
-0.07970298262290644
-0.0006408717347178409
0.001475891937674145
-0.002345876286190344
0.0024627887090534783
-0.0029050498238243085
0.002424925174678893
0.009439667275502037
0.0090543470784922
-0.029241421959987232
0.0017595950282004455
0.04735855424093596
0.07151517111480231
0.029700760264451953
0.03019830445128377
0.1210595874699287
-0.035334735444049144
0.10267899609590707
-0.0008121604346906518
0.0012129209826682106
-0.00089809368976119
0.0022015305186481224
0.002677290902893542
0.0014575111232377955
0.002062764777667016
-0.004504723521526757
-0.022701507253377717
0.0028045408379642625
0.08589888294915288
0.14841174439062974
0.028248700121718498
0.048522965387070446
0.27853464532479755
0.11760078716893703
-0.19774793493458245
-0.00044118461425149305
-0.011957967949966961
0.002491853695078704
-0.003702384051736474
-0.0011459587134979555
0.011561918869925863
0.0025894272616951586
0.014527783577772027
0.010894874311345679
-0.017300418436807807
-0.024396139523087418
-0.04284457442240334
0.026665607184986343
0.04176553106727865
0.02847623416606087
0.035785777551270485
0.279435385089406
-0.0006448844231525066
0.00107198555538259
-0.0007949263022586524
-0.0009023255769237824
0.005005027501063391
-0.0021233615384794783
-0.003961606627021961
-0.008556634663550078
-0.004721628596562328
-0.014568743649091978
0.06441123525166054
0.04806007406888694
0.019590984749890315
-0.0009855110146025578
0.16095678726153564
-0.14594728160529882
-0.08764825547280738
-0.0002051228967238846
0.0010677218589383046
0.0001281585149967235
0.004971213910049823
0.004229903994780295
0.003928875861383011
0.00418664547012411
0.0011210416876593992
-0.01852975742873492
0.01076998027591553
0.038212641889928504
0.06540867639471919
-0.048848150697297345
-0.01876789928436942
0.07724427549414731
-0.0474386404654677
-0.42692223258528783
-1.1125560805566774e-5
-0.002849189521172713
0.0016586574045135893
-0.0003305065769480833
-0.00016979727131530035
-0.0037984296643552174
-0.0029850996263430965
-0.005088762271281282
-0.003917440179395538
0.01040700997443906
0.0009172363016080606
-0.010658773670489122
-0.05124479013300826
0.048532018575584215
-0.060752813799026806
-0.10950076777267496
-0.318737406330018
9.205257150417008e-5
0.007775457498327807
-0.0019754366305786064
0.004652012066901618
-0.0022892819926564677
-0.0010815729106143405
0.014389205070975164
0.009359898443661198
-0.020570920397147086
0.013510247150380902
0.03875841670031467
0.020239407861952736
-0.055918890175360676
-0.07781240639372068
0.026390978696348825
-0.35380019677824925
-0.06545532727437048
0.0002095773945262906
-0.0024413515923081544
-0.0027854822028285037
0.0007268194520795781
-0.0006655157715896539
-0.002063346337359714
0.00016898479928381658
0.006555832169417165
0.009861987578540555
0.01402122037469826
-0.04605178859764866
-0.07184062460579145
-0.022385154707809746
0.05173924517930096
-0.06440697564242656
0.13942302588337377
0.01221620549277708
-0.0004355463838815527
-0.0038248471533953972
0.002790663117414173
0.002437087454862679
0.0011453829658016894
0.012440429081051911
-0.0011732500325747782
-0.0004257836277630001
0.001463778703232705
-0.007843400066571696
0.05361440284110468
0.06324632480209724
0.061520038336892645
0.00445103798319845
0.1863245971310128
0.0794779332227076
0.03799178679875517
-9.764524033950667e-5
0.009176520168535183
-0.0005527994619085051
-0.004318209521464469
-0.008068234151133063
-0.009026287127963321
-0.0041561277813526
-0.021177615319034535
0.008316861109403967
-0.06007215117529909
-0.010855304095147622
-0.03369574850398026
0.12756330728735824
-0.037068413329414976
-0.046703479516615694
0.07469979405926441
0.14208196205991355
0.00013765466359521084
-0.004485880129932754
0.002466086800345347
0.0035468483644128944
-0.0017616447813500664
0.009589747357492295
0.006656433133039712
0.015031635518953979
-0.0250116912215113
0.04047338885448685
0.040194413797058744
0.03780541085915808
-0.009708572685281133
0.12861923400311875
-0.0596578655981094
0.008028584824563654
0.008951623511038329
0.0010223007800936328
0.01924955395480557
-0.003831395062458392
0.0010437415549998945
-0.007136648263561558
-0.017963969885636064
0.009104843206261768
0.0012049195947971452
-0.013141786441637684
0.01757472368893789
0.0019325742779668987
-0.041370336202085765
-0.02739350630062932
-0.05187358917516829
-0.10509929099638729
-0.26924593343290987
0.025118796788933154
-0.00033357158495136426
0.0028969866027874387
0.001728069107995697
-0.002512856585659068
-0.0023145767394686027
0.006404990800696775
0.0012703692474825361
-0.0021852396852596457
-0.005143442700177325
0.05889747880953718
-0.05389584361316059
-0.03159022955752074
0.011428759668819895
0.05847536757795372
-0.005791454415689113
-0.09221719057842793
0.02693626366681104
-0.0006792336086507864
-0.00527845614185791
-0.0006454464629066403
0.002916445498692003
0.006758843749432414
-0.0004814255611325866
-0.003438129627258468
-0.009006193147889594
-0.007706769554893127
-0.008966383880812376
0.06918596163720328
0.058674325143500475
-0.03699790457242951
-0.020447853867150066
0.07238518954139711
-0.08638169281087589
-0.13119806738314607
-0.000384307187395868
-0.011497620310413143
0.0059352279460545485
0.0015818733521894026
0.003634168539332425
0.01985939617550017
0.0014867664447068849
0.010839398059806354
-0.0178540367923458
-0.02061499333964941
0.04878849202591435
0.07442337680946139
0.06765602143106303
-0.1269641256460491
0.06337629661595749
0.1640705650632444
0.14884079736097983
0.0013633828040974768
0.014682196050649918
-0.004672525059648116
-0.0004969644990019547
0.0010001702384370647
-0.026123140479944483
-0.0016152782817985887
-0.007820018453096338
0.016559895004725284
-0.028601601492083465
-0.04660792506877928
-0.0345380910903985
-0.04941750563805033
-0.08335634386189184
-0.12749276034845822
-0.11261560422607365
-0.2695023685098185
-8.484290857731898e-5
9.20527043478799e-5
-0.0002582943996718857
0.0051915909127783185
-0.005091820213977139
-0.005191798755293267
0.003528701006160127
0.013139182178894602
-0.008237273565138415
0.0004313802578736061
-0.0861495964159847
-0.050955901751468566
-0.06260141765859711
-0.04617640233011889
-0.09307896886233526
-0.1094387693876472
0.013033820526147443
0.0002868715290640466
0.00485237133374915
-0.0030789540546009033
-0.002049923259446646
-0.005845349730108595
-0.0119302370630047
-0.010250571520885677
-0.008757382348377765
0.026390009968245965
-0.020420549996542935
-0.09271899267084753
-0.06034836483268594
0.01654638264037968
0.07557298139887607
-0.14481035062994854
0.2869073135310273
0.09501228444748007
-0.00017152955347121256
-0.01419418842798665
0.0043086813553609455
-0.004965414953906847
0.0028816430355713607
0.013493388149486167
-0.005454862317668081
0.004302197858723361
0.021080873847290876
-0.01912907354190185
-0.0620589517348204
-0.09084191853286216
0.03032525195412624
-0.04668281188476844
-0.05461507431186763
0.09790569720605086
0.3495202125742276
0.0002997634312132454
0.015532761559301327
-0.0030415757549881557
0.0002865521234865995
-0.0054300460493117
-0.013454071847567911
0.011580093467545531
0.00858131467634981
-0.036047416993419824
0.0192201352459443
-0.02225144365604807
-0.024073893810985465
0.0342728877059103
-0.009789165608210859
-0.0968511320655161
-0.059947178454346474
0.2296602831289319
0.0004818559536278795
0.0025938520489678877
-0.0008879544547659388
0.0006116118670173512
-0.004892953564128103
-0.005498205879939165
0.0023445015691633177
0.016225593433954615
0.015352892658693579
0.03042028308874407
-0.09337412192508404
-0.057827811680075114
-0.06522593525859677
0.07591017070596102
-0.227498804432418
-0.01844796089498428
-0.05220999486384159
0.0008349596295778916
0.00988383314648157
-0.001798028293575026
3.79289059719401e-6
-0.009754373790328494
-0.00670535582569964
0.0054593785335323355
0.0004568853433150803
0.01135123900222886
-0.007785262848423581
-0.10215522972258644
-0.07524975525724982
0.035506882747480636
-0.013224872321451335
-0.1909687784952631
0.47545310362630056
0.12826108083732043
0.0005998817176610286
-0.00022729099215333066
-0.0009262027053423938
-0.0018312889778448974
-0.0002899869292308657
-0.0099388709251985
-0.005807747388582476
-0.005546318420177621
0.014496804387926493
-0.003279898073131064
-0.012349690950838266
-0.03912626219599349
-0.034192056527435594
0.12917158210851415
-0.03382540165644761
0.08302717417496797
-0.07775833390699304
2.6909098897385797e-5
0.004483818568396218
-0.003869778972454166
0.0010037271652015654
0.00467292833458864
-0.007404092884962349
-0.00855797406731298
-0.009804005961668633
0.015049699933073266
0.0074194505209197875
0.06622328439995703
0.06784281997685936
0.0362428481750493
0.007060805974491604
0.0929206714290478
0.07075487217520185
-0.21222361494596395
-0.0005209454529664369
0.0005531900033606523
-1.4089553556230984e-5
-0.0009328570645123214
0.004748755463044068
0.003261846166106066
0.0001383826092290111
-0.0039123719163199466
-0.013152234126136251
0.022448507247488432
0.023304040484458353
0.0034817828234858443
-0.03333715616842499
-0.0023903030273339535
0.05296719239802384
-0.29628022704403095
-0.03159186831849115
-0.0002521608728914073
0.0010152045455073385
0.00015607862173301528
-0.0026726363539442462
-0.0068922710852125325
-0.00472993441070516
0.00042262476350777016
-0.004514663740915662
0.0071383552786257
-0.06701947577180938
-0.03289401822878476
0.020377459751682554
0.0910148270371316
-0.09692464002319381
0.08576678325243503
0.13805259756236232
0.14381031385732262
-0.0001870255720233473
-0.015373727858586332
0.009317367942029153
0.0024197328112697154
-0.004845500286226403
0.03203745018489756
-0.0014123584409781284
0.006446303868487008
0.033687559347107536
-0.04504108893513993
0.057959980779330636
-0.02864874287041421
0.008554618341469377
0.047953343195312796
0.021482575066371242
0.15077549734747525
0.17324077401699647
0.0005804174976117732
-0.002193129855407299
0.0029298674754450814
-0.003874704314212793
-0.005459685618859657
0.010376321656429878
0.00016777358987750922
0.019974008795332197
0.023684478706224647
0.053450862888949825
-0.0852532057249103
-0.06635571525070694
-0.023484921769507068
0.15710394270999933
-0.17755183034975303
0.34507657491131216
0.29842003202646034
-0.0023537614156196097
-0.024409196650002934
0.00685537399682509
-0.004872185642526526
0.012397494619739621
0.010757743876692935
-0.02243374994623506
-0.014024787360117408
0.025477225217398772
-0.002488892251320562
0.06761363815663708
0.005647222760513249
-0.05204353766818055
0.050009167640871356
0.2703141982407778
-0.5942247835050715
-0.4343377481755103
-0.00028382115211699556
0.0069369563451727465
-0.0010804742406137389
-0.00024839163979846447
-0.004846960535667591
-0.00446759691706592
0.012506408373300682
-0.0025260893547215868
-0.018693868265428785
0.016098846245447315
0.033579022451934726
-0.028789299677855252
-0.022049080781717405
0.06605201189556104
-0.06562344274986788
-0.1947240906402146
0.1155140189378468
0.0008679221508550074
0.008230395947570811
-0.001894641172333318
-0.002513026694563205
-0.007302801832347127
-0.005096628637685492
0.009712776062225377
-0.00044441808530708396
0.020660231647167786
0.034144431921526275
-0.041439909001731605
-0.1123049872935941
-0.011314428161159918
0.03497636724861794
-0.05538968051069343
0.10960743229809913
0.4179734968705727
7.18955595062536e-5
-0.012482721740492855
0.003524446849941199
-0.0007828464413644763
0.006511133276841983
0.03155214592105174
-0.007964115554715073
0.000565790832916688
0.029199506967683232
0.04413578679325294
0.08699656922145724
0.03299101990349919
0.04626492591399701
0.12702714120638908
0.11664645772996979
0.08011209693005314
-0.1224455805088372
-0.0008827202723208842
0.00032146459220649986
-0.0019677830035933503
0.0009761511586230665
0.0007568636397666122
0.004008841478217792
0.011640431276465496
0.016141350186218578
-0.02959003443545427
-0.022404520988395238
0.09012389153441872
0.07030661139716028
0.09471879435393904
-0.1121510887331242
0.18308731121667784
0.25372313659113316
0.5431267633402277
-0.0002826385581841829
0.007946831986896307
-0.005575422180482189
-0.0011127671821696138
-0.006014018125201313
-0.004948433181970653
0.0003406388490827895
0.004780493948748037
0.006787349030963174
-0.04697930099742444
-0.03562603276951799
0.007064948109989863
0.04993960142476907
-0.041011360248413925
0.06504638085964312
-0.12430085960946545
0.2422829317428144
0.0004828008962348663
-0.0020991102769881845
0.0026599640362516006
0.006312895402999289
-0.0002397081025300278
0.024997316155220307
0.011576075921185402
0.019694261720318886
-0.024019931558755106
-0.01801725633055712
-0.006607644151621893
0.05055798863214636
0.03489468028005537
-0.10340202371726691
0.049096154541038675
0.2593053033491853
0.39088954835870876
0.002151945815156641
0.02153793198778497
-0.008850129513793516
0.01070261928555037
0.002124428873342749
-0.03920327940782224
0.009011154922863624
0.011404864471887002
-0.021341222497693504
0.007888414752436767
0.025084369959813772
0.0643884421817319
-0.14679933704420084
0.06376936588634906
-0.18886809800455967
-0.48446585649106005
-0.6611646948526616
-0.0007722844679096437
-0.011880840744799951
0.010291556043478424
-0.0034715676059405742
-0.0029485576611805214
0.03268641419567152
0.0023826358487429567
0.003318426050128254
-0.011203041212084463
0.020580452018092017
-0.004947496760787925
-0.0324118549737648
0.056055929901948215
0.047649245709681765
0.045866853997496446
-0.014551577722673762
0.11921641178320534
0.000221202197541778
0.006094646265061126
-0.003734518549635532
0.00558713557042522
0.0017959088916516279
-0.0008917378271896104
0.007857695819883442
0.007832694667231821
-0.038465737403604386
-0.009479671454892011
0.04131276918252077
0.11756674861932263
0.011138989034079425
0.011019308684612176
-0.03405607906186103
0.09370216868748743
0.04966258907758617
-0.002141735051168075
-0.03650931520723334
0.010899442491336004
0.0028652829080621223
0.020426959056123975
0.03770750764185975
-0.0002770777991508677
-0.0006670404821300881
-0.03607464388554742
-0.015657018051493273
0.23794275099939224
0.12682425287587043
0.07163934341098588
-0.012476265461831905
0.5332132421691016
-0.29440004623181526
0.14012849062519706
0.0006277608506825771
0.025468800347599428
-0.014012643160771956
-0.004064353678494426
0.00028672393634835623
-0.04489572351002248
0.004847373751649669
-0.01296784869205984
-0.00867212407609462
-0.017492360942218246
-0.01639014147159746
0.04687601518471035
0.09841501120090021
-0.007155904922741708
0.0480851246089698
0.11618917518309473
0.20156285547471012
0.0015605135166660215
0.02079002714856164
-0.008418702481483971
0.001201326003737957
-0.004564698603744354
-0.045901142274423844
0.015716837824684957
-0.006760615044685127
-0.022611554491823737
-0.0007679385692734806
0.025110119337446234
-0.03440693477378209
-0.056403941966734324
0.041531678461247445
-0.08371574471834439
-0.31660837251787743
-0.1719429870113541
-0.0015650332454351333
-0.009119356220626968
0.0011501667275814777
-0.0038915605300877793
-0.00208322692149771
0.006135430947087787
0.00984298095721394
0.0009785166324042553
-0.024425851991963524
-0.027161493488112087
-0.01528473479464381
-0.09865399616742698
0.010873388169747327
-0.09217247021075185
0.12671855398539775
-0.06704045650001259
0.5208714185959145
0.00026489008717589735
-0.006611457962023194
-0.0034997005712251793
0.003716896780450819
0.008471388229048808
0.006088322275050342
-0.01667454878501136
0.004569154207433091
0.041796758854956886
-0.017163218280976382
0.11174726966511948
0.21094196334109072
0.08607439877187419
-0.00019659625540896153
0.4009229833389563
0.3254569168874721
-0.23117835854579452
0.0005262412921018525
0.010020508883489689
-0.005058338421101099
-0.0015991231435399252
0.007586085819998988
-0.008272883618753312
-0.009868466510003419
-0.024339214246787044
0.02717671821915837
-0.09134586374922254
0.08584570662228828
0.06636952813199633
0.016488364662430505
-0.12153216153984203
0.14789139281217975
-0.22419041032821227
-0.10130610767835171
-0.0005058828046562177
-0.008492260992706648
0.002751370192454492
-0.002861622360065248
0.008399851942348768
0.008916575014365047
-0.01575922159903384
-0.013405868309303005
0.040101468351064734
-0.05968951253030575
0.08315979281491485
0.02486032701985368
0.12864772687714027
-0.10941018134392541
0.2533952905227277
0.12620508064186464
0.35576906800872765
0.002962287940093482
0.03867156539146165
-0.008205491171249631
0.01183754125784759
-0.011866229747428084
-0.05090893498713956
0.0056641954016861725
-0.001296079123456356
0.006755512774148094
-0.04180912748275382
-0.033397827865453804
0.03833012276263421
-0.010620893780366075
-0.12382590798281345
-0.22011760515751536
-0.206736316033878
-0.3127534392649864
-0.0011393663415086128
-0.02483144651473187
0.005258955368034729
0.0022465228983251147
0.006833209776376602
0.029261711370120444
-0.017392002259599578
0.021093182729401264
0.016652667792095052
0.0342317524331214
-0.0791681818899146
0.07610312488191309
0.1048624873709329
-0.045653099675461134
0.1566913900898429
0.3166139746364249
0.13551050337741932
0.00024020560424533005
-0.00875259323412884
-0.0008984564739464432
-0.0005514429895289222
0.015877375304819752
-0.01694000755925085
0.003811835511007239
0.012363855416859283
0.000892052389987865
-0.023836619425842302
0.12638003954004243
0.020996913305573076
-0.032119339216139256
-0.06318814202562006
0.06374167538556405
-0.39726971959977553
0.2158744981949064
-0.0010577891110677105
-0.029503721214461223
0.014646318242546042
-0.0077364982087593116
0.004269309111601999
0.04509788998729955
-0.005263944090708151
-0.00804896739056867
0.028477564259777207
-0.0035256417478787684
-0.016987209476537483
-0.06641926873318267
0.048551837796002334
-0.04940523831383566
-0.16157768355061305
0.26525455561694455
0.30811719974651525
-0.0011428310512982469
-0.01745020616769547
0.012144092354058353
-0.010763917090128694
-0.010983266999626626
0.047863886052815434
-0.0294385447900188
-0.025360949536360283
0.08038675176505397
-0.03858716841411016
-0.20894233316013952
-0.05757434275955787
0.16630504804692037
0.04088912078860843
-0.192490283249267
0.39635669732754
-0.048039219277492204
0.0005458714192800622
-0.005889335524082504
0.002335573727090883
-0.005958632840447635
0.006373433583229004
0.028314405482085785
-0.02441962576732009
7.836188121973842e-6
0.039355180328350406
0.021995409650633225
-0.0606730944186718
-0.1659500510799899
0.0016359578831156988
0.06970535625851819
-0.14555870790545605
0.1499753278043562
0.08364430491461292
-0.00037720845334138263
-0.01864532981716106
0.009235064992449424
-0.008304488710047766
0.0038578917479522006
0.018297691670032423
-0.013145964322967609
-0.01020533585027324
0.05014869774843983
-0.0229950114030369
-0.06750344562245655
-0.1808515805838434
-0.0028615469841596934
-0.030988637884646262
-0.13437761762129782
-0.0664090644325898
0.05749124248431773
-0.0015054979515111387
-0.03529462852071012
0.012894254144450138
-0.009533677717360337
0.01740855210569973
0.026172863140975312
-0.019620290567416144
-0.013169915815351834
0.03219186601153686
-0.08090337160684667
0.0930352912376905
-0.0010898820798712287
0.04693115428310705
-0.1486773909514464
0.29888217303546916
-0.0730518006479211
-0.1588298143974219
-0.0011381243898718053
-0.034060415083416506
0.023405379701780495
0.002587766344761518
-0.0003645847661522361
0.08145142641409389
-0.002276513914343009
0.01047492777408958
0.0189903541127085
0.020022357965050464
0.007057230774015832
-0.1186715814318566
-0.1031573166307549
-0.011218664996183778
-0.30242302029080953
-0.2819243714103543
-0.4294832107417611
0.0006961693479153681
-0.025512577248785903
0.01424026067560671
0.0015231191339301938
0.020723132770807205
0.037589897428577115
-0.02633329696951265
-0.0456181856662873
0.03393286150185674
0.04666543930890598
0.0036565874516060197
0.07752226796681792
0.04230395455442576
-0.11465332701908355
0.07336045391003211
0.10064427647837457
-0.7522506761294682
-0.0030395794048669413
-0.02186892882561079
0.004596616629305188
-0.00836322685090603
0.012002930901346858
0.002457669538747245
-0.029481247808776114
-0.027275224864860448
0.06297806320130915
-0.09060666853290139
0.19395673465785762
0.03696635620812756
0.11047232212450095
-0.0019355644559174274
0.23972394279890513
-0.3175305049569829
-0.06780474941693983
-0.0014478950837667802
-0.004717879628223123
0.007966218094071454
-0.006312444647942607
0.0031360921959928344
0.0019670256751736902
-0.018551646433976703
0.007545987532791806
-0.013539429191044124
0.003289229292169857
-0.2319533608268178
-0.10177849141885598
-0.058212018925123094
0.013835518324601118
-0.35609533192976506
-0.08700463486041253
-0.32221940998610016
0.0009646754779433838
-0.00419688798345236
0.007548734284441977
0.003467876022295368
-0.012577123682442013
0.045484643175932656
-0.007628897468295482
0.021597097596630283
0.013843528543463539
0.037371709871896835
0.03156626627521911
0.14072635921722756
0.08151319320156841
0.16296909084494798
0.11220802620521636
0.6745938607257258
-0.16166103714545138
0.0007965505738460166
-0.018482327964079448
0.008311466934989329
-0.006312593073316487
-0.01849922841771996
0.04047912155686345
-0.019914939503911253
0.026951427982507204
0.05320436535644494
0.11711241367405124
-0.3255906519876688
-0.3027776012952983
-0.11124627247484141
0.10992025980087988
-0.6181481020638284
0.17569426567400134
0.06616361742716804
0.002281432918668766
0.000935780524331
0.0005668648421580048
-0.012070704258604731
0.0005406980498090352
-0.02091743920838103
-0.022885379466297984
-0.003875319055424722
0.058867003888918516
0.04199684597997707
-0.1906782705585493
-0.029527077597350338
0.19133117906537417
-0.14583917318021675
0.02327758988290529
0.5058308769753314
0.7976926967055521
