-1614.434981709679
-434.23912844788236
558.4889295739787
11.532962079589089
-0.7422868765659824
1.0733120742087652
-0.6107449641498773
0.3454279772218363
-0.6046091944734368
-0.12619738912234196
343.2734019053813
18.424321492717006
0.9300951621728998
-1.2365009858534253
-0.5553719337173202
-0.34628523434228625
0.05335274930618896
0.026068259247368296
51.349911053326416
0.840224785760035
-1.234025843897895
-1.1482189833821188
0.20859257674925472
0.24415336456850686
-0.34709164322819763
-0.020071824572941006
-31676.47575029532
-9702.536628112368
-49014.845017494416
284.30468197315645
-21424.466699219676
-2124.242387297304
114.99117136278664
-19.778879351111506
133.43460173027813
-8.269204561088358
66.82846337273571
12.63318066405153
-21.938285667492597
0.8024705502881968
-25.252930525927763
0.39278023621385977
-11.520802042168167
-3.17823235834287
1.3856994489944103
0.8435093238854815
3.201493286896938
0.4669674460437699
1.6369380489585554
0.9857200888629442
0.030052520617148994
-0.2741662136312605
-0.3477981038484847
-0.3300222264626918
-0.20471136378400073
-0.2531152533766489
-0.008402669606075804
0.14213077416823755
-0.059891713862140206
0.09400039136847682
-0.03698165709505335
0.042715610532859605
0.0333519338574373
-0.030288061265804612
0.07483016317075492
-0.0911465060156172
0.13169596887861237
-0.022820313761343674
0.00931903071136745
0.023476993777125338
0.011441230190523769
0.020252703735129017
-0.0009467872087999038
0.0005249057663965084
6156.813312533026
-9201.64573712826
-5939.880963181765
-6340.04558059308
-1341.036421983188
-355.5170378033538
-50.0455942779387
-41.85699355747234
-26.059472654177945
-9.579175360126737
-7.924129518487517
-0.08525181475521906
11.593717174888008
13.776562331787419
8.215601732136935
3.6847706570089835
1.9254965343661463
-0.20574506902282624
-0.5989795718816864
-2.1652660761698854
-1.3693832141976632
-0.6198712388517725
-0.12196408197845078
0.16762138575862695
-0.38128333136274706
-0.29933306899876333
-0.2114513160199793
-0.14114394668977293
-0.10402864503928198
-0.11787849729801626
-0.024732015924504677
-0.08646153072420036
-0.054938690278320226
-0.028641687536689612
0.001886340069972987
0.005695945771754397
-0.025606303106133883
-0.07244146835766331
-0.06553939917260365
-0.07942050361305063
-0.07542502693008175
-0.06339226753029469
-0.0021947526440923683
-0.0009539069725143765
-0.0007480253926386459
-0.00018283609000256667
0.004979153736317989
0.0032587241674875366
5730.231345298405
15406.591587136705
25335.60832591999
16276.73236134196
7238.295927952534
3275.8210138351383
-9.0397456954851
-31.553461459918758
-53.39194594496392
-43.573352083276
-23.025646388483043
-14.010896927601607
0.05289000002431666
5.435503047517617
8.326658949411017
7.292473084680921
4.280268486254381
2.7094389813899658
0.38372326752279046
-0.6024553058357481
-1.0261613110915262
-1.0719028678515856
-0.7574503414202425
-0.4242404088487674
0.06309909917551396
0.3857641670347804
0.5074030965470833
0.2811663763747778
0.20242004025714805
0.06686024579005376
-0.016127770007217972
-0.0489630148157935
-0.03636290914757592
-0.02254923752196198
-0.010071430228944052
-0.008306963286998427
0.07470464562386252
0.010171962995370603
0.1439849913414486
0.019011927463348722
0.020021050896200883
0.01834947903215713
-0.0009348973572362618
0.00894302628471744
-0.004505882293616456
0.008353456996487861
0.004044017656773927
0.0024500250091818426
-27175.573136435723
-53241.56259734377
-41650.12424049622
-20875.726343518934
-6372.19103183051
-3085.544921611069
69.86969793429074
89.13144014679627
73.33518714191004
40.651522917628306
12.722840549230964
12.7578316610807
-9.3346014870666
-10.549250623743772
-9.302508600783941
-6.366260749052491
-2.5057991030259577
-2.6297603437821735
-0.5960467903305983
-1.3659014545395949
-0.3218418415162633
0.21644011191067125
0.2799807891516332
0.35243251980011686
-0.25393108158325656
-0.37788484901469543
-0.4091838634702516
-0.3574845966019817
-0.16183503158744508
-0.07595799236534675
-0.05206056540929032
-0.10102990841628628
-0.049493915221299284
-0.06137933107450726
-0.040117358216979745
-0.0009219493888048432
-0.03730423592214825
-0.15180801734472124
-0.06834376025641341
-0.018899821857535987
-0.041652649908647824
-0.050424060613102686
0.005607088997972306
0.020696438406328583
0.008509863578065918
0.012198340455976585
0.010898974758593128
0.004444814404066846
1103.9169325942091
9958.54613686048
5477.26459907213
1688.5971371839807
207.56072333855934
960.6989526128118
3.7529988246185697
-22.87415860065004
-12.89800012436509
-0.2911851381517406
1.7769868699309952
-3.9694248926245557
-0.7062109092758232
5.5062120722949235
3.090500234550685
-0.29329722074028763
-0.5977480635603936
0.8280065377553644
-0.4150886818124683
-1.132243652698223
-0.5221977692737082
0.1875007464924171
0.060156658061672495
-0.18406735993026965
0.09597947401393421
0.004326774890826358
-0.10442979397198503
-0.08335711891932757
-0.0430435219397751
-0.007503429657424243
-0.0068458621408492544
0.030806192406819425
0.029607734874541304
0.027036193930148025
0.01092078317601332
0.011017318629249111
0.02102604168616268
-0.02028205889599097
0.011660764239746447
-0.022316992654654217
0.005823236228327564
0.005306209968984504
-0.003606100894273627
0.008276707583084228
-0.004273295429888085
0.0052500245754135855
-0.0004075957862894895
0.0011041787383226415
-3211.0430447942585
-13846.900047131043
-9381.4376501435
-3064.120216274163
504.3270113070235
-345.4690043980938
2.1383880809638405
31.338121394117323
23.328935203769962
13.210166236588268
3.9607425394404445
5.360451960255409
0.7000508170684485
-4.102602937319948
-3.6449426547084833
-1.5393574756127342
-1.0715101369833377
-1.229511092166987
-0.27356282585814506
-0.42626599900673284
-0.23883517455226558
-0.3364384946867873
0.2596796933878223
0.21479661110675183
-0.07935669297615094
-0.08074249975630643
0.08372976647139549
-0.11089760792639446
-0.184371264167625
-0.04578576904604838
0.007195886305584485
0.014024099246761764
-0.01623736457922618
0.01972578034518761
0.005239332759078873
-0.010655018867767447
0.005552210217392845
0.051286992376812474
0.011763717587530172
-0.03308302470405697
-0.003752456333584432
0.008339728352994668
-0.002241588692199564
-0.01155399859768987
0.00030396342473427437
-0.0009079717983367702
-0.001475246741528375
-0.001959621953475306
