-1608.5868138574642
-436.447625766917
-22.776827821930766
-4.136242286052357
-54.34418987368681
13.113118109394962
18.040293269171748
-3.099033798326573
-62.28518960368111
-257.7060431961955
-225.88105584237854
-4.545835192865534
-24.66073147248921
40.558549475354376
19.432123388936528
18.943544340804234
24.027416132812952
39.97490673621437
-9.873746301828342
-1.2351726812618078
4.753438106741394
5.513932462827787
-10.062740761927408
-15.039676104649159
-26.146003949356416
-5.3587390378850035
-0.04160107209958389
-0.7630957509908824
0.4435677148170519
10.510494837535552
28.454521679232528
-98.37889748360816
-0.09039337482496661
-0.4778726544936394
-1.6335125921190417
-6.643698483454911
-34.1067357936578
100.68156506447292
-0.10587617397380508
3.299547103525479
1.5557694656998449
2.7459980742737313
13.036404043641703
-60.968229481604574
-0.5375402875906136
0.6610219295720732
4.853177713240532
-6.1322869688407
19.983116972108473
-121.11082572066198
-0.5606307185804441
-2.9921862068212395
-2.260019334296249
-15.668753537849247
-12.773789684935549
162.52010842696464
0.10149382385478803
1.3782080798994836
2.7888870303542834
-24.959932916938357
-11.1385678260732
-25.816036097575793
0.012291937860546871
-9.53180485398221
-0.8286181247492888
38.52877236799358
74.9517105762119
99.81296344278374
-0.36884280107367845
-0.4525860538345315
1.937205940894416
-15.801246085278654
-6.22967752958396
-31.012751939779182
-0.23825495920256293
-1.0869113804489232
1.4466946169198813
-3.7196630738565495
17.93796894233623
-35.74999252380283
-2.8863299635256636
10.422991646802382
1.575268530009473
-29.573516664477435
-22.955900933836624
-136.81032136245415
-0.17585104519389821
0.8460302644577081
-4.759334203547304
106.74298031934856
92.80206417614104
166.72918302338508
0.1715920766047987
1.2006704699380102
-0.5525967803967342
-12.471588796998546
-28.62109127333464
96.1570738649235
1.8530557887652708
-6.843584900183392
-1.8880811667332662
-8.910652230167363
-13.39567991050475
128.09547161727883
-0.13858356682854162
0.7208891895472759
4.744856213333449
-27.19105422945202
79.81451566972297
196.41433323359357
-5.661459354653152
12.695603778707303
11.202070913786349
-98.35593914917959
39.49597110281872
94.88322373846427
-0.2980091229129238
-2.6103797591514706
0.05748004897636808
-4.9940291292312855
11.480083164115655
-485.93433499974475
6.274603278746424
-3.5141323664748967
-5.444653718995713
87.73141692237184
-14.170970185184313
244.3928376503339
8.13968254899954
-1.8002978236634204
-18.790690945558328
232.18965743126194
-53.13899519346797
-348.9059436098297
