-1602.6623342908201
-440.7324132243815
0.17822849660248968
-0.4243434701720211
0.25607060361367245
-0.0038697081720035775
1.9164727862992086
0.41539961511828555
1.1214237275071104
0.06562487813110954
0.942147980297652
0.20999848942088598
0.9346633298048297
-0.03298537319723149
0.16663753030810086
-0.07151713188450692
0.49506571009604217
-0.2143313178956371
0.1893658887464724
-0.3526042142144469
0.16562844826334228
-0.1275112225929844
0.0027253106390605613
0.3739921456282519
-0.19721117698443838
-0.2916045630308493
-0.03680645915447765
-0.030923047302412552
-0.006675244088904181
-0.11287571046128751
0.08785184909423613
-0.00806983259652532
-0.1372704810078927
0.044073863422078925
0.09531045440416068
0.11868489056914515
0.33507185639740006
0.7309599685078039
-0.38197181241237466
0.19871922392116073
-0.024152769648028455
0.46201263493684375
-0.3219240523355272
-0.3575436881276779
0.05313977165519906
0.14577545940431458
0.07045804232471531
-0.04304519971926267
0.03693007425709638
-0.22282860221034725
0.01752783096288845
-0.022270248228790493
0.07671585201135347
0.05999230227190976
-0.09391159510789862
-0.046040863174039305
0.1104144789549639
-0.09679239088959847
0.037008990690321465
-0.03936809211599384
-0.042992863234858715
-0.06150569260150529
