-1602.556467813811
-440.6917147319512
0.13875626819623996
-0.5485244530773491
0.027628348417299026
-0.0440173765830092
1.4476878889428653
0.23094123586967866
0.8813951005142647
0.11581245940463257
0.8129216347283988
-0.25570472131031247
0.9146458955279653
-0.4542717200613119
0.3023946100645256
-0.04334055774971654
0.5056363050643193
-0.3330301831351344
0.2506690783566162
-0.6510699131537508
0.20035974926385886
0.0312605434919858
-0.21160891647562935
0.05433374516640745
0.12370373958822517
0.5452283409656833
-0.14605661294871727
0.15676638011528168
-0.5598827442890932
0.06596976694104262
-0.18235642324508855
-0.1440908465483959
-0.23907768120932357
-0.07627161051758242
0.037111855334076745
0.20742701660612273
-0.1213154525378496
0.12533441202231935
-0.08182312665700975
-0.04652999267358305
0.03213899975881414
-0.21518124492792542
-0.07436955933721462
-0.0066145814626539096
-0.008823724442142416
0.0893631990492441
-0.007695218083187607
-0.00884616223109835
0.038158288633998
-0.1339911588110095
-0.05043183797936357
-0.05224414290168663
-0.0057327425513468136
0.012825201372761724
0.01834741843944735
-0.03193540847050118
-0.024916071789828922
-0.11968663547673407
0.20846053608191958
0.36685983686617823
-0.011532037834301326
0.6955322970310369
0.5717404792184732
-0.2106425081703364
-0.002109834621948522
0.41648591428753057
0.06534238918094665
0.015505678256843384
-0.41874704070312535
0.07213866765621837
0.08388357027610899
0.2779079354490042
-0.03735623446075458
0.2399607953400073
-0.04870208660354968
0.02424133080192824
-0.0691374050648648
-0.011778956971256482
-0.06308175454124632
0.10187076161862182
-0.12382864784885313
-0.07428589064445551
0.24740899977362577
0.20391038744395376
0.000650547312155253
-0.06778251784615666
-0.013424684931240431
-0.164447332440413
-0.026660641401900474
0.039674357687428365
-0.36659929796738566
-0.061249585850980615
-0.005005114031496901
0.2318741328727944
0.021256047905446517
0.1505447489831897
-0.14849732584278114
-0.05291399353822474
-0.055945563742893396
0.07095537105132535
-0.22443238333156532
-0.08699294866482615
0.09810345529624778
0.08079408858571792
-0.013152304053173107
-0.11973399062455042
-0.06944167092264338
0.025067040057727884
-0.03984455412166715
0.0516289825807626
-0.012166892547947753
-0.004795196668812187
