-1610.5914817515704
-436.6720720223846
0.042637442283048506
-0.014116506211772946
-0.12649038685987904
-0.07967559493339071
0.29497023824527424
0.13219889977243518
0.4767778870602039
0.0015757967466077988
0.4068685814898614
0.3510155850255475
0.6357344188015446
0.11676063040559989
0.2476223403136556
0.045471158193557695
0.21580303506282777
0.04655872826190903
0.28139910462429923
-0.12824886974774868
0.30217217257468787
0.036531984238526355
-0.1189098227533353
0.08260200723318281
0.01727533901856355
0.12752170747000144
-0.05823062854577633
0.22966863011806116
-0.23664310216991555
0.12137853773319145
-0.07613832966417695
-0.13356521603471344
0.05742992371215594
-0.06353125896894464
-0.039548765674753704
0.0043218100469538745
-0.007981645101613137
0.04082462393521771
-0.07287311506786223
0.13600597455959318
-0.14015503100644963
0.026454316718138207
-0.10941331512846343
-0.06903423710834349
0.012063901348057111
0.04331796431891346
-0.03945853175772586
0.005634629003712671
0.05918244825820317
0.0010785046470724836
-0.006136113862783567
0.019956187310373914
-0.03144332881955439
0.08568117898620943
-0.03740142787681466
0.005339908146197852
-0.06382597382393956
-0.029937134268561826
0.04149917196565622
-0.013296248432876653
0.04431105410256077
0.05606350046906603
-0.022093328768032994
0.01558253183788543
-0.009593785654493266
-0.022632797836284614
0.0071535227282917176
0.030985511113181298
0.02014205344486652
-0.033577313270585926
-0.008502626141183928
0.040051353498641674
0.04479109679946141
0.01995650010014901
-0.020129264345897954
-0.0148862094721497
-0.014117071949812031
-0.0058316457683947375
-0.005974085533869217
0.004180875254331367
0.03398549811944346
-0.015249800712280564
0.03311876123907539
0.02792688054715766
-0.04482019560154164
-0.02658991686751347
-0.015756446771868913
0.002952589707534705
-0.009818878046091785
-0.014361540581022863
0.017212756682619422
-0.007273350907714061
-0.007121685028609491
-0.053471188235705576
0.041752872255958313
0.21291484925108065
0.09942793283070298
0.2451291681341031
-0.04798995167358815
-0.0772005844827104
0.09979859818088847
0.1466541847751572
-0.09261514598306361
-0.0792270808217222
-0.10742162157813717
-0.07827883204430328
0.05697271919075927
0.04910482019975617
-0.05401946689810518
-0.11882118977766205
-0.1797253610331746
-0.1711264102391484
-0.032201720251636264
-0.10354377801693976
-0.0686915373256532
0.03528333865959503
-0.08438385612979103
-0.09718033701567638
-0.10015564972521188
-0.15786099610659865
-0.08643269364817144
0.004695698634950011
-0.10249495480469571
-0.10208352366407039
-0.01667799175373157
-0.04366855932525864
-0.01780163455601358
0.022138969567549502
-0.0794674239796374
-0.10176019921162707
0.012130226049267724
-0.05413967474781815
-0.015356103297537395
0.008062811882050483
-0.023341218907882315
-0.03881213594764317
-0.009994580282821767
-0.03189112348453225
-0.01939929259942847
-0.012585731117008298
-0.010233214090227476
0.006178707536694872
-0.06395230944793363
-0.10460719129485024
0.02582938301317253
-0.05075058420406379
0.012646649453845752
0.02299272131365719
-0.03149893816883245
-0.025038959460438028
-0.007445626426429748
0.0039552229098396416
-0.041714462675037305
0.017149462033177517
-0.010160932526416845
-0.002087520827663399
-0.03703393647590131
-0.06329156149585691
0.013505370293368107
-0.04650346570047007
0.013792039213089762
-0.03034972975510755
-0.01777618068864877
-0.008268163755822866
-0.022915050274151465
0.034834391250319216
0.01955324867411551
0.008769519144471006
-0.0027227500583261173
0.021903253672436843
-0.006977026757281304
-0.011417798206606313
0.026220032994002128
0.007343254605330337
-0.00035291176529443977
-0.0029513354296937344
0.029610491901422842
0.008129037791819326
0.0001570388194289974
0.0068480798315518265
0.021124239944818914
0.004012800988779023
0.006121540435205977
-0.0039786080665756085
