-1605.000314142228
-440.0529306626712
0.15069617692589268
-0.04334212793393709
1.059757891133847
0.18125494247667268
2.9553130602146847
0.47240468428664956
1.0397674381415725
0.10319107894087491
0.9270063744311269
0.5783931407133603
-0.022438513277259823
-0.04990792772502878
0.006451404889309669
0.06977910528417725
0.05343368207721836
0.2740189829469551
-0.25907595679340284
-0.10054413458911661
0.438857414559429
0.7966360502663711
-0.1528242146980152
0.23351398873293536
0.29324374856098473
0.40685621353053886
-0.28331995391271175
0.07492849789758273
0.33257258588166644
-0.05168152051372933
