8.636301977628118
8.60802247560192
738.0875233628603
63.443423910332115
-53.023111829432196
17.135285221083862
6.799129008257262
-13.116978908940386
5.0352070264843976
11.04888411516387
66.58878642234507
23.447390467358286
-12.772231942614772
4.7285820717743565
1.1500722010246613
-4.7685868857697296
-5.3411756958506595
-2.2927691707301467
63.13374101700822
23.87198326361796
-12.996895680336774
4.796612359815711
1.1884283499759383
-4.661147164571899
-5.252968990750613
-2.311143685375209
635.2790584157957
52.4896566908427
-47.0521126110192
14.615371547058711
4.969066643779307
-10.221935093104678
4.208658400956298
8.308502394259465
735.7136011358908
64.8222838118202
-52.847777899673105
17.14971394539752
6.681384329499506
-13.153630758961679
5.060300128705625
11.02577860884062
6.265719772297457
66.24015028714504
23.847056786800362
-12.916561333602816
4.799422166173384
1.0247797708880766
-4.627923593701703
-5.397857898437284
-2.154042514284612
-0.2321483539999998
8236.889287777793
-130.5660990261077
6.482083487715106
-293.56797664384936
319.2184949098941
-199.6755877520044
-70.2418002015039
16.309992954724443
1689.4545165120728
-739.0462878753797
575.8497992333217
-436.9630760579329
47.76805715639731
660.498271733506
671.3676301508137
329.14227466233257
729660.0571367643
131161.26341379914
-271272.98734005576
-37977.81335244894
-8586.640529321812
698687.3669058958
372502.3014742545
178289.2243592391
29592.15125250068
-1872.865185045057
184994.01180132825
96856.95386610845
8042.077840124489
-63141.43711270345
-3211.0935944982884
-425.39014125027285
-337.6565298653677
224.8118671849196
-58.22227647778539
-10.294852327864309
11.867582107644605
37.16973134977954
351.6157037942615
-48.91877776540851
-29.7414618145854
34.478886875366335
-2.282065615641596
-51.942748538245546
-68.09337711383651
26004.0410662526
-35913.100783746966
10101.43047943887
-4938.681071732557
-31059.976745542925
26839.487409166988
7508.913815886228
3203.249233413753
-17282.255202650093
-105.64518145805027
-68.48735936854473
25.796956500210122
4.631859441535224
-9.544699774899861
-229.02589235209385
33.32625612875421
-1.7907954850738246
-3.7625161026443403
-0.7147230995889572
12.025444703062222
-7786.368993327332
-14207.267430977377
-44593.4589741211
-3797.744362133997
-2270.079497063052
1.28374425658666
-15.222175101095972
60.89120006198443
-5.050027747605253
-1.512676331875653
0.40244493621640176
5.774283898825001
24247.390411634493
-3982.7977564835915
-20.77765478625722
-4.783420964028971
4.102228466282797
1.4598994477231326
5322.233582428329
41.910518166461806
2.5949773440594215
-1.598134664760323
-81.7255200606126
3.478707056041308
-56.54071045786151
4983.959108252096
150.26582085297508
-658.2670871531159
470.87112488303234
15.76467279231232
-670.4135796623094
-500.0853746390685
-70.43755399792082
-134757.05928248877
-132572.3613645932
-30666.79336079787
-4073.2533178567887
-47.587399370679904
4457.528727116933
2101.82949677509
95.65360770993856
-49.48991998392093
19.843931837789494
11.26671269309551
-23.840544451797367
-48.364770044717346
-44.33757701307929
-13743.975025948195
-6972.361731110862
-734.5601877769641
61.46753219625144
28.793444496180644
-32.92638558069558
-7.488868296402531
11.074965971014416
-198.165463333772
5.280282594499742
0.14924007661652353
59777.7332785617
-26002.292307599437
9389.656089171114
-4123.650311804082
720.8716375125108
1701.4419810560755
1721.198634718091
-41357.38045072388
19525.331268313217
-4997.383271282469
-635.7754788376546
-1312.2280626200727
13473.864160116858
4088.8636834880645
-3.054150161687285e7
-6.6549328295350345e6
447528.30346241005
101237.28041275573
-7.629011642603583e6
-4.723384649445213e6
444280.1675649058
-39734.49373934538
-444538.00822719844
-140045.6396560512
251310.8704892565
29458.423477868404
202.43611080181304
417.02689316337285
75.90236439152757
47.769361568924595
-507.579291624712
-1118.5670839506042
-2579.9179871587257
287.06887810365936
1269.5286514413076
-1209.1060606616454
168.52830017361447
658713.5707804238
-2307.612776167055
-5.343031882976306e6
-733552.4548041439
134299.78146932778
15308.006042652338
-95.29837567463784
-55.20082203663472
223.29414966039178
6522.9685353897385
-537.8949705470684
305.4720626695174
-455.21141021540205
440.9691174815613
-858179.0095599405
10426.208690410129
249.02751737840634
-4663.296340038771
586.8902452921027
-113.77386697140355
-46.045719977340006
348329.157852621
2473.1125623289504
-229.60720078746021
-193.83072315917352
-335.8674622461661
-325.7501539186034
226.05489879781163
39093.97747579539
150.2932346703688
-4196.58260868516
2445.3911387484086
572.2274308617004
-2240.7391008928284
-900.560458891164
330841.353958991
1.8733252870786325e6
409134.0129135948
40717.023460887605
-6963.384067556813
-371.0909766626968
82.59983470055317
-414.7667373579506
325.1495421902622
155.20817977261026
152.71503892915584
92999.51536323213
10844.121738473847
359.8745411052734
-163.7552808501515
-122.07293922976635
-24.926892234222766
-666643.1608537361
-5.2652855581288515e6
1022.0756036462343
-1.1104134912468723e6
72584.03917708054
8.819261145830875e6
27635.088632161238
2.613491036107086e6
1750.8932271150059
471451.3023171564
8492.527269085887
-181759.5934250542
-241808.3520102793
-28024.868131578813
-956854.9695014022
134929.02065292627
-201273.33358994976
-1.6402672652112595e6
2066.6907786739366
-582798.4812263733
2.6961563024859373e6
6525.925846701813
420946.9533342614
116008.44194307779
-26164.73639898765
3.1128834842529586e6
-2162.6554792913375
256552.10815501274
166118.650206272
15278.63332916277
-126906.77739510778
-1.7058273243918005e7
-4.544984740849851e6
-471946.54976272566
-28437.680773901575
-28271.369753975814
-2.409125086389695e6
5020.130058230061
-379519.25002677477
-8025.011167781125
-3744.260461913386
-259373.00064390354
-12009.881387712869
13191.508921451692
11869.226439311311
365708.3006427487
3954.076240694008
11654.037251791859
-647.6749429670077
94387.6601947654
-39207.33670021385
-10320.5718485242
30842.437181575056
8393.865711193635
-1779.1792932163721
350.88484304573785
-399.25500270200837
114.63672799550538
-38.99377148438193
125.61354027424281
406.533558027764
-70.59891136681583
-112.4014118601186
193.99863574280374
207895.82412957368
-2.1036889717007102e6
-319245.5340334521
160.28767599961523
-19.660270697754786
-324.30172016566024
-98.69202687783715
50.553597236493815
-3.3500884274422753
-748202.9811291742
321.8801672885832
31.88131888966917
-58.403138601051225
-138.06074533957266
-61.49838876967775
-200.92035701307452
-1721.7621861592434
-1093.7351944119412
841.3698816336803
-364.1777765375525
-265.2348552856812
-104.02810761822403
-871760.6851021993
27392.42464453838
12309.902297254588
-1507.7606671057297
81.1380260137249
17.154946522984964
-21.523831875245534
-102.81785804044495
9860.264491563834
-35.462837492116684
-28.444432253459183
42655.81253871944
-99316.03086442467
599398.9513365135
96329.15355297625
-3.065825536204757e6
-867752.686866397
-38440.77625487969
-6940.358433172562
-348896.0407501526
-73994.09562668433
-48312.01479545194
1660.9664242228455
1673.9401755528006
-25.751774762500453
55.435977552271005
49.13885738758104
-39.74165561802945
-64.01833107572024
-39.131155666505684
3.4184602120043928
-412.2613875651868
408.21138297307846
-255.6187426272497
76.92144751152568
50.51319856012076
-229357.41734471728
-19033.235494805438
-18.55739467691313
-10.610973724997347
-2.234760829461503
4.705567732502361
-53437.37880759077
-59673.173639838955
34883.87219650414
26.492811609818617
89.2793478723361
-86.96126568411619
34.74429833944558
-16.792568556824836
-18862.981791224058
-19.310059992324994
18.21263166330798
6266.156906055548
51.63275815484961
-43.381336993558534
11.90095988705394
30.380397428464782
29.348694887177253
60.970612111978625
-89.86498580890039
-4203.046755491475
1165.96046856839
-77.25876955664081
-694.0323629212521
959.8068824921451
1428.245420321083
385.3060158479801
-384941.8632847125
-311498.5799133002
-74396.6524536424
-3534.2186427132083
-17497.561772911104
-5581.016207876122
-54.97180143413394
-73.19953252231741
76.26479529795743
15.628967287740393
204.17403504813768
-30154.180665908156
-11690.288967275403
-15.06869356127517
77.96416471450361
106.04052354756944
19.6946978285199
-9126.198916775373
45692.48442661956
-959.4944383408744
-3202.0945671830614
-1674.1887640969035
-2002.9233970829673
53605.94616772255
-129.80472213331893
3882.699755940669
-147.82097192616035
-49.85806479547312
50.80213988310497
-4.4175612994779945
-73.18493181456907
3398.448972890535
-11.654561906563734
-36.279391537326454
-5.379923953892048
66.72490441911752
24.058681064379762
-12.80874522243799
4.705503860695307
1.1944396736812777
-4.80624022740622
-4.9401415917935845
-2.37370416732814
-0.31843599675024464
625.4758325296544
53.42853588723784
-47.853887200178434
14.943680587805215
4.915203074912727
-10.26626913801402
4.1853741107077855
8.36377554551018
4.649091495470385
4083.9149074246093
-287.3154344966196
-225.2132121963326
214.47254636306965
-55.23285566986778
-219.89107782473226
-96.75919323862747
-7.977165106660466
6532.13869922459
60.018511265995684
-278.2055673983899
90.52353170151041
39.126329074012986
-74.69610751330447
44.69534994349508
-1.808961086061741
-87146.7708506985
-71332.04932553171
-16353.095985751905
-1438.049857791533
-58.02494011257132
1.0912557978897612e6
64577.812784352194
-53470.69444645137
-18513.89473738038
-1412.2854112697776
2188.737700326305
1352.8997648506654
97.30780212831132
-30507.485421648442
-9847.026647257657
-922.7627697272753
-22.270468584897277
30.55181206469174
-13.390550301738262
-6.8414409937692815
5.608482857117563
-5.30237589690868
-851.2924811063172
-124.93284410788644
77.36775257388888
-22.421995697992035
-3.632547899693432
6.023822857971117
16.280090069572775
-4213.802660355549
-1834.1674112516612
134.2879503698454
506089.29902374017
48299.00335475785
-4608.793350800063
-1572.349915539825
62.84144441309252
-1371.3498484816007
-729.9097985574747
0.015231875760290742
-5.138676874959262
-0.1724985107361782
9.191362954068513
224.20253249222446
44.57871511712054
-22.25560290907077
3.905233372411067
2.330510352208964
5.714816594503201
-155.79415048923266
182576.583192407
20614.280801181638
365.0313066812237
368.03317880247835
1.8166492529681604
-1.5753536116443432
-125.34440925079214
-3.6669082191723468
-7.452990145394029
6.648840754125572
0.013449451275838846
35106.446534220086
3508.638650626569
-122.33878115964866
-14.597925939958623
21.688086537057167
-6.244005545148643
1638.6410725829155
715.4796410406365
-13.477494032158704
-0.6558600821041256
560.2859243932265
2.9942734833848723
182.64768800988608
-1203.8458030618176
-622.2194604995083
1155.103132073666
-1039.7231296437526
709.1477313422993
-231.62841187341493
-190.6858989755147
-121.59530885039268
1.097724286159736e6
148729.72886237907
-265798.3077613379
-111828.6093990362
-20655.39472637747
312133.0156827308
156556.90523812274
13100.821387055083
-135.56385168108315
89.5346157383203
-16.405811251377166
1.4380453411653271
-19.47783558073941
24.426130376283872
9294.592002482894
-6037.385506827277
6035.714765809632
4662.877636274104
-65.96070761791736
50.39986090582426
-18.419802687065918
-4.67257665939521
-3183.4997689645597
-15.650478409083782
-7.1206929532597885
1890.7458554297066
1607.3554532788141
-521.0300325916039
-484.5187556798979
939.1678106201759
544.594057532302
227.70700733457429
8939.41662869315
3738.2579683495837
-1957.0957436062686
651.1290200364549
-61.40219334130879
-78.79951525304436
-109.15477695143619
260015.26219419428
119835.58134275467
-24225.827027359683
-6742.57936168888
-99671.17538056124
621014.2449113235
212682.61017258602
-21909.811001953673
-4106.21587280527
-1343.2274692188496
-45340.22282526769
-258.8449780690124
-388.8486397306577
71.25165857088727
38.154156661005445
30.453410076782873
-58.14718552762259
-7646.586073170587
-266.27178818512886
320.86780965458485
-80.14155227591718
-52.737672979692995
53.75790207991576
16319.076828849518
790.7338151392238
-1.0073960811337641e6
-165136.12104004153
17488.941838690924
-9410.831141720819
-16.828120075966254
46.202617642072624
20.74973441763895
4902.269969867775
-183.4323271394137
-40.48071059731382
-25.630288490133232
44.4277517458256
-26951.8994892958
-22677.53437065261
20.342300369630237
-2681.9452252047317
151.99045787693566
-3.995589321176737
10.618474847111317
16905.27793699277
268.23230727339353
-12.67459233420333
-51.6651147360379
1482.5188555096545
-405.1513600230748
-398.9264336070006
-43581.47297428881
-1416.5312415135022
6929.797130783921
-6156.350535891808
3209.6889841647167
-94.62269658952374
-1048.7323165278235
345670.650007289
-1.134007658771354e6
-479171.2673186122
-226091.21899293177
127536.27616978927
32348.049682120003
-664.7990213322429
467.79595463146813
71.58159443819332
-61.44652727052712
0.42785065243154335
-6429.523655761559
80647.13313668635
-260.68417023878504
117.36068445031184
79.00013597211398
59.49574140011244
4204.9303064578935
158750.69069366128
1150.510199420906
13478.877654291702
2068.1103756059742
1.4394787603250223e6
-3931.9184784829004
-359166.4421475112
152.67121034449167
44232.48647631405
18461.058259100988
-705.2630243307561
20462.380086135607
-7338.407021288851
71947.09436840347
7236.276665021609
94574.27480731455
280419.61755657534
97695.45609741888
73.00261814736508
664106.6690124949
-1432.7113549033973
-418820.8187521664
-37710.56974751252
6184.77836742229
-116265.79418760359
-37271.71338232356
574611.8601845856
-10665.686458392394
13998.27641801593
82717.29656031793
1.0346572783123748e7
200248.10523546996
-476952.08107742656
58726.68249410504
301249.4382786851
686566.5034117064
37016.29637393631
-811293.1855117575
52469.95439732318
24230.495654390277
-137406.553316431
13518.390271880433
-236072.97973892328
-131.2408954064678
39584.029253364926
2072.710987943309
-1727.3390910381304
7112.892493295288
9693.433557860299
216963.0903434956
16489.37655179498
65655.9620361129
7120.715048577994
3738.063260433733
8.430052550671524
17.98862066972945
-4.529627810649857
-40.77486482280666
1085.4233540426849
36.51082269750893
-43.303223246195415
-1.3235675532249715
22.467692254789664
2912.4023726142964
-346255.3230690706
-54409.48470194159
-11.927493971279823
-3.0377361510766328
-408.99919783587865
-24.27580610167921
17.612928468773678
7.477456383130236
-4465.750318828319
86.35225376893182
33.101154131410716
-6.503520163170765
156.19137041116582
-27.01321659577324
1212.467013617864
23937.0777713982
-2785.972703244902
-829.7522480366457
1037.8656271985728
-444.9943988363784
-476.88320221300563
1.4091010975344677e6
274543.4659179748
275557.31757136405
2160.245938153069
503.35681137372677
-166.0360217534338
19.157302374333725
-35.424575889567464
-126049.08092212163
73.34932880931211
-34.51569021597799
-54096.12666025185
-12724.970749727743
-4094.186907193364
2397.9487632696255
8.779118243604084e6
1.1544151060157127e6
-237304.3845490985
-4287.898284740781
2.0006337272600948e6
20597.958318109682
342228.98799280165
29675.968111218095
10514.366671208476
3.724702413606604
-63.993776585602056
33.87723968407018
-5.925777237846827
193.8296406933387
-37.12216849177119
89.50532134883116
-8436.209714185921
689.6725899856265
472.98855025312196
-381.10525066632744
-17.24993293593799
82502.76644708448
33605.72035813211
-116.70397480706157
22.970652136916847
-11.578354669005614
-24.902192389067952
632174.1457652884
179092.73698301063
32877.14583344256
-13.309929482854407
63.10386297337462
685.6797700107003
-463.1955854111091
82.87765121789874
-7063.8043472057925
-71.07217768050613
26.018993436802404
-67386.64136995602
2691.3937446662376
-781.0199796747729
-69.51558880971021
60.414890182017075
1574.3007505061335
-2328.725878903641
3317.946683582794
358184.4059429942
-51076.80501605945
-244.59333636471638
7781.1932541320075
-10677.995773054972
10229.477917014738
2893.296910430123
-3.2643486681316055e7
-508150.01503831864
-2.9010938767349645e6
-194644.76870253327
-416135.6990298755
-26181.219772466877
778.1433382152823
2022.491743911326
-1323.5302284273569
814.1119120078343
224.84877196418708
1.5488559114252736e6
355792.02108872484
0.5686300963955485
-779.2405757295929
1419.4723745013623
1146.8544539281656
-1.530394472392483e6
-5.121894158559289e6
-89183.32448616292
-905478.3012631771
-266604.14437375043
-293523.40702844976
1.5653946568234416e6
-418276.01879208884
546690.7904883206
-62835.85143614574
772.6072994465687
-659.152056181298
256.75574585374267
-38.07523380449167
69773.42956382704
239.46497761989562
-24.88145509847836
-58.08938351456011
