3.4919801298415925
3.335409587249009
-398.92260569451025
95.59789740935265
-840.797732958785
-211.52188890675865
-848.4915570476307
-210.77248137007425
-346.9754754369229
-2.857053714958226
-379.768897123661
95.91540517673783
12.10635278520081
-38.970676905731445
33.809549034787004
-5.619100711476749
-25.873628607327685
-7.962738573784779
-848.0277883830656
-211.4173531103975
84.04157499584942
52.49399546214001
-90.97127489074417
-98.24041838048404
-41.060610463401304
-6.210610582355916
-616.869425063306
1219.0287166447158
-302.96990076269594
-668.6500145427814
687.1890420991679
-216.13628006238937
-328.9667659413981
-29004.23375578988
-4284.270997499067
2756.3971072138065
-73.27317149695429
-948.8290231917608
-1144.5256085743626
-551.4031330395077
1.898815714575064e6
1.2844991658222906e6
-26440.066085522332
-22114.28775897919
1.0486049023559475e6
278655.6525657254
24089.88775069906
2411.744823383028
-301.4855680133303
487.72047192257315
-603.6046233935
256.6907590793727
3.8600943052561063
-47.98219198030973
-16.5008081552506
3618.0593367268343
834.6947350671368
-394.59548955357997
-135.10756288989796
297.59251138396735
287.8863898061556
147768.8280540329
25162.004896535193
285575.43921207025
65513.616062872425
1032.3226719427364
-61.049254537887926
7.095189052976315
13.374462719439009
-720.7389022023094
-300.04647065538114
96.89307729500783
74.61547543732574
-84.08856637477274
38080.9424729164
8328.60362401039
11.772039255377106
316.83056469093947
111.90688528919901
-35.635269443183475
-21.413135799813972
132.61948474768292
-374.8997242726275
-28.97980414862964
22.011624811843976
421.2872211186353
12.221519747942256
162.18043695883736
4741.128135346006
968.8221428858599
-983.6617914187624
100.58533287211375
886.8518800834605
776.5370493033477
196.92649461692616
36374.54397772259
31009.323852876936
3393.950724047704
4.953657446297489
-54.45053522925961
-21.42730471632505
-32.99102961295774
42.89489627218388
-48.25385212019785
-5.217700504269968
3124.060745488249
790.0794440856777
16.586811108023127
27.2216280070342
26.097347701252136
-9.172333262666191
187514.4182464645
-32084.842106856875
16707.09988513439
-11505.924666049797
6608.894343376352
1368.2654434010792
-71590.9238157408
-54616.44894058493
17564.218299250184
5600.642715123035
-5910.539472929949
-2260.8899741662362
-3.440820240861249e7
-1.87245069690201e7
-1.3701757185085465e6
7.71336254096243e6
-311197.0159531391
6806.798747595477
-4315.238911698482
1919.6101063967865
1073.4197629655075
-1504.335942786722
32016.201014161023
8783.602296992927
-2061.7044733760486
-2114.020232771818
-2429.354565826469
-422343.075710199
1.7541784452218094e6
4589.496450642399
-358.11437662770913
-748.972633099714
-16215.682964442154
-1798.304372841696
490.3807601926423
219.5301010150832
-61647.285163236564
10453.361571731133
623.4679310610527
-481.601324569542
-6315.5195073851055
-617.2735694634669
-940.7951778821343
77412.65021192638
34593.15129520178
-27566.64031026624
6435.2704309465325
11194.617210936409
6840.954512791179
-5039.090357299199
-56447.51179965776
13961.956218374886
-1096.5134704790312
-836.94474032011
373.49526327195923
1548.2348038820812
1059.583952909304
658.5312939705001
379.38227320692
545872.1899701415
419530.32248466945
947046.2283479224
-70176.30086758912
-22020.607333909633
-630969.795964385
1.620101009794506e6
-65420.91401345778
486891.1391296316
14570.646855610594
-39885.159517386055
227827.1613152137
-1.1266334403340195e6
-297071.57665385393
-21829.387305777997
41577.23002688444
10272.297984241279
-25211.746817250034
1765.370073186717
-1322.2609012088242
278.24879976555513
-3711.235152783788
-763.6231443535427
-184.49783019205478
629.6557191675545
418427.2182064752
401.98921304548526
1144.0487308199015
282.3935274983798
180.99943678601156
-521.6377400275612
-154.3091242102359
58.19666271801176
-25401.424927976965
-2869.6024671310092
3623.0352355334953
-365.83975298512405
-2674.155671006671
-6697.781201857273
-30469.955057896146
-154.41195632149228
224.05394000621243
-84.94361857227122
-92.31818803201952
-68611.77187231794
-224368.06213876838
-20882.539893575977
15479.151182513195
170.6589854599092
-95.45238555263303
-511.9374458023795
9895.272065349423
459.79771672657324
-876.9854848617542
-235.93826826342732
11402.125944027517
118.68244302923031
-100.23500032147108
-32081.811275458123
-2561.4739542489256
-574.4431387338454
349.7751900703597
-23.558172807411218
-566.393017929373
592.3231026294792
-752.7026642225353
-3095.9291587144844
1513.4655373213557
588.1593426591463
-1935.1137350364857
-323.45219265319986
-395.72287269082335
-62060.51081314976
-30545.510751541522
-4232.683826986519
-297.54426252122227
141.49832231562354
-89.69640901754052
460.4751636409894
-518.4313544811802
-115.8436195038024
-260.9924385614736
-378.94346612671364
-544.510208588366
892.4891095726398
-81.50949630963838
54.28058257183958
77.85258723734513
13.38409765449094
-838.1033107596694
-211.03659721212003
84.37788780451716
52.67330883289588
-90.92502645409395
-98.29309397102735
-40.44526817554322
-6.655721350914282
-343.84065819511176
-1.7343629705611203
28.252041612951956
-17.516634070714698
6.716912941718181
-0.4164463108004874
-2.354652836056707
0.008348201908574668
582.9676373769627
232.28707419134446
-457.7523361841518
264.63450932968095
269.7630065619879
158.97669672580503
60.12254417244838
-22912.878603512007
2917.853512111129
-619.4757847603106
165.54876329351876
-51.331167057542636
40.56176642834424
25.288339521658713
853.6163419391911
507.04779779872473
1402.7779872146816
233.90778900400147
-976208.9485741521
-332388.48825146246
-62563.74832813374
-7467.90576503011
-95.72493470158163
-7.149253003568432
132.39174864890546
-66.64930727750387
4.066784332921242
-17.873330387431242
-19.651082550361526
-4080.3362757458826
685.1482510599818
-181.09056780788526
56.11980271514514
-4.819430500604435
-14.737555011403014
-311.452136974765
20.919627740147046
-118189.53281001908
-24785.379582250098
1002.3277138492708
13.3415176831484
27.735775948403543
20.603894982945558
1861.3878230729263
-281.9040701603407
66.14536703780789
-14.577129851589724
-0.9860391974059876
-14425.59749444498
-4297.089215769958
-5.183303915311784
882.6201050249191
-129.27035743649077
20.558888350824937
4.758810709131613
1122.1232372529194
-1675.687918472254
170.9303437075642
3.052914239892788
-1869.1880090056043
34.45873381849425
-513.155080770355
-8178.21502332342
-4026.753659717091
2236.054800726626
-995.2617509329842
174.65111257275572
182.7461033605047
65.53004756989532
3.0449980408659694e6
1.7856992285010656e6
464868.57900423696
50565.48610778083
27.034921229708214
345.65295830924185
13.497391554721725
-104.85529871889743
63.98905902948267
78.05606338141725
-10593.392855196724
-382.8929193042005
-105.01633862477611
95.37796719407325
5.447007797603907
-9.213557770203403
-846.4022049447084
-178.96225115737656
-68.40088687022175
-541.8167502136764
615.4072405859636
130.57816678095455
-7932.234550395547
-4544.75689272123
3234.022506479198
-1310.5909106104646
379.21548029118867
-261.033436290011
-133555.11813713875
-58876.95734858605
-3179.936121941168
218427.58391006972
-37325.3960511932
-37509.77539507823
84.0386488163253
246.42085449677947
-183.22399230070593
132.06432709066627
4269.5551396698565
-309.56797108132906
298.39631313680536
-338.4697600360478
286.93723843913295
-1627.1175936573354
94390.34337612467
23843.844360300136
-160.6958910498158
-133.60069908258384
-7635.3977406941785
1070.8918388440884
-272.46972171997487
83.94393570318577
-6375.116745299418
5673.018261955642
-249.63265755440278
-354.35834032055976
257.20009788709024
-953.0511291103826
2556.3292555314797
-295067.7945603744
31299.241335298128
-1917.5033457849365
630.4456563977968
-1550.3459772049616
938.456347154249
5.4060237940876745e6
2.864326717771024e6
263634.9173068917
-2844.885818163453
888.1692861226105
-117.75817766027282
-741.5118630385683
88433.79081340741
-279.2596831851204
-466.31184244771623
-21372.343344111832
-362.6706157663737
1.1739882513117872e6
140941.73049305988
3020.910975808212
-6397.369258137238
153348.8676822742
32017.392232276896
530839.0826505398
43236.64556694859
-5013.404045044175
26968.72206544187
6.661128612439864e6
1.832686394466109e6
84393.20476351352
299176.0459958793
39008.09720930927
122632.09940250783
-72.12561450767141
32.1778731258346
24.92636956068291
2685.6766182429824
-262.03183824335247
-22.223424749096157
63.88076457353895
3490.870021573381
3.0888532984883237
-1143.213271616716
65.41692641362542
13.705783874724466
-203.93643163709845
-16.253508368646298
-673.0564112593188
-29196.589422049186
10655.564541399037
-3350.588092438063
817.8803523141823
330.09580998122374
-197087.40085808534
-54989.19497154031
-876.9145391222437
-17.37944968275345
181.8881055700053
139.9412622553781
14863.46493374112
249067.71696497037
154214.96282473358
-156816.86099037135
90.4875318668348
11.20803170774755
81.42134606130138
9630.325666292947
-3860.4270454012612
1369.0910449169621
-291.8519278176967
995.6628342857074
84.8596886279426
189.24833281202223
43052.584704507884
9950.20080228469
-375.2991280100995
-474.8144756564016
208.5657315469867
-8046.550765673184
-3.647065093039852
-3944.2102204229905
189068.7045177551
-54237.431896786446
-8260.757933966377
25716.39691015099
-20308.644649285736
456.88782098112
-2.97708730072366e7
-9.726152672486942e6
-1.234409841200479e6
3473.9359776997576
1630.6706910496512
-1495.3204784671796
-3718.1409982123337
-156001.23755921455
1098.6636597184993
-3677.476931113131
-2.782828756621838e6
-493584.58994564787
207692.25806500227
712.9550686500592
-933.7366234624837
-94.07853071950069
99.92008354946284
