0.7238889752429778
1.0884229703601438
9133.275294679695
2815.480229092945
-406.7495774644254
-625.979143734032
-140.35727318931197
-2996.6200752262744
-3052.9237847197455
-1743.0216488967628
-521.7894148757598
-64.0109153936171
516618.13007763925
60800.46951124679
-35032.95556903762
-4139.599704588362
-191330.70121598666
-82461.54312887194
-15569.825743273277
-4427.7496900642645
-20093.20435124829
-9562.644445199312
25786.38042723945
9546.946134758602
5112.798253492172
1543.3811186767364
-2125.8880090444068
2310.330624699392
-18370.72239661509
-2103.023193302927
-1779.1575845059297
129.1703800205716
1507.9038167827869
68.55574845277721
-1.42542856732007e7
-8.603256633404847e6
-45009.29656564277
1.5428556285734468e6
489450.72116055246
176355.9403401104
-719436.9877030767
-157091.14512750786
-122245.65444209921
-19778.425557294893
-44534.30104255111
72626.5107709072
1121.7634235221556
2943.102153408126
20706.42031188532
-16785.75534143741
4920.505958166979
2240.1825606080984
38742.878199038474
2548.2483996158157
11837.190221166167
-9037.01008601251
-2991.121841378974
-3053.7527302505114
-1741.9711695481292
-522.8565302541934
-63.208881748301174
-4314.188044776841
-710.1776993994138
209.45693675376288
78.4604608119718
-8.254686649364984
-17563.40449026083
-3908.3592730301975
-26.0825512016483
633.660892977024
-199835.51466197925
22578.537040421845
-5218.978942974989
768.5706052764384
471.721820483027
-79.30047679225554
-79103.72730505108
12603.064117551037
-2553.4013263548677
-24285.126324270303
4324.253450762159
-5347.45869906774
-2581.764507814932
-10888.038571577154
2500.3391906735415
-8051.092651531218
1148.1214607729478
4758.312637741334
34472.373270820484
16225.58397192854
7334.08542547871
337142.6155883977
-86446.03753748264
22419.184900992193
-3000.659907121403
65737.86000906308
-93835.07906475071
106853.29205323527
-545387.3305633225
144772.41424078078
70769.26532281995
-31964.89596907512
-7179.138415186064
-270746.60653659794
45095.09302520878
-77304.06799443615
1.576478174859938e6
1.6624855733920806e6
-866161.6206330429
693802.2251421164
