-1.0901160083748367
-1.102640468192282
-20200.54725087904
-6094.790653119153
-761.5085097998357
1258.4870438430858
438.382853034186
58.34441770599992
-16892.15889991914
-5055.615844048593
60680.35552795222
3149.6489498103087
9414.370170596892
-4017.0834584160193
-1507.7031398507315
1258.0040340492424
438.52110182372024
58.400133419703806
-416.0350812205733
-394.5111902477743
-103.01713858244017
-1619.1801560530137
-562.3504121125454
-1003.9238576127452
-1161.4127724489663
1387.3040128229886
-57596.627132436326
-15763.89013613461
