0.9313141370805401
0.9963852548924705
-1858.9938605884472
-427.18924471755065
-1464.8011330768866
-551.9891816098211
-1467.7616107297715
-551.9066194298736
-2221.2977594830127
-420.3979897686995
-1863.3945265889045
-432.33717362608576
109.0913152477831
32.1040931862797
-29.797927346456603
-7.0793642472525296
-1463.539935948792
-551.0899224042269
39.01788554268632
284.85791323729234
131.4388895291595
21.2803551764556
-5055.089274471074
-29173.598031878333
-6738.102254272168
13065.38590526872
2964.7583917467114
-31213.970893273672
-7817.479107750408
-865.3777041403595
886.4283706443392
-63.242208158325546
521668.8525263852
214545.42476191244
33041.86444530921
-183881.88833399178
-5600.028787264436
-191.5011364590955
1242.0086775133839
1566.890244926375
742.6920843913753
3169.3413021556394
1877.6910153936756
140.2963157948731
238.4205459907068
-3048.1493796608033
-47928.78125950437
-400.5803044764284
507.258034323581
-384.02436017560365
-492.86418473954006
-316.3409172812058
-5184.472942797443
-207.70915036665434
1.7834744070333552
-200.35537887147862
-4041.1127822053013
646.4021222744194
-162.62781798324784
-158.56845474973574
108.60505606540255
-1595.2865231514083
-717.7135872637331
96.14963199644022
257.385522135001
-85.22760039514586
-206.5923130304999
-89.26853029680134
77.02508142553489
-1.2755911347357597e7
-2.957689466827267e6
1.0893323247386033e6
171766.28396274813
1.5991373062879716e6
-152846.22073446453
-34133.92941703245
-6478.060263209401
-596002.6926624819
329301.44902609667
987087.5768136074
-80705.73939509258
537807.0777450267
148352.12793949753
142447.09567551975
-15042.461790918298
-17936.502730909793
196415.68753701952
-186332.09556646683
30010.812854222528
-31760.044036053696
258657.74243816297
50688.84179021161
-6985.288229163219
9215.663325299138
44740.330431082664
2137.8478839221634
-9465.773959442657
-3963.399606696145
-348427.56430034013
-1.2552967442290464e6
-32732.901430141046
47676.09300005767
-303083.91376053356
368645.42068463814
34743.40373478054
4895.262791540509
43926.19697847331
-31692.92951457857
844.6576636618896
-32145.262178212328
10714.657536757706
-9330.869114227287
-9490.922985872943
7611.303250228514
-20.649876541378916
42001.1738004967
-6635.520857351988
-563.7935533530995
-1286.3767487179018
7302.224760112608
3078.952802657926
8366.893479449023
705.5184224860817
11324.152292095492
3909.613466252617
-1324.2770669666206
980.9334102637852
-881.2618245701776
127.03720137737407
-1469.6635432082498
-550.5491842449095
38.0099734708277
285.1725737236541
131.51288544781715
21.070970217009002
-2338.5078229270684
-423.952883315807
156.84503746163793
9.770515633186838
-52.62358376762115
-11.799100531869469
-400.65608145628875
-159.21881565802988
-146.03687496492736
-839.3602578221142
86.21358841472134
-22785.78449485666
-88.05847326269281
117.31865063583061
169.14708402259873
-48.04590008207868
2502.4536547547505
1875.123087228731
19.45965497691191
-3554.4690304531605
1051.6616025982498
-58.684798669071114
-20.464213451985945
300.96406583343264
-404.47761707558107
-3893.4227149604408
1187.798978752975
-314.6460467330351
-7.523705371726973
161.00925305693963
-4740.321180641037
-337.07996657084357
194.22046663308856
-1847.565233073088
62.60144088034861
-118.35481420603058
-212.303280918749
948.3459951128892
167.43047271719007
198.42154397955557
63866.60228310578
-17677.136049813616
-7871.20819325271
9479.22690369002
3256.772469649425
525060.5161853251
247144.2633529262
37332.77382699158
1542.3336983554289
872.9845522192954
141.65690315429677
-386.52412713841767
167.4876179982436
6051.149877571296
3434.552605182351
4078.7746245099574
579.2501462278519
27297.648005886178
-28902.654348772518
7785.172299926001
2688.327222488263
20975.04319713862
8300.579908209078
-96581.70624894729
-11378.16946588685
-784.2663126691587
-164.43052394941907
55215.34198080382
-4815.223547992135
1302.6781615161137
-5653.103383215893
13756.874287432785
-6057.30100120772
9575.633370217396
481802.9925152867
-3639.5292535567705
-56626.031335544954
-36506.72364297177
120169.39404097838
32726.09744027957
-8116.070833897723
-4043.0236391486824
-1167.315603262518
-36405.4751067104
9563.812380866615
-3458.1955598227837
-28551.36336078581
43448.222583476294
-13719.770485387337
-33891.28406635522
106.46284697220153
-10886.667549696009
1071.3827603456887
-6619.610069529028
19433.99842001533
-21006.007715940774
15433.564414376047
-2921.728211311839
3560.008434626458
78910.89297344406
34178.354546549795
-21582.715340069943
17983.378364204204
-5.120128663562694e6
-1.031828935944809e6
204897.50379725773
139365.825937759
-803516.1348926459
273744.8330142332
239137.31763190642
27993.880349349838
-348530.23823087855
1068.9111117454393
