-1.692019932400404
-1.7142568623512704
1355.87794275318
-0.4919281249487348
-5.995897188907208
330.8838968857371
20.855659777041474
-0.9324971391869342
541.2111161344503
-48.673054822247785
-11.816782626038032
-1926.2340825628694
3057.2195911397066
959.2766369408783
1700.3262811522166
30.82443078828558
-73.4093621790455
-24.705790963000087
-35.1130313001732
0.2916363004249139
4.194701509856678
1.7115672265352757
0.9667304789096197
514.013773651098
162.399206666664
-72.01826364988703
14.361505821869475
-12.581068486390093
1.323386438328705
5.6669523527570185
1.0074245981666614
0.40681245191060666
-1.156986490573871
-0.9254634170440432
-0.29116980870266296
-124.20636202814771
502.12054845793233
169.27906164214383
298.5468254111641
6.3505030285869815
-13.004419457854576
-4.422470518188724
-9.479792142536152
0.4838177995426022
2.158591212333072
0.8692155871400148
1.1495448429938202
-351.4438945029789
296.9157803451809
-61.08011442333898
108.91376701325869
17.293898305302733
-8.695496785339646
4.841848027806988
-3.0958164269355577
-0.5174251120495699
0.303106510131419
-0.9154861410832726
0.27383474584451595
507.10054563422847
-63.28499220086384
-150.80145500267372
-222.79531281125816
-16.600749790174635
9.532988233362463
7.997664000020568
8.232294372955753
0.1442803511004722
-1.8629064439145215
-1.5878741089142523
-0.9715970759327647
-2953.372515167629
2452.11932231884
-572.4216871331556
455.36079788086585
51.30925812479527
-62.1271464487112
12.703234977053164
-17.1931955696122
0.12824258282188555
3.015826418905028
-0.40577060417954164
1.7923749256832888
-0.00021596538544984355
-0.048069292306809196
0.09041826455146244
-0.26106388622383864
-1.9114904024579538
2.244203111323846
0.00021569559568499657
0.047051387584183195
-0.09431211453384915
0.2626385350340645
1.9148523371991366
-2.2574822865673774
0.0017374130568478343
0.10764177061764753
0.041536256576297254
-0.1625991832483796
1.6016516190842403
-1.0888780333877957
-0.0001084586984206461
-0.329188679800009
-0.016514166878319244
-0.16595581501142723
-0.26953128387949243
0.10515948104425232
-0.0007521887429708401
0.3242059445762077
0.17258510555531437
-0.0052717043246814895
-1.9350223368432768
-1.1146234763947223
0.001063219070852982
-0.13468301388725834
0.03300040171946959
-0.18419917967377536
-0.6059004653337391
-0.4519365508360695
1.0981552940514077e-5
-0.007387322398325666
0.10959178556468108
0.06606629201183088
-0.9573314124090974
-0.19260444437578328
-0.0002958903906147661
0.035635150394623116
0.023522593496232827
-0.038546012558139865
-0.9865837921007332
-0.6213482499706594
-0.0022053765416757513
0.924955008190419
0.4835300426325424
0.15604265833397912
-2.616042276507897
-6.579776442510363
-0.0013577355409752968
0.24440652479308433
-0.03146839592320365
-0.053257937122344445
1.0485976360377671
-1.1108131024018728
0.0002816643237344615
0.2062592363471693
0.10894039522243452
0.28930402525476223
3.5903373462006756
-2.1516347883137086
2.495370084650815e-5
0.2508115629892011
0.020122325332207966
0.06038991461971302
1.2131379025980746
1.061959566780805
-9.178746871045487e-5
0.01992711887077687
-0.15616371694208145
-0.03151364722101777
-3.181294232488978
0.9254979280346812
-0.0005628930471909284
0.4803035966767684
-0.3176124917716293
-0.07533313157672099
0.2918459286918696
4.294086243169653
-0.0003156956165256139
0.20171168916692062
-0.012636916762725015
0.4777522910926347
1.0699154495382557
-1.4188214941016748
0.00022965173281943267
0.16353523170052692
-0.3044272530671121
0.18969713221782689
1.4092572265311774
3.3556491479765578
0.00020762260255607296
-0.18758271723122158
0.35076037210721484
0.027070726369566988
-0.06633274340771092
-1.0768757723851343
-0.00045940340564617745
0.0368378951748582
-0.11339026594727199
0.6886099172360223
3.310087180479704
-4.642179049460757
0.0009704158802934207
0.11758633093597529
-0.3541748992375415
-0.022577555144724728
-0.5968805489586957
6.452808988076132
-0.00010903935395531384
0.018823629066496757
-0.05948315781915924
0.2964624202456192
0.984058818466858
1.869693530251498
0.00026570127554060457
0.15741583031895748
-0.42480224327083493
0.07213007739652876
0.39981894504242516
-0.7128061159685795
0.0016500811369094504
-0.6266302236993603
-0.1950197891287865
-0.7226446919850531
0.628907654595532
3.1736164890976593
-0.001140749469772693
0.4462786408516947
-0.5236791119079154
0.33906735572853286
4.476472933079066
-7.028656439105004
-0.0011925258571592677
0.5073362826153321
-0.029468186101519852
0.10092403991422039
1.4983761061553724
-3.2867671372486904
-0.000127828691947537
-0.05135535273768019
-0.40926158826195724
0.0300993328122646
3.5741562889845375
4.617625266375165
-0.0028609585584967786
0.1164672112511875
-0.12812251060474064
0.6236330624347669
-2.2444549127612463
1.9871937662644075
0.0007707425724649208
0.13278832865164186
0.23758244514158447
-0.14194893555825847
4.703498922659337
1.6539187700915456
-0.0005773218018091366
-0.058608927448368445
0.20460740704067013
-0.827066214186749
6.246107431241198
3.2715744408718987
0.00020399289199327314
-1.0078833963422011
0.474783766985373
0.14661826034198214
-5.885129579872431
0.148913463621336
-0.0015141411246750005
-0.19093367589312146
0.046188994401787996
-0.77275265909183
-13.775118028448055
0.5595664325078752
-0.0011972277027635183
-0.9173824925824637
0.9661863013482629
-0.7225993354291429
5.019775318887984
-5.811846811234914
-0.00037401325392891514
-0.8930490229645215
0.06485962120943199
0.20972302999697187
0.1952995379797904
-19.1525566166943
0.0009569818778407656
-1.6610904300579254
-0.22564641343298783
-0.7300307815693806
-12.025878215660615
2.6692139016933276
0.0002913762649739266
-0.7319504029068296
0.5461574107527907
0.28365563978905906
-16.34350137785453
6.386517472751462
0.0032554932195889724
-0.7312717298377462
-0.3314656347783512
0.31031934474648426
-1.3703242079726723
13.57293945992697
-0.0023707273186537934
0.1427831227268075
-0.1777604603871935
0.4612858555133577
-13.522158686583367
13.331170925517812
-0.0014519896568160877
-1.0823389015478595
0.663578209914893
-0.7485215806957486
6.53286833313342
-2.3894941967896957
-0.004346001682685678
0.9729975603344321
-0.710418502391282
0.9218905065769637
-27.269407586079378
-1.3007500846750046
