-3.710510477804118
-3.7820171043643973
1812.4348926283417
-15.932172038692144
5.778778278046664
-11.00441681010236
5.850299849634997
-0.47638403455988043
-1.037777310788071
-0.29708464009607904
198.2606519433888
-44.167600616168684
-22.04513664359756
-3.3624204234476553
0.5596586788353977
-0.8006015808260682
0.8191471362077055
0.18429245381847104
3197.6261064272285
-47.604584054935216
9.849630669835747
-13.570657019264841
10.047301366823037
-1.369326059878501
-0.4732916604808995
-0.20018348309594053
-13510.30533311226
-515560.08937842073
-255937.11389431558
-275889.5352313426
-46729.727205112504
-6940.3175602774445
116.23365479292126
208.7181526603239
239.72676551620452
183.85238034195868
63.609262944202605
29.526162052680604
-18.689408242970302
29.570925980622576
-18.454951931818186
1.9363666174048995
-5.868027936662036
-5.14764902477565
-1.023861776289837
-7.134552083793169
-1.3364291520249785
-2.416210964079457
-0.634923188335444
0.07817440695859142
0.5560307805084024
-1.4475865122642757
-0.14627906228092136
-1.0538288340391921
0.030560103558671718
0.15410448742990304
-0.19809527873872304
-0.15430409963637767
-0.2401786604174605
-0.043703503671084186
-0.08175666084089481
-0.0496835683338287
0.12642213795325202
-0.08343055082313217
0.07801970284246582
-0.056978324126278436
0.04032654454019873
0.05189550409985637
-0.019610186272897984
-0.009508873269499108
-0.018411682556102853
0.0025074191354718415
-0.006654436579046648
-0.004751281775192086
9541.680913673012
33960.71839752056
11497.681966053931
2391.2138435435522
-363.67448151883525
340.90932702523213
-20.704315081687895
-38.626149958550585
14.128575135069052
10.992500465328837
9.273624883750587
4.56440355883734
2.2173034963770166
2.8510817769541306
-5.225300727846525
-2.7649461746067407
-2.040725677964374
-1.0253760944095276
-0.035264927841892425
0.3594610208190727
1.1679988836886859
0.34157792914801893
0.2609648976562856
0.08748950663079205
-0.05773126468412583
-0.03554227452173649
-0.06922946693331351
0.06980137315614283
0.002776323973115805
0.018902595269032357
-0.018497360965474243
0.02938581772523768
-0.01306697657382854
-0.010327101617894581
-0.0071516020711167765
-0.005439324611624847
0.007529635044921329
0.03568716929298719
0.06599231596595105
0.05029338436802136
0.007709388797679147
0.006203059819325986
0.002649990687776166
-0.000233046712618231
-0.003487028444834953
0.00032899399531900004
0.0023908266268708356
0.0018132764589301853
-15409.635413529293
-28913.506653961857
-21704.94164148295
-12613.411809132891
-5766.705013080763
-1120.3847697199121
7.300307743127639
27.519450617508127
19.399065800004166
10.113756905307277
9.981334223203628
0.8296408337878854
1.58501805629135
-0.9719873233132619
-0.43736892430968854
0.0004506303923233976
-1.1397759785475807
0.004637611380748861
-0.02738315459506144
-0.2599620648946125
-0.15504006833415687
-0.1265741272285903
0.0680874854403726
0.03767396464049492
-0.07239190587303605
-0.022657970323692996
-0.029292371615063706
-0.024686195152210887
-0.028656915303583202
-0.026040261247228587
-0.004753883221788506
-0.0807311788984805
-0.020581412945900164
-0.011199186049591131
0.010605624347657033
0.004143917123158202
0.019305242376263614
0.05806488230277496
-0.019332410726816646
0.0017064535036299864
-0.037757872924554715
0.011122408154061247
-0.001700486920257477
-0.00596453426761685
0.0017301762976232034
-0.0009071020576779959
0.0039753857496070315
-0.0015646363347409577
25634.816594834592
16894.944174322674
20063.082731707942
10912.4205845022
3506.543396463351
2141.6633540023686
-37.25563420194819
25.83379142514357
-16.97435447687854
-25.296247091994566
-3.797061530611962
-4.518061611879506
3.4184847271591305
-10.714972404825186
0.5638103464464792
4.115842581384876
0.14166179454164135
0.4927154635513291
0.1283653112518644
1.290611903416829
0.4552047247719868
-0.30546520427835205
0.23575912423206605
0.09298998573868594
0.050063687321075946
0.053470192571946434
0.06299996199889242
0.017185374720319814
-0.034761807287109654
-0.028698922696484552
0.005501364043949548
-0.07488863077899864
-0.019692714158330807
0.0012138397537652253
0.014306360884744079
0.0085943919557332
-0.003832443831819994
-0.010013097272620527
-0.07045495377000509
-0.01662178312242534
-0.03318790281809967
0.0018034935170475669
-0.00362411150108022
-0.0014689134494307629
0.007468911779785938
0.00020711197239770324
0.0038506140764816886
0.00010771067241806982
-1964.6496844382484
23271.130928124618
456.3013057289666
15530.198559998797
2944.9659860091697
2575.0379784079996
23.302270781892872
-12.100463557990873
21.03210188719124
-10.589840648038411
-3.7496331695270437
-7.701993036400016
-5.209974324277279
-0.9624496518925799
-5.2544619107217265
-0.7244914250230396
0.2509263722482452
1.3550253399349321
-0.08332707698191046
1.1931760745964575
0.6796910328871858
0.42205006262255507
0.0650504045614206
-0.15107090738746393
0.20431025051310922
-0.22294908613533712
-0.12702020221416874
-0.05638515526340902
-0.0661695315072298
0.008060728013375982
-0.034875703402389414
0.07547276160702268
0.014418017097579333
0.004224684490367675
0.013979624974449186
-0.004096430481936609
0.039807475305883945
-0.06539242157410838
-0.008166529230002023
0.020875498310363824
-0.009805381272344815
0.014480044606939855
-0.002777534809991645
0.002154649720996316
-0.002225435219152966
-0.0035757947471122594
0.0012520264344147954
-0.001034359166035832
127804.12726868303
-377078.790006047
-6001.316061934314
-130195.5129218581
-69848.80633712381
-76910.86091154489
-39.69546190815682
182.44680703950374
83.14740884058854
45.854697831540086
44.02179961936481
47.551575310820425
-10.359124265604887
4.726493037699688
-21.9896537274695
9.951827633712
0.6430972752607886
-0.820625228125627
1.0820133356923562
1.7539480767859426
2.5313695026623995
-1.2592643784031947
0.07892264654541056
0.8269680738156665
0.7533561214285205
-2.131478434995624
0.30824075682064117
-0.9295437792890449
-0.5081992894773635
-0.5542329185363992
-0.04870456936246655
0.25707843339273734
-0.031436599787231394
0.11336091590986438
0.030503531623526117
0.0404071646092625
0.07655600377101529
-0.22296076275556626
0.0806428112407788
-0.08633250814009918
0.010836720840913049
-0.021074245777421
-0.0017016287761343267
0.021905881446106983
-0.0013665494594050794
0.014419040581242997
0.00019097967787761158
0.005138324548077906
1.80392184559391e-5
0.003852036742117361
-0.00042712646339149684
-0.0003936069693941633
-0.0002202085658356603
-0.0047559318447346795
0.0009558383109769779
0.00423094248989672
0.007469055135329781
-0.014387290826907895
-0.006821094217319226
0.021316069581241628
-0.01577946301856683
1.8066984935335344e-5
0.0038593985409258883
-0.000443382337374218
-0.00039404644381729265
-0.00022227002748330914
-0.00479330350695793
0.0009506773810270289
0.004287294193086592
0.0075198982985658185
-0.01422525788989032
-0.006783155982543457
0.021197548595169115
-0.015981743578366396
-3.7218866324688155e-6
-0.002104135151397002
0.00041165792913829355
0.0002051042630926295
-7.192159808908683e-5
0.0022844651055177506
0.0003320503031294818
-0.0026390233218158313
-0.003683955347220002
0.0051500232403326645
0.0018793353545987262
-0.020076802688655946
-0.0021885720035545874
-1.0886109013409416e-5
-0.0027282238935455705
0.00012677181841095538
0.0002299808084324115
-6.789613073157246e-5
0.0011225365443364407
-0.00010761416594840635
-0.0028743241744988877
-0.004361895112098705
0.002763817280475332
0.0029325089188385143
-0.015684066138985854
0.004513166376410376
-1.3451621510532976e-5
-0.0010372240188094273
0.0006732250263482824
-0.00018003566792988376
0.00013576633074693817
0.004111379013321092
-0.0003809931880548173
-0.002426135397587748
-0.003174774962752713
0.010518641736177756
0.005726981652303703
-0.03746836344438481
0.001263772178106856
-1.814559732019989e-5
-0.004084674724453095
0.0001711937029454579
0.00018166746720239309
0.0003006492715703599
0.003261691895104932
-0.00047668819711910133
-0.0032125123095751843
-0.0068926295844408065
0.009876088511013048
0.005614224568808946
-0.028531066433031743
0.0035121677818758822
-2.1215966107225516e-5
-0.005404935417228291
-0.0023589209258046257
0.0021893067938015486
0.0014514828426036362
-0.002414152025641977
-0.006834564513719212
0.004392732020424573
-0.010261884738052883
0.008713184410239157
0.00031139662633659416
0.07418493165136908
-0.02536085542524901
1.1124168314001319e-5
0.00014041544499506693
-0.0018091681018508837
0.00040101026927931443
0.0007343623196198662
-0.0036083740562427133
-0.00765996864698963
0.006461024183698912
-0.0026498125921539575
0.009775214274076169
-0.005968434814291524
0.004739151329482815
-0.004117928022292965
-1.984889696659507e-5
-0.00062100831362723
0.000318879983193286
-0.0005073232734978266
0.0002604618288977699
0.0028513863663740644
-0.001296517088047618
-0.0007368330177131515
-0.0031645046373058442
0.010213334080657615
0.0052603922671104275
-0.06365067839830574
-0.0003048706435147111
2.4534564115367045e-5
0.007741288767074058
-0.001008627778267479
-2.8169749668004937e-5
-4.6794438280453304e-5
-0.006145295073294002
-0.0026382281975679735
0.007343734420038281
0.010047623348397988
-0.010584794523910701
-0.009031416589052007
0.06097591907373282
0.020093822463291857
3.780259970563793e-5
0.0044220919188309145
0.0018661073484479108
-0.001124679593083463
-0.0015573124168424132
-0.002420468233812035
0.006967268259134882
-0.003499747467583902
0.01035738610815597
-0.023226462243619874
-0.012577592174766507
-0.036244851383507644
-0.018766707462275725
-5.8444104797696776e-6
0.002369069656730646
-0.001087847439456875
5.96212914037843e-6
0.0011483451665832696
0.001957915025708606
-0.008639111199656437
0.005944023244832573
-0.0032982767613204877
0.02363417615883895
0.005909908441523276
0.010726592733399369
0.03371732097934046
1.2331220548398464e-5
0.005263686328408083
0.0014785850247838303
-0.0011661575715683787
0.0008711735504215703
0.00918616614237406
0.003260202302047393
0.0033453725804812972
0.006404505999784451
0.0197466007191892
0.0028603066202643156
-0.027434828932461727
-0.008070628804467269
2.4714141427018508e-5
-5.996315185541974e-5
0.0016759307402783245
0.0008738306195217353
-0.00012774457086494036
0.006245311806309921
0.005427014905191968
-0.002769388249437565
-0.0012124908525536842
0.005946858173482098
-0.007372471509364529
-0.027675330930194586
-0.05163589108695992
1.2519999108725951e-5
-0.0038390776130340786
-2.485603595517604e-5
0.001031948228347294
4.759170441322255e-6
-0.0001274314134396266
0.0002889181168463121
-0.0028160288316568366
-0.006215427108400108
-0.002829643165200922
-0.0024730644888140856
0.01075330755805269
-0.0026875374674454203
8.933715019104255e-7
0.0015489928168748936
1.4932906570079552e-5
-0.00022233652991012357
0.000291903431078883
0.00045767350943219025
-0.0007463856660318648
0.0014974867631653006
0.001139997846873294
0.00252850121962554
0.0022232260112441155
-0.00458705546135894
0.009996753737321772
3.355681378942365e-6
0.0025208751928194255
-0.0005947198362389797
-0.0007580803956821529
-0.0007124370575120698
-0.0066684097977320845
-0.0009265523079403266
0.0020991546492250203
0.0060280400729328075
-0.015257194496384107
-0.004300880355189037
-0.0023841855505121346
0.00046030141746885987
-3.026550207597731e-5
-0.0011910371073273784
-0.0002892903707902611
0.00012367946873393623
0.00037674587959527747
0.0010122332132133424
-0.002939923394512878
-0.0014206452668465376
-0.004733499079900858
0.009095975685934543
0.0047130465790710604
-0.01639337023218546
0.03161470023333577
-2.6500067603988285e-5
0.0017404935883401278
0.0002502299024900496
-0.00029710845962053226
0.0008788066263713895
0.005833091192205478
-0.0011380795546835137
0.0015437447074839515
-0.00010763332747393128
0.020505185381527326
0.010696983236523154
-0.02304011773093462
0.01796588140160019
2.155367947607622e-5
0.00470278655949283
-3.9674182789010483e-5
-0.00031706138699012494
-0.0005415405766004631
-0.0032649936213465167
0.001857302930713051
0.0033968651939632823
0.008314053205560687
-0.014542730462630481
-0.0016493929055277612
-0.002522709516300113
-0.021574363234269457
-3.9427886026855624e-7
-0.004223738491469156
0.00010902161367263635
0.0009291600915183038
0.0008729387324012409
0.0060981461768479725
-0.0005702266462000513
-0.0024998842158803066
-0.010289458005640774
0.016265072794050643
0.006345299746767802
-0.021165046815200074
0.01015541758610473
-9.68708673966485e-6
0.0012393492408288328
8.313138003179087e-5
-0.00026640300640625033
0.00039206693413165793
0.001430891945529294
-0.00019418725906470718
0.0007970496836369463
0.0011993807046628533
0.0050283514078845095
0.0026864327746782624
-0.0032315478802826176
0.012493120348494051
1.2557410486322235e-5
-0.0005379856520436231
0.00016329959180366868
0.00026282870689072423
-8.802447495831267e-5
0.0004460377948275034
0.0010356328675638592
-0.0005096467162509101
0.0004893558501396655
-0.0022260656922142197
-0.0008689528392620031
0.01844377724619352
-0.010394315804970833
1.2915010531118742e-5
0.0018971799040691576
0.0001459596164869566
-9.152908903152405e-5
-0.00021154541019119933
-0.0011077215056624985
0.0023537262745666797
0.0011268992510236595
0.004309526211921198
-0.00774456712324965
-0.004684618038245069
0.010137168758511495
-0.0188669460526666
-2.056809383454598e-5
-0.006016496157730792
-0.00048083278912717636
0.0012924556999724327
0.001419604108625847
0.006833319918213723
-0.003510989905405199
-0.001554108995801918
-0.014133289242314802
0.024591339883140648
0.014273283000628268
-0.0007889166850936402
0.019464097687087612
-4.3803266636893216e-5
-0.004738056268907511
3.6478747080291644e-5
0.0002820104319182843
0.0006660179066992958
0.002603345642636326
-0.004527551056176129
-0.0051372169416263585
-0.010570116439143911
0.012659917331519657
0.01328551703295131
-0.03029547966134384
0.050847806103784435
3.627473212900946e-6
0.0026393114198715456
0.0003123618920957634
-0.0005243230115614763
-0.0004252449942295935
-0.0018131750478059842
0.00046882305375618504
0.0003458024931442993
0.005372864711287642
-0.011122795457826577
0.0038678159909703003
-0.03210542443929823
-0.012415944111438685
1.783932976271894e-5
-0.0009215384033739486
-0.00020258465411439452
6.125813753779569e-5
-0.00012340582793443712
-0.0016902388059798587
-6.940037382779919e-7
-0.0010018608419105845
-0.0018764605410616778
-0.009239244922202695
-0.0016597707172532898
-0.003521694747006054
0.0031912651520025754
-8.905536757308441e-6
-0.001287417525304876
-0.0007885977174586581
-2.3589822185760383e-5
0.0003993911017892127
-0.0007705109492026751
-0.0019350331695131143
0.0013254624669942698
-0.002439225786967778
0.0041912670588639764
0.0019034947882576427
0.010695684391532697
0.025272698262968258
2.2646170998300743e-6
-0.0014711839205447047
-0.00045597104767020833
0.0005949554799626085
-0.0005390885006587188
-0.0022600354709107462
0.00015352438107091087
-0.0009894412423910198
-0.0015079118169391427
-0.007331786206871262
-0.0003908251943412299
0.023768916042815207
-0.010658750410582913
1.5364670048738747e-5
0.0020571328308900067
0.0004905806911293467
-0.00047495421343313004
-6.732067881473255e-5
0.0009729355064547824
0.0020336231269221993
0.0006759624475217918
0.00288797546464498
-0.003322495004699809
-0.001609740616290195
-0.0005932661814319758
0.0002900271127679249
1.5644202466905263e-5
0.00275945026003843
0.000448228406314802
-0.00022800481488187668
-0.00018014587819962678
-0.0006302859410076757
0.002732741322801895
0.0007226119275145024
0.005397747017749012
-0.008856753932952105
-0.0032300571002430484
-0.0010412197844858239
-0.011729957712924385
7.184993418203034e-6
-0.0047776401461053775
8.528644215458879e-5
0.0010739831544344391
0.00026890391859894964
0.002985151720293967
-8.538365307414834e-5
-0.0021736251404216953
-0.008430982900242977
0.00787626052641336
0.0010676805513859776
0.001041795458146945
-0.004716774620705876
-2.8130083896429642e-5
-0.002750020392034169
0.00022415453043796315
0.00018162749535266727
0.00015627407403790854
0.0023188028338270153
-0.0013242095535875948
-0.003711865460058517
-0.005861678598708094
0.006731064981368586
0.007616961369253137
-0.020595706826837163
0.028268348143606375
5.372774474754429e-7
0.0024332694506441818
-0.0009998325232223315
-0.0009981295353322784
-0.0007965601475119007
-0.011305074236803827
-0.0015802788805624754
0.0011407547526055889
0.009278926695343602
-0.029722005998318868
-0.005606896782458584
0.04320203581107824
0.03179200016668495
-3.143357553002005e-5
-0.005090955971475154
-0.001112066489364663
0.0008144865097900462
-0.0010293645172289073
-0.008057980904602394
-0.005431195449916573
-0.0055883678576108655
-0.00787889040267106
-0.016643727319971144
0.00824282862954118
-0.009014133881045033
0.03653371677985657
1.6583036566602797e-5
0.002995711885705944
-0.000124064516181563
-0.00028667685377887814
-5.9801428397015506e-5
-0.0002334438748472858
0.0005770019095992906
0.0041382409317417745
0.005497730517916466
0.0006632277050893959
-0.005405481913650321
0.010569117370610956
-0.03710324638348557
-4.903028999789981e-7
2.037612454279997e-5
0.0006664821707256966
8.51116406103179e-5
0.00016573678532793868
0.004110383434708076
0.0011952866833975096
-3.266607081011362e-5
-0.0005515855992171286
0.010049047620863826
-0.00012689529002873334
-0.005067078410261468
-0.008467993480723057
-2.353897347636078e-5
-0.0023838327261314954
-0.001032037088856549
1.8205528815367132e-5
0.00022269448836244064
-0.0038055988386134242
-0.00385527861411203
6.0557040008607265e-6
-0.0020298398207251986
-0.0034271199581118856
0.004940870633374112
0.015731203253242534
0.024549146525493653
1.3797706589284402e-6
0.00025729600434609365
-5.300407303687897e-5
-0.00029736416356951876
-0.0010646346556899154
-0.005637671074340652
-4.7703585237430146e-5
-0.0022600258323641873
0.003203597361082354
-0.020208999081183333
0.0017675272069167045
0.005600250924388349
0.013546807315754696
-1.7855470686408882e-6
0.002728049061274376
-0.0006462542394458734
-0.0003313336464373122
-0.00014179593419104826
-0.0040921000786215056
-0.0016194268849252314
0.003702543537566378
0.004801650011912868
-0.007408111873968087
-0.0033031321322596003
-0.006365919540430331
-0.025754735319832522
-3.5110274382406465e-5
-0.00582382106480034
-0.0005999316604486299
0.0008297582632704261
-0.0001346810779905148
-0.003248701125552571
-0.0027334427944790637
-0.0063520435272683235
-0.010274410321702848
-0.0053795298888401665
0.004328807107087602
0.004023485404420064
0.05332082488485128
1.4271027762384766e-5
-0.0048486429336984825
0.0014195136461908674
0.0012304027831843314
0.0008729613952400478
0.011496145253560266
0.0034798047039979866
-0.0046238022693221624
-0.009930167556404045
0.022537941807276234
0.0038797542954649325
0.011255573582533374
0.020930534295661808
-2.9110546522186374e-5
-0.0030051287349766075
-0.00040472513411719834
0.0006306910608820457
-0.0001783641223699846
-0.0024326618202937284
-0.0019218231115172703
-0.004089379845265286
-0.005622210385853588
-0.0036783779360382435
0.0016843414249871351
0.01900442520228452
0.03436222234272601
-7.784882551808012e-6
0.00022535718846899356
-0.00024246433250704123
0.00012755750930308846
0.0007625153181845577
0.005236933454993871
-0.0009407425292398483
0.0029378931850779564
-0.003239934098746305
0.017881091636202707
0.004901692086176249
0.0038008994492976724
-0.01840954764083618
2.192982469646009e-5
0.004355498251749688
0.00028849816687936323
-0.0004868506318902661
7.07693783092218e-5
0.002449904177748397
0.003287280625290018
0.005011735124683533
0.0072647498242150235
0.006656980071247621
-0.008873620378955855
0.0019311198490635634
-0.047143382499489656
-1.4124086120533286e-5
0.006791862357621192
-0.0016545788863122789
-0.0016535186079068669
-0.00032936771659904514
-0.012083665103011478
-0.002086552976096286
0.0058659409602200095
0.01464785940093565
-0.025314708350774734
-0.007391539650230341
0.03271979862180365
0.019277281755505946
2.0654605999688045e-5
0.007204013134004057
0.0018057453681197457
-0.000816922423891013
0.0009748115060342582
0.011255414579426231
0.005731658149741299
0.005284983347689092
0.01097127328046304
0.023701454249095817
-0.007243475527687136
0.030461633848642374
-0.0329770997058129
5.513156996228368e-6
0.0003845365440135093
0.0013212628002436822
0.00030069582743113437
-0.00021247629752177126
0.006093444096733574
0.0012143204359351602
-0.0016142789501815014
-0.0011141718445366949
0.01102735806023926
0.00492243243390176
-0.0073445652508257134
-0.03623866788411926
1.7138724752209354e-6
0.0036262386971871127
-0.00037915652153722385
-0.0005590304957874006
-1.6334057473670232e-5
-0.0007256233378007799
-0.0016993818175133077
0.0044945374620956125
0.0038205394483109556
0.003308066381863278
0.0013608345730757709
-0.02764627432890732
-0.006707528899608887
1.6103233329984411e-6
-0.001228795189759579
-0.00026523350826046147
0.0005259563373123784
0.0003553802678273332
0.0012844292853960188
0.00048235918798093347
0.0006825473954588492
-0.0026224491527695147
0.0035710891960492415
-0.0024537850854321926
0.008304310990350597
-0.01603213770999274
1.0132830020148624e-5
-0.0013867812751806015
-2.220733320932869e-5
0.0005795615010784556
-0.00067448791461866
-0.0027647840551054933
0.0005031956716136275
-0.0027351848767337393
-0.000410239922312896
-0.015318560537047193
0.0027733367758156716
0.02981566958541237
-0.009644776438814005
-2.9961950596043064e-5
0.008301945424680072
-0.0009057012876753758
-0.0019741320833403173
-0.0011450660387715098
-0.014901987139353852
-0.0029629863506268296
0.004102522676842023
0.020113880870471647
-0.03431262005632707
-0.009788969189220911
0.012929053523950748
-0.0066543219765255205
-4.8134932101483166e-5
-0.00593945973558994
0.00012464493931253542
0.0006219860645067641
0.0001691530463848183
-0.001190979305978073
-0.002026295180512435
-0.007927988873827584
-0.009779004730487288
-0.0021599895614506297
0.006105090537412987
-0.008441918745918936
0.06548662195406191
-1.0240170374196427e-5
0.001739111658554486
2.5396361724599752e-5
0.0003282801770930114
-0.00030805995334653703
-0.0035408397469004825
-0.0010971214387574745
-0.0008799834764330851
0.0031387568677261096
-0.009659550601933924
-0.0008878822300444879
0.0015088367999434643
0.011982253560848005
1.7104431221755568e-6
-0.0020116023357639352
-0.0003268502914223106
0.0007469939942739833
0.000254956952249195
0.0008810898551158962
-0.0018426446393309376
0.0013058249203969992
-0.004412757595243114
0.00642998867805687
0.003951344495772269
-0.004446954172788714
0.005514381087130666
2.8745442261115107e-5
-0.009483722478805943
0.0005329839771577735
0.0030643418772019894
0.0019673003209173634
0.015568546140720636
0.0026734992061045945
-0.00434962960682378
-0.023951558322412896
0.039597193963313335
0.006111239293406758
-0.020647808923519338
-0.01936916427945453
-8.714953713385384e-5
-0.0077559739430376915
-0.0009413678088672262
0.0011780999287108415
-0.0005448144008044711
-0.00803827527295531
-0.0072828898269586655
-0.011721125006777265
-0.015832680531356405
-0.014599064554270848
0.01981196456542095
-0.05516601864931772
0.13057327828647589
-2.4787815267232465e-5
-0.009378434809390494
-0.0016386244199075716
0.0008002791139294246
-0.0005581979658750103
-0.005364831651756405
-0.004098118726070253
-0.005085286668214365
-0.014631279107247536
-0.003093402804163499
0.0036644882157600245
-0.018374450306261933
0.028972664972917322
1.332777278003893e-5
-0.007115562849342917
0.002841522293466341
0.0019981127677898224
0.0010768019794778377
0.019345273709338185
0.004783951093946736
-0.008018564391248706
-0.017572135804355005
0.037690209347990014
0.011314349243577273
-0.05077500321397511
-0.03411325319396251
3.6025534170184204e-6
0.019671226113771294
-0.0008924840576991902
-0.004957700554415771
-0.001655720862570032
-0.012737844976949285
0.0016335028134106177
0.016537242039198652
0.03719442201127014
-0.026498376371780742
-0.016669223978747198
0.014562443434510311
-0.013874944590475667
4.221289302679225e-5
0.010929667801232154
0.001561008187512482
-0.002099403876359127
-0.0005228146662080597
0.003907391374373323
0.007335748041305413
0.007854932225373278
0.021678811239571424
-0.0021005154718920847
-0.016633409813596477
0.04727437353443536
-0.056150756419008054
-2.3435305111638274e-5
0.013416556182089262
0.0006312166802212698
-0.0024328063778387083
0.001141025864649953
0.009343410590533516
0.005558468791749461
0.014482711364292853
0.01981234559352093
0.029358372628802275
-0.009582317088309217
0.02332481456489368
-0.06647017351534314
2.0917895192110892e-5
0.004694675557907616
-5.726188963753554e-5
-0.0009136098869970666
0.0009957904618018059
0.004347098943520206
0.0011576597513151567
0.008928300481449887
0.0036042329440911848
0.020606139221649892
-0.006517163608869032
-0.09816123721036472
-0.024329633233974576
-3.6706207373617034e-5
-0.004738524298265843
-0.0009526945829188538
-0.00010543265169693599
0.0008683219653248032
0.0005988143031602629
-0.0038266526546272494
0.0006859774313739609
-0.007814164221505437
0.01642724274628796
-0.0004908961266163074
-0.018505748635518193
0.030452705891589917
2.1646213457262459e-7
0.00700052302387814
-0.00012493413695149048
-0.00139896694644614
-0.00018101433160482852
-0.007564825828739497
0.0012175940075980303
0.0027337773139716123
0.012304052109234668
-0.02162326169747746
-0.00875224518577961
-0.0020804006285287287
0.046659147277034616
-3.1984592024316124e-6
-0.010223814999412745
-0.0012044618077507031
0.000961301942431882
-0.00011507830201268157
-0.005270913950829415
-0.0038213858607363616
-0.00516878696386795
-0.01273219080673464
-0.00808520721135802
0.0006878289525155513
0.06316052868583864
0.05542489865109808
-1.8646612363595077e-5
-0.0019733239138253144
-0.00027634938139244
0.00011212976035358514
0.0002458887301913461
0.0027599956395297416
-0.002552354918318566
0.0009019739048891704
-0.005173763367120697
0.018555029465690997
0.0009061366972291366
-0.01735841663555746
-0.02061661746936538
-4.831594956873172e-6
-0.0006178756220086108
0.0006756077749952704
0.00021608904463137
0.0007942553586128443
0.009069962256940784
-0.0006199585269599743
0.0017290481775446601
-0.004146073349975725
0.02506181168972946
0.007300920569665726
-0.013546866439189606
0.012177507741482975
3.1609984640162125e-5
0.01041633631865632
0.0017889796348263649
-0.001211800555015561
0.00011780298836439129
0.005561361590440877
0.005086466695195463
0.005274787486753295
0.0173587018792361
-0.0021039594122658914
0.005771882151076071
-0.010139187175941375
-0.011592620793571177
-2.902531098289983e-5
0.009639135644471287
-0.0012313859194244827
-0.002771193511730836
-0.0011473922744930118
-0.016137853999570774
-0.000523293603883357
0.00739052226358002
0.024631972005449688
-0.032636421799676234
-0.01913961459361445
0.057726877159972566
0.027389497821213724
-1.0033817705835249e-5
0.004884158581249815
0.00262600287369771
-0.0005517818894865996
-0.0007226424906187528
0.006083437629104356
0.005442954490625133
-0.006742661059690209
0.009048639620228728
-0.0008352115746179167
0.002468874874245139
0.003879367761010331
-0.02811246318738147
-5.246051970681672e-5
-0.010584345647038243
0.00035757086416011796
0.0025616219544145947
-2.57252511933609e-5
0.002894432363570253
0.0005693426031914602
-0.013819632487626734
-0.020703950965974268
0.007775981328469182
0.0014629782808360961
0.019351911746393644
0.03282987499084307
-3.331399315174555e-5
0.0010546292417470493
-0.001283806580943209
-0.00048599521042031157
-0.0010565188250970163
-0.010314535174398664
-0.00795937466446097
-0.0014411307666586468
-0.0016669596509693537
-0.02227468634063505
0.017923636054950485
-0.12851721930088889
0.025201041853979533
1.2067874501661256e-5
-0.013675863642326163
-0.00033101339410703125
0.0020340793795730915
0.0003729911542737717
0.0030756301566840223
0.0009855322811951623
-0.007387906846800053
-0.018196125797104615
0.009190747409445003
-0.0011145678767730106
0.07691869128649308
0.0229038088106484
1.0812738196336167e-5
0.006867370197079936
-0.0003424977804541648
-0.001298716791255624
-0.00046848313857346125
0.002075014918253177
0.0020439397278665967
0.00824354506541526
0.01089309455865064
0.0035944790508866623
0.005854160983900181
0.006219332586324062
-0.057745004988526326
-1.8644753950969998e-5
0.008517740636065071
0.00037519125033761206
-0.0028654490299849767
-0.00044823411833873214
-0.0031132978875691737
0.00447777210579976
0.003923141099720798
0.01830119707074936
-0.00958623046019685
-0.011560327585891279
0.03689842944012
0.07424881268718732
3.83062222881135e-5
0.010486872565996772
0.0001808777868045544
-0.0024771124240554553
0.002189022219251221
0.011988284255408514
0.008267116537528707
0.01751444489106527
0.014367245243506273
0.04218146469742056
-0.019911413029329524
-0.029930722208851485
-0.07225484217733441
-5.322885017878901e-6
0.019677894207367052
0.001003647064610456
-0.003734672782480337
-0.00023970222707079877
0.003893201743035872
0.006259433480709034
0.015591201216920472
0.02752301715975773
0.016497792565648022
-0.014359884636129402
-0.04772880602021012
-0.02189467509408145
-3.272448164634075e-5
0.012746392134120259
-7.994760163852515e-6
-0.0015621466582780045
0.0022855411646622694
0.0072986638573950295
0.0008719506991468985
0.014546914961015
0.013765769587855711
0.02937966583034623
-0.00465461863089882
-0.004656909820254134
0.020727333569380203
-1.8299729155691923e-5
0.006688225426338389
-0.0008936052225292021
-0.0010477133157638459
-0.00020116165522101595
0.0019598123824308726
-0.005557280175650873
0.011182987500227807
0.004533379766167859
0.025763927979593575
0.0028576599802209945
-0.07356627294799649
-0.10492365840311434
-7.388674627096214e-6
0.010265488709992318
0.0007733863398842524
-0.0034605080846441785
-0.0008696906617990317
-0.0033142841932142595
-0.0011655116324298567
0.005292117690383526
0.018522428846238677
-0.01974419900214224
0.008585495248693313
-0.08936043857526048
0.015358893197216459
3.234288849053713e-5
0.009049389077357826
0.0010502883011243506
-0.00261776808690973
-0.0014404959119917672
-0.003900363706629725
0.005951088033033808
0.003642423211405386
0.017685503194423382
-0.014468873985560852
-0.007056230718291422
3.834430728715102e-5
0.0194038029853758
4.426935079149454e-5
0.00619642966540475
0.004766630285437578
-0.001096288150196574
-0.0019128818328452088
0.0027782225340531883
0.011266434229363187
-0.01165765539044915
0.019347961376106934
-0.033926678756367845
-0.006844185900923501
0.04973200858838259
-0.004495136326153748
-3.850446583950243e-6
0.0057403750255880116
-0.0015727187595298087
-0.0001008924285461407
0.0008096093827624978
-0.0013648927999203183
-0.0023234030251908576
0.012967014948619997
0.008445351861408658
0.011858903884741263
-0.001607290972921565
0.08492211387128594
-0.058049991787829984
7.620222218839915e-6
0.007204420816899114
0.0020638393587254114
-0.0011040648904761111
-0.00011800678976748822
0.006049423820996893
0.00775314282045505
-8.812181058412495e-5
0.009437863993132485
-0.0027114751345559914
0.0007782092335807574
-0.07627125837971722
-0.01474250980478222
8.904484760371843e-6
-0.015728896787857598
-0.0011832779457312415
0.0024875435313796396
-0.0008349750336671664
-0.006667276190309887
-0.0006734915248346892
-0.010917929095814634
-0.022607170510180595
-0.010266755866674578
-0.00925693247967412
0.05753366215621557
-0.00031464845579217424
2.2210209325370255e-5
0.003656833386099617
0.003554184827116023
-0.0009007448894452281
-0.0003907857412595318
0.009259362957861573
0.008929504565218243
-0.006976395857643465
0.008552672908826378
-0.005220177540071996
0.010596836988443227
-0.04220235315214952
0.03313425263866494
-1.9214074041909152e-5
-0.013444193300588459
-0.00255837128197701
0.002446083788239312
0.0004441978576821756
-0.0008324828679058936
-0.005637836924431976
0.0017990228582558825
-0.019837966479134404
0.02435991429755535
0.002739537543018306
0.1133385849213783
0.01045389724677901
3.413365841434233e-5
-0.008189718193140775
0.0014884680850871877
0.0003044277781390871
0.0008909303464877406
-0.00027837608715433973
0.0031614323513288823
-0.010515221062622605
-0.005889762505912954
-0.016221890578639698
-0.007143854667955732
0.10884438158389499
0.10216624141742488
1.843444627076973e-5
0.009286796524703208
0.0035327280137831727
-0.002579236929220761
-0.001918594203237009
-0.0016468013473457351
0.004973924393366367
-0.006598548079043441
0.021634389818872828
-0.03718425026950581
0.024536045765429584
-0.056473584949357315
0.061140458868117004
7.729003444913298e-7
-0.006699799043193377
0.0001792508195185182
0.0006293801965120298
-0.001788480041645302
-0.009691237580231094
0.0016033831984521832
-0.011466755753925948
-0.0036329765140503804
-0.031670274629397276
-0.008262142308107723
-0.028399587650864103
0.04798850642968015
-3.549416180453768e-5
0.008191259144002016
0.00048510884731711197
-0.0017132477709382364
-0.0017360094871377845
-0.00534528465404995
-0.004975343740495848
-0.0006341692922890727
0.01302041512320294
-0.0267601059301242
0.025854868393975734
-0.057683460010327585
0.036709277964575626
-3.714620282188018e-5
0.0018943055391014729
0.0014712115921925214
-0.0019904501372500385
-0.0011287104037657092
-0.0016019844761429103
0.0014177638933091461
-0.004148723202185263
0.01638607257829818
-0.011354088141181015
0.008255575340747725
0.051208787391412956
0.1098911040749695
-8.833291273493982e-6
0.0015527298988901972
0.0007963789370774441
-0.0018009463507213483
-0.0018704565645355077
-0.008003952493259997
0.002134394675111802
-0.0022427878161680372
0.014168948536472019
-0.023896149111739397
-0.0007363722550034084
0.1413971516868637
0.046123032841908225
-3.872033028325377e-5
-0.006137650722672782
0.001226339713390386
0.00046227034637753996
-0.002018331325906849
-0.003129305005311199
-0.004587974443403724
-0.013493277931479515
-0.005807774246332061
-0.010800167433732718
0.021387756942828184
-0.050863265007720614
0.013098893205925333
-2.5553078284985435e-5
0.02328664936925593
0.00022900699843493393
-0.005007565839276485
-0.0019930434694472978
-0.01173631593384435
0.0028017794205325874
0.013504557633698023
0.04130383280919993
-0.0331033918640348
-0.01266481074609142
-0.03576751158252551
0.004489311244127399
4.2752720103343017e-5
-0.008575467458898678
-0.00022161422532344891
0.0011988649110612894
0.00018114997872663443
0.006202918527393578
0.008218624118900257
0.00027757044188489547
-0.007223290474393523
0.01982524122973621
-0.029848058325546947
0.13429679951615547
-0.06876114777036639
-3.200599808936452e-5
-0.01920223221537821
-0.0013578255269787618
0.0029209273628339016
-0.001054713485302373
-0.0097430586776555
-0.006858490061736827
-0.017574929223471963
-0.02420998978301705
-0.026716435863437905
0.011754075393846658
0.05845736984453517
0.01437370681011539
4.024466367131254e-5
-0.015196760810900769
-0.0006608198024790756
0.0010108172818304258
-0.0004245781480231246
-0.009156013891503993
0.0005676729851359312
-0.01227869682292185
-0.014567503037376557
-0.02298940856649301
-0.018472323358626166
0.049901276680421824
0.0830397494822665
6.172170925563694e-6
-0.011564694355298121
-0.0021483088665655305
0.001792656361085505
0.0014503539813069733
0.006089911087455103
0.001957402698099414
0.0028243023404057473
-0.017735059137215733
0.03723177524675945
-0.029381247855075513
-0.0075222757631288025
-0.10800570906542152
3.777080200847479e-5
-0.004516183517979617
0.0005864453903925099
0.0017839946678295277
-0.0005082400884279613
-0.0034748321597523825
0.0007762516479366935
-0.010331990439171886
-0.007283598492066872
-0.02822398992369274
6.459596917385695e-5
-0.059878939716246145
0.0012266257543754593
4.227348456903613e-6
-0.0013015768739809992
0.004509426612676139
0.0006832322977301987
-0.00013068490493823814
0.004998513013738397
0.005670468850804557
-0.020998423168529942
0.005194591904520312
-0.031123059876220622
0.021392214640081578
0.010284599863136977
0.07466585604768428
-8.039236175723381e-6
-0.004826535405043546
-0.0058025397775322025
0.0042932491975506476
0.0013280391759194865
0.0004325441495696335
-0.006885268412550205
0.015461835424090702
-0.026151169418134796
0.05093731548672027
-0.02506141753708417
-0.05384482124772416
-0.19030190095579874
1.282663318586473e-5
0.014922824091861983
0.00016129055081023984
-0.0014321987327306075
0.00029836852616373934
0.004118899922843967
0.001582700767334061
0.012362739348866537
0.01575886513337022
0.010292117533399469
-0.0014151260779429174
-0.1245011446506718
-0.024110624313446533
-2.0911700596115115e-5
-0.006689532256168908
-0.0002683054177293719
0.0017230013262475956
-0.0004957079875945649
-0.004713268440613013
-0.003897951342890365
-0.009706362517797862
-0.009485040086905993
-0.01611132077496841
0.009664642097263778
-0.04998623702592663
0.0593272106266698
6.347585746697072e-5
0.0005372390186224922
-0.004187702208715174
0.0016097803252538069
0.004739757207018899
0.01123549931786814
0.002200246213950978
0.027117994024363254
-0.015455143164507011
0.0625040035596734
-0.027598622440325724
0.0747258073786447
-0.12354927018825078
-4.309527877787145e-5
-0.0028956546086087867
0.0018280905022021708
-0.0004239161160158235
-0.0011169133208235643
6.107508376025301e-5
0.004172767174548816
-0.010224719126965208
0.0044702616785579005
-0.0030487405930441787
-0.0023355845429290966
0.10945578925076663
0.1270557275363003
-3.904269202599653e-5
0.020439470519459373
0.0025807196217414877
-0.0037881421397220065
0.0014854632402470731
0.010890265221009493
0.0076573019730662075
0.009421971450361884
0.029421875560543192
0.0042712016807097885
0.0007249326694657729
-0.1557376849382463
0.10991482159617484
1.1869409029002912e-6
0.005562766568518469
0.0008495002050073624
-0.0014682466533042166
-0.00016642661600396177
-0.004441907797108218
-0.0021670302991205932
0.0007928947390981107
0.012587112472117974
-0.02982373818896111
0.00693055292753621
0.03140627293058145
0.07499522601712669
-6.770364447565335e-6
-0.018991578904268953
-0.0015384939463968634
0.0037372673111249373
0.0005675558924997127
-0.0004729150474831952
-0.0004203554778210226
-0.01188312137340068
-0.03387571068128648
0.010539574726974537
-0.027632232755778998
-0.058022797534226074
-0.04300697500336974
1.0798873418144098e-5
0.0063407601715994065
0.003622685306300113
-0.002403536051210564
-0.0008986836998224559
0.008932812203280226
0.005461057313292187
-0.003960840293474128
0.015441116148339441
0.015090463847375855
0.009355333975983912
-0.03651207557609342
0.02785377089773814
1.4833794062943993e-5
-0.014503931420897146
-0.0033987451270320913
0.002411774995352812
0.0026957634622518387
0.004814407544187706
0.00037644381574775544
0.0072260644825858245
-0.021861449938559787
0.03891335311490403
-0.013791288347173724
0.15429869260678836
0.02695508506708062
-2.153369661849504e-5
-0.008568761983238977
0.001257824468372108
0.002061054579563542
0.0024086899359763566
0.009228954477313317
0.0075014820764696824
-0.008621785558744387
-0.013272730888372702
0.014719826468810133
-0.020708791934113235
0.13351380903485374
0.10566735100306394
2.58838769410437e-5
0.0025934691736149663
0.0006562339769924882
0.0005375645504752754
-0.0005998394599602012
-0.004585188849513296
-0.006184323107954885
-0.002703357370761971
-0.001354172710659257
-0.025127651049706264
0.018373177996502624
0.05069264316719004
-0.06287392235685944
-5.434829626295208e-6
0.004143045211804682
0.0009124002069473952
-0.003302943104395076
0.0011087495494878738
0.004925437173390601
0.0028677431391257134
0.0053534796672554934
0.012404595958342918
0.014167320045961265
-0.010667888105190981
-0.11425024023244891
0.05976197121053142
4.0525072841337524e-5
0.023272805820191436
0.0032699983530132056
-0.006497186411136196
0.0017913505150408484
0.010133885996903251
0.005927812742897554
0.016943389292223283
0.03722971541361104
0.009533398350925683
0.0033740359410254855
-0.021898104067522413
0.03141512589650991
2.4282601669269852e-5
0.010758841671386134
-0.0006928237056535869
-7.610025318354389e-5
0.0017300730467860004
0.007172880490517329
-0.00046001841651326943
0.01492717077583984
0.00799041065467438
0.02326985958788505
-0.003822966123665192
-0.038807913607446745
-0.16750837071542912
7.493581084014404e-5
0.0072460971656940695
0.0014508040349046753
-0.0023538840195356336
0.0025784931187166973
0.013930036092498509
0.01127334229447808
0.012628013984496284
0.012439827703052159
0.03527345302404644
-0.026930964643741662
0.07605504166368791
-0.010551646030019492
-7.621669314837117e-6
0.03260314686237849
0.007583285231292439
-0.0046545503772392645
-0.0017580012441048786
0.0072662876515833365
0.004326778127144569
-0.0033871861095324325
0.0530334581151632
-0.04361813723291415
0.03266372184527305
-0.28547999615483205
0.08978721279692664
1.236294244238298e-5
-0.0009306453833854058
0.001297660840222709
0.0024253437794562478
-0.0003648734129490139
0.01229580063267338
0.01195858765106298
-0.006412491713754242
-0.008232152022366344
0.019985554634445832
-0.024552767889609462
0.07347551575304066
-0.05653526271940692
4.307650145941163e-5
0.009043256310425775
-0.0031389077842268968
-0.002389834629404181
0.003650644987292807
-0.0014745746571668847
-0.00454519239081481
0.029592425580269404
0.01078709014650932
0.04774471183888554
-0.04872465402838232
-0.16470572197454425
-0.10459417151633016
1.4829982606214915e-5
-0.01965342351731984
0.0008204062192170132
0.00046296117519990955
-0.002687822860877063
-0.0016611438052176336
7.22168467398762e-6
-0.01842411488781812
-0.019894535678677373
0.002674982548209799
0.002962882295692617
0.14641603121874625
0.07574236853565078
1.488156547841708e-5
-0.026502313492691613
-0.0012626673472132574
0.005698618682002498
-0.0026565339836778948
-0.012048977600609434
-0.00832837330902866
-0.02647371600013692
-0.036253448929634585
-0.023634209420593615
0.009644252904819368
0.03235006742833838
-0.07131072578511806
6.699442427280846e-5
0.013666123685215118
0.0008107244285131941
-0.0018226044498759783
-0.0005769147997623768
0.00143560207973299
-0.0072866096367039095
0.010055322068671775
0.012248679474970181
-0.002001583420938832
0.040132546400489355
-0.06074409234786931
0.061356768591190616
1.1546250618227965e-6
-0.010550212070576102
-0.0007971347793894391
0.0004384924336042755
0.0008627730650111046
-0.009863000158752003
-0.0001854764926035
-0.008705757931645148
-0.01569912516363674
-0.01885656407300357
-0.008093024202505494
-0.09225774460895404
0.13305429888948375
2.3290339393321206e-5
3.1779812417364775e-5
-0.00388441675489624
-0.0012808359767629905
-0.0003907670775081124
-0.022249730432341578
-0.016707158088225815
0.009487399092871874
0.0006490732444849165
-0.028630928974783892
0.003988838783754901
0.14511374547253053
0.07938156718847045
-4.996161475877233e-5
0.010063533649704559
-0.002994652916209236
-0.0035721027676828827
0.002534665582554458
0.004244906625114602
-0.0031577942778469362
0.0287172050182892
0.017589464731698586
0.05144847731388712
-0.013433211970169475
0.1929626267575294
0.014806121556038793
-6.622706164268353e-5
0.0039831853269105735
0.000452281642943754
-4.3679227333290504e-5
0.0010971056508388237
0.009348582134631198
-0.00434119301492944
0.007131393614205833
0.00831620395675665
0.03721835391377682
0.030006456851937046
0.09145580258655384
0.007838606801977151
-3.494566331227363e-5
0.00785768605854862
-0.00012888377319981813
-0.0018919658779235759
0.0007935910431042166
0.017566093550321096
0.007137648682614014
0.012154868419925578
0.009478153641344021
0.05672060266229535
-0.014970218069470376
0.02252554915374236
-0.09452395207623802
-6.561314585417154e-5
0.02465903451512915
0.002392118638955396
-0.0027448119452437
-0.0008246106901553513
0.006093506656633229
0.0038624030434762724
0.009615720866432784
0.03305296469571927
0.0024191962497120017
0.02979172033778304
-0.17326367988394467
-0.06563658719420964
8.854362663254725e-5
-0.0013909030509941926
0.002126092602955131
-0.0003202703693182059
-0.002433940041648507
-0.007339381383189162
-0.000469960482456953
-0.01028013651363251
0.005290081754158364
-0.04051021924523457
0.02946936578006927
-0.0804446093428661
0.017249481131448738
1.6583511605831437e-5
-0.0036445354757942386
-0.00116284511369591
-1.643191548453835e-5
0.0021828439429362263
0.005900256455183909
0.005803644631068603
0.003255088756857019
-0.005772810678672817
0.029802236398070725
-0.012302734561785756
0.033784176430767865
0.06405688037503282
-1.3568496087362295e-5
0.02111490710251167
0.0025646949346304084
-0.006102072609679018
0.0024891849466633113
0.009991534267403419
0.008696913552023663
0.01911987590345341
0.04028123130508718
0.0300597538412577
-0.011361125743082462
-0.016635062284539485
0.06904778816088317
1.8134502605384577e-5
0.015568773713095794
0.0016158700016636854
-0.0014765360425509147
-0.0007310832599147591
-0.0034797387247590913
0.004752605731996263
-0.003628234846607801
0.0225084131079056
-0.04628012606726963
0.004502214021938951
-0.1788058905909831
0.015174664893614161
-1.9195801112957003e-5
-0.02267214452530466
-0.0001979926710754403
0.0068584133271062065
-0.004028758795606439
-0.0033560433867912314
0.0007476207446714094
-0.02780533648889451
-0.03592066709045355
-0.01635277028923646
0.03306921526663849
0.03311868242471134
-0.06449116001810937
5.013470812349055e-6
-0.02381062489239898
-0.0037655744628413393
0.0030874165681934376
-0.0009600435788493665
-0.006062558653731949
-0.009167522144935339
0.0010545626697004962
-0.026424258985922013
0.0514085123965851
-0.01719180359509737
0.2653509676436409
-0.021643492848372605
-1.6285298047925466e-5
-0.01317023791217377
-0.00018554164894755886
0.00083174118280256
-0.004100332463930859
-0.011283702707867594
-0.011171759560449745
-0.016341054378990298
-0.008613286518201221
-0.030812784092391365
0.02812648853364128
0.01476508918481683
0.014182384911151447
9.832582089455892e-6
-0.0010162007197016733
-0.0029903433920005582
-0.002932654185691207
-0.002262416221904562
-0.018070174316375545
-0.011030597352858489
0.009091193420914504
0.004798646216089892
-0.047190962368039026
0.02415983905761431
0.034101715323833846
-0.08683098430186505
-2.686345797841397e-5
-0.007761689105141923
-0.0012423409959368993
0.0007146501042489858
-0.0015303740250532313
-0.007144951793578023
-0.008818075978688437
-0.0018188970195840036
-0.013636305117302926
0.005782657764237881
0.007240085951011904
0.12742778291905002
0.0849061401379475
1.7230538752247007e-5
0.04327794054769742
0.0027583779667855815
-0.008117489029147797
0.0018901223557804766
0.001141526703418559
0.00795689184609908
0.02914150290104157
0.0614224786163149
-0.013446564510343912
-0.01660376691380859
-0.10338081912215073
0.16854141665133796
-4.771575997627835e-5
-0.019720844649462783
-0.0015277744796972634
0.0056505433489629775
-0.0030642212909577503
-0.0009696626882705002
-0.00980400864526599
-0.01276223013421832
-0.03834300727178471
0.006360197723219919
0.0020406338779832283
-0.1894673754844758
-0.18716911515094048
1.7325183104840237e-5
0.03771360006996135
-0.0014888159681527315
-0.0034666584682609973
-9.608156230712216e-5
-0.0057377984263648225
-0.003017810463239139
0.033870329113722834
0.047808491778820995
-0.0051982715408628675
0.002807589444933886
-0.007803489224184187
0.05363391258735338
6.524845181268686e-5
0.010966565036691949
-0.006020699270447845
0.0016344299568475178
0.003225017282109418
-0.013802690207778955
-0.008319868500315424
0.023217704492832093
0.003852711195064044
-0.03230235756046049
-0.005956329256094668
-0.13211222933611816
-0.06665462003971677
-2.3783005785904354e-5
-0.021068927855782432
-0.0013494398588282505
0.004739110781385389
0.001935885633139059
0.007896762414491429
-0.001263262082878417
-0.0027898661943217126
-0.031820354086651986
0.02879628424418293
0.007781634823350757
0.15685313712726112
0.013902532790464227
-4.551479385248417e-5
0.02065058026650082
0.0013238041006045159
-0.00017114806336768987
-0.0016691387442130561
-0.004059964605309467
-0.0065545727582985045
0.005728446701139712
0.029668325711773857
-0.0301589978454585
0.020997689258726384
0.18101124490040418
0.08429459295735046
5.140894340476736e-5
0.004460059873161998
-0.00258535298116143
0.0003191672673967148
0.001874874390995141
-0.004365228371315343
-0.003646883738736415
0.011438889297414887
-0.010099266981607761
-0.00968448008823383
-0.006550330058522164
-0.1468540776186849
-0.10532835831391624
4.180500321195502e-5
0.028328335864805855
0.00013162051781064735
-0.00993043070665294
0.001815314522584612
-0.005267412941974184
-0.0030018750127840587
0.02858454610426428
0.04194487050076616
-0.02716665331359996
0.04357295381788239
-0.429619737359984
0.12415268866953082
-5.1378389788445114e-5
0.018699019065528705
6.878493219699415e-5
-0.004977045701528676
0.0023977419530174645
0.0033998075206302407
-0.004411295195335377
0.01730615539536102
0.025266401582913184
0.01103555041544372
0.010529227587145053
-0.1381774568515824
0.039810294697974494
-1.106871257034068e-5
-0.008311981842993471
0.0018706778689589435
0.0009537571201219257
-0.005520153847209176
-0.020664214513959233
-0.014714249279035987
-0.027945523790822963
-0.0018991426956354092
-0.08159208961110768
0.04319797398447316
-0.11835327132219076
0.0820791476127406
3.824407882627744e-5
-0.014393818023453386
-0.0019914785062929326
0.001769566100155151
0.001521580409814076
-0.002487944650746466
0.015421184083887126
-0.009528599396545509
-0.010635058348903928
-0.009212007463419089
-0.03622538630377859
0.339985828629015
0.3810405538846216
-4.417676572733125e-5
-0.022615640951201936
-0.008236386069979179
0.0019137021092550588
-0.0077147552865730554
-0.04171879587500963
-0.029271486734629735
-0.009680898747933117
-0.02675557609158593
-0.088157997645945
0.07628050261978482
-0.15173930480217315
-0.15494809435106588
-6.370113269486588e-5
0.04152848795667239
0.008720054171434382
-0.005166682118424483
-0.004369832862629995
0.02910002280297847
0.011726306602900166
-0.000292096449320914
0.06283031314227663
0.026851790640560064
0.03556780712816381
-0.6148681385076025
-0.3207177748603392
0.00017985182488347974
0.02581970193729235
0.004014778238784153
-0.009417885469442028
0.005838132022269226
0.017328800410647365
0.02190714253583438
0.027020081134434982
0.04474883509725701
0.03513915017838225
-0.04391208730896058
0.09628608951712966
0.3488644426482178
-5.139877444298645e-5
0.01943929795326223
-0.008391396606586339
-0.010001080167198839
-0.005665428737727537
-0.048467806321815604
-0.06071872744144115
0.041091067083572116
0.05301025916051302
-0.08142111717773237
0.10160184896791478
-0.3416018010777114
-0.20329314643110946
0.00019359712061311335
0.04474494336160878
0.01417664403876317
-0.010417230713373173
-0.005284418201810753
-0.008967442435598138
0.0500119643819599
-0.036789493447344605
0.094184766104746
-0.1617308358352692
0.03741812174894793
0.05291342610463252
0.6398213461945215
2.3720533474217357e-5
0.05816007656666713
-0.007276010017609343
-0.015490283417057982
-0.00032572238593601944
-0.03587980094107619
-0.03423310391604735
0.07519930632930293
0.09055564561512613
-0.04890197492995804
0.060343958849704435
-0.2257031227947343
0.05867482182546158
6.374377972264493e-7
0.024526182879341562
-0.008062117533849687
-0.003907743739708805
0.005654546130788653
0.006989845937613854
-0.02619121994588893
0.07532322028196406
0.010727820949638105
0.13234783553457485
-0.010174984483597492
0.02517496769799036
-0.2932997428003894
1.4464232166674344e-5
-0.002144235257545521
-0.0017009342843160636
0.005897463466153344
0.008254598803943488
0.03705213636499986
0.02427925042540326
0.014942883216955347
-0.035055099372338146
0.11539985760721899
-0.057902755957216105
0.03838573921060784
-0.318349196348815
0.00011732482753457723
-0.060468012786671806
-0.0038519808038054385
0.011060160070182564
0.0015415994551976435
0.000889673223488413
-0.012028107467852529
-0.0241324231113439
-0.09493860269070346
0.06403295132068809
-0.016802233220522756
0.32490342905262537
0.09316202217398308
-0.0001578283994923614
-0.0022082866155328225
-0.00532700455381982
0.01770249892080061
0.01100474301855141
0.03379202301715537
-0.006007374266683271
0.02236446989525081
-0.07068369848681758
0.20046762902245202
-0.10830601007574667
0.13843829819484493
-0.5908705864544751
-0.00016160814080494208
0.0036654295338088318
0.004300590274039814
0.0041254820011935155
0.001477280854443549
0.025659701877178368
0.00578162541736427
-0.020846792386824034
0.0069787823821303285
0.03807049282019101
0.02738253773786568
-0.2755502586411008
-0.04430509094586695
-0.0001654685033797515
-0.0013735435013118246
-0.006840608701386367
-0.005963194927426659
0.007471332908655632
0.008959004108783971
0.027392453881305828
0.042417974862577354
0.019969893204818782
0.08575335950794118
-0.11805863877741692
0.007838680910486524
0.1623798999735064
-0.00011792191026668421
-0.0539534163808479
-0.00033765573130284507
0.0068587136344457275
-0.0031625576885712624
-0.04346661362714533
-0.022993696181565337
-0.06221017578055853
-0.06451080445213353
-0.1421979319190117
0.05285220592521417
-0.020267511174399837
0.15826665195020265
0.00013401712390736538
0.023688301362077422
-0.005504322284571932
-0.0065001401278210105
0.0038773334347497017
0.01598674323316654
-0.008348463166001557
0.04124823558436622
0.003684099969496224
0.04828511233253314
0.04192063733528761
-0.6097469138085916
-0.364174469763266
-0.00036123902308093627
0.020660819302711714
0.005583909253725565
-0.005181181617855377
-0.011456035411406903
-0.04175848977304741
-0.020618080114936682
-0.029559827386293952
0.06452909337200724
-0.09930259690299471
0.01566082722546957
-0.8660912405225888
-0.33716883849377016
3.1172989027504614e-5
-0.10691148064644466
-0.008851698601656239
0.024835629543309142
-0.0003411809787308843
0.014013463228664463
-0.010515308383974282
-0.04340396470035288
-0.16193902397326088
0.15018336350826159
-0.0204086837909733
0.3026044579142823
-0.011771126024927983
-9.091740805246263e-5
0.055174427813468103
-0.008209588991612775
-0.008572485233409687
-0.004409721292951394
-0.029821619454853485
-0.033258979691921646
0.0612570409590574
0.07105768630946266
-0.012512729732884186
0.061113044146537135
-0.4539403223443298
-0.5913661449598266
-7.89587929642599e-6
0.03155293443769436
0.0021464748697851985
-0.016761997196761975
0.0024581829365713996
0.03573785530193447
0.017574382129807154
0.04835328904360906
0.05417587381694748
0.1585195503095754
-0.06545331583698806
-0.08114173308878896
-0.045647982319807885
