-850.4237618602256
75.37441855783806
-5.49514014388069
16.53871004958434
-3.1454586028856473
8.85556477000157
-0.2617636851708868
4.3210400385678955
-5.701673311933232
-1.1603160008501143
0.04373009126423589
81.34830266295798
-7.357580414247717
-3.9629572773036443
2.184011775000113
2.846117317045045
-1.1229935468816465
1.074525765674629
-0.8255173808486536
0.9583196915960037
0.09335747930347668
0.010664973664109803
82.6151500728405
52.17692313078572
-8.843172695440671
9.992333073714818
-5.400738650320787
3.7867769650189484
0.4188288555472758
-1.3159866477165223
1.532630144914076
0.27278319284373825
0.050288536749431095
-4.634616712672011e7
-8.760074111281954e7
-2.7380920852662135e7
-3.198349204990253e7
2.3420910914176516e7
2.8364667506835528e7
3.656045643848586e7
5.505629777330256e7
145.13888275076175
562.5311607090016
-1484.9071607346698
-2093.3055185125754
-6018.430085997638
-6219.778719068606
-5414.177123830015
-4699.452396294411
17.70442540752219
-29.589534388882154
25.807238483217017
67.76564678023668
189.90240001885286
212.21644002197482
183.13694751936865
139.2790189141731
13.836884394374932
38.76100794477924
23.80629312940308
10.530668282468115
-8.49219071172799
-17.83606061127473
-20.542121475620743
-18.463489576585744
-2.3836157228913963
-12.618862268276358
-12.35202761977542
3.59565487014125
3.3203372506091737
7.518828166354559
7.4605445883226595
2.0503781024436627
-1.6307249106196537
7.089931429443087
4.6694003380379705
-4.72294984921351
-1.6423730794280285
-3.486656831725232
-2.82435895141065
1.2371913556996097
0.9625734428683815
0.9889205142592847
1.6247707273433882
1.6132044672391983
1.3471814006797949
1.037238352928397
0.678399792278705
0.36586698638526466
-0.9919468558079774
-1.6588194798899225
-1.5551144802871328
-1.176289526279984
-0.8771057386163894
-0.554725177929164
-0.2946118509268897
-0.1278687860024125
1.130318956054291
1.848358446629027
1.7881555811355123
1.3602599247011584
1.010719680984972
0.6158635841151389
0.32869289705893223
0.130126565367745
-0.08633672390203784
-0.13283113776825287
-0.12928940689744187
-0.09224632002891402
-0.06572265140060957
-0.03534732470632618
-0.016100423162881936
-0.002330403588185726
1.1365150920086575e6
102575.53007771821
-2.319572177913606e6
-2.2585689610529137e6
-2.9269823011423093e6
-2.028830879546605e6
-1.5041816044166773e6
-216302.81530841766
-214.37847484189297
-144.046780960759
199.58862675041763
151.1366823304581
374.56862682822714
270.35949446399826
218.01703510890164
8.198417581458534
8.759025921654759
13.574524678655749
4.07304644136466
4.094435743899774
-5.987112914530541
-5.199525480035457
-5.771641931487284
0.42702559382279437
-1.942383370560362
-3.167421281168082
-2.2577587971838704
-2.5123221787763415
-1.1667863816960828
-0.720858955463735
0.22114497154942384
-0.2055215831549215
1.1343558641452791
0.612591969565011
-0.5208393244527042
0.12155921570853645
-0.5644017327990432
-0.22743488135965845
-0.42635024917805237
0.038365766987978174
-0.4433486344695642
-0.1933964739539437
0.3529427741679678
0.015126232440313513
0.36677101531827366
0.09836005653736067
0.14740875385593621
-0.05090700615958818
-0.06849051506034215
-0.07102107470372054
-0.06954520835014519
-0.015523896182591552
-0.051948336876877485
-0.019856767156167018
-0.011548379622010033
-0.000583763830305927
-0.018028942408613437
-0.03267363048130445
-0.02898481036967513
-0.021295005811513213
-0.008500525295215458
-0.02009260641811579
-0.010008148496186413
-0.004118728940550808
0.006530153308933065
0.01473490883567418
0.026779487114753277
0.010187941310327945
0.0009113118963061508
0.01448420917785752
0.0015322035120631467
0.0009872402250298239
-0.0019554060654144575
-0.00258665063348884
-0.003915257728643622
-0.0005004460710925031
0.0008875496809533529
-0.0002697285618457629
0.0007367207783934205
-0.0007189849293716468
3.46378598259514e6
8.102153924285092e6
3.651028210488566e6
2.3008646324783675e6
194319.9750521007
290875.8724914068
-15869.795709811347
71053.28195643717
-368.14062787465303
-993.1402309332415
-193.5977699111842
-83.96600880298068
144.4995953092679
56.053555993172324
42.8686473252101
12.69805744054472
10.72413073779404
27.76580055933907
0.42292138762675224
-0.7142584079032996
-5.840368536076437
-2.8906367070859003
-1.863775330327965
-0.8225725199124877
-1.225994807972703
-3.1546867402296233
0.09401815768058637
-0.7168929611701116
-0.31793278705670125
-0.2747634597668217
-0.01645213946211618
-0.02038574344269872
1.6317616806554542
3.685109388362377
1.5916862692689637
1.6597726367787804
0.7177794338013571
0.6170162718183401
0.19769771936061045
0.1456859734831529
-0.6311876166002311
-1.5487617518614305
-0.5913775394113359
-0.6655720643803968
-0.28365067820803086
-0.2616183573853606
-0.08098086871824484
-0.05614305534235818
0.09112068167082596
0.17948165028859317
0.1462683415735127
0.10092577098464328
0.03269461164666096
-0.0024113181447813097
-0.004482927053639319
0.0008591782934476464
0.013675614733278114
0.01978437492214166
0.011681562380570151
0.020588634865397488
0.010202903681335111
0.0031040194863117807
-0.0022536240505291066
-0.00020773073976908444
0.011907787646960467
0.02405673074105855
0.024106032475947975
-0.003961369923290291
-0.010794772190565113
-0.005716439077236335
-0.004600445470820062
-0.0038210237772053303
0.011086779681774529
0.017192051411513275
0.01683056502105125
0.013943442846843837
0.012467268813822515
0.005320522876579404
0.0027232734934192807
0.0008927348655622605
-2.41768179575021e6
-2.0804414260984533e6
-2.2224365423061815e6
962795.5119944976
737985.08620048
1.9709979234470283e6
965626.239962883
524043.1809133581
52.63168636838702
64.9289525508726
131.85062744381264
-145.4419742237356
-145.32951037030926
-340.888945755363
-182.63746192327878
-79.63222833587635
11.539982809534319
10.034244756950079
6.4656482737201015
7.36765881463101
7.528362244468981
12.650178239497912
6.8621096457158375
2.7045992520247775
-3.9911657129194724
-6.355293980494505
-3.9111686667358767
-3.3632341599967686
-2.6139220638776437
-2.426325288838582
-1.1271086240830739
-0.5106653294547872
-1.2987274982425838
-0.24565248891755442
-0.6794010967630584
0.9430569557566091
0.7098187580368372
1.0840998595171734
0.5472735534610385
0.34541952323944447
0.8141577172915206
0.5601172443879328
0.711360846790094
-0.03970265774030294
-0.04934236347247296
-0.32103712581648763
-0.2051023905574276
-0.11135245839272563
-0.11600117520569521
-0.20863629720376664
-0.2004449328474915
-0.1675131545286266
-0.09048848071415734
-0.04319182629732415
-0.006996763528698113
-0.005040438534681608
0.0698642829569046
0.11006644888081901
0.07818030341090365
0.066457892749356
0.022282983087300076
0.026210915931574978
0.001317112472963552
0.008687148660536244
-0.07063917251295647
-0.11120425688018551
-0.08880145471076487
-0.060047933440634214
-0.02940692984666213
-0.026652266070034507
-0.002426592710593507
-0.0057073836972359425
-0.012112467915845863
-0.026317008091013495
-0.02051959354777974
-0.021901450980688245
-0.014239266656349607
-0.009497473711977842
-0.006890466875737651
-0.0020660690304491144
-1.5883339812338774e6
6.051522185026433e6
-1.0484495170937433e6
358287.71434676927
-98600.22079240184
-83037.46660743222
-129925.95524114583
717017.8187906262
48.44535577993922
-1337.7602067766195
-402.0054789594843
-246.31726799971594
-94.06913887690757
-3.502388933825467
33.95558686028792
-157.67055199398757
4.346170015994194
54.77611793258497
29.781260527364513
15.652977353718118
8.371130738174386
1.726317296802445
-1.3818155982236662
6.0117211202131875
-2.4481704118870202
-5.143441914777473
-5.276825602256247
-3.288339512697978
-2.444141628959513
-1.068810508167892
0.052515099814015136
-0.7471120149598252
-0.19517740905185066
0.501248338755537
-0.5353610278390433
0.03485176361094949
0.16468149480553282
0.1621093871843503
-0.10258795747102559
0.3267974750014755
-0.032803144877418915
-0.4092558485985013
0.09295870065194414
0.00675716251275284
-0.09471169652216427
-0.08031034696230105
0.015167380870864696
-0.168752227687981
0.012573710181921278
-0.023319717363619787
-0.003648355966092546
-0.03411675873616468
-0.009032099640242451
-0.013504085775435245
0.0014244275385097568
0.007550670836047342
-0.030784417735803413
-0.0006608841583219329
-0.04146712626782657
-0.009583381956155563
-0.022997373726792787
-0.01088780531872141
-0.012138459697327497
-0.003963338930090754
0.028058007791067346
-0.027867175978998595
0.025329235899635847
-0.011362598467858148
0.014013362439863382
-0.0026898328853584043
0.012556776821650177
-0.0035573658073606144
-0.004941400581283046
0.0020655649820082375
-0.004140064671155936
0.0018205590279926213
-0.00020262585296278897
0.0028184671614956743
4.57156029761387e-5
0.0020319654881045903
-1.7585847059331948e6
-1.0865698993667614e8
1.9744419736322578e7
-3.408595979661001e7
2.7564227387002844e7
1.639892946285108e7
1.4243998090372033e7
1.9097418393547844e7
-20.397724291551633
8358.277335072322
-307.75104426859247
2109.9921839706085
-2474.6442903436164
-1636.044647651454
-1315.4985338902293
-1228.4706026906736
2.5555144612521055
-251.35092686761493
-21.59339832798043
-70.30187428285835
68.93613472661667
53.3327374229752
45.417831084159246
34.839904571928976
-0.8795352189285505
25.03936415500201
1.8705848362757125
8.259176870530494
-9.46042903922531
-9.305307332601942
-9.212153606017747
-6.7372275780916
0.6207984532331292
7.416818808382328
-2.7335723191508907
6.899626111535035
3.8786868927660945
5.139104892376648
5.093283576225495
1.505082337482911
-0.5387386502645212
-8.235117853206049
1.581707099145524
-5.980445751423933
-1.9517199200219115
-3.1878514664975706
-3.167660295270558
-0.40524452506950215
0.6707492172626317
0.9448306222152135
1.1837822113886878
0.813184032065592
0.8172890071051206
0.5915622179971809
0.456358075653551
0.21667244566348276
-0.509891060053726
-0.7557316553673292
-0.8399136532213526
-0.5402080735219381
-0.48090023218816214
-0.28778277414760123
-0.1753115650297691
-0.06945694294813638
0.5457378218360049
0.7737874033635046
0.8784621957532592
0.5480643764770599
0.4805915637460965
0.2817213335551
0.17645125382681956
0.07010479698458653
-0.035023881575431674
-0.05545881230609363
-0.06202543318075109
-0.041199486179667295
-0.03790704895246942
-0.021526262864466947
-0.014481888661681779
-0.0038068535920984786
3.614939902895889e-7
-0.00319240474967512
-0.00010208628512027636
-0.0006775933003318171
0.0022462706193450027
-8.238692980923673e-6
0.0018269179837578134
0.00047282269996403706
0.00014083232509046672
2.039720244115765e-5
0.0008739365943459632
-0.0020547845226168483
-0.00022229100316571696
0.0007266851910151899
4.057154795903671e-7
-0.00317971441175918
-0.00010203128988533077
-0.0006774279558065765
0.0022372605698466
-1.1010073908591896e-5
0.0018224898204656735
0.000467372041159574
0.00013576956228625837
3.50721286259326e-5
0.0008619825707943445
-0.002047146077850099
-0.0002245638883547059
0.0007797162060517981
1.639365325532826e-6
0.002122322801028557
6.45345998807026e-5
0.00040355420344656535
-0.0014235423249457984
4.084321030658069e-5
-0.0013493474294775903
3.976577142472739e-5
-1.72338838538894e-5
0.0001470564591363635
-0.00036153805943030655
0.0019311346353134053
0.0006193680593318238
-0.0019221510504420687
-4.4588858147605376e-7
-0.002215303474737492
-3.72042270403269e-5
-0.000448414094012398
0.0014624325039662841
-7.708428193185714e-5
0.0014327129570787488
-9.673513908592678e-6
0.0001410182735971996
1.4107725516808837e-5
0.000317529931520339
-0.0021600283516150084
-0.0001412759424067557
0.0017597673107370008
-3.1288609128051716e-6
-0.0012550125881305744
-2.3422200087670977e-5
-0.00014723065836540637
0.0008681401569354165
0.0003834148044450293
0.0010752824455425225
0.00017348944921365383
7.862379105143395e-5
3.957466424465182e-5
0.0013930386150681957
-0.0014119859966630782
-0.001456966381093055
-0.0014541342350423978
1.0210046181239998e-6
-0.00016207679336108468
8.980036794247625e-5
-0.0001785463786856861
-0.00018444118831207948
-0.000673228513569141
-0.0004619840463658273
-0.00011903069909570462
-0.0004518718067194102
0.00043791562303226
-0.0010595342523611027
0.0010543085946147304
0.0026062784541948923
0.00042307950437589823
6.631071478870676e-7
-0.002021253182035515
-0.0001078238709093334
-0.0004213719805164462
0.001654141867831146
0.00019771957800515457
0.0010355106848247964
-1.9802246765424742e-5
0.00014336942554668062
-0.0001893165313699933
0.000761349686361059
-0.0013592321265830504
-0.0009205979121597989
0.0023452931838605627
2.9247145530286394e-7
0.002189161531247075
8.904658206943651e-5
0.00047688756843016817
-0.0017001827289575948
-0.00026066535341673266
-0.0012276671038671837
-0.0002853546595240907
-0.00019252241413551336
-5.5721533286316864e-5
-0.00101484347449482
0.0012613941614337994
0.0005057427753467043
-0.00016577891558841137
4.91257841840731e-6
0.0044219344689866245
8.588578175941043e-5
0.0008964881362407727
-0.003039203658993413
0.00024615228629970744
-0.002708548362946087
0.00040870215660977717
-0.0001914595671244768
1.1825414757853582e-5
-0.00041283839184347494
0.004200021121410156
0.0002886005702370872
-0.0040722665556374325
-3.610165662478515e-6
-0.005426279482388973
-0.00012131693029765605
-0.00099460403494899
0.003422644279343848
-0.0003901517872143988
0.0034028767371639137
-0.00035438189156859485
-2.4015818738932347e-5
-0.00027417078257949037
0.00028512352076011274
-0.005137051865208767
-0.0006392274204839167
0.004582665004804203
-3.1010358773453684e-6
-0.003975002166418782
-2.703814042186797e-5
-0.0007625418363993448
0.002317614990438422
-0.00037905786407684407
0.0022118759660512185
-0.00018230206318102803
-6.702753268583597e-5
0.00032145848984172485
0.0002352826717104927
-0.003508056160032034
0.0009526680287448929
0.0019786398531930188
4.234211218215217e-6
0.002073916097838211
5.9030493501760896e-5
0.0003971271561255472
-0.0013207770362525055
0.0002889206847049917
-0.0011359704755229088
9.150873113880607e-5
-2.895509668758834e-5
0.00010058295825643711
0.00029488939282942454
0.002033026784708618
-0.0005554428781725509
-0.001610878094385286
-8.402064234510215e-6
-0.0032343190482883094
-0.00010454168649547496
-0.00034667106622310193
0.0019987056252268745
0.0006167607759597779
0.0025360279247261834
0.0002832055814004847
0.000499725160064036
-0.0005078860549588295
0.000670496527674047
-0.004200034959018856
-0.0015704349386220162
-0.002340520532688531
9.150905554520434e-7
0.0015556567747897227
2.618988487739862e-5
0.00021578523244392258
-0.0009758400404596648
-0.00016728163412521837
-0.0014217487248727716
-5.273610301271106e-5
-0.00017862937106711416
-5.56604314729428e-5
-0.0005736735953031816
0.0020992088815621215
0.0003392804414649931
0.00020482067714786448
2.3490334412355365e-6
0.003178810098568786
4.743550295656041e-5
0.0006783486737719238
-0.002057103769819535
0.00017987257117135474
-0.001751081521433513
-0.0005771013895160516
-0.00019419691588168776
-0.00037038177925769177
-0.00069981221564703
0.0025244887031472697
-0.0006809466732670309
0.0005160362046731813
-3.07737551027409e-6
-0.0038382041556432487
-5.208204174246209e-5
-0.0006129316600160759
0.0022720971837447983
-1.1236287428352223e-5
0.002566859242882406
0.0002178130421980509
0.0004069397667399269
-0.0002136283097845783
0.000330289273570405
-0.004109025809902628
-0.0004258560412564441
-4.9546554816384204e-5
1.487785649273089e-6
0.0013789060891247343
-0.0001517552705394842
-1.196450072668205e-5
-0.00021834491116879518
0.00015264292405254868
-0.0018094011292184489
0.0013183513173393258
0.00012982153969637105
0.0005484665429912634
0.0014544525996199075
0.0037055758441972278
0.0003505484700220473
-0.0023539782359670485
-9.165191681751576e-6
-0.0025019920879028354
-9.602330018054486e-5
-0.00013741024899174595
0.0013125586378368353
0.0003420225134654659
0.0024978277510508376
-0.0001459816807787057
0.0005129418075286069
-0.000808657535387406
-0.0006573481343663446
-0.005161716589639623
-0.001674231308457483
-0.00047452025244725584
-1.3353491688324617e-5
-0.0006796236234469462
-2.0460695220911294e-5
0.00039503372819871935
-0.00018542306919625034
0.0002385533753419667
0.0017810636724262512
-0.0010248554076253938
3.8135914635023664e-5
-0.001407539227127752
-0.0016011359883428868
-0.004908152547728466
-0.002235505353880549
0.0008902481758406989
1.6108472804114978e-6
0.0012384477488697622
-4.345532958433224e-5
4.611376087469803e-5
-0.0003918758185077236
0.00028699172646732055
-0.001406919234922757
0.0007700740710319095
0.00020324412547806988
0.00037263741651716976
0.0005453512013132382
0.003147664605546862
0.0007799129928791319
-0.0027466589581620583
-2.7554501543928225e-6
0.0012026064945142515
-3.487451694351307e-5
0.00031556531962608685
-0.000802998203219643
1.3365756706668176e-5
-0.0009007994122584346
-9.143080969271114e-5
-0.00016795373517655557
-0.00033888623332679554
-0.00040120286796738105
0.0008534405834815827
-8.309053195760572e-5
-0.0008855123777940021
1.9346574744206073e-6
0.0010991041431128534
9.965460798727496e-5
0.00029200550605464103
-0.0009786784407747322
-5.50839668116627e-5
-0.0002858973471931101
-0.0004928931757562088
-0.00015777921403231532
-0.00017394060294223748
-0.0009945111915598335
-0.0004568874933873906
0.0002361311870497773
0.00048051005201098104
-2.0051953539097795e-7
0.0010815732308527804
1.6425740112662985e-5
0.000251785282260897
-0.0007147447773150513
0.00012524774691445318
-0.0005229625507875919
-8.111555167682751e-5
6.900393154486667e-5
-0.00011527530243822024
-0.00014124755763017906
0.0010683105548329923
-0.0002678361840728469
-0.0008107736879414766
-8.937831352495644e-7
-0.0009576157499741395
-1.1476337374023147e-6
-0.00017194657343302724
0.0005264141279362614
3.845729842921019e-6
0.000687635490686396
0.00015833286010963801
-2.793647295535905e-5
4.19315866375269e-5
0.00016037796959605998
-0.0014228919500860672
0.00010586134645594593
-0.0010785748586085483
-4.943955620325387e-7
0.0017482252593242827
-0.0001474044216524714
0.0003413875129287229
-0.0005029843399458509
0.0006667465496063679
-0.0009774483834795787
-0.00010110429599476875
0.000204433124787292
-0.0007295509399370538
0.0007996892312061004
0.0013101667314161687
-0.003049815509480075
0.00116242914269871
-3.486871351259018e-6
-0.00032091715321716204
-2.226351339050355e-5
4.616759250830523e-5
-0.00014835711024752333
-0.00034511312289643877
0.00021749625149070214
0.00010169320680692532
-9.681253043345166e-5
-0.0003439800716506589
-0.0013862338846417936
-0.0012415112716880278
0.0009569624754368807
0.0002642453736992274
6.572306111813831e-7
-0.00018184327187568345
3.672196564416151e-5
1.620790463391072e-5
-5.976858873989384e-5
7.28948750516101e-5
-8.936736096004016e-5
4.723111438338001e-5
1.2829422420629719e-5
0.00014239705715029123
-0.000607786444755195
0.00024783599930817485
0.0013853172209289328
-0.0013247504038742118
7.811882554491445e-7
-0.0009610828583028794
1.984982421935603e-8
-0.00021925829944203004
0.0006442442572762744
-0.0003690435594607275
0.0005127165365393429
-0.0004639850209187362
-0.0004188110821631011
-2.3644227994741416e-5
0.00037498349735889437
-0.0006056082234358962
-0.00023572657481966342
0.003550046105023475
-1.437756109669078e-6
-0.001760947749333852
-0.00010631419846484896
-0.00024488498097351976
0.001139214814833784
4.587237231934563e-5
0.0009437055918030292
0.00016052095248322813
0.00013912239889103437
-0.00042511256099815245
-1.8987329866556928e-5
-0.0016954260228684332
-0.00017614222354893016
0.0007771423004159146
2.2878567652152356e-6
-0.0011113271310850751
8.964596915354957e-5
-0.0003749488360407229
0.00047927567583314664
-0.0003327041933982932
0.00044215752323139884
0.0009093427583204808
0.00016378024638680363
0.0007449035759978735
-0.000141525899405972
0.00041061665830112155
0.00251331730525984
-0.0030295547891056296
-3.855814191470825e-6
-9.723131023114506e-6
-5.229743051610639e-6
5.4994048379803306e-5
0.0001392509933340998
-1.5417740068736936e-5
0.00012923654863550394
-0.0009816577749012327
-0.0003334201388880705
-0.0005991350610096194
0.0002683919666749772
-3.3032661257716034e-6
-0.0018219927668966756
0.004295688565637116
1.007590530827336e-6
-0.0011614209781024417
-3.0595325737386585e-6
-0.00022828895487205577
0.0006865721374916118
-0.00018615744037992916
0.0009403137259403255
7.105745123127762e-5
-1.1371382292794431e-5
8.767577571430292e-5
0.00048402904923233785
-0.0011638632256851518
0.00011312555608410701
-0.0002531949609883618
4.052498289812897e-6
0.0009765739796815224
5.037388865482639e-5
0.0001260964640460631
-0.0004505170198639794
7.118384013721869e-5
-0.0004373413509691897
-0.0005699177749597852
9.163429896445855e-5
9.54966954744568e-5
0.00021750162069490622
0.001032010211048636
-0.0005429652765297995
0.0019802776199966464
-2.8439037310849545e-6
-0.00012026114223248375
-5.797923675041658e-5
0.00013794433506434224
0.0001213918488245129
0.0004922891819323484
0.0005647916281332396
5.427056646266738e-5
0.00043942741577539035
-0.0005252871924532277
0.00037171159855845843
-0.0015825925733106618
-0.002138727298660946
-0.0007770697544120573
1.4337285052948923e-6
-0.0008261628872333358
9.305780389732424e-5
-0.0002863707495257304
0.0002619514167890622
-0.00023301728345030072
0.0007179757544537291
0.0009077801687907593
0.0002469832917744546
0.0012314861986715776
0.0003634048345707203
-0.0011643404547449045
0.0016707439057121918
-0.004625563141199572
-4.5065886436388184e-6
-0.0008012158883583662
-2.714878203724747e-5
1.2487184567431865e-5
0.000439206340465486
0.0005993942445422769
0.0006019210279196357
0.00013066578326727352
0.0004129314243131661
-0.00021228108866624802
0.0002925393704630256
-0.0016537358759211595
-0.00041669933454287135
-0.0025622838388479553
9.461199942940423e-7
-0.0011084254144482807
-3.0894732088620045e-5
-0.0002883638991587915
0.0008631519245602974
0.0004057889726157195
0.0008009420360349235
0.0007480698781527112
0.0007332098854735519
-0.00024345580700796887
0.00017111825774561795
-0.0009897407897641276
-0.0005781746979023889
-0.00246628763724388
1.8096466786915267e-6
0.0008124377459416088
0.00015108724264887734
5.049428489363928e-5
-0.0006802896920946775
-0.00021785486678695858
-0.0006445739168961899
-0.00019405187793835053
-0.0003066695476390683
0.0010842798151816221
-2.046036900044939e-5
0.0011210925348051084
0.00215863726184314
-0.0004135915191222317
6.007253779356521e-6
0.0003107591365400069
0.00013907612229910603
-0.00021659272397321936
-0.00045680135766439886
3.211054516450283e-5
-0.00022767978693783973
0.001962472650766489
0.0008532845957918993
0.0014551014066033353
0.0004837510406073371
0.00046500563782805464
0.002275697136739058
-0.009479752093029922
-5.263091193988883e-6
-0.0032891784190898815
1.2260134952224152e-5
-0.0005245619712162632
0.0019572563813320455
-6.389681750522508e-5
0.003134630351020589
-0.0010204490694205061
-0.0001312320900826917
0.00026762955003289236
0.0006299441012175631
-0.004311658139470532
-0.0007173630916346907
0.0036451900332677813
-4.085321551041123e-6
-0.0017946633047612628
-5.1909808987461426e-5
-0.00032926069506939744
0.0012839831940710238
-0.00027785768125698903
0.0009962878148384385
-0.0009489430520971127
-0.0006548705898179334
-0.00031518259321653043
0.00039038520818115676
-0.0011811383232474785
-0.00030141791006963045
0.0055659497685030075
-1.1148211058755092e-7
-0.0015778632582377514
-1.7561424844612042e-5
-0.0004121724188507456
0.0012002985838896318
0.0002190525708422116
0.0007906700857470088
0.0003125880182820147
5.2541295942752906e-5
0.00028685912676498744
0.0010881989549796282
-0.00023172171334787502
-0.0002332073594277781
-0.0003885894702584
-6.016692823012659e-7
0.0002009698362868085
-2.3140219621125653e-5
0.00017147370495184189
-0.00016591930727749123
0.000503561267501454
0.00011603889445903547
0.0002861101368116335
0.000301588023175122
-0.0003154689886516578
-2.85239027177682e-5
-0.0005288186082512765
-0.00051753190222768
-0.002376998145676395
1.5743514385953707e-6
0.00017685705053967777
4.364631499576407e-5
0.00011905664481855438
-0.0003747808627007324
-0.0002492028724413064
-5.349637182782443e-6
-0.0004769583023254042
-0.00024345587089513854
-0.00033469040808013523
-0.000957153401100013
-0.0005277350789542524
0.0002993653900150669
0.0010090232879894534
-5.280970239521989e-6
-0.00383973975427379
-6.600489166163209e-5
-0.0007120079457999902
0.0024263845477525857
0.0005623967243827668
0.00278370702014096
0.001161855783909187
0.0007895377032670479
0.0001290485040599638
0.0007912832823719409
-0.003977281109236046
-0.00017542173763246014
-0.004336209395861684
6.153850863244312e-6
0.0018083128068225713
0.00017411722826269377
0.000203930120632503
-0.0015026130225155845
-0.0009109702556662284
-0.0012449016219451426
-0.00042755364037990736
-0.0006719476047290246
0.0005065980384431891
-0.0015210850147462916
0.001809822627442182
0.0022937103816463517
0.0014776566661125977
-2.3831338591821277e-7
-0.0017871169064239336
2.2531218877292055e-5
-0.0004540983354402652
0.000922188982110141
4.549783121555202e-5
0.001149760001172103
0.0014622593827384228
0.000453766799296548
0.0008713768686506357
0.00035644875638968736
-0.0016024427771146768
0.0015301842104592153
-0.0059364453063596905
-3.4057288275447035e-6
-0.0012442328734656397
3.4789992393741e-6
-0.000165896071318818
0.0007697442206328496
0.0003338799196411285
0.0008825693905671722
0.00021982386421848276
0.0002869186704178863
7.612104958599045e-5
0.000533933896781247
-0.0005286922643191182
-0.0008354622236217735
-0.0011370942109549594
4.370893301500996e-6
0.00023733397209912982
9.257409913122478e-5
-0.00023831531084829018
-0.0001991323893501869
-0.0003459547142587321
-0.0006696987345430039
0.0011779173354197457
0.0005113025344364704
0.0011152003055777539
-0.00022470799967202456
0.0008374070166469178
0.002281769394003589
-0.005433509007515437
-1.7000181240578357e-6
-0.0018431069522410848
1.8867107520448662e-6
-0.0003557522330897332
0.0010657481860488606
0.00022616386599578507
0.0006658602398112356
0.0009942277614208349
0.0003184743547650108
0.00054621608165104
0.0006398548168093641
-0.00160457391494772
0.00179752717926968
-0.005134752563012421
-1.319936821713756e-5
-0.004261176318301815
-0.00021241333187338034
-0.00041193165973279214
0.00283719896302997
0.00032598890685604245
0.003119521158114089
-0.0011992039507563907
-0.0005459154489658815
-0.0009895837940541948
0.0010748446070147006
-0.004675128907635022
-0.0031259157657513126
0.007878956337491675
-3.933553739419075e-6
-0.0018444503208908329
-1.0382906695284848e-6
-0.0003126611366580796
0.0012986790984106974
0.00038449038091610625
0.0020765436224726
-0.0005286234071291887
0.0002674052775681371
0.00020058308723144307
0.0010404767599504787
-0.0020515040142388974
-0.0013067122109328715
0.0018138221848854122
-7.447880686741682e-6
0.0003682808980139317
-8.740861247176178e-5
0.00019489043307525017
-0.00013274816331073082
-0.00014148562281225414
-0.0005107427899237438
-0.0010110670633988513
-0.0006682904824963479
-0.0007113694547243835
-0.00020518987501021968
0.000377145106265296
-0.0011930784149086933
0.004190063592225506
-9.282253800479702e-7
0.0009576880268204313
-0.00011132645915410304
0.00014580234731234517
-0.0003350984315154252
0.000276014249777912
-0.000996239071831886
0.0001113312388698322
4.73376093827484e-5
-0.0005256958013805151
4.776355018755562e-5
0.0009758763868724628
-0.0006828841209090237
-4.0952744826524435e-5
-3.2596376484488854e-6
2.26162868511784e-5
3.4219660210213876e-5
-3.23416473207042e-5
-0.00022713550791338122
1.3752355785745739e-5
-0.00022201486422837696
0.0009411673306320665
0.0001796472838609482
0.00044438019376307207
-0.00020862331213058867
-0.00031392797938540115
0.0017545139522428563
-0.005814555304345837
1.7261168619159528e-6
0.0014975857551945645
1.3926304650780716e-5
0.00027461532267268753
-0.0008586775046839645
-9.004327746088187e-5
-0.0006798733791031901
-0.0004033505532076414
-8.895418434430358e-5
-0.00016759813778135588
-1.028854004677964e-5
0.0014569615984720218
-0.0006259800261606351
0.0009482066150651701
-2.7364378497029816e-6
-0.0012235064610505392
-1.8217514416683274e-5
-0.00011894176375691245
0.000752233194636749
0.0007271003749481837
0.0010933019094130905
0.00040742964537622756
0.00047236497387174477
-0.0004182938926192399
0.0002940409967330399
-0.00153957270847714
-0.0011061368607143051
-0.0029313799295528254
1.445570025925435e-6
0.0010433324718954595
-6.302174178263664e-5
0.0001666923015728835
-0.0005482299842697048
-3.556739651505032e-5
-0.0004383354032047885
-0.00014351097127005338
-4.9806068364493466e-5
-0.0005544381018808839
-0.0007940655077854037
0.00040211169415053233
-0.0006575880144696574
0.0019311694659474273
2.402441792521151e-6
-0.003984394465834078
-8.908489792893389e-5
-0.0009701528647089453
0.002565113595025285
0.00023005047823236078
0.0022126722339662025
0.0023897409980317224
0.0009732574991420142
0.0011457533039781966
0.0011344253355691615
-0.003422393487471807
0.0012294705481842865
-0.006822101724804834
5.550449368924223e-6
-0.00044305791739801905
0.00013299822451557383
7.189245082972064e-5
-0.0004081521509416575
-0.0011393020752639104
0.0009193757045930103
-0.0011617169844797964
-0.0009460094882529234
-9.336982494346196e-5
-0.0018569434100263822
-0.0024784912494314904
0.00030032319835564757
0.00532598004617923
1.1834729305361209e-6
0.0020695885464911707
3.0366619558477225e-5
0.0002525055767181377
-0.0011851720808457704
0.000176969884079169
-0.0017942772135651796
0.0003376638138173629
1.0073599620603343e-5
-0.00010266685015802291
-0.000251292519589151
0.0036078336499253123
3.855790234414972e-5
-0.0020443837677729016
2.015344587297995e-6
0.00046653581163851737
5.084987732233631e-5
-8.477333311723234e-5
-0.00032964943096692144
-0.0004889705343349045
-0.0004515151982754483
-0.0004361752665638321
-0.00036174210153135035
7.640417221649125e-5
-0.000844006949298234
0.0009203290975032013
0.0012634621580869948
0.0023774230342540753
-4.589044349819112e-6
-0.00264321113271778
-0.0001489319096622086
-0.0005132432970938516
0.0019925798639587157
0.0006332715709466729
0.001306889805990501
0.001150171928609695
0.0005207106531575518
0.00010459814376181588
0.0010818077590350997
-0.0015953170205000912
-0.000263881091574881
-0.002853514977066969
-1.4684723234309368e-6
-0.0016009270884844032
4.548467308803049e-5
-0.0003623851614582091
0.0008672184573262649
-0.00015044339892642837
0.0008911131293115569
0.00046211490044251316
0.00014343811143491166
0.0005470681782154535
0.00027244490939550296
-0.0013209935327566146
0.001422310080797199
-0.0021696203637419247
-1.1234161457572726e-6
-0.00022116796416921897
8.594411306635202e-5
1.0914165822186381e-5
-0.0001844615114382724
-0.0006746271664534398
0.0004573193156168952
-0.0008435951209056378
-0.000682243991194736
0.000200744846812291
-0.00021180834966246436
-0.0013185254821084826
0.0004387367684628585
0.003122567033988174
4.422133898674284e-6
0.0031147256333566233
5.4052779769657634e-5
0.00039670412300447884
-0.001904536334829021
-0.000553418496379101
-0.002566492238707677
-0.000431092891721474
-0.0005275294446294978
0.00020400387051572615
-0.0006318814107681615
0.003745808075697356
0.001130014478745072
0.0025000273105473193
-1.725879876559513e-6
-0.00013826143444988545
-3.104506267302887e-5
-2.570867424805849e-5
0.00033389267133542526
0.00027604539892979685
0.00029782197582809995
-0.0006969717429509321
-0.0003248966652045617
-0.00021892037303951765
0.000857581129970024
0.00015362882500430817
-0.0015068267762557242
0.0026760032355614724
4.705935475122365e-6
-0.00037183628627203614
0.00015332810703175327
-0.00030239418662150817
-0.00011150172874935035
-0.0010310070289633135
-0.0005920210483964424
0.0003886063668265473
-0.00044243473349692874
0.0013642265236094397
-0.0005347522940074291
0.0008350241931839899
0.0036193660607616402
0.0002867177781784425
-7.666673544837243e-8
-0.000166661221056311
-2.149323716097146e-5
-3.368085955252656e-5
0.00030001620927472673
0.0003363633916727225
0.0001046003448721173
0.00020908483788894814
0.00023977667398100764
0.00046448077251430803
0.0010594386178056005
0.0002514090458500082
-0.0001780314226798732
-0.0011310628032627243
1.7722663765108955e-6
-0.0001553809269780954
2.8457105364616285e-5
-8.015125533393616e-5
9.756646127797561e-5
0.0001114943042908465
0.00011747837746743005
0.00045377004880953117
0.00027874871845562425
0.0007031225298664239
0.00026290748421296844
0.00011156601291894133
0.000636559276849997
-0.003356725781812179
2.7883366024316866e-6
0.0013506609069702485
0.00011612276127321204
0.00012608114683738337
-0.0011363699422064857
-0.00038056796008834997
-0.0006507762824217842
0.00023098278501325722
-3.1727808424403514e-5
0.00011201043089278583
-0.000782833846640738
0.0009125422962934573
0.0011971234566163867
-0.002667213383150231
-1.6717317657681682e-6
-0.0003625813074580369
-4.9629018702545245e-5
3.6816037596977636e-5
9.967001561530027e-5
-0.0002817344555776778
0.00048458621855934864
-0.0002052004717068197
-0.00033983536175676124
-0.0005065672734519383
0.0006091808696587716
-0.0008838482990980941
-0.0015012301218738514
0.0011467091043600216
3.8268144110894275e-7
-0.0008007669830242089
-4.2402744420237806e-6
-0.00019460240353140002
0.0004150772703307707
0.0002545037342692559
0.0006867124653970277
0.0006676117236218144
0.00047644534682774847
-0.0004620567872257107
-0.0002502749183233711
-0.0013351772495380136
0.00014394298001973408
-0.0029956948333545483
-4.367973243919313e-6
-0.003359083451277531
6.0491518734168834e-5
-0.00060271371772181
0.0015552291868810573
-0.0003610786335467913
0.002513612167014904
0.00078878050012506
0.0001269444584584901
0.0006188609563180647
0.0004770479370911526
-0.005518631831569284
0.001634309722020421
-0.004231433919205074
-2.345634699740513e-6
-0.002448967954568541
1.38050165884898e-5
-0.0005263328061122256
0.0013465295290986336
-0.00032498755410366676
0.001583104590285436
0.0005360504406196206
0.00020173410960228877
0.00022962419774728867
-0.0001467314929304872
-0.0030092611900767777
0.0015728715148458892
-0.0025662454107082426
8.914467371279968e-7
-0.0023157324054636987
-8.86344544976502e-6
-0.0004287944770482344
0.0014892106220323075
-2.3980187220463976e-5
0.0014211912764276633
0.00017875620044792743
0.00013536999144942138
0.00038612888197370014
0.0007538519563894915
-0.002327684851042817
0.0007644202465777739
0.0008258847349776771
2.099003787703498e-6
0.0023493402604889977
-8.884228495029551e-5
0.0005586570849311039
-0.0012628955988815138
0.0005517986568408386
-0.0014496556974855615
-0.0003941490484073546
0.00027838808263108206
-0.0007059599769240744
-0.0006987563794271359
0.0020759211313883625
-0.0015634991073334582
0.0011399271921852599
3.4046607909070135e-6
8.83657624198117e-6
3.282283230505921e-5
-7.214656471029294e-5
-1.6600789357089546e-5
-0.00015815350924095278
-0.0002145117057198138
-8.76250694219571e-6
-0.0003507561121543047
0.00029675821669951895
-0.0004917076215672882
0.0014289568713961253
0.0015321090761731121
-7.589677327637718e-5
-2.513729458906024e-6
-0.0002534615195536765
-8.180561023765539e-5
-5.648585196235021e-5
0.0001473648726958676
0.00041100109835206464
0.0002794479802783397
0.001273303904981144
0.0007207177147329537
-0.00043902166705902954
0.00015552900415769338
-0.0009554044886391534
-0.000771068683882628
-0.007064009281389477
6.511923183504896e-6
0.0028884908589908447
-8.296060214695852e-5
0.0005916385377977898
-0.0013998211684796021
0.0006036990075919556
-0.0021592019313983867
0.00018252623479494672
0.0006009653617798809
-0.0004629797182288282
-0.00043429871037291024
0.003319019982368672
-0.0006025130281406098
-0.0007357243114681004
-1.8457291391613056e-7
-0.0012559670916127438
-2.8468145929786717e-5
-0.00022112434428403762
0.0006250708212773416
-0.00035440748774331026
0.0008615588328454567
7.763098913273205e-5
8.611907285749488e-5
-0.00021443900462210063
-0.00022808712373305486
-0.0023300165098784683
0.0004738859628584109
0.0017592503300542716
-3.919881520168304e-7
0.0003108183042680223
-3.877140400786149e-5
0.00010625155346240202
-0.00019335968500413224
0.0005692193469708204
2.3148010016252875e-5
0.0005722863523693603
0.000320365809477801
-0.0005339171304439648
0.00012729505228403093
-0.00026389507876039723
-0.0003976087793131882
-0.005556471579298232
3.849760500140264e-6
0.002363058815414328
3.1128915910959425e-5
0.0005540336701379277
-0.0013240632422597488
0.00019080258562539505
-0.0015658967787724287
-0.0008168482458143206
-0.000442917867194093
-0.0005014061268661027
-0.00015119306626770957
0.003118433157308589
-0.0009803528223091278
-8.36958721312982e-6
-2.515016374733587e-6
-0.0025534949691574417
-5.4510720454074435e-5
-0.00043568083707956216
0.001521305142072244
0.00050312891471252
0.0017529228188430004
0.0014813519864742945
0.00082911912191539
-2.2309193126576654e-5
0.0008117803989806346
-0.0025844501767793905
-0.0007077174109686215
-0.005192965763191779
9.451488783055476e-6
0.0012974139540356312
5.4184842824602923e-5
2.6125847163439573e-5
-0.0007084262565929555
2.1529353171545272e-5
-0.00096384692499618
0.00035897896795772285
0.00025213176495027343
0.00011592897056925517
-0.0005292774616356072
0.0019031479026673619
3.423005850428683e-5
-0.0007043993974850202
-2.7633715441402193e-6
-0.0005230261574815999
6.238891382137689e-5
-6.483946929182928e-5
0.00019656633888188568
-1.2164483309984692e-6
0.0005510635901407549
-0.00047735993596946963
-2.2223310615951827e-5
0.00011024125478912872
0.00011942595528139476
-0.0010941973691679348
0.0002462964499157286
0.0005209322149293589
-2.526556294733062e-6
-0.001798980184843588
-2.6330202126122985e-5
-0.0002932563515200884
0.0010123619757197843
0.0005698931457812296
0.0015858533445785507
0.0004740953865387906
0.000245694614855203
-0.0004926747220281948
0.0001564688966261033
-0.0013469833159688081
-0.001140472732648682
-0.002463474928566015
5.9976659499731505e-6
0.005050889157991503
-5.911480527965122e-5
0.0008302484144295079
-0.002558292379848753
0.0004213722945611713
-0.004063808079556291
-0.00016495204220101997
-2.2433797208819067e-5
-0.0006403396400134246
-0.000586682448506028
0.006432041121992687
-0.00039587609241774005
0.0010400604245521042
6.295392937334169e-6
0.00026050316966445266
5.0261243100120145e-5
-2.2226716966681646e-5
-0.00013272258049607327
-4.897721189098779e-5
-0.00033347449573869754
0.0002485440214117297
-0.00010252860484159596
8.47907864836652e-5
-0.0004156194956223872
0.0010519975748714352
0.0008823757247586457
-0.001190162280256193
-2.146502753421436e-6
-0.000437862727246564
-5.765351468777468e-5
-6.537797504167322e-5
0.0004142806866946706
0.0005772609290466083
0.000573363052229632
0.0007004959756700208
0.0005720453878451465
8.515480654339038e-5
0.000978314782459843
-0.0008042890528678394
-0.0005748489956128159
-0.0042282090708150605
3.6559841642531544e-6
0.0010179081705786943
-3.933539317873079e-5
0.00033784842204858827
-0.0005106275141644361
0.00010856415811160492
-0.0008543241918614455
-0.000664889497977378
2.304164201395751e-5
-0.0010199142155673635
-0.0011102185347081396
0.001426829882892723
-0.0020997166660892837
0.00532950986350572
3.3214868089922926e-6
-0.0008731791308134724
6.890519183910838e-6
-0.00013408410184417301
0.00044363267512798413
-0.0003167392707918715
0.0010273776183036627
-0.0003932176455242358
-0.0001383672989659383
-0.00013451139927871098
0.0002321966696034554
-0.0007625169225120509
-0.0005406270079208163
0.005437029919557162
-3.2114920017706943e-6
3.87394043933074e-5
7.042408435573318e-5
-6.407828039067019e-5
-0.00013096981196806704
7.669882917280383e-5
-0.0002721416521495723
0.00047833060978109157
9.7698911218133e-5
0.0008658782633248942
2.474900146935972e-5
-0.0006226670025072018
0.001827101964516606
-0.0032680004322286453
3.4883072358035965e-6
-0.0009402111930936238
4.602733617505923e-5
-0.0003004629646850363
0.0003433256150620026
-0.00030634759716912356
0.0007644428434679463
0.00040690089318069984
-0.00013235493839201516
0.0008644320805919962
-0.0002653741160170603
-0.0013410230061407509
0.002239363932627042
-4.520066310932576e-6
7.74762546914151e-6
0.0017957628642838587
0.0001575289769573162
7.029935696722507e-5
-0.0013467124377909959
-0.0009193161487450952
-0.001472734213401315
0.0002899570054624176
-0.0005382337845574781
0.0011475701390439251
0.0007349805284041076
0.002300710839961084
0.0017677174060500313
0.00020275414330732898
-1.1626513181843822e-5
-0.004265759738754206
-0.00012538954421271493
-0.0005594884722992462
0.0025649388495104343
-0.0005255011421991078
0.0027992100515048693
-0.0008785887615270381
-0.0005974164107447945
-0.0003769103360313589
0.0008349776888087405
-0.003975676917821375
-0.001600666328393778
0.008767692541169847
-7.935520823953458e-8
-0.0011839318722678355
-5.3173873373279006e-5
-3.844698108513485e-5
0.0006739654507267197
0.00013270968379257286
0.0012052160745204671
-0.00016384912474323878
-0.00010146725731664694
-0.00012381354350802623
6.935435222005694e-5
-0.002491458753318215
-0.0004782418443413686
-0.0003127535189518663
-1.7652568426486479e-6
-0.002148040938783063
-9.328734316127764e-5
-0.00018234950184027132
0.0013341790455587948
0.0009314887271538665
0.001643321308056587
0.0009023063412659366
0.0007505517131205296
0.00016287874929362767
0.0016680937857219355
-0.0033789910942879733
-0.0008095845733086646
-0.005792465902012424
5.537724010189937e-7
0.0034647341327758026
-0.00010881913667211455
0.0007091302217198627
-0.0019742882721240883
-2.4697971778013854e-5
-0.002521828402788266
-0.0005698258762995315
-0.0001358766389976523
-0.001017975702931605
-0.00117622413681749
0.002829010751615732
-0.001114553195567179
0.003068196166294396
5.080447189774263e-6
0.0037535398416286437
0.00011506347112007254
0.0005014571985116754
-0.002271308389969017
-0.0006577459801258796
-0.002766652609542997
-0.000978562016914099
-0.0006033379522796941
0.0004178976819873669
-0.0006471921979405922
0.004490470097413721
0.0015856355889472215
0.004110712403375556
3.670841540944813e-6
0.002844402080636143
-4.215694102850136e-5
0.0009230091232501987
-0.0018607267813260295
-0.0003574897225501934
-0.0013200503366948876
-0.002826765644103886
-0.0009967039122821442
-0.00109289411570768
-0.0016257165285583851
0.0008551030173843136
-0.0014722846779827562
0.012164702454103863
-3.85966169958911e-6
-0.0006252605451599111
-0.00016902547052096708
2.1562683540677362e-5
0.0008674547672900563
0.00116020215379286
0.0007191608786628972
0.00036000464807152985
0.0008216495207056799
-4.719537177835561e-5
0.002999159855716497
-0.0016846933147193408
-0.0024661033182006584
-0.0007071989189784564
-8.522554547945498e-6
-0.0035338153721746076
-0.00013610569753439534
-0.00044701958937447484
0.002057391503652869
0.0008813371987944874
0.002985262047731576
0.0012943328056058574
0.0014899166352560255
-0.00023532495351164114
-0.0006955949211462467
-0.005475765316728145
-0.00010568101141954437
-0.006610581790160554
3.219634941053663e-6
0.0018447048888266177
1.638458214704359e-5
9.053889872002412e-5
-0.0007658972396296942
0.00029622376858195136
-0.0018514099567663105
0.0007007281932770552
0.00010505666447264695
0.0002305368250194744
0.0010113190649948098
0.0037325117263355186
-0.00012035787472668999
-0.004505471722382263
-4.905499973757445e-6
-0.006999088253917154
-0.00011924572414481588
-0.0013292666057555394
0.004221437989222186
0.0008573666588372674
0.004831486597553059
0.002604893410235503
0.0012363753208406122
0.0005398317809412505
0.0012096526390746396
-0.00852159421617705
0.0003831914614205362
-0.011204681639249904
-8.578806127176449e-7
0.001201644010023734
-0.00013404356913266523
0.0003416678644745997
-0.00033346285623229034
0.0004620107495758521
-0.0008549548311754539
-0.0004067056777329906
-0.0001608810561881803
-0.00033685409461749996
0.0011824760252415482
0.0025715822399991987
-0.0024126572312760156
0.0015645855254210834
-6.421488578894134e-6
-0.0027949354535099554
5.70494068577655e-5
-0.000619264542007267
0.00147069969372008
-0.0003204155853852152
0.001983795462254887
-6.850780702613674e-5
-5.0445608096159075e-5
0.0005903498054683104
-0.00011915958503572078
-0.0029154288096861075
0.0011250980432679224
-0.00034587118406655885
-4.324319490107904e-6
-0.001185513117982992
5.216713027374489e-5
-0.0003448203378736168
0.0007093745997863245
-0.0002578772353809377
0.0004466921958074772
0.0005526080714127194
-0.0004273946303423633
0.0011899260917867848
0.0019602555906444038
0.000314243811007467
0.0006787859633394473
-0.004288571580894751
3.7014054363206867e-6
-0.0012534100892929805
-7.28179995898144e-5
-9.874766847996203e-5
0.0009484003151373528
0.00029187198547110616
0.0008427517224299442
-0.0004994533378225508
0.00012048249048921649
-0.0006959574354024765
-0.00012311277336366148
-0.0019618115467579258
-0.0013315242564017323
0.0026983027615739745
-1.4359496265382851e-6
0.0022920144978203836
-0.0002008646950830589
0.0006824102875623096
-0.0010131864578536843
0.00038637317146250215
-0.0017358491344491723
-0.0012882295227481203
-0.0002637642566377468
-0.002060894541760597
-0.0007638281762530581
0.002720594427938329
-0.004357896280847687
0.008554206048918893
-2.3995709816424196e-7
0.0013585776164476255
7.636408534207473e-5
8.208564724294412e-5
-0.0007518560203935252
5.5848671302426046e-5
-0.0013912079352499463
0.0008695417536929962
0.0003168017034483957
0.0009085396453551532
0.0009682210725609208
0.0034068131227329335
0.0002682906893466741
-0.006313778569408598
2.6456435443260506e-6
0.0022295562914877117
-4.866003066952043e-5
0.0005060506809633886
-0.0009152999645269457
-7.411643629319693e-5
-0.002118270132417709
-0.0015091438640172322
-0.0008252318588550253
-0.00042068141150042445
-0.00042980218378096095
0.003572478935207592
-0.0014632183677922212
0.007177647367116524
3.789830901863773e-6
0.0014400776691566345
4.537902603075424e-5
0.00017953515048954973
-0.0007460313472650482
0.0003671934090070135
-0.0009124249190783044
-2.365849269731046e-5
-0.00016148343067195356
-9.737193983064344e-5
-0.00014414771759612463
0.0031178158954930893
-0.00037093037321871575
-0.0028454085712431437
-3.35715036830069e-6
-0.0009554112661664114
-1.1542919722165527e-5
-8.27935929159177e-5
0.0005303382195856574
0.0001763409157663133
0.00036556123011030297
5.2201980591400916e-5
0.00016199897903924538
-0.0005539459960539797
-0.0006935870095460632
-0.0010961152906656506
2.1257804835642495e-5
-0.0010734143292731656
4.09765066570521e-6
0.002225897797385886
-1.3665517461819701e-5
0.0001270407724373295
-0.001211622576345774
-8.27704415261256e-5
-0.00198517433372617
0.0012387129372847198
8.76744007793985e-5
0.0011005404370233011
0.0011178223031887767
0.0020873227508250588
0.002143766152257563
-0.005143431689348682
-3.5208885034207547e-6
0.0004888475879573902
-1.2586383766201554e-5
0.00012504642542874873
-0.0004388725542820619
-0.0007223734166744877
-0.00019018751096093158
-0.001718795215717386
-0.0009489914970098776
7.583511386670325e-5
-0.00034115941757375054
-0.0003190291177095815
0.0017009880528703876
0.007187148228915658
1.6874451935416053e-5
0.004280081530592862
1.0957304892578853e-5
0.0004355338963129575
-0.0024338870574141867
0.00021083651869125894
-0.0029554447216402443
0.0007984366382910034
0.0006905328475369162
-0.0008559796747494356
-0.002572578544083014
0.0038545586873634783
0.0009726891501560631
-0.0013903942812364578
1.636309402709859e-6
0.0034810269727227586
-2.111895420851013e-5
0.0007825471913128174
-0.001998632278753117
2.9513536080458843e-7
-0.0025726631236790004
-0.0007883854054641767
-0.000772249642789966
-0.0013984772929459923
-0.0012018200969005134
0.006043531383280748
-0.002260688408099514
0.0030468422822556547
-3.835125598392499e-6
0.002273110355178744
-2.723246973308637e-5
0.0004187082534385707
-0.001023158724026363
-9.96734590701036e-5
-0.0022891105202971157
-0.0013882371424348788
-0.0010965784553460976
-0.0007941417048488314
3.2774843745322594e-5
0.003885389474673084
-0.002382444998746703
0.006361399116978604
-9.677317067939724e-7
0.0021373130349150267
7.480324533987314e-6
5.595890067964086e-5
-0.0009708127828335474
-0.00030586023616478616
-0.0024435024874187626
-0.00016774079942732516
-0.00015881705780325956
-3.692933214814588e-5
-0.0010709477015096228
0.00551975183007427
0.0008986385410837611
0.003445157036457517
8.931399493517031e-6
0.0026245959865615048
0.0001063054428745806
0.0005073929450289096
-0.001778971047454627
0.0004734920253065438
-0.0007136050093241427
-0.0005538640853667104
-6.425808918178263e-5
-0.0005593547673892436
-0.0014741405453492303
0.0026261483467204163
-0.0006662995316834157
-0.002833710287538107
2.1923492113530997e-6
0.0025574766277964606
-5.569083868284773e-5
0.0005346827027423346
-0.001515886140923773
0.00021251967262819792
-0.0016823188120963636
-5.5463736547640486e-5
-2.4805765807836165e-5
-2.5805296791260897e-5
-0.00045038753705593006
0.002287624099330195
0.00018485549541018536
-0.001957818181230089
6.463383012918993e-6
0.001645870855831342
0.00010627777451598334
0.0005731094061147256
-0.0015312249436431396
-0.00043134358941639356
-0.0005641853950116517
-0.001558894648381153
-0.00038136162534220357
-0.0009130170005937422
-0.0019043294338123465
-0.00014281800584491658
-0.001780607664435262
0.007838700770511688
8.27083000008719e-6
0.0008879174743241364
7.098875517578564e-5
0.00020786733524356504
-0.0009857305589077942
-0.0012139685905267006
-0.001072787690081903
-0.0007159253079766111
-0.0011735580428586516
-0.00016297412443788442
-0.0014326962925070028
0.0016223760799215872
0.0006051172426744934
0.005280900161487568
2.9472394907312387e-6
0.004939939192017517
-1.1854448353258547e-5
0.0010364163729449987
-0.0026033273682145312
-0.00042857296674877793
-0.0039241029003534295
-0.002543323456869375
-0.0014582433931247135
-0.0012069386942962102
-0.0002508626434312713
0.005338037977292321
-0.0025154197040564846
0.010290413124431056
-3.85645389274876e-6
-0.0006055701849224669
-0.00010170815388870343
-0.00019500937184621818
0.000760040059880843
0.0009971095602017452
0.00014587265079186177
0.00135546311117733
0.0013284664634445604
-0.00042036171482629186
0.00020666458644112606
3.013174424605614e-6
-1.718630880051056e-5
-0.0057743102416643105
2.6998958558937405e-6
-0.0028942233964143163
-0.00015094807327149418
-0.0004708538536826068
0.001885638077730597
0.00029625276904396354
0.0019073915154278287
0.0003990455384709189
0.0002667298389134625
-0.0006104007404733207
-0.00020977380138623855
-0.0027162934249206506
-0.00047737549015959476
0.0019547821919063393
-3.4447511141846747e-6
-0.001503599935763561
-1.5479829325515442e-5
-0.000383518121790883
0.0007576477132214654
-0.0005811610594913685
0.0022646299796449617
-0.0006516597839970177
3.895358396999766e-6
0.00018841995245525515
0.0005538153721757225
-0.0028628344409885307
-0.0019726208159919255
0.004775541761901056
1.0344299513581532e-5
0.008859231009629494
4.2842122078257524e-5
0.0018906021809490044
-0.00535286071488673
0.00011008938840342732
-0.0062276447352695025
-0.0014927287031266784
-0.00058786544072861
-0.0013777967188198816
-0.0010447885972454747
0.008747775680382706
-0.003308536216245488
0.0038679484182521933
-1.7908428851442322e-6
0.0019579757582085747
8.257967924456349e-5
0.0003314071325421303
-0.0014382030442527006
-0.0008983300374763129
-0.0016041461956310412
-0.0006910964154632662
-0.0008486301590910342
0.000125463896400005
-0.0011988425016389217
0.0018771111807755027
0.0015413110439702656
0.003966308752867258
1.34299679449857e-6
0.0028236417778789652
-0.00014566989288335866
0.0003954444473752618
-0.0009421627098219399
0.00035678351472602125
-0.0020240535768991583
-0.0002905193204019091
0.00011766391112927999
-0.000465101427122933
0.001428666479174055
0.0037593518071932373
-0.0036217725598737356
0.00477089606302082
-1.0340898914437587e-5
-0.006171339596475123
-0.0001195636563592806
-0.0010281946237835934
0.00360057505324594
-1.124737460689651e-5
0.004598267470883457
0.000301063104917088
0.0009549924838800683
-0.0005880372351410523
0.0005790259657630594
-0.008461687100916205
0.0003361249767911487
-0.0013037287849227064
2.42038134090854e-5
0.0063288269194110075
0.00023633552747874062
0.0008220553270558195
-0.0041720921445395
-0.0013524187215939994
-0.004738618493388753
-0.0002872660528478544
-0.000829030025839076
0.0004900456230495544
-0.0020733493730398923
0.007227635065275842
0.0017743459901874861
0.002677152428583624
-3.867408460288203e-6
0.0007767795112017775
-5.907332969914911e-5
0.0002527062122138043
-0.00042719582867640333
-0.0006658867319024126
-0.00037838229478043603
-0.002559616483193824
-0.0013048705777179842
-0.002117955496279965
-0.0006875050140082816
-0.00015952346841919851
-0.003796080689909899
0.012692949391770294
-2.932963566676097e-6
-0.0072721227647208194
-3.0511411620897374e-5
-0.0010100475089867636
0.0039754148362673375
0.0005315389302164167
0.006425601554045897
0.0009270397077710123
0.0010804216822263319
9.917543529293149e-5
0.0009500422358253295
-0.009368387286418227
-0.0007174958741575216
-0.00493332211835963
8.065188438912098e-6
0.004695435393560347
-7.538523218831702e-5
0.0006309097398933829
-0.002252637325085381
0.000595151786149797
-0.004189887789305539
0.0005559414355435495
0.0001331840169643073
0.00016190338813082042
-1.4492286680709707e-5
0.006837584776088674
0.0008497398903030017
-0.0025292239997730956
4.936490331703838e-6
-0.0006698811145904424
-6.00215069056938e-5
-0.0002885412777730785
0.0003848942739097542
-0.0005478310703790318
0.00029518844045491456
0.00024725320653343094
0.00014778044025731996
-0.00035504047562332554
-0.0010445153970471514
-0.001251687649275272
0.0010067794110597945
0.0008645879036953792
-5.893794230134225e-6
-0.003214007094081068
-3.878698629941419e-6
-6.551271482740031e-5
0.0016396165203068018
0.0011124356528728692
0.0030954929359540075
-0.0008392851120387952
-0.00019549995968878018
-0.0015295099484615288
-0.000783463249324507
-0.005122322703742705
-0.003931836374117873
0.001408852341709304
7.187862457104978e-6
-0.0005011577012773469
4.5175377868374964e-5
7.963400585896096e-5
-5.028643172272205e-6
0.00010128688258452568
0.0005443880652954967
-0.00037219071187689505
-0.0002184953606924116
-0.0010144879987887077
-0.002257376808216172
-0.0002757360919767963
-0.0006168190369678367
0.0007027330208672843
-1.3690738539934857e-5
0.0011427723199639223
-0.00017475440536951186
0.0004751201284594415
-0.00028984538127903997
0.001609064395344929
-0.001111871495075523
0.0004871105431043233
0.0012665850139663597
-0.0009582648777837344
-0.00022343569862258314
0.0010681247985565834
-0.0019151304411935256
-0.0029708407574053847
1.3490521601007418e-5
0.005220865958909497
1.878216000905737e-5
0.0007445057587460413
-0.002808953504658494
-0.0005867966106717855
-0.005007905634719987
-0.0006384577807554719
-0.00015492068621085584
-0.00024185253581631216
-0.0008176920092403168
0.006044042432018541
-0.002072096023945169
0.0072168364268795394
1.62034974364287e-5
0.008090175400387312
2.9848930108720325e-5
0.0011142585468281114
-0.0041766356369544715
-0.00010763435098914124
-0.007087725181135146
-0.0005730250303126642
-0.000719098625088898
-0.0005245987673554067
-0.0015452590618678416
0.012923499605233705
-0.0006736254591537514
0.003372952750093512
1.1306990278233114e-6
0.0018779376821472717
-1.257907901950306e-5
0.00031746555079077064
-0.0008952083371420406
0.0002327936463639727
-0.0017088618747848016
0.00027636422698447714
-0.00016069064933824112
0.00011561262681509
-0.0007523305220143972
0.0026528018537483817
0.0027710102879300678
-0.006395721038264857
8.513193077857392e-6
0.001646108037653859
-0.00014536359503717353
0.00026766787149334984
-0.0006863441027945393
0.0011399981987974238
-0.0005786776961381294
0.0014592006133346642
0.0019318018961123292
-0.001046536429710062
-0.001869120556702796
0.0012311695230530393
-1.4891305083135e-5
-0.00530845257967581
4.364008302174036e-6
-0.004035647881591568
-8.910672585958746e-6
-0.0010530453984298749
0.0025867013934289837
-0.00022490311030384772
0.0023063735815725046
0.0017041320801004902
-0.0005019682435054713
0.0008596991869783772
0.0019684304943205088
-0.0020920391102827694
0.0011883212414989341
-0.006344098838785208
9.106261564836443e-6
0.0026334910235894693
1.9680957310090372e-5
0.00028652629853055455
-0.001614554284356632
-0.0007913702597828454
-0.001606207464712006
-0.00027850727650315424
-0.0002760702580194561
-0.00014603853976517808
-0.0017215292694258862
0.0021767780512470043
0.0011017419613780482
0.004975091790912845
7.357182876974757e-6
0.004211232927808954
2.01233951923028e-5
0.000709197736044771
-0.0023502796668107115
-0.001163195132624856
-0.0033056916104571956
-0.0021739902554681425
-0.0011141719942148447
-0.0012526230594176208
-0.0028259396870158036
0.005934091809162717
-0.002847453009084089
0.012943802179721494
1.6498670790824417e-6
0.004644796861174829
-0.0001993935046943359
0.0013461632991524765
-0.0022134209896620166
0.001649417620600605
-0.0024385049743262097
-0.0018116303165162124
0.00015963247158314397
-0.0018665772392020986
-0.0025854094177357534
0.0031393970651053794
-0.0030931887030716783
0.0021612307361632346
1.0410580473115084e-5
0.006336050391977458
8.454841695245029e-5
0.001429100709197525
-0.0035850141806461054
-0.0007870001422756573
-0.004797406147825133
-0.0034784268572546234
-0.0018602645554385852
0.0002386575249253746
0.00028108975155893433
0.007055955167071127
-0.0006068033612481899
0.014264895535435926
9.071588906441467e-6
-0.0028324896001930863
-5.342806687311631e-5
-0.0004295979082949701
0.001767507831202634
-0.00023689240424178807
0.001598836285521641
0.00015751839818216535
0.0004213136328258963
-0.0014503066766469819
-0.001432721006480268
-0.0017319674057138424
-0.0017196900967951473
0.002283124543948877
6.074670803222963e-6
0.0010575191977521454
0.00020498168900604717
0.00020616744708209416
-0.0013790955958716108
0.00019665927470561407
-9.649395056055624e-5
0.0010363302275731444
0.00010878953675000683
0.00038055063337927335
4.484098647849463e-5
-0.0012844244756914475
0.0014103747314096792
-0.010633840444569428
-6.768643115661776e-6
-0.001566990825714134
-4.068687716062211e-5
-0.00019239812422670237
0.001452833872489551
0.0017646603280589673
0.001032764519996995
0.0017183171312739008
0.0014135568465514791
-0.00024874147845907897
0.001102805211229448
-0.0010893710361792833
-0.0019529794126844386
-0.01256857590735519
3.6342444771363475e-6
-0.0016096064186700198
-7.864125420900886e-5
-0.0003696537165870821
0.0012730936207248401
0.0010400692130854315
0.00172239584500833
0.0009299192849279284
0.001032337426865538
-0.0007324672089610414
0.0003513215944519857
-0.0017829013267019681
-0.001498883709761977
-0.005727492916765041
-1.411490680973409e-5
0.0009008644382382454
-0.00014120143937646428
0.00014560816589223
0.00023582732143248458
0.0005404679820232349
-0.0003357162660691953
-0.0018379754435897963
3.789574522871509e-5
0.00012672899194102254
0.0016750287193008986
0.002013875884077827
-0.001742960190822619
0.0072924920266786986
-6.805965468033889e-6
0.002262295103532538
7.664909993778625e-5
0.0006227906618714856
-0.0013811463160116838
0.00040457091968836185
-0.00029659495182590695
-0.00147791220440058
-0.0007976018239120746
0.0010391018164416853
0.0011044054200776935
0.001548173912122604
0.0011718532556152339
0.0012468922502458628
-7.506990601367455e-6
-0.002516503602611708
-0.0001660825273777127
-0.0004615461678188124
0.001370088812760654
0.0001874104577213479
0.002773891958469137
0.0006459094490490409
0.00014684209515762036
-0.00040358589080667103
0.0008077712305006971
-0.005305128528503011
-0.0009512335900571618
-0.000772742053003256
-1.0207352069249672e-5
0.0011408757884875194
-0.00021431171847015375
0.00034922837862467993
-0.0002502039623909914
0.000666838947014028
-0.0010145165696588074
-0.0008313611112890754
0.0003260724433841334
-0.00024225517465610358
0.0010962111283852709
0.002001565664985624
-0.002051405184138304
0.0036754457863317535
8.589296805093593e-6
-0.0007355431819352445
-0.00015874526959619288
-0.00019159954585767203
0.000868623413414064
0.0013793676635360747
0.0008665905498054443
0.0023505133424757047
0.0017990374011082816
-9.031754649276423e-5
-0.0009116588470060898
0.0008763488669279125
0.0007087122419566044
-0.008300533906134349
-1.118997972395553e-5
0.0015756408914841006
-2.2368854968050512e-5
0.000543410924438485
-0.0011843214315676736
0.00017857255009963785
-0.0002789277618483479
-0.000846368789791563
0.0006944527582516838
-0.002319784421918749
-0.002090259275856808
0.0007723772767952694
-0.0008054188273777698
0.0016008764816484394
-9.370795115441127e-6
-0.001918634254696235
0.0001815209732021472
-0.00023873646749187746
0.0010320472967706208
0.0010621109125752133
0.0015924401695560028
0.0006686010344913229
-0.0003860506876253297
0.0026571516435174324
0.003845593438168784
-0.004149794107296898
0.004529388454051895
-0.010111295491361867
-1.2230467732065212e-5
-0.0066842956187798605
-1.6468538851970303e-5
-0.0013867383772147815
0.0036966190124063563
-0.0008592258736056211
0.0034723968849313734
0.00103876620698479
-0.0004925307443800908
0.0007178308395891393
0.0013987604804765563
-0.007930433247406778
-0.0004981862749883196
0.00041919965496379103
2.146306884853414e-5
0.0021690138697995974
-0.00017344111902829282
0.0007540564300205687
-0.0009456202098112393
0.0006603327497082168
-0.0016029044622271062
-0.0017303813634128198
-0.0012287341289442314
-0.0026260335942891
-0.0025493496112821553
0.004754504446255891
-0.0036381371552935246
0.008944300511244313
9.464037115299455e-6
0.0038194264505884514
-0.0001797529940090268
0.0006130152565014012
-0.0017213077500279066
0.0010977075998499911
-0.003225650666608695
0.0008795924019584769
0.0005732911220935067
-0.001374109601360471
-0.001679416177548461
0.0054121554012039165
-0.0005927215854175967
-1.9748287141010894e-5
-8.930227878073402e-7
0.00011090949273479843
-3.413724227575519e-5
-1.4281000887364302e-5
0.00041493928322715106
0.0011208701935805784
-0.0004610381841930743
0.0014789936281066054
0.0010288432914140862
-6.246386743234731e-5
0.0006353309393492111
0.0021193103033694876
6.98262608319771e-6
-0.006364510581760684
-1.2373589794047197e-6
-0.0005818500080470792
9.405500213256097e-5
-0.00048491141650184834
2.278819329876954e-5
-0.0010399261277240595
0.000584445946641541
0.000977616510479583
0.000330867981941864
0.0016851786248610816
-4.321313439486076e-5
-0.0005093436997477711
0.003912824378985354
0.00035231475879334
1.0887105660166603e-5
0.0024629459764904647
-7.986007803216474e-5
0.0002632047858798082
-0.0010993478397994944
0.0016545733375790501
-0.0008494774853837631
0.0031030499245997584
0.0025898606088654154
0.0002808974130700746
0.0008907342886930959
0.0035772605510940103
-0.0005059326978425636
-0.014541588687238932
7.183540805909967e-6
0.005329709772069801
1.2177810162982772e-5
0.0009632823544576338
-0.0029286428175386335
-0.00033528463396017015
-0.004095764412930644
-0.002056535395176384
-0.0007978004238368808
-0.0006665863089782673
0.00020464428068616908
0.006298372482491038
-0.0006782073608468171
0.01005050942543845
1.723756487605248e-5
0.004102820711159498
0.00010316699978335769
0.0005681766793112132
-0.0023754480545939874
-0.0010314325524469214
-0.0028624367681302854
0.00015498482812675282
-0.0004497411874120745
0.00022805195454646867
0.001148940605771299
0.006781462931124109
-0.0012812494075983647
0.002881865983726095
-1.5567237542797886e-5
-0.0021039400821196595
0.00013524123828242022
-0.00031897024608514544
0.0009563949433261074
0.00026232276352817883
0.0020538091160581333
0.0014848570655019264
6.747547551515826e-6
0.001212088537637883
0.0021705851591141967
-0.0023069627304982063
0.0003828061619748179
-0.009622674740720068
2.805536410546564e-6
0.00014091370046965529
0.00018081635104916577
-0.0004303747442372383
-0.0001695398013797575
0.0011481615618516737
0.00019141061991183455
0.0032099496769299623
0.0016699449528865026
0.0019890689264067895
-1.8032889987551364e-5
-0.0015678803371111584
0.007604437993575271
-0.02378223812475259
8.729468434035496e-7
0.0016031009114085932
0.0002530953999534635
0.00011227170702567036
-0.0012360415705929947
-0.0007780952439863984
-0.00012253359301908512
-0.0008188143992852685
-0.0008804988515155115
0.0024384320987937544
0.0015543347630110355
0.0006888092209588829
0.001646300236978965
0.0030818324746617006
-5.788970796644352e-6
-0.0004239865160399636
-2.930401137174689e-5
1.348904683971894e-5
9.104233372950514e-5
-0.0014773341409085978
0.0003661490085307923
-0.003361721351092301
-0.0014287420828803694
-0.0009516601584823715
-0.002223438792128337
-0.000563044669456769
-0.0012262440937484674
0.019755161955093147
2.3772035111747234e-7
-0.003524581730866799
6.890648243780446e-6
-0.00041791023147119314
0.001792478731949683
0.00062096397691816
0.0022431423708079846
0.00122324373588639
0.000789083334624924
0.0006266243813597401
0.0013901126693019491
-0.005347033617104759
-0.0004834841596216208
-0.005552865943729845
9.399781643662181e-7
-2.907358933238464e-5
-0.00016599812120078145
0.0005320003769412863
-0.00015588036103446844
0.0007370705920704806
0.0012480261336204467
0.0003744250123273058
0.0022358006369504113
-0.001876026891977079
-0.0014626600449931455
-0.00463766456987847
-0.003037067763085934
-0.003258207966718772
9.2678653745941e-7
-0.00045586727019830746
4.544382005215008e-5
4.792643413555046e-5
-5.0718173916631345e-5
0.000615405097349408
0.0020736871759740273
-0.00027050229419193106
0.0004295788005414424
0.0013219182785472413
-0.0008788512156867994
-0.0019371528706581488
0.0015272444512014081
-0.003168469859059035
-1.1186042155312535e-5
-0.0018327084749084298
0.00025040213226875253
-0.0005971952939657751
0.0003430977206951898
0.0005350008368409077
0.001391425384950781
0.004513261652443565
0.0015151425949958268
0.0028331595037769507
0.0031249986975096307
-0.0052679549570788155
0.00861817622496982
-0.02865555951794888
7.101819869261899e-6
0.004300338569493522
-0.00027509720539117013
0.0010588798206093509
-0.0016637472532407239
0.001191877355653669
-0.0031339726102546997
-0.001843984924590536
-0.0006746928386998035
-0.0017869023705116775
-0.000682394340450567
0.00792717546869046
-0.0028999530410073263
0.0069790589120635555
1.4545215021282308e-5
0.005775139169974347
0.00018672964897834928
0.0004232994488018934
-0.0036189676930425273
-0.0013845995009119185
-0.0049999425862380905
0.0009958546331377363
-0.00069314291700728
5.473764145445299e-5
-0.0020611310150864893
0.009259298883996979
0.002421504928462028
-0.003222361558675274
-1.0087443369547861e-5
-0.0036287502035380614
0.0001260406324644789
-0.0008187566145679112
0.002025918153791553
-0.0009412969254701583
0.0019981408799955823
5.69045345483936e-5
-0.0009918485777789489
0.0011090857333719262
0.0025147132711005812
-0.002833846543291554
0.00010466101794948541
0.00011272554641644474
2.2981182067822335e-5
0.009086669493854638
-3.63088548788362e-5
0.0011197178314310816
-0.0045515985657735535
0.0007044706129307515
-0.006855102470671908
0.0021057320825035785
0.0008681274622935991
-0.0009083639349473821
-0.0039047590060722515
0.014417930941529983
0.0036883160164048073
-0.008853553865814136
2.319471606079316e-5
-0.003177480805941518
0.00010345336746274385
0.00017502508342890486
0.0010942478004976005
-0.0018384085743874512
0.0038685055823601934
-0.0037135166023815618
-0.001902088216824503
-0.002471479359632413
-0.004679896150274482
-0.008932426583478712
-0.004113332665349939
0.02010773699624836
1.3537259432527838e-5
-0.00873469745100722
-0.0003738178296909588
-0.001054877224366694
0.005438371408773058
0.002900310128205223
0.00641146836734195
0.0027745424761798673
0.0030112029036454525
-0.001345951702506193
0.0009017902752402211
-0.011459254800733157
-0.0039718398073316456
-0.008960884246758977
2.0784532111399457e-5
0.005118349492605818
0.0002960308531554593
0.0005057104171086982
-0.0034430051860038996
-0.002856145101021355
-0.003646213126114618
-0.0018322563795022616
-0.0027072019369378027
0.0016496979502961908
-0.0002567664074087586
0.005964700692578301
0.0027786232564239958
0.013870378336842615
1.5752166451088845e-5
0.0021165059468869494
-8.894838883040813e-5
0.00010502552304711792
-0.0006609380293600746
0.0002341379288006416
-0.0019486512391569883
-0.00032241908457486583
-9.764308084098899e-5
-0.0005672646349443949
2.3559191783813252e-5
0.0025309077762172443
-0.0002696563268728788
0.006082081729879415
6.577612670529447e-6
0.003800309218711708
7.560766328943085e-5
0.0007899225177644496
-0.0019461430382357414
0.0015289968923075858
-0.0016801704015106703
-0.0007470148984408682
-0.00044042474104910524
-0.00037559849405672944
0.0013549847912644748
0.0052680836026481916
-0.0024914530638325202
-0.00120146338932717
1.9634097226547768e-5
-0.002218735124356948
0.0001401752033401663
-0.0009037661556516358
0.001232452095553618
0.0003963954909952091
0.002998251545340416
0.0033458292394587894
0.0010400254460107197
0.002301406098625337
0.0010683435015201447
-0.003942641043993227
0.006009306687092662
-0.017082982207094095
-6.997186621309276e-6
0.00020451179855263143
-0.00016683733938061373
-6.952346318917086e-5
0.0007043193691855748
0.002881215151268509
-0.000980232267070743
0.0036681117485052738
0.00280891686030097
-0.00022784958937924332
0.0012661842999679748
0.00320533313111419
2.0307071600395017e-5
-0.020779366613521713
1.2866343345884498e-5
0.008698948236351551
-9.79483963395007e-5
0.001224770521432265
-0.0037624616622236474
0.0007180640733049729
-0.006978201680798591
-0.0005833309654522217
-0.0002313544628525413
-0.0004906051801622226
0.0018664563492155944
0.01552825284001332
-0.0013337152495703458
0.004824278327187072
1.6188480773617337e-5
0.0012038784775399677
0.00016382131647272647
-4.773259306668957e-5
-0.0006399682700698573
0.00010494496464013836
0.0001156340829873132
0.0006508073878397785
0.0006928511061528252
0.0030085381047718894
-0.0010187085028644657
0.001070311012576
0.007049825811267477
-0.006966252431656496
