731.6721141111134
-5.346842559280915
-7.559256050719885
4.0485439331775455
-0.7756146943457293
-1.2363966224076073
471.2896699587807
10.085101552867183
-5.0102827427472105
-2.042052101356571
-0.02463612186308163
0.1731744296620298
51.35138292746154
9.48967702275751
6.268090672909311
-4.115938848684668
2.6302879042743528
0.388424635965933
50126.21122240724
1.1671603507488526e6
-70237.3858887889
567301.4812331802
206212.93231413708
-43.29418584720844
-449.61350364961254
45.450287069994594
-204.82234123706746
-77.78626381625037
3.126601695912475
-68.59632732460734
-6.839164152683326
-34.92636107493513
-10.583842272544976
0.12223852305734215
7.873553692339465
1.394573138295725
3.4659271238907525
0.9115741292549638
0.29966034655891666
-0.2747181316178798
-0.18900398699846357
-0.10022337206108277
-0.04984418938648579
-27268.33332743906
-38684.875824863346
-37606.40662083222
-4619.981447481407
-10439.079608689815
2.155870669522935
35.46740235322735
41.93285150584918
8.44802356837928
8.07942146445
3.7449791553823406
-0.941859115239653
-2.580292478692571
-1.162163893737791
0.1169695501045088
-0.42647420164126426
-0.17027534446052994
-0.13810401517814203
-0.042202108201964704
-0.1625087212769527
-0.08505029686033728
-0.03281084345944616
-0.025602536019303665
0.029536226446612003
-0.0011560574820391328
4466.596454223008
23594.516365784304
-10239.911034085424
-2563.0127273947014
-3708.108105775333
-1.4008422896138806
-29.992619899302905
14.369263450261895
7.753136172927819
3.5667304565645717
1.4498888757829849
3.6300806275415973
0.42891849288069456
-0.7965791606876157
0.2053404370351851
0.25328581750430607
0.10846818852505673
-0.24043369661282785
0.0650772800482299
-0.15303726413387225
0.044625915865773566
0.1439410643942206
0.14998080200588926
0.04100677885500098
0.04656799409009013
-26439.55571071928
-35166.81131896982
-42183.87471234567
-12537.66327196455
-5058.5212925800215
39.710714410160286
34.876387675731124
32.31113539575595
6.499034033032903
-0.5230498112944753
-3.6557622495403987
-3.310965427046908
1.2596146295815385
0.7221727548205533
0.9374573417352626
-0.6704773650974306
-0.9816985900529315
-0.8937010956334119
-0.24574350712583826
-0.10962110590995465
0.13722862958098755
-0.0020282669201517854
0.03764425411530048
-0.055287618182019854
-0.006987691120676074
-16714.995106024773
-17049.921983326756
-6733.748710626597
1268.4464022225463
-5275.924058905499
35.06633925573671
21.03045627060067
14.039988112284345
-1.2644758248113666
9.45365461996486
-6.826631208311803
0.5502156155639356
-1.9933220809815904
-0.3163433024832006
-0.8577951917584764
0.40811355058402726
-0.2553472168711322
0.15929193144090595
0.1820674994281823
-0.07073920176069458
-0.10164455334755082
0.02930293631478354
-0.0727815359951039
-0.038208959538958094
0.032454605037124114
22805.342120662805
110119.93831478512
27344.83310085732
238881.72918705558
-22545.359484394576
-2.1621736726893723
68.32842250240947
-6.018518552658479
-90.06472710833468
23.889466401109416
-3.2942771059064406
-30.894292584696778
-5.417279689786666
-16.84063458808459
-2.0878849722936135
0.3523146716208261
2.373484519019893
1.043871854600872
2.1050096088419847
0.24537362645603597
0.04859908620912763
-0.411940820767604
-0.19405043252894968
-0.10078536758619597
-0.08572126782457022
