-1.061239675137671
-1.064671597873804
40.58292549204625
-9.65175637334185
-62.71486228872268
14.120157468471483
35.53698382725701
-11.038198974473014
54.057916881504944
19.123411008329334
1.6748349618621272
-20.307487670934186
-11.01107067371277
-4.429054182188083
6.755112842821327
5.449077540746091
1.7845634345934085
33.09902747223294
4.365345075092636
6.151204705294089
-28.435381165510815
11.759990082384709
-8.640201482668703
68.59952062389122
-11.934257680301117
38.14627511087989
0.029155728067974996
-8.491411547529435
0.6376869015419935
-28.019366136685928
140.48205399136404
-157.95993488711045
-0.02904731532314166
8.30474221067291
-0.6334007066135774
27.79508403986075
-142.38563060542614
158.21993528839465
0.025268909924944925
9.176161527145506
4.110492556919314
-1.2680204566713609
209.1673948738629
19.165723455601775
0.02562686703054698
1.183387426028913
1.5039938097070389
-9.574113939578432
102.16414082267707
-0.8037061103144605
0.034370692001828775
-7.77943320801125
1.0491610036687187
22.232127268231416
309.3833018671677
-122.07309395259934
0.007601870698262618
-16.695697083292206
9.528754666189998
-10.547222125047243
203.2985799837675
137.88452213061817
0.026474786911840815
-10.262976248252185
8.745923157858188
-6.665498701117987
340.3657666927216
288.4343713578184
-0.03343594411406978
3.0867320079586764
-7.0741795427036385
23.881303421578107
-418.65511535480806
191.74943696887857
-0.03493933313920256
1.2432650831085088
-4.566669786028277
18.635263811050844
-222.30742929948994
20.556327654012037
0.004184990390630585
-1.2446817561929195
0.4996839372824275
-32.53242744391356
18.214545473615985
-224.2010252233742
-0.006214607082418599
-2.3623174452866174
-6.1339041468806155
-45.92438121549592
178.6307460537936
-205.6058421808196
-0.02409773630758877
4.747898893106354
-6.4811826170023386
47.43136133744625
97.85204737881061
-13.88084469228237
-0.035587240581381435
-54.20914939124215
32.266814765624225
-134.27252396679492
-990.2775856744478
921.8524448347229
-0.08052489482058138
-47.05780019852217
10.571073571598648
-110.77629401129957
-611.8883459627995
441.8220614064291
0.002415619266594475
-5.463725074426751
20.080200867026104
-89.30797708332116
283.8854987959314
683.664918300304
0.05167020196060412
24.079470161211766
-24.30901096391491
92.6999235255687
783.5538667909047
-887.0952532901565
0.08867126083786062
92.9700872049393
-3.7752950285746922
142.08210182893876
974.7307283036332
-63.526560211526345
0.2676887159993005
-109.22060938385034
-4.926001730770657
113.60302235001764
-1749.2757940345818
-796.8946267847269
