-2070.762606349914
15.002210043687313
22.312272311309943
-8.472450472449362
5.594597995569463
-0.14667412383410786
-1.1092549131791445
-0.40457092179859877
-245.02539390967118
-47.024448187307904
-22.97598026358415
-3.540697134180226
0.5019914977435371
-0.7452074951832526
0.7744713838660052
0.1653505007827049
-3724.2677389553482
-63.8590390459076
6.415261645600738
-13.801881402502076
10.13078785096629
-1.179516769505492
-0.06586667913050878
-0.20026190791043488
-324430.04157953145
-1.0900228974828462e6
-647275.019523999
-526335.1916458822
-147778.4572107756
-2615.8497469571084
300.8614566075107
586.1521337051398
465.87356095230047
324.9952580204195
113.72216031441056
34.72105885156159
-10.269302210331924
32.12290497461684
-6.865764250138633
11.310148292264461
0.20369976765327263
-6.209581162274509
-2.9949474266890155
-8.481786032439546
-4.326710358745849
-4.685441952382861
-1.7932798993689103
0.17350177412514783
-1.0439750276166142
-4.213765813150386
-1.961594012589155
-2.375805307889237
-0.6459663780272368
0.02498458768901112
0.013551811667692903
0.20267315480203593
0.01660573951708598
0.11201566857607358
-0.005663021096554347
-0.021274134359922887
0.00731787786895956
-0.272133405705073
-0.12546109248343393
-0.20691993622101923
-0.036463649556885004
0.002957723431526714
0.010992541815968725
0.043127440911232565
0.021571045003734232
0.028131674993226205
0.005515206658788509
0.0011960532159871343
6007.198598492256
29383.71646463221
10875.060837340829
2239.220595809952
359.3232200718154
271.7768478834632
-14.393672141161087
-29.3135562032467
17.142351630644008
11.517494966723424
6.882690038873316
4.442211332722645
1.5074908485519114
1.5449659998243581
-5.849159825606234
-2.7094595665751777
-1.5789729606180798
-0.9501633880727367
0.2024586032154218
0.7058488947874652
1.4284847733908987
0.4148367115067765
0.23317951806983286
0.07047805214863256
-0.08536107604359361
-0.04595633670838202
-0.08848684762750741
0.0717548296991069
0.01414958490221196
0.021467216838525625
-0.003776747300900415
0.005546768705848773
-0.007303031940163286
-0.009844075258991098
-0.006879598710843024
-0.006111389776632875
0.007174943152595931
0.021880046444232644
0.026222015903939525
0.0294416965502795
0.006213365682391318
0.0015171238851388227
0.001052628981693776
-0.000862914506802249
-0.001645670396727237
-0.0007510469207069867
0.00012847398707967347
0.0012877731449463877
-9313.44461386127
-24958.606618616617
-17898.704732287577
-10964.343907458902
-4976.894969029121
-1045.6985600291598
0.5352126518603584
24.362200328458197
14.453473414116079
7.975946951519472
9.275289856201114
0.5529320046704452
1.7314516827795778
-1.5929533761365766
-0.4896191097146928
-0.08781256802620796
-1.320462746119938
0.04804045438858652
0.06868215232450185
0.030114617040147354
-0.007392338787135859
-0.052701223132702806
0.15799691284312353
0.01615141139804103
-0.1622645962611009
-0.207100985624985
-0.2298176766355553
-0.15880300240328493
-0.0953189501136964
-0.032996376716557814
-0.02072469440319063
-0.06694082743483792
-0.023850966305936805
-0.021798931902821114
-0.003095208260879024
-0.003372643985933675
0.02525881218651781
0.03794139346979544
-0.017222682242733135
-0.0019083651126911188
-0.017802380592185228
0.006132552413766512
-0.005008463597670622
-0.010704681452534542
-0.0041408846726156915
-0.0038815931418572022
-2.8263319099203534e-6
-0.0028823027371551345
29476.3415496104
18932.675141202333
21104.432588311218
10173.388988582483
3461.279987922759
2049.4747691775783
-42.363350792417776
20.87846437602548
-20.379387474406077
-25.024413127042635
-3.271239102595563
-4.677477418601525
3.600011480718006
-9.906910497182455
0.9604263474323117
4.0294805988781155
-0.05276553332777725
0.5349284240874315
-0.009709148947774188
1.1019220231441014
0.38145939002108836
-0.3583229539607862
0.23890913808770284
0.08386369354484581
0.015098514058197773
0.06527626372637026
-0.011185602490302263
-0.01130780739606739
-0.07296711947554431
-0.03918544901345561
0.016000125640017314
0.002195687562317904
0.03156122667591171
0.018852349381560954
0.027672922667214297
0.010394275927921064
0.03306402607637796
-0.021484070450075568
-0.039828108235578356
0.002971399128793611
-0.01910490648285911
0.010952578803827046
-0.0012103787532710699
0.004234811896504771
0.006131845945377171
0.0006030545134873559
0.004339205830416306
-0.0001749036031340719
-5530.262601770719
15784.770646740744
-6697.858640042672
11431.654066468704
2044.787632608434
2040.536797651401
28.42971434250923
1.5411256730798217
31.013108826717982
-5.341097191320289
-4.049671167121589
-7.545861746738134
-5.851434948502507
-2.90281293130018
-6.403667652033018
-1.320438531926448
0.47984673248552395
1.4569912326841103
-0.0032854189015577317
1.3132344632073532
0.6457905680457211
0.40769621851707927
-0.036722630499291045
-0.20434498469516438
0.17175664226304574
-0.2643972770347981
-0.09557296711419017
-0.017162961138004692
-0.033043446921262966
0.018379442135745144
-0.030593433133967906
0.04336688090831109
0.013614826677933388
-0.0003776810658507594
0.008581066310142634
-0.005081356388423078
0.030067711223553326
-0.07530424728992385
-0.030232782036513216
0.01064441482754158
-0.0017987479287682598
0.013679093777693383
-0.002905498084879503
0.0021414507872312134
-0.0002917795730917628
-0.0016388619332623083
0.0003950804714166201
-0.0005311204931318581
-130109.7918929255
-832790.8570625762
-335017.7671024575
-388169.69882895326
-196043.15821680592
-91253.81393466794
102.50582661068478
466.29984462222353
305.3755863796804
195.99438801784888
127.16151751904712
60.85942834885588
1.1379404216570073
12.026882976886933
-18.6128985818094
16.586261560962402
1.0323692614094706
-1.7030958374325662
-1.2783613437005967
0.35824252581635824
1.2368749830247334
-2.2676576612208303
0.22434633524512382
1.0993714941634587
-0.8285801380326859
-4.859814363072588
-1.7498481250189628
-2.541567108039267
-1.391550832087638
-0.7564866091194796
0.14401619553698083
0.5190867998349873
0.20895775661694163
0.2692702038557436
0.1254345565623046
0.07130540545416132
-0.054569448234729076
-0.4802876457624864
-0.15476085348978305
-0.27911323890483597
-0.11097211624228123
-0.07087064830885288
0.020756751360758628
0.06274362905111523
0.03168135727814621
0.03668579041175327
0.01392878606730677
0.009038471267261703
