-3630.893514831185
182.346246493405
30.91473098055335
-281.4837384751917
18.363371813041425
0.6047850181305496
-3942.7133614781205
175.99767891763057
32.99095164542895
598.3078619887474
6675.887575349736
452.2632023575737
1791.070815059538
-7.379073855508851
-193.6430019412376
-37.56743399379687
-71.10080587901626
0.3476278242408602
17.148825737241957
5.729361660579487
7.886157109635709
305.234923591431
-296.54927997615323
-257.51500426969
-186.03951760447623
-6.430815402008735
15.569468657793372
11.426577838841228
7.515311754247489
-0.39846747424846757
-2.82676942826327
-1.5764736210357164
-1.0006408067772792
-97.22360062974494
579.8056857251964
323.56353628447863
411.27690397933213
3.0981214413836047
-20.93810334818203
-11.982499109827861
-13.433226589731886
1.686481736646498
4.316756142281445
2.2431282485034645
1.6242781500118304
-80.28007947082499
424.6157051005121
291.18313334537953
328.5713530323057
7.177578402413042
-7.845301394206034
-5.777019959958191
-8.950631894376777
-0.23703139966082945
-1.2235533988167215
0.38843009279858265
0.725422675326795
613.3247573562799
-220.37563622139297
-184.42113093412445
-477.8994535068264
-19.243215880288318
14.391695830047153
7.735374366762373
15.026140942496873
0.3460245172781029
-2.352040768164603
-1.471644124414536
-1.5274661205388165
-1023.7401778285407
2601.2649791373437
-1135.743386091682
526.9469216915319
20.92057094902011
-124.60300793209788
5.895201001432761
-57.56613860422819
-0.7560791150850995
14.887503566397063
2.7872535281871227
9.536935567124461
