-1.1381034787604432
-1.1566336974779483
409.0682149925102
15.297933854515303
31.855147511000723
15.34994431612778
-5.438007252502607
-2.060118229864085
24.440490186148004
-18.826459767345355
-11.777585675060633
-1.2006773506546247
-0.01106586330743836
-0.023217907010949893
2350.2202589852495
61.18288701476029
86.4873313879198
26.93318047334681
-8.16479442213982
-2.391032922264106
-37985.71122184822
166170.28221019747
-75286.76992807393
275028.64979644964
48657.16763456064
-11.771314469505056
-79.13042801115148
47.55664633965595
-96.93473162026028
-11.14628869954238
5.127602960358705
-14.217047822390205
-7.389743927041899
-18.112514555891853
-4.576496133920233
0.013089611462866075
2.1042072801190654
0.9940758953124195
1.6875886069994708
0.40613770279334355
0.16515115674066308
0.2646251812962561
0.0011627830010620367
0.11634149946415513
-0.010060161486101074
18647.44367241749
20869.231077117547
-461.8127225704408
909.436057196149
-2158.787632998337
-29.76156344382004
-24.698671456531947
7.114609052533203
3.039548434237853
2.526331590137508
2.8388555089535585
3.268873561615057
-0.4702031226507839
-0.6809360248794432
-0.13895712286491893
-0.06477605139897702
-0.2039729433740917
-0.003601001694438478
0.028955419899619302
-0.026777770183302893
-0.013230943201050874
0.0660761969259905
-0.018510563452322434
0.010907086537170511
0.007143590183009221
560.1342851572865
15125.430605120218
1406.2307328563827
2099.939823752998
-1354.498383446163
-5.244299309456691
-24.26310694725048
-4.036954172167876
-1.6277160247819427
2.585045986649816
2.103881600933713
3.258674940198591
1.308178000806031
-0.025929874629709936
-0.21092588805668008
0.028943992999447537
-0.008901033520890807
-0.08408591177022907
0.09390026311576338
-0.017783090001673184
-0.010529060399895238
-0.011766632091080398
0.01882870840980102
-0.013061626706453073
0.02070677261517136
-21314.327583494443
-17956.715875547783
-5321.589330713983
2294.489700145687
386.9310584050403
27.209227150060496
26.36657208753272
-0.7987142758583344
-9.419698574740663
-0.5733490649241848
-2.206386512987494
-5.224286791600613
1.0853420257886865
1.2703443035559858
-0.05802936083931153
-0.3344018745691638
-0.4867685477623494
-0.402097403454682
-0.09728898321644838
0.07543746062367895
0.018759433103634832
-0.11920957952721532
-0.05382445390462701
-0.07784314385357884
-0.025314662320352503
-2262.0924405609517
11933.879919507135
-3856.952010836184
5189.371349474457
-3617.0516647783584
22.989493224147715
-20.54209225208866
5.879045980758251
-8.638893085853969
4.227695631910297
-5.709188284629761
4.77802064573517
0.15296202257995078
1.0829743303872137
-0.09426079455556408
0.5581042485586862
-0.21953546961112771
-0.13429139502840104
0.001690912260323391
-0.0740223775249379
-0.02575181929986876
0.11887812375142529
0.05549582664287311
0.00013653540253762356
0.021583497218701033
24213.46119148406
25147.199798408918
-99252.43718802284
217751.7733547618
66204.5017993516
-57.25988840935483
4.232447908016126
3.981367313382104
-98.98818895200151
-32.30218812422194
7.932500675790636
-6.779424950969059
10.476991750548638
-9.399301667142021
-1.1333380931661297
-0.16289282959186255
0.5567481381639311
-0.6857373549730861
1.129657811589183
0.015220069392432086
0.08357690973291697
0.16681485778228222
0.14005385545026358
0.07449585644969155
0.04350006649964686
-7.944596170872776e-5
-0.017964653029568473
-0.0063690515861770155
-0.005847409321574976
-0.011867244828880389
0.012457888798901022
-0.014590358089829973
0.01306333331691739
-0.016904428476308922
-0.027715669064263596
-7.946402287242034e-5
-0.017994909849079057
-0.0062611399873937195
-0.005923674144799379
-0.011997450856218868
0.012329435356973673
-0.014667579561826861
0.012765413771516135
-0.017304976053876465
-0.027525588064916538
-8.253385019758707e-5
-0.008484811468757517
0.013127105796189675
-0.006691937188168471
-0.009756459752002662
0.01376128234304568
0.009350765574397865
-0.025103939227554054
-0.020706911402096354
-0.026755447832540354
-2.097858044007555e-5
-0.007428214071181953
0.011826380107600546
-0.0046388940088794885
-0.006539653773628797
0.003544058536494724
0.026445693680474006
-0.0059031904705059415
-0.02179817926161006
-0.0018784099238824635
-5.404798726432051e-6
-0.020119679125495577
-0.007005339689832984
0.003545770688400128
-0.04318045790787935
-0.0004750934875114557
-0.024671531111324335
0.006884324072923513
-0.06271047547917805
0.0027692069568869214
-0.0001452940814205624
-0.03985872849930272
0.007319693979068152
-0.016816339166049816
-0.06969655953708916
0.033413825180229596
0.015250513381138642
-0.004192501321364972
-0.047575283199041904
-0.023339367243471555
-8.87609558710705e-5
-0.03272922227962127
-0.008872782654207685
-0.008914424615096487
-0.019581914881118923
0.028853425785612254
-0.059999179484249175
-0.00546520374127735
-0.05959666487610582
-0.09038133296661141
0.00020373437192569183
0.04462064209757668
0.005127962405921167
0.01594164756034091
0.04194156052770231
-0.00591312606296817
-0.0038101255859340293
-0.01488082554785651
0.08204167167510257
0.03233375022005904
-1.285941070396427e-5
-0.010335336913665727
-0.009346417042683158
0.0059339048255638155
-0.011992934382797412
-0.003417733753047183
-0.001263231740032876
0.01713711531262583
0.007547581845697986
0.03734832319144316
-4.139025953628041e-5
-0.004221554492799712
-0.012865946264113774
0.004078457273587691
-9.073423252743748e-5
0.0003943317352354337
-0.01829313400099891
0.012161848933228941
0.014921203035753073
0.013712407630258524
9.796318254238514e-5
0.002394563089597518
0.005628363704764218
-0.002466715576764027
0.01484277348504797
0.007716907391545888
-0.0013919198282934004
-0.02830909814580075
0.03558207029970229
-0.019093758384597776
-0.00011941138886393267
-0.02726038836267005
0.008758086574561534
-0.024613548167233403
-0.05232175513965555
0.033823101167016804
0.027267481061731866
9.89120496280195e-5
-0.03800745793588259
-0.029150220457308446
-5.694312599600775e-5
-0.00011065945367710418
-0.015340728090841001
0.006565644281994099
-0.0025194790618861406
-0.013707008262657928
0.0014658346863532152
0.03931569434639974
-0.00045894283024337627
0.033838746552246605
-9.440717023288311e-5
-0.012877766883015763
-0.0017674524411185328
-0.010631373874910192
-0.028713071476514557
0.01421945637281812
0.027977923586866762
0.02618477483884184
0.0028632383105838136
0.02607347908760581
-0.0003217246737150609
-0.049306130121031654
0.023658998229545116
-0.03220486539215039
-0.07940168343342771
0.04764777853553573
0.03640798807698769
-0.01368475978319104
-0.061533141298764776
-0.06701503634202682
-4.032699348170172e-5
-0.03296342578119474
0.007659187468729259
-0.005647006106945211
-0.05751780394796387
0.0013323239522447482
0.022464120767874796
0.01799107593854537
-0.08706438173354467
-0.008250670833535376
0.00022062487274077518
0.0301192910389189
-0.018858778074836918
0.022132701621849535
0.04670252077061815
-0.035702846337381335
-0.011946963060089664
0.018800406964220667
0.045546363473186906
0.06579311383258081
5.041195423603638e-5
0.05535829077787983
-0.013471741750820528
0.015009365611201938
0.09085544120040608
-0.008087314441873935
-0.023765889220352297
-0.013968334347389116
0.14255090124736683
0.027393261344083063
6.338706715092345e-5
0.027558121567204764
-0.0070400281605299654
0.005945983558988056
0.04060232350433955
0.002335236166938463
-0.022851261340570778
-0.008793929632791457
0.06888445864111689
0.005228818477030947
0.0001845870906387025
0.0316051459545816
-0.011411258595570723
0.021339848103117075
0.04392704366181362
-0.03354779542238181
-0.0064700351555115505
0.008314781463733805
0.04784932953285222
0.06343057501686193
0.0002634587899246411
0.04155313575771972
-0.01810875121611821
0.028174599816579108
0.06333870002276774
-0.045622528445356796
-0.0235567290260827
0.016095126545779735
0.05506034187820769
0.06468265361113074
7.734616017217945e-5
0.03542692261021103
-0.0043441288398954675
0.0062671222739223405
0.05805258795124097
-0.0009602685080673487
-0.012732210654365049
-0.014066575980009526
0.08462554673535111
-0.00017087663765760696
2.8998277237591617e-5
0.01604128168729374
-0.0009219299699385162
0.003965634641393479
0.02822837301054799
-0.01111928221630298
-0.004702651723976761
0.0011571541640745997
0.01992153830017283
-0.010257763821922913
8.893248091240691e-6
0.006886283659450693
0.003058823115011521
0.00030449299546843014
0.011552635575784767
-0.002233998756236786
0.011595827015687548
-0.0016206228571362766
0.012333614221227498
0.0062825202477404885
-1.0818166209121187e-5
0.035571561690189255
-0.016183761949028624
0.0003169248531325957
0.06404192754599135
0.0026331416732512892
-0.041432410048485045
0.060323940153182015
0.008162455622088968
0.010026586771574817
6.528713528292377e-5
0.004906088787873571
-0.01077049216624206
-0.00021624780037332838
0.018046346539963617
0.00782995182903809
-0.04157238552614532
-0.019560211467774587
0.008333350381826437
-0.05606455954964469
1.8571895281094586e-5
-0.007979515071441064
-0.005576808863680222
-0.005134875079826305
-0.01558307637751677
-0.002473429524356548
-0.005000283492554112
0.019746749692970716
-0.0642841516881152
-0.03873459213246934
-7.505971358928953e-5
-0.02600068548932719
0.008678224217103701
-0.02496209204684276
-0.04702659860750136
0.05826968587345216
-0.044793460545970956
-0.017603798807990758
-0.060649859151750606
-0.08477694160668951
-2.880121829369457e-5
0.009409518536238068
0.00784037040308848
0.0023226155793705625
0.014476707010022325
-0.024198988921111643
0.06402084177407524
0.02297888660768055
0.02058093493488538
0.03003717483187265
5.714202243948098e-5
-0.014271081368906693
-0.005550949494902377
0.011070833650680649
-0.024658371243327527
-0.01560433258921092
0.021655223870632335
0.0014255157364640593
-0.013704535900116119
0.06476420347283819
1.94128687540116e-5
0.024516795548762918
0.0005788105162293846
-0.007643955992668452
0.037492025239230675
0.016399276863810753
-0.016869995832225818
0.006483370392896909
0.038541816175629115
-0.028207336027143412
0.0002068727975142076
0.03860174733632478
0.002730876866788909
0.009157942402950375
0.05527456883500176
-0.039444581191979744
0.02793369797949426
0.011676204060696523
0.04093555554395741
0.035194295912187
-1.4390497975337259e-5
0.016791631270350733
0.0003577174323157504
0.006606625844083157
0.0227308722510625
-0.015030935933025952
0.02221950781740472
-0.0008072932402540107
0.03181286135168732
0.003339065240279902
-4.842134000320843e-5
-0.010870971845760927
0.0073634952950533085
-0.009206374744227305
-0.019627025573629612
0.005237762209257555
0.020531621839344188
0.00045564612357985103
-0.012301665764064901
-0.014644976492149018
6.923229106443754e-5
0.011266310030821897
-0.0013990494552741754
0.003606965924470461
0.02172890586520548
-0.016733658911082035
0.000924196099971723
-0.012035437690870452
0.003679495555045753
0.008123438757901951
2.4129484932018988e-5
0.025915927572638123
0.0029513205829144336
0.000693780389909425
0.038414078942904654
0.005843773022779958
-0.021101639770658452
-0.004580072823483637
0.010218379353612089
-0.016106668310939664
-3.5186792086696714e-5
0.0017661817590907912
-0.010095312550752994
0.020393642197248995
0.014247992524484243
-0.04903619609817753
0.01690251104972173
0.025800437646771392
0.039011241405921826
0.10895240049559766
-9.53719848158759e-5
-0.0006656020089300933
0.001429197789719074
0.012690504525461395
-0.008072470274946971
-0.01716005698912752
0.036304731768445606
0.01833828773811664
-0.02603515709317894
0.030562224713857302
1.9486704531162464e-5
0.018140652886522415
-0.01150421173692613
0.0034554077186790756
0.03254655358557064
-0.003082842723413159
0.002497829940428281
0.03801598909059422
0.06611656962171204
0.04390230011383059
6.43827570501857e-5
0.0009294272194063447
0.01472201034300197
-0.014060480424224133
-0.01499556530503925
0.04725984495738602
-0.03496854353788991
-0.025460271704992724
-0.046186626137891346
-0.10251957780619025
4.930820810580606e-5
-0.0023060626280804347
0.0064070079333453335
0.005879222253547717
-0.006202093309417661
-0.025909268497281444
0.05072281703944185
-0.001566061541136468
0.0023486012988411875
0.03575885300478961
1.9149104662128887e-6
0.0016611780472470972
-0.004674938915665884
0.003458486443630125
0.009593879378214156
0.006945944663863191
-0.01941680338887107
-0.002578267242494081
0.020449689571098547
-0.034254769547139935
-7.014863238251602e-5
-0.03591138090734232
-0.010213861246172223
-0.010518242172611183
-0.054328996042002024
0.02939039188153615
-0.04128631720355719
0.0015620796878515677
-0.05978317930445876
-0.03616046784907362
-1.960264656222648e-5
0.009522677594048156
0.009809650763077674
-0.00764882947161942
0.014337940227188059
0.02364433053327279
-0.009213977551544763
0.00040826765652957417
0.02797501480863089
0.021607709296137933
-7.95679856232682e-5
-0.002797613661561874
-0.00973428501647218
-0.0035162596939244243
-0.0017809580161619657
0.004960412515814641
-0.00754428982811138
0.02699945167655897
-0.022969425828106564
-0.039919279149288694
-3.953126953018445e-5
-0.027029216604698578
-0.016117901646828307
0.005558821237361625
-0.03883206836626654
0.005628257821264347
-0.051668053139805964
-0.004849506405405329
-0.031996079410978935
-0.009856896366420986
-8.699992922049795e-5
-0.03175301951558321
-0.01778963646627745
0.01444881631740884
-0.03934988108994558
-0.0158738980256228
-0.021299446522586408
-0.016384945380732742
-0.00817907889509446
0.012762005654933526
-3.732614546637858e-5
0.07784519348754837
0.03432863291542844
-0.005274586902988272
0.10781454516686137
-0.02754420399440942
0.073892502596565
-0.02065671942897479
0.06332905000343647
-0.009394494795655647
-0.0001507527729696774
-0.03001653974119871
-0.003938332644385274
-0.004029183048960719
-0.03566731818009825
0.01421499027752803
-0.016160837375782226
-0.00475568287060672
-0.05504828468310637
0.007596899459897592
4.0347978427936665e-5
0.037766810258365736
0.009509354328772418
0.007039241464172118
0.03978753445291128
-0.01512067302336713
0.02551145498325911
-0.011491659896333788
0.07371983895461838
0.0005843589245654111
-0.00013562382000763788
-0.007600147916472748
-0.03979962824405114
0.02449309904368968
0.004061802232912971
-0.03889245477994264
0.018984910047004585
0.06157729395041267
0.04167891979034981
0.0846074587944376
6.357944358724136e-5
0.03507552930049015
0.036221167230838076
0.00590810141925777
0.036425760246366866
-0.04641462246859968
0.1549837355561178
-0.020771207446495448
0.06180703656035308
0.09369592031850543
9.663740922591595e-5
0.058364141709863815
0.014902360768617517
0.009917792802505949
0.0969280168754468
-0.028381322466313478
0.023668790759077466
-0.016396277251511618
0.08304317924143358
0.034602252166592795
-6.971296359445706e-6
-0.09566762723563048
-0.014811155282237577
-0.010156057334583158
-0.1767008495165792
0.0619059664120972
-0.20030293674660204
-0.019287798413153548
-0.28789680602891315
-0.08386241751038621
-8.845103866553082e-5
-0.07287740145472345
-0.014865888817591698
-0.051737560634910904
-0.12126819423430359
0.1162851341037436
-0.09489518654613732
0.05298389023351366
-0.29517279143688274
-0.19932984783477145
-2.1732678153601845e-5
-0.05730330212053861
-0.048958952025345205
-0.005445593680325245
-0.08268750020713006
0.05922206042835435
-0.1823150379630148
0.016973721680002014
-0.0907647610855355
-0.09823378443193022
-3.330819076602777e-5
0.07078473139009846
0.006816287148671418
0.023042826449580472
0.11094106465350202
-0.09367507250276771
0.15495263500754353
0.03825972528959333
0.1454750087785624
0.1396065378736871
2.3714731114034216e-5
0.06351267853968423
-0.016741335307495976
0.010089628331848354
0.10997054095151854
-0.028830065151358934
-0.001987762232809216
0.023526452164680186
0.10529601622050198
0.054840356372347576
-3.5130216608166615e-5
0.03110926512755016
-0.008775444467771731
0.013472864312314207
0.04349692697874975
-0.006721828339276539
0.0017304025140174682
0.023462909043447285
0.11828698536360646
0.08028302951705468
5.1598145903699736e-5
-0.036552743325335986
0.009991035189628298
-0.03682116847038612
-0.05722673344481139
0.10722912192645644
-0.1195857689397187
-0.04363119419088348
-0.10509899801668525
-0.22804148701358948
3.3017864218934445e-5
0.19033199913939738
0.01599128812206455
-0.01809422995760332
0.32726426377180473
0.014366976427894118
-0.056485095865657586
-0.03235825998158365
0.19677000792663768
-0.18464505583698182
0.0003768446006529799
0.1333648616677862
-0.011947265031359946
-0.00835348909230769
0.20276480061169863
-0.016763723589254546
-0.014127818360793371
0.06024448608585652
0.15833722719472113
0.027081550338814184
0.0001481096283590477
-0.025127108581216258
-0.002245212446658026
0.015030821618972293
-0.022105226411527578
-0.041680966587335555
0.015242812028384192
0.01604261023156621
-0.012504972228038267
0.05890173020712844
0.00019776163263439986
0.07378617472865064
0.006174169016929902
0.020068161566153334
0.1260932444774985
-0.03193529351670824
0.03288710405967275
-0.007302346085769701
0.10457659560854875
0.05873293082841905
-6.935534096947259e-5
0.0718121063214272
0.023216451124827165
0.017887827370432912
0.10150913684997967
-0.05516116638613855
0.16604590539286587
0.0281155496830291
0.14999402447639426
0.18126478928100245
0.00011800711579752337
0.07097920906380092
0.014041506318692071
0.03190881822701472
0.10200160671136142
-0.049329186784965166
-0.010723674412498923
-0.04294949563273303
0.15000186444324726
0.028291009969184155
-0.00035785734748527867
-0.0888043832081556
0.006424859635989913
0.008719530616629263
-0.1259921530402354
0.0467159993738487
-0.0425886263857389
-0.12786134465750715
-0.06307093356223585
-0.02031090286137356
0.00011605844958977279
0.042193653860715725
-0.00031649260275371465
0.04623328887220888
0.0851408203009204
-0.08398570001844721
0.011549032426369062
-0.041804289623336176
0.10198553120793008
0.10125931662070962
-4.572167327128101e-5
-0.01850192976124792
-0.02704664366854588
0.009014845390494172
-0.033612561783552056
-0.059144011572016354
-0.01253472210268174
0.07887312440271017
-0.03299076850531702
-0.10156658871621718
-0.00017263087281782494
0.01815552103896268
0.02463404508327698
-0.005999640071244177
0.03914412857912398
0.03582491406873106
-0.029467854479881095
-0.07505875000580575
0.061741193621609014
-0.011454328467157637
2.9283241077576573e-5
-0.017406912309826262
0.023406552655606084
-0.02648775297080744
-0.07393208463818389
0.0848534483934739
-0.05924871701471095
-0.02479131231362563
-0.16768783912608612
-0.06834691325113672
0.0002602992039868033
0.11116812709247807
-0.056737689906453656
-0.035324817075086
0.23132740120876666
0.11675639361354574
-0.3120092007775413
0.008940337702887812
0.20779476399696672
-0.31344304599234296
-0.0004492216661757861
-0.08066437565431497
-0.041948657553073455
0.058992142215720786
-0.11021565777999026
-0.09279396925760615
0.17658821473609693
0.05086836160980428
-0.0343114354707669
0.2902230115517246
0.00042025496138378595
0.12629481958620858
0.0003059557864552952
-0.05683808981981542
0.19045981850011412
0.09438086033292488
-0.23815265908087388
-1.0852015216417546e-5
-0.03123552056589146
-0.38979119677360097
-0.00018228652010393955
0.21871405274679864
0.019421421133361347
0.05209310536871498
0.34878581932095765
-0.12844678828817688
0.25123864323962464
0.04076418510375332
0.3523101116240438
0.1275326571061619
-0.0007801450665334631
-0.3239498738022809
0.03591175152541078
0.08751196932696503
-0.5336393286018054
-0.2072336975248381
0.410217227913782
-0.1101162369410705
-0.14999877002718842
0.4948688849012291
-0.0005090210766465346
0.18705690724216484
-0.024205910523182144
0.07927033488273201
0.2750769774874196
-0.19895524576713897
0.1874946778460119
0.14322174073340063
0.19137010758799075
0.2427667966201495
