0.06339718278597437
-0.019609831129059733
0.4548201126659816
0.01271691171854949
0.510047359094381
-0.04285128117457242
0.21785245051891605
-0.061895904699111506
0.5232090253221002
0.20434745722596137
0.1528910629981088
0.35556187926231336
0.07805086405440693
-0.030850541428538675
0.12806050441855957
0.12217568499229015
0.09094854159086385
0.13235063270824923
0.04983587620304353
-0.06461699829388505
-0.0182806165283313
0.1075200370223745
0.10110823626542963
0.12914403233933466
-0.03543834573628856
-0.07938742593908162
-0.01664245615233207
0.09174958437029493
-0.02503726151836546
-0.033659907883463715
0.11712756105816625
0.7702095354433995
0.67613868885008
0.3043992643156195
0.7473554589332119
-0.1199487444151382
0.10738869807075978
0.017253003365898953
-0.1391062999975739
-1.2949609560935855
0.3439647395792665
-0.611793758315351
0.04245678837901908
-0.04874127040557254
-0.23920512156706802
-0.5608330832090154
0.11273857379299751
-0.05377148819609141
-0.17039342930036983
0.03178233895356836
-0.1530977377283339
-0.5545409956637181
-0.37674522248263176
-0.0009876517524873762
-0.03235230800986757
0.022994815620395587
-0.07945976836498543
-0.09504971176191532
0.0071815172417130394
-0.01721846926034772
