-2.4539835339692146
-2.4551425345975892
0.0024219519817623098
-0.015855148542709634
0.17624315996660073
-0.013087274034385026
0.19432098476416318
0.09675167635604824
0.06798467136546658
0.01252291578177115
0.07614864405070403
0.09049582176266609
0.02785719149371432
0.04603129157755937
-0.025422177048957665
0.0021493895827350415
0.047701966514478285
0.08147233174703186
-0.004411510071067286
0.02839311603188021
-0.03725292456730894
0.018680937373979127
0.010119960232589459
-0.010892644596855315
0.011644882321447588
0.03608874851761677
0.06782340231244122
-0.03523775646422291
-0.01724767129283839
-0.03566873068945198
-0.004871590274505459
-0.013564693393633854
-0.0031899776852010887
-0.011970685447299262
-0.008669764446845028
-0.005009316648869753
0.0025318939000924445
0.022085352642233876
0.024626525866497214
-0.022287631800406424
-0.006821439180094979
-0.007598414607136464
0.003913277555731788
-0.0006321017166058115
-0.0012886688765789361
-0.015299426683579661
-0.0038471276580271697
-0.001694709798719683
-0.004316210245435265
0.0036288794406137896
0.00590722791082926
0.019487677383997815
0.017968256703360976
-0.007828288490845393
0.004670369814128907
-0.01045293355459126
0.0007866196598558244
-0.003826817377750875
-0.011593444776319474
-0.0034269768401374292
-0.005067819037240989
-0.0002861156299521783
-0.006056035986542738
-0.0005011394992800736
0.003828683701486341
0.015164327856264464
0.009609525431502355
0.0037958879892477306
0.005518150166098226
-0.0009618162462708822
-0.0043279044034411586
-0.0036871416920920487
-0.006524122460301217
-0.0018421701405738687
-0.0034864546186902127
-0.0021010524485812385
-0.00026910377825689185
-0.0003792369140986412
0.014745278723547606
0.014333514789541254
0.0019305070931177014
0.0022993086542171964
0.002328750553038966
-0.0016483434927450666
-0.001917768811177801
-0.0002986803987705332
-2.210174933132908e-6
0.0008624958323668919
0.0018641630375510138
-0.0019381878442157297
-0.0012819994479227356
-0.00048157087925443604
4.154494535363923e-5
-0.005183519000059305
0.09252359751173231
0.028678137023203463
-0.05310537278275524
-0.21549867132523282
-0.052124985326827
-0.019245229190773604
0.04343660379440645
-0.13228719081252893
-0.020809113004021065
-0.013200159484319796
-0.08773044518943855
-0.049031059366055965
0.036454847798702936
-0.1424157570769455
-0.04589689532589419
0.012479330140845082
-0.1676279250222968
-0.10193373572045684
-0.05004351781772431
-0.05570995490014876
-0.038585048707544964
0.008010464578138135
-0.055642845100999885
-0.005643887680358134
0.029862087338161977
-0.09651834055413157
-0.02218487027783888
-0.07652878013548524
-0.04667026102645858
-0.0391132270878005
-0.04442095693000133
-0.021479340351081615
-0.0007615867136728517
-0.0014858408510960558
0.0003296187133274088
0.018626023629778367
0.04786975537472255
-0.025487156393748177
0.0022239169605160138
-0.04112426094757632
-0.010732694967793882
0.01247268177199412
-0.021901396603003942
-0.019971110289733265
-0.00485747694845536
0.006714875531607302
0.004322591857419663
-0.008642424734182879
0.04037208115531511
0.022068542116468592
0.036612804181890675
0.0273090362120858
0.01856836066887881
-0.004716739468384162
0.007093179662057064
0.018605193686675344
-0.0029767149600993673
0.008979376484646707
0.01541539443017449
0.015884075989559293
0.0011572701625131398
-0.009736523773467218
0.045350869655314145
0.012922468643985826
0.01439993048637481
0.03790069861600951
0.002233412553107534
0.007348238891184429
0.017462097599474504
0.014072084899792342
0.005273813150129678
0.016643319796950575
0.004653535912618348
0.007111351948801446
-0.0029176341252549515
0.019350346011494556
0.009519189030012544
0.01605845673828598
0.0005939161972966798
0.00707949985418784
0.0028693705689669473
0.001404284967165709
-0.0002044922847713291
0.0004152325737632292
-0.002625090381018304
0.0019737861170190944
-0.003773943457877497
-0.01011706821791795
0.0005253885827293
0.0035827769789790473
