-4.975372234753645
-4.973750882670447
0.002767409842956789
0.1195856301545751
0.4559486761912568
-0.0015055378017960368
0.13011687285347873
-0.061595367682814664
-0.030138049830045695
-0.011557346034955156
0.002027328417023113
0.03189030344896441
0.03792629946928385
0.000242362937607957
-0.039934134564282006
0.010677283376719767
0.05507115841963665
0.43187733137152473
0.3422439504819594
0.45069353531205847
0.5502924380973621
0.23592444550697575
0.08042431629460363
0.03330338360419258
-0.02016855593931705
0.49363098936720756
0.07452753329822343
0.04263387294470988
-0.10129739731153872
-0.006009483865656625
