0.007524049116944762
-0.014407191690426605
0.29606222507084834
-0.004052538243193749
0.20531224101530526
0.043373513713288
-0.007573047223319416
0.024278242578645325
0.15429671152306815
0.0641731873179724
0.02177133518994561
0.05142470040303955
-0.0253189804338571
-0.0094952456633078
0.10472740896434424
0.06354795607741245
0.028332899861910715
-0.0035620996502190036
-0.036523990210206
0.03772537361581658
0.03460110216903775
0.009258494127778003
0.019098519755687653
0.047569670536802444
0.05428373338247092
-0.023854093328728846
-0.0468029032002784
-0.02247162874370248
-0.025712102091594354
-0.022215449240405385
-0.029644334720416127
-0.01738573768327267
-0.004151708594958637
0.021762874170390027
0.012305655986484707
0.0073531083013791305
-0.013342904375227801
0.026768467193354323
0.008260454583635765
-0.022991061541430883
0.0011301844225469987
-0.012214194579334913
0.005019964196149029
-0.003920245527874926
-0.0012072816078192103
-0.0015339092762606714
0.003814637008590556
-0.03205084680000408
-0.008217654990296471
-0.009238783603754028
0.003544252101445346
-0.007479219551092816
0.008273484622053288
-0.01173958766722616
-0.002196790879599217
0.04058994261832623
0.03863696287006745
0.05426393709479426
-0.06670626784038704
-0.031131622860923004
0.003034966882214315
0.09159120199626994
-0.03936772255806721
0.09691496660996517
0.02311688786043035
0.12322751074331184
-0.009643350073002072
0.044690595814400734
-0.006945243186276519
-0.02798661153972021
-0.0287373202038236
0.08323676298052454
-0.057126039574930114
-0.03574652079780527
-0.07127795786015301
-0.04699263712514313
-0.027617708775982252
-0.041491661522250124
0.044414640294150015
0.043374093817727236
0.02119011115616357
-0.052366849690155405
0.05282164851557843
-0.0976245394449392
-0.021640466242601134
-0.08478351665816147
0.003733386591166771
-0.007373727303671958
-0.014530366671007669
0.04370579638865613
0.02056381917991335
-0.007890015428161229
-0.06225112870671845
-0.006802599693890053
-0.062350390920279344
-0.03438809417801854
-0.005401198908785586
-0.009976909761703392
0.027130229311754406
0.03564911683140001
-0.013333379177736426
-0.0073096826550554
0.005094158047769415
-0.01327733650497939
0.014573376499220537
-0.007538042496214843
0.013136481359810737
-0.012339673525596603
0.0026330151426319963
0.011173491307521674
