-91.53956577532216
-42.79584855959373
-150.4671262076337
-1.0062909819950612
-149.8831329656308
-1.1184344048781674
-79.0084633569222
-6.310598081753975
-89.46164083364228
-43.03875000796447
30.493432540874178
-18.337997076014577
9.716493644093584
-3.6970264228492575
0.11951975560570696
-1.905013279053745
-150.46766754894955
-1.0463605616617777
1.5022645515698354
6.448724880351573
-9.312053207632852
-2.912467062111591
-1.9648329456912903
0.3276969085310089
6350.937404435493
-959.7511634805354
-33.663771851160405
245.76798246052348
-312.2544780104405
286.2372352621803
-153.28086614674754
-1034.2306020056772
-384.0751566558652
175.45911477821423
-38.826760910149275
50.53658203331701
-215.16692961900344
-91.88189004922091
2.634964655595749e6
839244.94711674
743938.3052030709
127576.48356414033
-591977.2490616324
23640.32933792988
-53084.444053695086
1169.5449557029433
-356.8380933737424
518.8232031390639
109.86842468490109
-11.735559645893323
-18.57311142599871
28.00362620409843
-21.67680295605557
272.7110619579188
75.1908844135857
-42.046393796252495
12.584116028854705
0.3530432096893912
-7.061039290227882
-316328.0497116753
-72445.3629787565
-378909.938674941
22588.340165731148
-11130.017576877244
7.278619691061745
-5.302100290134134
4.067782907273312
-106.49713944880527
-23.681070712402978
14.165926623134084
-0.6132764226453405
-10.317203918337322
-142648.79786580428
6993.996315027918
6.147600609722166
86.67335072170279
5.4834067136815365
-2.89746798795842
-5.080556546408314
-24741.20609592017
-61.00817551994132
2.2027013906799406
-2.592763844115761
34.95410565375022
-3.0500658541814345
25.24742255093767
-1901.8944972647278
161.8010051903665
109.90207886768496
-140.80362817607275
77.03260026295465
258.5734252094479
65.32421737492415
113528.65873015825
89262.0930473562
15609.862751438543
572.9431350908987
-93.68580548109168
27.223289752948798
-33.08968484579245
15.279741991093404
1.4804177184553684
23.9417257922287
6481.968608999101
2085.133902304532
4.37667067217666
6.693702508116475
3.571846139086131
-3.1942770165812338
-47079.87620680644
17187.576017528154
-5797.417775281699
2795.866531216495
-343.7583055745908
-2952.7029772865167
-16860.1820535546
189.63859193289767
-415.35995576607263
-274.8357055137321
2656.788363041282
-2819.65212049746
3.781523695765264e6
1.424997041557095e7
1.2021712793548235e6
-6.5153493501774415e7
-8.058042085258787e6
191250.92298703993
-2403.060656638224
720.3898731637057
12.640270433601408
-469.7059193407548
5350.222249206055
-234.05475511246593
266.4012624899516
-321.05432824625666
145.56308384124526
57842.07852432918
-1.5618394540933052e7
-1.2973232491461474e6
65.04694734285297
-290.17985764100956
-1914.6430800369637
205.16500272678667
-241.43506728724998
377.46948273534076
-1.1419068130720782e6
654.8226697178909
-111.18089789186561
212.8891801849728
414.2860095092528
-22.611903283105693
-2004.503392106316
-4183.471129802621
275.5264768900465
1335.005760210505
-1996.6668930945964
1775.5907678076476
3428.127610506097
-1.726364462665286e6
313485.0495753632
-44780.33990962302
317.86492587599685
-189.1831903977865
48.919605555678466
-60.65033416370537
28817.685990927246
-119.35285025224252
264.2107124880261
-9.01087404810656e6
-1.449802831951789e6
-1.1852870683985598e7
980312.2863045661
65852.39324832958
477687.70219734055
-2.3745541470826035e6
-445573.9886029957
-7.776870353588867e6
144114.01087840667
251140.6915250925
80671.99743542768
3.8042532009121873e6
444269.7037749664
-31035.793137015407
1.1498249543927985e6
20880.939852242514
55838.95586974248
66.72707565545628
68.17549424447193
-109.07648492385954
-595.6835946298296
-37.36351022564956
-16.565659517307402
71.82588588661596
-468107.68501501967
-93.00824145647861
136.24734090096584
34.69334980803787
19.154452674315685
72.14930008923574
-32.20768041524868
-267.8061683310907
1553.402129964802
-67.3225322477891
-204.18193054591103
327.0922117331069
-132.07847555527002
-580967.0968683913
56080.007760091976
-60.14969070932266
38.668415528993926
6.244131561712881
23.42203140452234
-602470.7466863036
252333.31516507096
75810.29225082067
151497.01236350095
77.11984685922491
-24.332088721122993
-129.0174846803579
-791.8670932080059
75.99587480104594
35.329672411232686
-53.987606290788236
-98389.75700321404
12.378046476261623
-4.988467068140378
-113276.45513089615
555.3653225414848
-83.08803100140338
14.75385914119723
-0.5030448577100185
-279.12602006326046
45.37256388704112
-42.54742915854158
9381.45800498997
-665.9715545246673
-693.263256919672
620.7968413777817
-436.90150889033976
-225.25405433100383
-309986.9584436485
-105495.65045169006
-14315.091672910401
-83.09584516808859
147.10411671673592
-42.501135523273035
-135.17680107164452
6437.915290618068
-9.90258865581308
-72.6198218546272
-76122.93208563418
-1634.6703448119476
-27080.734616680827
7.98889078942326
-4.573324756847328
-2.060510077436517
0.9560581912519708
-148.28398700507176
-1.0524471829486148
1.6024189276060399
6.409599355874157
-9.271289689647764
-2.8628611802122923
-1.942152140741339
0.17719632729176946
-90.66231564008015
-4.186458981428237
5.5059565516629165
-2.1450306765908014
-0.3253550588395354
1.408944660982691
-0.7863449437129766
-3.365916958583552
-388.2828251006976
-152.2182180640254
69.01255928474369
24.762375650630556
-55.616924445336196
-29.060478787723042
-50.64062012029088
2284.339296617952
-441.26456403376613
123.28248849736572
-13.65663998058704
-21.951971046083916
27.663847989885664
0.631092675472116
-67386.60351926887
-56359.28422893418
-2446.8571969527416
-330.73692729622127
618873.6520622515
139267.54011333064
-50339.393022287935
-20322.451803930344
-120.82644309043064
28.957298131410546
60.483629779977775
-30.460147696743928
-1.026400548320029
8.546571575983643
36.16750134272757
-685.1432073338674
127.60524667173473
-35.9563737079658
7.611850173458573
3.906582772036262
-7.709478175490716
-5733.432646635603
-512.536257053366
133371.24882156472
88829.50579188624
16033.08920875266
5.712422342942867
2.3487159904605797
2.5172059907117412
86.23561186237106
-24.641260800836257
6.5437603951252346
1.593081269068035
-5.859043048985952
-67450.25641208967
-9563.292405402677
-0.29103903846084944
131.79142699101263
-15.27624696818305
5.5327783857150985
-6.914128389242109
-869.0637165103406
-96.99166154451216
5.908883810635851
-4.248245603552528
-151.5018561300354
40.83588154228891
43.638462624867344
13558.533672463549
-1693.4041886659384
-273.5811202255448
541.3950595594779
-491.66888358298155
314.0970279923993
-39.586440352546965
1.0191948913032336e6
1.1755514270164645e6
1.1337346281015682e6
235088.34569977803
29.31077528571661
80.73385850443584
39.74825989018153
-49.76696972084814
26.586251943423616
12.815981898981352
-278327.11818786734
-73150.74526901678
-2.520362632332396
-10.962365020866574
22.190750681248623
16.820996673841595
-3374.5373648009
-30.478073117774635
-70.12651192473149
360.1918820757429
-360.7477376641139
-391.2467823443767
-21431.356149506504
2958.7122167815933
-683.3432957892005
299.74462404033267
-118.63712645550886
-49.59104227386946
-535345.597561098
-195323.20068949513
-4594.702327759185
-6.552203110732323e6
-1.447757119971259e6
-95856.15243409494
261.93931294199496
-107.61917491802981
-75.53231813935555
95.66046785024055
1165.634237637754
107.03330694624722
-81.58737430791166
17.47329500297663
4.7207743349196445
-2586.878748359271
-476641.6926130873
-97282.35845327437
0.7909954243676777
61.77883969489475
305.89012083106
-175.6796074490069
67.33679749713087
1.0943882856747054
28565.102518847518
156.95253234541838
52.47645228841291
-18.31421713823453
16.84413743092679
-108.73318812317729
1222.2489174994269
-4334.646340344832
7339.237924526098
-4212.758627276306
2789.0660812410574
-1171.9843434435315
-790.3415808194475
5.416872903343613e6
2.1176755662285285e6
-272331.5615515013
-759.7261919379372
99.38882172269099
158.80673425100278
-411.7560741914117
222140.70093902652
210.62201811042448
-362.12729040280976
-132407.86800432077
-3552.8628761138066
6.338995025905724e6
1.0837506750976567e6
23928.75709682607
-40039.596116010594
-842055.0219439786
-109339.19551826241
2.6410859685242055e6
331163.4356872804
-29748.49028180423
-38233.738129551006
-8.207771536373928e7
-1.9781319591288887e7
-1.6960631901909204e6
-6.980997187038288e6
164502.09638251128
-1.1358994996790483e6
-62.84973178913794
32.97456046259964
8.796441767370338
414.1992632166378
-120.22283241722113
42.40475674974501
-13.718392731284707
-33311.36238034271
-4.205124723168596
-114.19089685180636
49.756671338379526
-17.980848218210397
-167.29747771613037
9.887952130245695
98.11505689792381
-3176.6886439107593
-460.050373540505
749.8176948089668
-594.3601607908894
369.5142541977
1.0344002610262866e6
211517.63223772732
69.81280309387263
-9.789544903842513
-20.529066021225912
-47.13902811936795
109661.9421994409
-3.911271888593251e6
-494382.65726383106
-528513.4011282023
-64.32041395257436
3.815683222195694
165.94354363160667
1692.698884003158
-1.2815232977234732
-342.05610187933405
340.26171015606855
29602.600155914588
1.7748081054129878
2.347770513642677
257348.96646354062
-2843.52621667536
381.7776018748932
125.21369467437286
-47.58363584783423
4591.796946717355
-967.2254965803862
4840.335866346723
135290.85854404556
-9864.665317436342
-8394.431335619858
7551.9751070464545
-3131.0614826185756
-3723.2047077925054
8.761859518230486e7
5.052043227998534e7
1.7978676641212214e7
-1699.4200986074964
2108.7511444980623
-846.3529889439986
-639.5156114078052
-3.934133016309096e6
-256.7608805094662
-377.00309845766577
-2.1251230769614767e7
-580572.354853211
-4.465574875239969e6
316.63348164162113
-141.975591586426
-100.224598046018
-83.24295948477904
