-147.62240798811695
-3.8747014260742243
36.92246482385386
-94.09586304946382
36.021973812379045
-93.99409536018898
245.81837615351398
-6.692525725692536
-147.65274871286732
-3.399318112291102
19.03274111547776
-16.85412416436518
10.65396459374125
1.0288311518501307
37.87141574290053
-94.18890758238722
-47.58626103124665
89.1308256425891
56.53631480615156
12.59594475097796
26308.18515674306
-2808.1035234051956
-352.91764753963395
721.6989041765652
-922.6021982270861
-3105.3962097359117
-2570.0616710688605
-214.3376874190771
-147.7897057280649
518.8337463188882
-2.0946568044981724e6
-1.1759849474197675e6
61904.16324892112
-1.2440778265998368e6
-4738.155056930528
1360.2980451420692
168.97682627000242
32.5201722551031
-35.67381248130101
107.0991676906441
448.0741198706605
177.22443519610061
-172.06824725452492
-106526.88522315313
-381456.8572321646
-2758.29250588086
19.261991613188684
212.96043637948776
-107.56262644286893
-115.27100545564
-48583.57614566981
-113.55843844615714
20.167262689021182
-48.672852534051785
-4732.21550608387
-654.3395491549921
-99.54211246808114
578.4923494142917
73.96329510491255
-25547.168938230003
-13601.570246164518
-783.860893303144
154.70482835195068
42.83662343791692
59.45070580705164
-643.0549214481864
20.086398520320532
-591686.3560185839
108400.65152155866
-2426.205951322222
-19783.99152885238
-447877.02303882735
-14632.66191068192
21850.26944354404
-2642.4546319170804
1.857963943751579e7
4.75295497647413e6
4.606211516490915e6
-287778.5305025138
-4769.125786904292
-11855.93548682835
53518.50654054591
1164.2903968182572
2449.540579838963
446875.0504614028
614.597854161927
-137.56045532667517
-5211.663751274728
-94516.45937135178
-37617.71991382177
7706.4747863682
10512.041012059348
117434.47097947047
5775.43994299297
2788.7047730690315
2230.663203876379
124723.20198504273
-2.7422510214122953e6
37700.431700864814
628371.6076348517
-775168.0153419828
239905.18589265487
37116.382337233226
-108133.4946508536
-1810.1988154746555
211.36416565008
-550.5810952251104
-4499.442463070175
10951.690397980103
6169.001795097184
30.342634905674707
17148.96194033859
-184.63029254505074
97601.17067072242
-2791.869458545984
-1508.843097622282
2381.562592727577
-16095.95099904672
-5668.238397636232
330.81512524049384
-298.6083029795658
16958.054480059567
14094.226452037077
1372.3091839157235
167.21893865302772
-7466.202260432587
93.26912951749922
34.3518535359057
-93.79651334149767
-47.36675341074653
89.1036021145554
56.5997712481504
12.67224639545566
246.19629506347925
-10.155627628617617
-12.399398439928163
5.922096364305386
-2.0546229519746557
-1.320626684704979
-3778.50664375412
-461.482188306837
-107.87615261902391
365.41444379088375
49.036218946324475
120.19173000204138
-761.1385951254205
509.28287655203076
-193.38535991362843
-22.54738914648336
30192.722304358264
18013.350549072034
605.5234695121947
361624.1679349001
115736.76172451874
15289.9965499632
162.3362696698178
-1.6622801232166313
71.0433277522253
-1159.0243368040228
293.6129544184351
-98.7097493291748
24.21315562984966
1055.682646891384
5325.0814952380515
2182.562937158162
16.8138239975928
-897.83968105767
205.35324706946867
-96.42643192617697
-1061.6065746289041
-407.5472126492947
-35.931232905885935
179.05786338706338
16592.86745916156
-1068.9998791692867
-331.1971044668772
275.62840939773025
-28.173898587526573
-850720.0725860875
-508866.42298988084
140437.78954143287
-62.890865466620234
155.4914621904193
-52.25641553052473
-92596.53658062503
-42.12126173172835
-251.06113851104965
-4327.974814531998
-257.3099900860729
-393.15578074035847
-71386.59370470492
4878.321685302962
-1158.7484760867692
2870.4882580328485
-25626.229011919346
-7313.733940586467
725433.1611341478
124637.26365932402
562.9785508955963
447.4879053262004
-20986.8858609089
4774.067227993791
-1274.764996944636
2780.971363329016
5952.995561878991
-767.1551441245173
11422.31082187156
-246618.64716574055
12602.952113912952
2504.1537132326994
313.30302412699524
-194328.4257431858
-136897.21633072203
3875.7337464955167
-3679.4843027521356
-2552.19991362224
-409785.1863049066
-35834.839645225875
10454.043423421412
-74556.69120155061
-946130.2212580659
-329617.66839228116
203303.3993852063
129.21059880807792
921.709480625131
-266.17737655792195
1564.4010545872188
27388.385202783113
-6042.679086529375
1589.7501805318493
71951.06503433817
-1.0447276571569093
-52299.49775661323
13358.722123146857
125.818325398211
-14027.08041778733
-414868.80940415495
71207.97384900053
5522.588612371905
-23767.172164561136
1.4572146557350336e7
6.1737012969708415e6
-6136.8816412644255
-6269.849208025651
-1.6207307344034635e6
-256.7375492033951
