-324.81236474174204
14.609437051932849
9.955779393579483
-10.159754211448139
6.505479682761625
-3.0854752459187655
0.09384625072167037
1.5437609784401198
-117.14021973094147
17.693505006032392
-5.256950316282205
1.775848719037139
-0.33514065860102127
0.10627945075195169
-0.8327680561686762
-0.8531624357197682
-117.17276313348778
17.634782286425136
-5.233278616897326
1.7128909155843624
-0.3827023326096685
0.1074879207549031
-0.8208823853554048
-0.8702649120950465
21.97323636564887
-7.3344663824527565
3.392730310956237
-2.3066930801884484
1.062492685242553
-0.4872493968863085
0.32227025601346426
-0.21957612386164854
-329.09030222241296
14.505943381190493
9.771843093205801
-10.115833869771924
6.5353471565629535
-3.112847752837014
0.07279566886831745
1.5528779088674909
1.5746672465323241
-117.68589276977718
17.750439717782886
-5.2470002345357045
1.751010766093097
-0.37451430733540875
0.10019448550746227
-0.853567423026373
-0.8699499415295803
-1.3081575260201086
1134.887881717561
-376.4914235895045
116.87083115316044
15.464048741675528
-64.40972107555699
98.42400635454001
-108.73839663213877
39.30298214558251
2597.370077818249
-2.806371909616096
-189.48824227560863
149.63649301603786
-31.853021671573476
-185.21872572188133
171.5916075987533
23.964118850414675
684393.9818580947
371233.2979306686
-191184.77670336256
22057.37000784106
18410.966534718536
-443261.9091270991
308953.60023372644
345288.36329921125
92946.43195090185
-6405.500526627713
-143793.6545902059
-35112.76946930147
-489.20007283510574
-159694.45780969493
990.49445741351
-1406.1286125292293
64.09638916762947
-33.471506636665275
5.877779525526395
8.344780968168521
-15.050952809605208
16.5447160930401
-497.0165931808737
25.35791384046819
21.238017243224526
-13.01848082054675
-5.468845155500621
28.030931110669144
59.89743029721554
45997.591636010584
-50802.31569769566
-16000.432519395134
-65706.04821327422
44444.89061345371
94741.61296713991
24097.792434504736
326.741938128802
-50313.35651424428
2096.7537086670227
6.601469585984922
-3.11576899028153
-1.598662999674329
4.341799513859556
161.46885486460886
-12.578519538400357
-2.3811047904738802
0.8867570389442878
4.2216026590261695
-2.881375696844636
1376.7967611091115
19277.82924812114
-35965.10217352666
5573.096811248384
-8811.29553581835
0.749164642127527
0.9179736574783274
-57.47843065552269
5.315099201298634
-0.6201797356314476
0.8065916398692601
-1.1883761317003416
25266.845854325726
-13616.683689717745
14.156512611740338
-1.3299078067230024
0.2136002422857928
-0.10984785373775793
13719.20929684575
5.877777914775766
-1.222825712589559
0.31539889961022194
-8.262678534909394
1.0597118501029903
-14.277523723999499
-1126.4560186373274
197.80565147393364
31.85910971113129
-118.64958775931495
177.57236974670377
-105.24228968018936
-454.1110183845213
-76.49491259322235
-176100.05113547895
-258984.61788202878
-52158.18861036529
11106.191909843401
3108.051296767391
874.5846281616324
596.2780034692084
659.7008743725696
-3.8284683335128356
-17.51119878094254
22.899686796596832
-20.943216636087897
3.4490680121027624
-34.54312052965771
-54930.68407116945
-39277.96143686684
-2383.456338321652
-217.41359768736788
6.480503365483641
-3.3315580689906152
-3.0028135888720957
-5.892201567838678
-2245.7157717932514
-3.6426397754000517
5.516826913903134
-98423.1902515822
18883.98866335706
-2251.787439329341
-591.2395260050351
1078.7522079666717
-1127.7092925676395
1941.1897828700924
16396.26026204014
-363.5062767590197
-360.37855344171584
-770.2174237705801
2237.463927587729
-2302.857915960286
798.1064048420386
-1.385169565602756e6
6.1115106796814585e6
-1.286644009280141e6
-579227.4233355189
1.1637880457880685e7
1.673315674132444e7
9.492741100614104e6
150428.20378892552
823163.6158008873
275288.5465416964
230428.006372506
97378.02145047409
-2683.263868276459
271.4428601572301
103.76663930830254
-190.585574598649
197.50505985364367
-6413.433645782976
-98.57772352626307
217.59298859885865
-2.9054251391701578
-326.9008029651764
-216.4538812403182
1.1550876315614458e6
46406.91047799111
-879313.4156531781
762426.451716941
1.9233960409840846e6
-29375.242241134154
4.534225631112564
-32.296222983856495
14.881657880729888
2294.6670936891383
-12.524404973680532
-136.76105887196002
84.49474911605532
-64.3311589180505
-980709.6684007407
-1.1571673051224973e6
-2.444713313778392
-966.9444531441168
-33.07134525204324
120.89572627122219
-111.06580432246997
302472.3427025682
632.9078996032385
50.84194123874542
-102.54416152990918
-601.7881738546275
-3.4673012829468877
1080.7432059403732
612.5507595330588
1207.926742070061
26.649234617087018
-1227.1669103477257
2288.552142268872
-1141.9646540499857
-2441.163923749382
3.631331732470083e6
1.405436537305347e6
2.0684794313916913e6
197390.2678102039
78355.14654914454
49666.290708062
-252.41764851595948
64.1839951642671
60.24093508367749
-127.2814328628828
210.0665954155557
-664356.7921891599
-155738.5698736935
-61.46668685782424
133.60122868569502
-133.9753510525358
-140.81355961810615
-1.607438798319576e6
-3.1897650558641534e6
-231354.21029319143
1.4965507109700874e6
-59025.92061201204
-3.97054738866157e6
-233130.46567277296
968051.0162663681
-26539.373943115344
250223.90145003493
-26844.051219583638
-104122.73517599527
-577077.4383848964
-9490.01116371136
-789540.9763745939
437969.54428814433
-3.9837093994761216e6
-2.3852183872695826e6
-346072.6559714495
471428.3998349226
8664.385886956978
-35726.45316419123
-204634.81780196013
120424.5583739702
-134656.14740312018
1.4091824882891653e6
229989.08221235618
943455.9462217954
-166268.85254761722
51100.81544065037
20299.353268623792
-1.047623071447817e7
-981201.533856049
-130334.60338058202
-232692.93507641784
-140344.34718860636
-3.7982212071253005e6
27286.917287190186
-1.2787986828759876e6
-354535.9526544928
5088.430402212814
-328474.8875852833
-88598.65826496066
92165.39399455578
-43676.63546748721
418698.81713696284
-87005.84637322473
-1284.6987573769
29632.010428845955
200289.4813511369
-156128.62309917927
-13928.478404564798
-94622.1321617747
6798.542680200102
6080.409437834533
111.76849233277309
17.643899664957004
-17.822743666041525
11.218360347145484
906.8750717858387
-11.986455977539112
-39.18778361275245
12.177031679106179
9.817409993779185
-144606.30950387157
232859.95891618592
-244411.7754764309
-12.414878382956903
2.2566205332533005
-354.6022383708827
-24.68410399520952
38.48260374060209
-25.86350611776178
364411.5390899262
121.46387841273773
20.022723745953822
-24.04707511385229
-60.91313556373879
-18.42016965749663
63.591180556260944
-140.05201846579664
-217.44087775865924
-16.52733849236862
217.47250443318507
-337.40812627516976
-131.25760424310855
-180550.55555867098
-117088.96631916186
221438.6259656742
-14415.037044316252
33.95612183439945
-8.156617280242914
-10.24838740092437
6.031875920901174
-1813.023442976197
10.696901952492748
-25.948016419934692
354066.24255927565
-19823.221781998473
494.69926702355906
294369.7847411629
1.6932698407882936e6
638336.5416345985
387108.16049372184
-54415.64743948965
764139.9903272078
181812.9343481563
-57310.27602302024
-23821.008747910222
-21702.9979762346
2.4452329377756574
54.02200594173735
12.96254084228096
-11.6337358538235
-12.79808100084299
-15.190380666812525
-10.364490338612276
-5.019703098888295
54.254632491035686
-4.446500058582926
-56.392694581761496
62.88816074603056
-100014.23420936262
-187559.62525413683
-11.906763293480006
2.551332473584503
-0.6002656665668201
-4.524828830219847
-866354.3457911054
-198059.33061472498
-46298.171468590124
-9.647334089496365
35.62619973293622
-42.17618960623044
11.00775726863202
8.325539036036647
64068.70516010008
7.442606796136417
-3.2983476477676748
55826.67568099278
-60.41643321493091
31.405740563141798
-12.499483155262341
-5.700023704126912
59.12365710347838
-27.270286539881617
-3.883547278023352
5377.288264248902
-355.3870818781108
-419.8677061783633
473.99592061256027
-516.5108327252187
878.8328090220817
882.82324629605
-2.908145110199471e6
-1.6881378265373243e6
-332126.50634730875
424.224673384015
-50436.33421681543
-8566.200425050667
-29.605902522110163
66.75943826641864
-54.222896586769664
67.07265336858217
-59.36519029196204
-142430.8234725641
-55436.664883086145
-3.918893223173094
-11.64665780246059
26.464775819046345
21.335811711174852
-5519.024191695364
-408170.51223239227
-2481.795792187182
-127420.9100202595
-20223.996156796275
2184.6805390704517
84295.09342080829
-35717.74729454032
7140.789737353182
-6148.967992200359
-1.4317439773867502
4.5466836838851545
-3.22389116820836
-4.729881159871545
21576.903181484446
-7.132493084405469
3.541544755462966
1.5501114610812852
-117.52551752279057
17.56932906189567
-5.247812814624147
1.7104516343555054
-0.3545130026787643
0.12659562668018678
-0.7343376765354035
-0.7561723522536825
-1.2337134293560588
11.385218959139563
-6.045035764261156
3.599943863028905
-2.2662421169576574
1.0645414914455678
-0.507360379893318
0.3171660217083096
-0.20041501084228333
0.9661945234445006
280.82800285529777
-47.07528411475732
18.27328085533588
-16.613542953244227
30.841759675620715
-30.67021438583259
-75.62951273519253
-49.1648296434371
5297.798543565815
-786.4562718379807
182.27062091685465
-39.170928189154395
-7.325716412835224
20.56743884248146
-27.66380573430022
28.38347121090012
-244562.5882714137
-177797.58361771904
-6962.629471112013
13246.476470137113
2819.5966949228537
1.5740985542010358e6
83207.43040233143
-55130.88879529806
-27258.54748127105
-642.5259331935218
11065.67096506048
6312.505708651887
340.7632406083756
-45046.34202922787
-12361.277640038903
-2579.7929440760254
11.40921432251809
-8.37531505410584
5.9136714111209425
-3.59597572089142
-2.054292292057908
-6.44290847878316
-303.30121220181303
32.64765607050699
-4.2484232241171265
-0.2504420052122305
0.09110715357808746
1.3443590981479057
-4.078470596616179
-20975.19218320355
-10500.973529092238
-251.42691227192088
153362.16082616706
-44549.537991539895
-169.26745998657873
-3665.4613310714576
336.37203906541106
-2670.738609678375
531.5999788583806
3.0292508100466478
-1.8374867035923754
-1.013010081784311
-2.2798117381695358
-243.76447513947474
43.34480051057045
-9.96385549767647
1.6547653071985937
1.714362378502709
-4.451775169349006
-617.7586910203381
166004.06695236926
48253.2072214866
14031.757048108004
55.73748706572815
-0.5892275944086354
-0.20100502852627786
264.7287888516656
-40.63834838931742
8.40634697424829
0.338491120262811
-3.479458032213813
-36985.57969475841
-8641.587400211394
-148.94007018239762
17.806211634087887
-1.6499953931016627
-1.9185596450367994
-2819.111194872427
-168.83762684820093
13.894373686857625
5.081835756431652
482.52901568578073
83.88831989857374
-99.52982367517849
11645.129611381635
-1817.9901777907844
83.1399559716039
184.6416852953472
-235.10722270901633
208.15144911660667
-139.86334569192587
1.0413574578078253
1.2171799808112585e6
644960.9925252999
-194096.40005098496
-126660.73767367566
-20243.37456482718
567125.3917436469
225793.8575870539
21554.146274138977
116.88698696738653
2.6458712947367853
-28.804122266678103
27.86881250055126
-17.17524589703207
0.7582914415083198
-315.5683363780481
-53145.06087428412
-11851.914524805767
1171.38502350647
-6.1208237638531
5.227515921121107
-1.4646658471806053
-4.407786277704148
-1772.2940325423642
1.5370343769833188
-5.683617063043582
1000.7157515281644
141.96913881392837
-189.62488241219233
96.34190281837913
16.94558850309468
-70.10880874566622
-39.34147720119256
6281.611656915139
-639.4594072526414
107.03410630119537
27.738971270960313
32.70377995361779
-42.953305659276154
109.43626363302445
-358703.504375704
159903.19195718705
173939.1422669116
44406.824214067514
-1.6247002627514102e7
1.6392723931750488e6
-127953.82027300764
-55049.393022339376
-22589.142373696934
-6478.642599182606
-46427.430136105504
-7616.684541595112
-55.90342028241964
33.09354007109754
-11.1847135985434
-1.0803530906690755
-1.941905415186894
-503.422700270283
-41.98001827030183
51.43024470772457
-27.011812228216225
-2.703207921294176
27.101987047240787
-22039.475205593266
-2375.4984773779224
-6.306297203401918e6
971042.2802954157
158083.90731453605
-15762.089674307308
-2.962862084792256
3.757022710047868
-5.572749712647118
-41.127862139236186
54.40842116948242
-31.794822596701135
11.51537563875767
6.718370267677976
-3.3377813970747953e6
-107090.71124784101
-4.405857467046507
-568.0744785703698
50.30162805082919
-1.0401544936182439
1.9191694562462664
-251281.2576770896
1379.709624919578
-129.03053730403073
1.8965200458646496
-1383.2096108229518
-155.62580054107835
-2703.4790227160292
57270.79353845011
-7856.49500714207
613.5407142153317
519.3769132726165
-718.0927264701057
508.37122231698095
-18.798903908596575
7.086437718485886e6
1.2603786026072379e6
346447.3746994841
193403.64498087415
193784.2650044707
119176.64172808117
740.359598338837
-63.83862979767637
-48.329580136804395
16.4016157303347
40.99253553077047
312631.1531544947
10125.0226866596
1.2413604210636262
-21.840429035703128
49.62189214508173
35.78613618401547
34374.697782094474
-587453.1756407534
3835.9349939389867
-24151.65996063613
-4832.623803595753
9.059390600165024e6
-81882.45254397366
-575277.9036269306
-23389.274569822097
-114199.97055314868
39357.16271522182
5449.973090181264
-110216.04370729874
-57269.833909900124
-243678.9767902581
-40023.20458393782
-1.7305660969597206e6
212364.5962572424
-22942.74511489481
7431.354477210351
4.6526144336496815e6
15397.87113012318
-752834.6445762629
-176885.26001267263
19725.20758280391
-263068.3130427976
-2891.600497140003
2.278824440329974e6
108091.98661363106
-128445.43729595242
229301.72931138627
-1.3708070260179928e7
-1.3824251186783062e6
2.1984931878719283e6
502486.9379748751
1.4301511329293405e6
2.5278885526152244e6
248951.83778637828
-611109.5559573838
268946.5051334239
20327.62233877752
104567.03151595824
-248130.8010174167
29274.794563688894
-1121.6283132011376
264471.18274278834
43814.86441119813
15206.992323419125
25233.568860109932
14752.009580324919
1.9095155379772543e6
-46816.382086077174
747548.7146505801
158751.24748723966
235221.01149769346
1.714071154813759
2.179256813600607
-1.1078668403040879
-4.746315672943
-100.0294536464158
36.334091683138695
-16.84396438069194
4.8088674595453575
3.119857164230598
-4269.3104765113585
-120439.3890840842
43781.6933597991
-2.4850809461082224
-1.6282386878706676
104.00593202037977
-27.395399814075084
9.884107080699021
-1.1835695491335165
-245319.85322015185
-33.27115582661455
12.164684248571728
-3.4487716068458707
-120.03079568145904
6.31300363724704
316.64728902349793
-6704.5236041779735
745.3142358856104
141.5469295824738
-266.5391318646923
198.90160766671727
-62.313123691622636
2.352124314269155e6
-1.0843849731256026e6
-77104.95021119033
-66185.54103054307
5.649529499277066
-53.98940593055173
25.901300144441155
-3.3454797243150454
-30906.808189655654
10.20861922097336
1.5877895041817258
-197079.7000397829
-32880.45355424862
188232.9666741404
-8051.794811255245
1.0027890332153018e6
1.1863613641471856e6
705592.0781656048
4376.970707870483
-1.0386744117720014e6
-758042.5669034455
26528.307571569858
232968.71373908868
42388.932144531376
0.07193661071546296
-79.04059653274552
14.8648716498695
-3.0889423827746887
86.39681282573312
-14.683951830586981
13.254899044534609
2322.291401492967
-103.81492074191644
-124.7427820152858
126.98666907757172
-48.95627819125244
933305.1534512086
-121548.73842149628
-34.816926244373654
32.37182498378311
-10.579211361325243
-3.304475400942761
1.495403220535216e6
-472208.3091470575
748535.0485467224
-36.88579441674569
-1737.189192014656
150.2597553506903
34.068426941686745
-33.070031920158364
197416.9841758351
-6.138702183560435
-3.799493930771977
8.326345260679162
2892.999558821515
-397.68653648774335
21.806500617410453
32.81988136183766
-2874.601945100639
-364.70648050261104
-2347.561361679522
-31479.0781808763
15662.240659996633
-6867.8169252459
3301.014258865992
-1674.1324981710068
-143.77427215653267
2828.584145130779
3.1891290559821703e7
9.857091729377918e6
-1.917811344859064e6
-1.9305388572429458e6
-8.566948157651685e6
-2.207379956470961e6
-3823.1173191151256
1755.4449753728586
-589.183113061999
-33.68076838198066
534.694475549098
233384.49033431782
160139.85350244778
-272.8325916569571
-8.996603720592395
233.5817874826621
130.85204174458437
-6.307543887534835e6
-5.840371563859419e6
-454306.6644955101
1.8685860383992165e6
-230351.47890668016
-1.068371521091292e6
-1.7072495269543647e6
452570.77690542553
638018.1260683398
-80431.933148318
356.141933879732
-147.0190079759357
8.841064764054847
64.54937220979944
-90433.13020134387
2.2293934600624614
54.38144779938816
13.199478994444952
