250.01097560480483
-198.34965615226167
135.15920463957903
-51.24485354103905
-43.38182959860784
327.02584146231806
-84.27699837945535
-280.9982481052987
-144.84881345876485
-30.23227559125401
-62173.28547825441
15021.815251198792
-2136.5410940030733
-1529.9095004540125
23860.70571201942
-3224.1270493971815
-8584.71226373686
-2725.487852652493
-755.3796989909764
-1262.8351655329946
-4589.954798181347
609.2909510039215
1636.7001138621852
1396.0426420229642
-201.07972513699403
-82.61060783277613
-78.87542640429979
-789.3631385791927
-2512.8876364085254
-706.8239049951292
386.2561046909192
-110.26974311137525
567225.8344453421
244960.81693505924
57386.626548911125
-609317.8662904864
-235356.56024862445
69079.91330429022
-18117.506619678
196422.96078864232
44928.29720998911
-36179.986557269156
-8149.707706498238
-53035.07994256185
-65496.934830126826
19808.476165274107
-11258.938358808213
10858.325028452526
5076.833751629957
-8761.630888869047
-12892.97277323394
-5314.013493130392
-8041.3492557110685
3929.422884580255
324.8592676223401
-85.64204783961637
-280.83206762036207
-144.96321271640088
-30.27863853466356
-1201.0473077072586
-75.32322394050082
111.95480400958168
-49.25537750151238
-26.51344369785573
-3402.3828375853604
-1252.4973353305093
-1285.852070028601
-403.2423485810368
1708.5113533903993
-3314.7649424926353
1693.1383433832157
-390.12610307407937
375.8797093347306
36.32936209646739
-4615.94385216207
876.6074286368639
-200.82134644873793
-7693.029658594503
1645.50720471981
-3314.755951444061
32609.60709684568
-15751.220493985891
5085.838031560788
-276.7484229794515
-1065.746911756216
2417.6179009544803
-9493.514862385533
-7867.146803547287
-7277.248986770629
-97552.52381311811
14708.431592055613
-9493.485664451637
2534.206978970055
-74118.85861831506
7546.142939509441
-61689.820403280275
-1.050955440132342e6
128754.02317828231
-11416.59128837389
-36566.92973281897
20377.205597249762
-395337.9403986998
95863.79238797561
-59374.3218644293
-2.6380547963866685e6
15344.223251512196
337395.81952861947
-24971.646352829917
