-1250.5074515438419
-26.594975425766307
-11.787993556145793
-159.30437252975247
11.876015119236058
-2.97568643920054
-2158.427806865057
-38.52633041749453
-22.29110274513969
-3995.045429115483
5166.889319691363
-730.0730507815132
1684.3955116082507
47.1332317118883
-135.8244431669151
-20.55988241249531
-51.13585030238183
13.274999897024346
28.766123040840707
-2.832263813873868
9.800670565642596
368.2417764574457
44.842542795943984
-311.9247481793819
-0.3377469628700827
-16.164283528678073
15.2777738052063
17.45684251793319
0.5924524890688452
0.4874753530464077
13.44238415666583
3.4931147392916473
7.853569230783783
25.140474485150133
632.433804591671
306.48346058512163
336.25128036650756
-9.913797285288013
-36.547768091026235
7.9708856363409195
38.7520032391654
1.868342311113615
-8.354125756119332
-0.5180709349350086
-12.934035191321108
-3.2471037760943995
389.2655602561906
167.12307640779193
211.46857651782662
17.03847918665245
9.154432796358812
-19.27736734861994
-60.43329666093236
1.3444211076276564
6.955255750338876
2.7136140553749772
15.35124346047715
732.2958625296652
435.7953519277394
-197.85632864220662
-218.09123308869562
-13.679374221262897
-19.885289928620068
-0.537827647351946
7.028197938897544
-2.571512167684957
-20.982116941159692
-6.238522228062875
-9.010060559198335
-5153.441905784497
-433.3588973382639
-2257.171986916533
403.15889693107044
75.0724985036557
-51.68871576586238
29.964462924106357
-43.13201223053524
-3.1728327919443933
-3.562375312805879
7.343293592183527
0.6299385314029663
0.0007776041785862753
-3.8353332527148143
-0.3440384128432815
-4.193177185811826
-60.45364382228662
-0.0008011133527938946
3.854105190402988
0.33881819696211357
4.196224025127802
60.67292528394446
0.010026115862501208
3.448397417154185
-0.10977491778685708
2.1458199773237365
49.93406162547484
0.015048109166056235
4.499989918671131
-0.07083400610686182
4.04747099100602
54.95531883485063
-0.052541729650474954
-5.182391682473676
-1.1389852035011692
-3.366593015342204
9.732069881226275
-0.05742847338427368
-4.981426178182205
-1.7821674443817028
-3.307848897140916
-33.975506361770485
0.05662008084478869
-0.8356720151994811
-1.7707142950560364
-8.56642820099392
-139.49719794714034
0.029832884680523485
0.2369975405711457
-0.5142077861239145
-7.347877192030502
-129.37105008447608
-0.04151741832747637
-2.5785860850080238
-1.361588008449032
-6.27218375400604
-157.03797924109375
-0.05759908742985651
-0.470922146066213
0.19036255479586178
-1.446315957200333
-36.64280928624786
-0.09090220834052648
-0.07053734581525203
-2.9119895330416523
-3.464048008565709
88.67087948278665
-0.09712231080636963
-1.9082224082572379
-2.8473362528056283
-4.2535185674483555
47.68297198514364
-0.037153568712130346
-3.013765118303371
-0.29310067107367094
0.5094637543243296
-6.152171751515316
0.08122865897541744
1.112490321510553
0.9596714056183617
-0.3462345814609521
-17.526723464234482
-0.07880781330047953
-0.1827981921978116
-0.9288761620583902
1.52696091687176
25.72143357697629
-0.020172190874349533
-3.737702836093134
0.8202243982337041
-0.351586783965533
-54.599926862584596
0.14075630731052133
2.9353592476616717
-2.3098202877183067
-4.120241501060186
-75.76392917453268
-0.022210662763761692
-2.651215530334696
1.6076007998629775
-0.645319291889263
-11.610669697991877
0.31393634181328633
4.949995510436397
1.1212292471517828
-0.6830606479419982
71.7052028345552
-0.3741999001439832
-5.582139131165458
-1.846815236530954
4.319933150174222
27.038183011611952
0.06962114453904211
3.653465101655581
-0.5500976077615631
-0.04703676853297503
233.12416527210144
-0.0284776908049034
-2.4604284222172748
-0.5074710091079103
1.7864462613048575
73.46648365964622
0.4314139542162818
4.613072731426004
-1.0731965002889814
-1.5718734977181708
51.03217962908928
0.13249837410219226
2.145242978273538
0.3919333751915024
1.1471619870140846
302.32985375699946
-0.350704670888471
0.5231877249312381
3.883009944051423
2.8351816150675484
149.71944398055777
0.17182141715747967
-8.061613307421645
-1.1068508625820241
-3.1414205303899134
-246.6474341847362
0.2782876259169089
5.127015036753832
-0.12088811964486523
1.66407187255403
223.78178381036687
