157.27254935802375
2.6428009929258605
-4.220221885117387
1.1146502774623743
-0.09730496671116307
-0.5695996400726241
2.9464360118541677
0.9568651363723171
-134.04377469018598
-6.928077545893616
-2.813549132114699
-1.6102368793280217
3.6865387562200707
-1.460450832599973
-0.7087836020789665
-0.7627644357216894
-273.23305180991554
-6.034975092187558
-5.02124322593516
1.2314907617257846
-0.517712432695924
-0.8303468607580078
1.2275583183123544
-0.8686967753521503
118015.66268379871
1.160300999502845e6
69591.89153493183
149260.2686791241
699015.191667811
-162718.3982849814
75.12650903750067
-704.4746553910785
43.378915118288624
-82.63315612009056
-175.80730299933828
115.5512759026829
-1.0434794189505934
35.2484358926884
-6.892007302844971
11.357718615124735
-42.55816207285796
-5.102825385457418
-5.61101433840657
-10.70277172452584
0.47985152356360294
-3.2929510912725855
0.08312803986429608
1.2579123845980216
0.18405621363251026
2.717100313410936
-0.5751633675483938
-4.185545399421155
0.7790774529292486
-2.2905809910903594
-0.08776931915745499
-2.3135511635189734
-0.271480772175371
-3.7901111013505577
-0.10424266501428965
-0.4159395464025486
0.7034886831469067
-1.2047282038830927
-0.35916168647092156
1.5350168925675052
1.067750717981529
1.2120117678733215
0.05618886628393979
0.1658514176240968
0.07051583877504218
-0.07126148807154548
-0.04650845882522474
-0.4592043905083251
13975.082739183965
74918.38905564201
62285.97612284608
62284.8138456168
28787.592002824334
10578.301870302723
-26.40904162399343
-100.26663194477511
-0.5601676501682266
-9.918822721049137
-1.2897681433800379
4.8176596580074325
0.8298472462790099
7.5720442814535405
-13.921866147380497
-9.470937257049332
-6.492874993766332
2.020889126932196
0.011353931157315391
1.5376130969768649
4.2707026896508005
3.312169292717602
0.1987252741037171
4.801487950021125
-0.1378342607223491
-1.2526017666321745
0.45406312587883596
1.8719736140381265
-1.025593463838133
-7.859784300287148
-0.27253322558148135
-0.42701316865906025
-0.16639635446449655
-1.0779460086029473
2.504275412528798
0.10655495433260825
-0.31592777962677626
-2.593847990493987
2.555085091053186
3.202123093527172
-0.49311859681681786
3.497882658960674
0.10697380078807056
-0.25401242423093257
0.12565582830855346
-0.3154055250945457
0.04996573870399307
-0.027320645561032673
16648.35676057612
54873.79945346831
-5292.169998323649
-32591.95579845397
-14280.904200112702
-8484.212216864813
-12.20075953075352
-89.7305622511909
33.78198872649099
27.56247640346574
10.379660323815108
6.744029839624312
-2.469615747988051
6.622439533216886
-7.250339063289169
-0.08445289303174636
-2.384110179160065
-0.8369759712835638
1.707051840795468
4.773824741240575
4.638904267809001
1.3815139970265053
-3.074580141999642
-1.0802522323350472
1.6340155220823618
-1.2043795138334825
-1.7108750412930824
0.40567984699038395
-2.0161338476284434
-0.9827077935405302
-1.1915941187114043
-1.4500304034949072
-0.06765839607446021
0.5931325768129391
0.3638515695085361
-0.3537165166502396
-0.037950458691343746
-0.983523802679746
-0.13071161655001362
1.2596867316046734
-0.2525575381880728
-0.5684337049454515
0.14854383590483014
-1.3545219721951471
0.057555863267309396
-0.2593757420695317
0.24305345989393476
0.20990884070578253
22254.18549853881
-11824.101186930258
-238.88215524739294
-22229.304527480297
-16247.348585434598
-5090.5031217242495
-0.5980673128211567
55.56803113376921
-9.207383790624528
4.31426674578322
47.93668079232951
18.109142592165902
-2.4293424911006065
-9.92726074998979
4.484912047114195
4.1926834506916055
-4.880429999794455
-4.194532698987973
1.3595391552978853
-0.3257644841776451
-2.270632437279886
-1.9925036788341859
4.809174184998858
1.636514602654606
2.3830355449204523
0.8033737226574668
-1.9671814202947646
-1.1894476676929566
-1.1732767146050957
0.9133993115499999
1.981368868118009
0.8369827291276534
-0.08203048785092083
-0.6605032913146135
-0.7075818878378085
0.37571860965698434
-0.7120202875620794
0.8391944267115002
0.12785230540028025
-1.5660856492414206
0.8733606544204527
0.18352194202684777
0.06391755190577235
1.4970575252936715
0.017063818526725498
0.45189596855047287
-0.2086416755206622
-0.12478469736458198
10856.718746292021
79309.52780453172
43675.86564196151
51486.95606339868
7405.591110066586
12718.424296193902
4.517451019863919
-95.37274321684303
-39.09866628744056
-59.95671387215414
-16.32942526589324
-30.554276461648605
-1.16400728266588
10.698476189411071
1.1694369363301738
3.7158686710594675
1.777973430388684
-0.5218911651172652
-0.2686970229396873
-1.1738709935334244
0.5488581643668313
-1.7987885943043609
-0.010726915336398496
-6.437850815410926
-0.4576414271014242
1.6117255632748482
2.483413745137117
-3.1945659920202445
1.9770298646561322
7.334387436568124
-0.29980484263591156
-0.5793639467234383
-0.2603002229532717
0.7557939487505712
-2.4685463659802
-0.4858270671296239
0.27735291804290296
2.1117074707389003
-2.726517657783309
-4.035512002716649
0.10605689923762922
-3.1846462881419457
0.010662159321434732
0.1860393283359876
0.024195017010597078
0.16080490722015853
0.05960992528627281
-0.15638345805762358
-18193.919874988
317182.5088017131
-28598.65686323063
-467096.8744173086
-203486.60303179087
-162516.34530474007
4.243628141347783
-131.33649578895927
-58.32275285153628
164.3513384785107
41.721058584702696
101.31589855625235
-3.2697425181496764
-25.432797212922267
12.076654545648267
20.259642168471334
18.259172893161256
-3.6812742457426553
1.2856153494761327
-0.016403024233095507
-2.0594193447006957
-0.6900880948049369
-0.4034799769229541
0.6810626524054484
-0.4417027123010736
1.349465525448791
-0.956375405808689
0.08474032701539842
-1.06682897426544
0.12787044942155937
-0.12163275938623846
1.3716286771308164
0.14914655005766295
2.6903180836779965
0.23944884263031158
-0.08090302363103125
-0.24202053006743093
1.020036775001391
0.08415417606605038
-0.9991138663582497
-0.0644951822149217
-0.33415334431112526
-0.08703713273346633
-0.23902178639360147
-0.19305916584623112
-0.08538341197476067
-0.09403194102822549
0.3348854826415222
7.413794654770996e-5
0.08395235884401715
-0.02406374605601539
0.005938190626413941
-0.0014777975354432612
-0.013351620491669405
0.027448881659207145
-0.005293529729484136
-0.025295941079962952
-0.05963971648213523
-0.08510504198906978
7.441588405276872e-5
0.08419810785638022
-0.022336873417043233
0.006945035988030631
-0.0021927363237803565
-0.016271217311332613
0.028528434185519855
-0.003795305013970006
-0.026110266158621
-0.057566553612977106
-0.08329291499264042
-0.00044128337456804704
0.04679917978103673
0.0022045656854605402
-0.007882809255953908
0.006853773829661653
0.03565765328087423
0.013089551794367773
0.030846870316933662
0.056010147586323694
-0.038374449231079924
0.017082320780009555
-0.000906568126804729
-0.10400692733008736
0.0037006116364364794
0.02613414393337918
0.029971691539982456
0.020814171022687306
0.02358029121978248
-0.09896035188515741
0.044101174447741434
0.0057939701775407484
0.0733974346975695
-0.0006939438386020523
0.312597903729382
0.0010723574651385324
-0.1173950042024412
-0.08553115112271614
0.07933091625439546
-0.004126246675887556
0.4044265941268746
0.17066018257070875
-0.21521321377428249
-0.010849453352836623
0.0005767345407624632
-0.24638819468627715
0.0019027283642935983
0.09801744255741135
0.05509302440331946
-0.09605615789125763
-0.0015682385203127746
-0.2954401936825481
-0.16589443197142767
0.1746691080286666
-0.056738932773866865
0.00030325875513496583
-0.28651898964176076
-0.036221796658952136
0.12528407431918798
0.02972365434416519
-0.2037666651095877
0.04157396035169329
-0.41239529983500867
-0.33425389174445913
0.25957765810267774
-0.19491736935546342
-0.002234805511797389
-0.006008418725851835
0.05425457324263322
-0.04443758245733666
0.015697692274706316
0.24377600708349587
0.06211984261235844
0.10435989332276763
0.6031751082431452
-0.3719099211197699
0.48469510534391763
-0.0018408089863694737
-0.2405952783360139
-0.039972858307848046
0.14179112756354909
0.06955481877328942
-0.23200912614452276
0.0032978643462063567
-0.3562297737955042
-0.5297854385901745
0.4040845546991882
-0.22541832526917427
-0.0029320485250922458
-0.4660867438552484
-0.04755763789512182
0.21760788644941456
0.1440921635704673
-0.20984607757646534
0.06457567967002233
-0.7286211828855726
-0.4779207755075951
0.4931428648021048
-0.002900432168273848
-0.005267231373062776
0.2925716528400291
0.03850779251867735
-0.13034011236732948
-0.07434602105037814
0.10350671892848042
-0.03826693163752488
0.448403331505481
0.1818906845917486
-0.11794746577137734
0.12387670667275417
-0.006122058093159765
0.14886375670346294
0.029794670379066628
-0.07005723465009762
-0.05304978642179394
0.07427652599366372
0.010195631928068737
0.25550748074485335
0.2487050132154769
-0.16955983213763406
0.1104096844286407
-0.0018350830337359508
0.103562685881415
-0.01049180177733685
0.026134450033193573
-0.018790905860102784
-0.11115509084315697
0.03169136632091608
0.034322688213665374
-0.16084274188876682
0.1409596645924599
-0.020289459461976814
-0.0042882421237800715
0.17941221978949382
-0.01089764388024764
-0.06927934393448612
-0.0124887369275908
0.056332142075810804
-0.00011166622894431953
0.19247090198997255
-0.04373620566769477
0.05951120836137506
0.09934884373855558
0.0034730156515838505
-0.07699221438784991
-0.0034024353626708193
0.07781206894596178
0.006814739120498235
-0.14325678993383395
0.007413696489131201
-0.16906075583174382
-0.19312381212244498
0.19226124941407674
-0.08855126565692699
0.0006292613991174255
-0.1933286659483715
-0.036043990828314755
0.058268712470522475
0.08386611649973204
-0.053427541266394214
-0.06433293595852697
-0.26708440238197084
-0.30947464317416346
0.2275786192145396
0.0801184717275959
0.00012208049817730537
-0.21627460485639458
-0.021170078918212865
0.05496149785426654
0.0833311774300161
-0.012193126475592916
-0.05542732579010763
-0.2690243499889092
-0.19474334822381817
0.12810484103395756
0.14244999987795365
-0.0007526575418180995
-0.013423163854477775
0.0032103262993777516
-0.03207233162246919
-0.003473665627289847
0.053039382383231186
0.036791978329559404
0.016512074315156156
0.062249620934595726
0.07160041693681617
0.03831825966419279
0.001701725712955262
0.060624074419751976
0.008038201148616314
-0.022291403569811227
-0.050824808260901855
-0.03983518661448122
0.04844641764222429
0.10922242127898338
0.021986237048285857
0.09150606949036402
0.006581523406417987
-0.0024421227988696034
-0.14796866608510584
-0.004373462675945472
0.0313258147422253
0.0649047722980981
0.049711104792539
-0.04768890567838745
-0.189758283654089
0.003027905010205943
-0.07406880123975841
0.045092279938880105
0.0023478684137031892
0.18261321361483565
-0.018955895574675634
-0.03997649402992138
-0.018632563064003804
-0.019122345899030703
-0.039041137653891334
0.1915985694433813
-0.14070599041049212
0.052672897115023785
-0.01726823149813062
-9.245771768604877e-5
0.1214861012835074
-0.012637838768531046
-0.06064061638794224
-0.0035159885905240613
0.054993020838310334
-0.012681231827928961
0.15621893055447822
-0.07785145650187346
0.07549882645960398
0.19078965106086604
0.002585181559912482
-0.11230605546481762
0.0015376340124078924
0.039176683109020276
0.010925870856573866
-0.04631036633502963
-0.011743673571884432
-0.11117978783249995
-0.02204838036728478
0.01074662057693708
-0.04687892105716925
0.0005655223725518265
-0.07148514924292282
0.01073792913625741
0.014099548513284106
0.01344743240365125
0.019284357473652137
-0.02187869694837799
-0.0427162786834543
0.05257351662306074
-0.05766218527154219
0.030962456969254825
-0.0010555708561367197
-0.06688871310802075
0.0011390871955974716
-0.03879805473684373
0.03460250677547093
0.09850097840773299
-0.05276925411459953
0.030860489375625105
-0.028276166067831576
0.04361779852723244
0.29016994741818936
-0.0017319994444656565
0.15010796683737548
0.006482331829849162
-0.06991058463869607
-0.03466530903981384
0.05870313841076812
-0.03341946148502621
0.21988641158664218
0.07532648274851321
-0.10004618039962469
-0.05764276490451186
0.001287591977535385
-0.1911090229153668
0.00033955990125597677
0.0976955026128123
0.04325060266545172
-0.08178556754300617
0.027561194575079273
-0.2808851938553426
-0.05072860349939967
0.06615365512135479
0.040785587024569775
0.0007571486440310212
-0.23807561571991578
-0.023824593826073853
0.09310754070000463
0.09175144113641479
-0.049248654806272135
-0.026997544119678852
-0.3497440194191354
-0.1813107212024545
0.13417728707500307
0.05645496060134067
-0.002628236029322352
0.20237078267723294
-0.010084841348768692
-0.027140520902188887
-0.02851817053057837
-0.04563894882772289
0.0039890795806681485
0.18435880811447738
-0.13675417921587932
0.13544321064639858
0.025059401710963883
0.003173906392124215
0.030206408146287764
0.01791240557291969
0.001229726023286694
-0.03973600521588228
-0.01435089598144984
0.02590682944779798
0.059741785224978645
0.1439289248607327
-0.12083836787842317
-0.13839009496246504
0.002833208413220578
-0.19307434213147145
-0.004550588649279698
0.021719562133419256
0.057940267668479824
0.06222907756403288
-0.10375312137284572
-0.19805551834883525
-0.026262509978819078
-0.09782396231992407
0.009971167023165708
0.001318253983882925
-0.12701116483398944
0.019942890695141734
-0.013738809118892989
0.017149725768351054
0.16174410361404834
-0.03972540349171847
-0.03208119513841165
0.38754554017942083
-0.49079576216112714
0.035390501530466544
0.0010637077856115993
0.06798839956723442
-0.00599865528711189
0.008828219212997217
0.0058667147845520755
-0.030489522619678466
-0.07748333492252947
0.03167206969897336
-0.14208389608057137
-0.02401191438985367
-0.06625462820391977
-0.0002528646181654273
0.023362240499477663
-0.023919462017309122
-0.01232847515789883
-0.003794618020125279
-0.054081087010139736
-0.01610726529283222
0.036593187976338086
-0.18217359291787819
0.1340777576013844
0.06246083578059153
0.0021836864364329694
0.25316677874053095
-0.02582578701460898
-0.08360084163000134
-0.035390745649271464
0.041308651781023116
0.016743555240694985
0.25900186649230617
0.013971409343663675
-0.050692424627787516
0.057305902064222286
0.0021055627448571517
0.2705126026027582
0.018578227193906376
-0.0981755193947445
-0.08183541137840633
0.11068795791480447
0.04189949219143159
0.3683992362711183
0.3767611671967583
-0.34767614317534695
0.018468602573110015
-0.0018852926763675939
0.061304992818198366
-0.0033047926905212387
-0.015361112942797198
-0.03219541287897321
2.9317446188526535e-6
0.06089049505842848
0.10994561759609614
0.14391460617194465
-0.09546974651603116
-0.10695430513009832
-0.0020689841761667815
0.31575899656097417
0.007730206513933161
-0.12724941279255947
-0.0666149293420565
0.17324934095095318
0.0021807662000259266
0.4555028010169042
0.42028758290323887
-0.4681657803640061
-0.08220195001644591
-0.0026886418635571003
0.015955747249974492
-0.031565035078434577
-0.019838169731881284
0.007561434895807701
-0.0696174519993079
-0.03683512392630677
0.008680055250346128
-0.35146889562943023
0.28720338397180983
0.06496658322836639
-0.00018500393778251735
0.037434236258094916
-0.006330440105691931
-0.03537746805132796
-0.00958955475177796
0.03151361157290272
-0.02282439540695521
0.08515565112805257
-0.019532907267887565
0.007386846175406682
0.028295817462210895
0.003085480565746667
0.07203034385338535
0.015103483649618735
-0.029602437121955455
-0.03697150614542572
0.07679467260110513
0.04100221970599333
0.1231800498939728
0.318051639344081
-0.30611354520709483
0.016206212824874746
-0.0015946705850177064
0.19478045128097773
0.003895371510152206
-0.07002159288032829
-0.0964948215237342
-0.002607980742089549
0.06258744488433127
0.29056317193957304
0.1454608461708368
-0.16807184747772955
-0.022385504838386836
-0.0005910344290586708
-0.04214702131135753
0.004980917805366925
0.01223566802949277
0.07451281072106593
0.12183073917933558
-0.0987123311288038
-0.1383096315421374
0.06141978634948898
-0.1821774155401708
0.051053018590780284
0.00045441789619735915
-0.06081485959957467
0.03229019558337871
0.06212403739257869
-0.003910379488989666
-0.04630097388491889
0.10158430265540484
-0.09208131902441917
0.10596837089603597
0.08506709359068651
0.012210198827611304
-0.001878242513370134
0.10424699111119062
0.00442395427465309
-0.08096611227814787
-0.06426890103161138
0.057925168110513334
-0.025826403911281787
0.24518270133348036
0.15899367135905362
-0.23890169615764809
-0.09395716771103896
-0.0006114133856668116
-0.004178377214415131
0.028244443779606165
0.06375056954202339
-0.012761646874349695
-0.08529639805393426
0.09034519062025999
-0.06213667186448868
0.08366160375777991
0.07364464132508028
0.1459935083102525
-0.002288338712435524
-0.11051960258923142
0.008180507608008447
-0.047172761790209024
0.019167887517067335
0.10496115533384838
-0.019706603274420198
0.02116805790219686
0.07259920717229698
0.04401641827487946
0.2893610914692803
0.004044039488595815
-0.06959908101080747
-0.01862310904713147
0.057782642270231145
0.0027004557194361682
-0.06960734369191571
0.0398912259990603
-0.13351425142874593
0.02167379644251444
-0.0625254891465056
-0.22820550700578718
0.0026022438346032226
0.11416616289290071
-0.015970605023713537
-0.04871988939509723
-0.02757243643632451
0.06596766517121323
0.024434960330145333
0.11338388584273688
0.1733580896516387
-0.22180347856099983
-0.20297250796391209
-0.0005730700546322282
-0.33921148459582473
-0.0026737832199601216
0.17280552708557748
0.0794260292879625
-0.20137833844866987
0.047653535849563035
-0.5003820095239192
-0.32564565060405654
0.42234312220361947
0.13996191222499277
-0.0005476385342244804
0.5323266740339926
-0.019670626368902665
-0.16882740367672783
-0.14616061881789152
0.001862077822392132
-0.015634184053864422
0.6461476656342015
-0.007773184403257264
-0.12602368265248412
-0.1015413570283386
0.00037014837123871836
-0.026442664364301337
-0.002054034241429083
0.08358992680816567
-0.013929330711309522
-0.14723179587583987
0.1259340082835751
-0.13146746664948616
-0.05909550735233653
0.17662781354290696
-0.011391211640193343
0.00041663143867041145
-0.19171524819963934
0.03788202159514629
0.033082831892569435
0.023666222572358588
0.09360429111300951
-0.01708167437782034
-0.1283727846822348
0.32440618345283784
-0.2998869079820927
0.18462185265375505
0.0004968546043111654
0.2386439257566715
-0.03741596161355065
-0.10359884878275143
-0.05142430755561248
0.04765361493815012
-0.0009347445846393537
0.3198645556539318
-0.020986383988460592
-0.09631145653036713
6.640191107889012e-5
-0.005573802679908615
0.23172586664930236
-0.016583164277046758
-0.0928343090734607
-0.043175803423575035
0.00613396858711602
0.00948388060971186
0.27288496752729063
-0.16458797575752449
0.19971793565425874
0.010043824181171722
0.004611143365226356
-0.4233875833335309
0.019008182394223253
0.14214836877635023
0.0793439068655779
-0.05530498166704766
-0.02778303391061368
-0.499648241497223
0.06676087986318922
-0.09261303124317727
0.06850089400146049
-0.003630634812148026
0.06346491376920599
-0.00482006255293943
0.02025715238815488
0.006050251629837419
-0.055113728515435924
0.08869120779605999
-0.051227124200682185
-0.10292557415293119
0.2604774248468315
-0.1431150677923596
0.003822766264495109
-0.288337037539296
-0.005432164074097792
0.11860757260648369
0.08290459508411499
-0.043673421198446555
0.08030945282018595
-0.41268588685764
-0.0356653494408406
0.12162571818441356
0.008406365939300461
-0.0033305243526099196
0.14491300693213438
0.004512448814527313
-0.020256885533798896
-0.06204348833350932
-0.041989503054497654
0.08810863715281989
0.15497265626373408
0.10271461262512858
-0.0631114100488445
-0.0776518186461186
0.0039635313569278555
-0.046248896861679746
-0.001203598977589759
0.07831386148544925
-0.02655536803487934
-0.08291509720920678
0.1338889269583968
-0.14247271020715535
0.17153898662195835
-0.18055876163740894
-0.07059919872701029
-0.0004378520234208298
-0.412909270843819
0.05395126035554974
0.15699496130622395
0.046625939262263265
-0.05498395648271593
-0.01925686269050781
-0.4681999590573153
0.190533328161078
-0.22961259852343435
-0.39067082781289625
0.0010737586749472053
0.22958894171576438
0.028335908364075364
-0.02170363387967171
-0.08027148257595103
-0.04829396631085269
0.1630623902822273
0.24803319045786773
0.18736491647402131
0.055577967468361175
0.2253745854338856
-0.0036220801455877504
-0.22803142056341902
-0.04560708350169183
-0.019073207273039294
0.12028774120791676
0.045469782894206105
-0.19562956824626238
-0.2331931503360357
-0.5388661275111761
0.3514191052425037
0.26870829558872245
-0.0005188579056939342
-0.18683619608871302
-0.0010264025081295075
0.032388663876844644
0.06701275125934238
0.0607676067632114
-0.1362255954934256
-0.22931239120334546
-0.05314111350263933
-0.17300653304281466
-0.0350526406276819
-0.00432550831480439
0.527524507615226
0.003357724122877543
-0.13446288366977083
-0.2037577673831592
-0.08289933127710099
0.12706189773197482
0.6615933033534621
0.13267998227358707
-0.09381052261490441
-0.04544864801590647
-0.009388304777843784
0.0006042380348049734
-0.00146345402291903
0.00588934974216118
0.033967195450215946
0.031644597821975144
0.01695609807598544
0.026146402378048585
0.0796116507381733
-0.02776178237874388
0.21003665899748308
-0.011540496845732868
-0.004925683582001693
0.0214658875748079
-0.04158675039397042
-0.005392934765526306
0.06364068413211724
-0.01958927360091585
0.08445381707772123
0.16163921414007756
-0.15287587668203143
0.03742262746828527
-0.01836453423181316
0.07176736727337002
-0.018549106909636365
-0.008101960246948762
0.05917832359947146
0.05846536381252613
0.018996549709857796
0.03678848780542077
-0.10251518428375811
0.08553857181172654
0.3924973632030142
0.008284897751649475
0.06075410435469156
-0.0014362788573597505
-0.06897990643611078
0.011956284122321817
0.22459659610691893
-0.07241805061205482
0.03452608583395476
0.3795460530078107
-0.4982053913699002
-0.42710285970747885
0.0012327140911977193
-0.3596355937599135
0.015550644456603063
0.17655019129534022
0.0785778422971653
-0.25109728768623313
-0.02463736439493857
-0.473983797167898
-0.5136028873597582
0.619582299537707
0.09003418000174289
0.006132028935513446
-0.0032099666679130524
0.019130579123988446
-0.000867338068483397
-0.09116508098756605
-0.11276877048133242
0.015279192228194786
0.17599704321705928
0.12203287344803612
-0.07598645795616883
0.015210017652809217
-0.0016849799582973931
0.2545095783068424
-0.04617487634286955
-0.14653890268636222
0.05722987752324219
0.22290940812779955
-0.09838064592128205
0.29761292942738626
-0.060528347700465016
0.01239813287817005
0.21816215785419535
0.0035854985813212423
0.1062359612863057
-0.037895229559451994
-0.03670575484999851
0.01049753022619355
-0.05091516507484654
0.008625444045342365
0.06154691546281093
-0.42367975422806836
0.5676188186822042
0.09782512772923373
-0.003075826722333004
-0.07052617231227895
0.03300960968864273
0.04269227595414649
0.025068912214925465
0.0717343769041844
0.0235098475292563
-0.0908237992710153
0.31607912022291895
-0.28673018169497266
0.076112236494137
-0.004237802270336862
-0.23490266035128954
0.0306060369700564
0.14536107575966603
0.07692931636728696
-0.08021449024149863
-0.029299308374512695
-0.38286656957421156
-0.07005715666738087
0.06405344191642214
0.03698650619811528
-0.004420387006834624
-0.340091515705705
0.05989226251277044
0.15044564845207456
0.030652001069879187
-0.11923960945110026
-0.009071997047933789
-0.4110268671007282
0.06698454103148173
0.0007046252367241064
-0.15610379571582428
0.0031921931492653118
-0.3158582999307778
0.001529282544383976
0.0573971022485583
0.10107148670400505
0.2247239916134718
-0.06322335507886999
-0.42878302634340476
0.5981190507955049
-0.8443253264294096
-0.02290951379368549
0.0016155922215076533
0.07783610932515696
0.008424003201449108
-0.03751652786068038
-0.10993585548285806
0.0032589016821695732
0.031339330705905784
0.15626730241463516
0.4226736103219095
-0.6875174454831161
-0.20071844674835881
-0.0007167660036818242
0.436927404224226
0.0019137166746253076
-0.16615065167929188
-0.18935364112861905
0.054404818828607274
0.01805460100516499
0.564432953694506
0.397487273768158
-0.5916365301735174
-0.35236766731490005
0.01209904151428682
-0.5495460976217005
-0.04977783299749397
0.10364542016188069
0.091841285178689
-0.15230616462415716
-0.034693324905434905
-0.5643444899664272
-0.45333639759198346
0.5319649056432064
-0.15955143436550046
0.0019283641379113077
-0.11852051924734353
-0.00010419468049408129
0.030176922926681622
0.009591029829622746
-0.02794356913822226
0.08079919805764837
-0.04580804204421946
-0.01852935215786991
0.1421582601326235
0.3968012436813397
-0.005079278885360824
0.12056016169199818
-0.01738799086919364
-0.18164607281182307
-0.10101109071431924
-0.011118781721959679
-0.08820612419889148
0.4818036764922208
-0.23367387920705537
0.32503788403546086
-0.12692479349364363
-0.005657899311172255
-0.15769691164059094
0.04009939923838066
0.14206590886310178
0.027463168413413064
-0.2029566907458331
0.1336867392124378
-0.2610422967566462
-0.24731266271392705
0.5927033349288693
0.24507448046947464
-0.0017708056138116583
-0.4585155210820883
0.01626714548860174
0.1539394319349975
0.10644212383312876
0.011795327236430243
-0.004222350007264788
-0.6147652549664003
0.16160730323786537
-0.2563656458356538
-0.17604456817822292
0.0012822608331706448
-0.17352871770021866
0.002299337920222601
0.10247031409912022
0.12959898859531688
0.1253500118896388
-0.027044938907004018
-0.3592746859881788
0.2095794133385415
-0.32157804338878176
-0.07524395129550918
-0.004493679762629734
0.2695916058436391
-0.033006077609226324
-0.08723195422525626
-0.07338558328770375
-0.06531543845123801
0.0009493664714753587
0.29628148186171105
-0.24996709537434728
0.14326875248683976
-0.330067477370022
-0.004848326477982995
0.29760191973559424
-0.07746423930160691
-0.18422980647637002
-0.04840000402440626
0.017042265559387426
-0.05882485155612164
0.4263908132633393
-0.5681800225874978
0.5285228140224683
0.2152787483605678
0.0013902887512670247
0.6772246478298484
-0.034102637878130886
-0.31100916662009737
-0.20345711565786365
0.09404667589047633
-0.0004854803927645353
1.0074954591726228
0.024711425034053883
-0.008706739284670795
0.37429204814263034
0.00012063756469826832
-0.4292689122529054
0.018340819187659
0.29681204958987595
0.050087048436211756
-0.34339273109973495
0.24729336492732912
-0.7662869574697541
-0.15938960680841432
0.3441609171421145
-0.2373409773994063
-0.0014705083938063939
0.5969734920036339
0.035559521466749
-0.14835864293706505
-0.10810978182474336
0.16252399215024418
0.1197599024953168
0.6086875521161746
0.39918905211533207
-0.2887259079253036
0.3567185838597925
0.005183023537053227
0.3503936935275753
0.023877026403070382
-0.03771926115483387
-0.04395621662951226
0.046333621393292335
0.06296763346869023
0.3411112896971276
0.15426703986216225
0.03686422518514254
0.3833519139935474
0.004750070530498391
0.36407190854829186
-0.00568365614976634
-0.08194993919131867
-0.06193292602804119
0.13152628501789368
0.05867565326982581
0.3348068456465523
0.401571395534402
-0.48914665089425047
-0.16948971171486496
0.0028578980701187114
-0.01409622788777199
-0.019713866809696848
0.09279809625928158
-0.07478721197908211
-0.4311181576464011
-0.007655215775833669
-0.04293824273479252
-0.8431057075478026
0.7525604884691637
-0.20390950846614125
-0.008707663151253747
0.5598517026668088
0.015791853151484868
-0.14429955719085355
-0.23516500886168437
-0.0810960005603482
0.26007262362357203
0.7240841571228511
0.22635179040420392
-0.0005703065846429435
0.31229264487062863
0.0020486548232003165
0.33669698121085123
-0.015373277462617747
-0.19134519425434895
-0.08474071532476973
0.3183524933594353
0.0909437078883951
0.38861665089475517
0.69455586638673
-0.7336662526218718
0.20084614819600108
0.003848441709896919
-0.4330512250482405
-0.022726020550348374
0.11016519399711362
0.13668790519784202
0.00030292962799036654
-0.11481494034079574
-0.582355299967699
-0.21857207033661166
0.0605388776403603
-0.3055368510981441
0.005702455863103895
0.20164058936392462
-0.0699008410907101
-0.07426447586928889
-0.039031358662475105
0.023081131206717318
0.18669843132509056
0.12257567404147258
0.041813956961655185
0.08337511415942124
0.31065386388949606
0.0022971932577965115
0.5730531662179207
-0.032849586390529706
-0.25693529866823717
-0.09325479528786992
0.3783791029279994
-0.017915075992926126
0.7371617445483282
0.6536957210369021
-0.9416274567207789
0.21807372689575436
-0.005125574729017404
0.3342974765298438
-0.007056880544421003
-0.12177264191359813
-0.07301796511595748
-0.028266964658474565
-0.006981528403729112
0.37676714630126196
-0.33782598651606416
0.34112137984608354
0.04348678316534417
0.0058228614393032365
-0.582624280086698
-0.0406498490121457
0.2306761053032885
0.25503083097472146
0.012020748500816943
-0.08812800287360653
-0.9200367070197087
-0.16885827271986334
-0.05718568341613483
0.20629809325822834
-0.0036960635229250603
0.12660054145543578
0.01131887226162125
-0.05630071786385928
-0.05843890971170556
-0.04910666801178607
-0.02003388911935417
0.23950098532890937
-0.12232994065815839
0.1704591242825367
0.07048211136505457
-0.0016568309579001685
-0.48831155415726013
-0.06539791560213697
0.11822654985369538
0.20097553331544254
0.03710340497660632
-0.022141289616729155
-0.6115210655324818
-0.23204680458824178
0.032784139698737766
0.23166646857012704
0.0031197396641757303
-0.2566728181533165
-0.017627292363478986
0.03971732525158792
0.10706644983136472
0.09264797589002388
-0.05668325642118996
-0.3259280607111121
-0.11333568706936424
0.12433404543459699
0.4654127906347572
0.0036971666635676878
0.21728793665538626
0.015772257476080787
-0.11258327859315627
-0.15450952020049136
-0.12016923678592994
-0.05613002343916111
0.45677005289067946
-0.27632706489294084
0.23398159453591363
-0.3282470193867167
0.011622467545938748
-0.25071105684424483
0.040352942764975995
0.2291713278287892
-0.08329731226951174
-0.5002645633659102
0.23725008265587522
-0.3604857528939168
-0.41863225774316337
0.7415317535836362
-0.24965859215468117
0.0039061483267654276
-0.673003791802165
0.07567335066871889
0.20257293252800782
0.1384356008168513
-0.07169832366896035
-0.13591719618352902
-0.7100459480766812
-0.031505522228573016
0.03244348870882782
-0.1372875417067042
-0.006337682991941261
0.40373696509199636
0.06848230305274267
-0.04833016192105049
-0.21108732607689928
0.026828056871132815
0.3407887210156173
0.33690631527579873
0.9066839770459568
-0.6765615579371778
-0.006368401501614716
0.0033692063701632924
0.10063801228239065
0.01785936668910509
0.038181159623121914
-0.061963495051769256
0.10166981025198492
0.1593906511330984
-0.07592917280160763
0.8609593985779171
-0.9905670843499206
0.014918835814464617
-0.001055955748769985
-0.49311310427456123
-0.004827058330455941
0.218297803541657
0.17637263225045133
0.0476673012829007
0.05688683149132369
-0.7767971828822483
0.3088791583090139
-0.3597455819543503
-0.42106620149628493
0.01268456468765606
0.050687233160874624
0.04021809526465181
-0.003746680493521417
-0.09621884240066532
-0.05887059761996756
-0.03630103149339066
0.22219146477538848
0.2850751765886442
-0.2825098452369935
-0.4019901821349509
-0.004823134405328497
-0.017585005399214315
-0.048918156057899585
-0.027794290083739563
0.035054796424224696
-0.12046076813360493
-0.09804849930971492
0.016881143426916843
-0.7356459646901776
0.6825699487924312
-0.03585471186201414
0.0035054368709553827
-0.18301689791424236
0.012259243579711154
0.054637011197069076
0.011565967858513599
-0.21611339108309618
0.08006230371007406
-0.09773197411552105
-0.606241157064864
1.0283305616253793
0.3149388489873342
0.0034379815062865015
0.3771348304278626
-0.03814377806076293
-0.15527231837979347
-0.023897385635827738
-0.015631058954434396
-0.06333504957335921
0.5387309110471856
-0.6528235969834457
0.9046463467032512
0.8032394666473746
-0.003624177329139539
0.6795210201301868
-0.016035711591140075
-0.16422481272871112
-0.323993319904158
-0.214556628066134
0.26757301154468094
0.7241085022191617
0.10492991793088961
-0.19049408638158824
-0.312947475284972
0.0004932760889977922
-0.7555064170314264
0.044145678033860325
0.22432514825848132
0.13181616228247084
-0.26279260992635595
-0.1431804134698882
-0.7654904908968508
-0.7062415319112864
0.8299535143590459
-0.410626574434687
-0.0014274188130714797
0.5947741609623868
-0.0375595861356722
-0.30591051583838297
-0.17355301184815042
0.14911463795658175
0.042204251462179945
0.9252760457317417
0.133530940341774
-0.03191757089209632
0.19180383309991877
-1.6925704055899174e-5
0.17750992388637193
-0.002988352542452739
-0.1244395698982261
-0.025878223313879255
0.2502788176233176
-0.09962328984523484
0.24102376509091658
0.5582930022239246
-0.7682251014943616
0.08038944804431739
-0.005674854390520016
1.016494542472262
-0.042482714117880356
-0.40927533429340096
-0.2770821950790825
0.24441497563483378
-0.03299452858695634
1.213554817528902
0.4086376742177023
-0.8808296402876976
-0.19520833064864798
0.0043009544315846145
-0.2961389720723212
-0.01960525217326886
0.0073674697332015635
0.20402708473957656
0.2956868629565014
-0.18661446686800834
-0.33950486284442083
0.13556890391664064
-0.25212825121826216
0.13667335514840095
0.003164048577464245
0.43890830368401856
-0.019113110653702303
-0.20708604909093908
-0.11041278025034873
-0.027227471722494186
-0.10880415168213894
0.8057261393486842
-0.25742174668335305
0.2926738741297181
0.2159629211983439
-0.00354756271752593
0.92935007493741
-0.061027605725355275
-0.4193018593306182
-0.1264655943530609
0.5839739657779018
-0.07747455456643296
1.2451062892640214
0.8030015518351505
-1.1335098001199493
-0.006501079911210791
