1700.206586149453
13.497958373591938
-0.46103871750255876
1.7279702348611665
-0.1793638298264089
-0.1752936503615462
-0.7702780802109449
0.32151380522808937
-1.67342836820421
0.25678657125050425
0.3279016214141552
-166.3144579217059
-1.1011166459838604
0.3998941690146937
-0.7962406140397853
1.7219764242913
0.9092517131948822
1.3199909507214322
-0.16777624460794557
-0.559641274687192
-0.4956263097166004
-0.2692575024248274
-6882.5557459580505
-27.681627412602918
2.541160059976654
-0.39401498116892336
0.7181128109605306
-1.1816277628680083
-0.23552167570604765
-0.9170775720424488
1.7236957544410971
0.3609881474598979
-0.006405123553482216
-8.251252079356872e6
9.327993254261081e7
2.411652086855481e7
1.6289863747410925e7
-7.38083546515625e6
-1.2789342276796079e8
-4.445758871196945e6
7.525874897945894e7
-11.51719788570795
-3497.1671947358973
208.40545962647113
-691.1667806759555
432.0041012506329
10267.518996718773
128.6291220821951
-4632.701621762381
7.426007142364188
-11.855932031392248
-14.580067749037996
31.679820150475074
27.692312426088108
-365.49619666328954
-8.76175123028972
139.46391570027086
4.409582773592851
-15.464606343674115
-6.39422300011469
-11.307940296773777
-5.870012931852469
61.53209034962522
-4.672400348743745
-39.46614755922997
1.468200756736344
29.51792686737234
-2.051252463936349
10.31987993407068
9.148974261768993
-22.859007668336712
4.920758302971133
18.193577816208126
0.8925730291598376
-11.202009764885126
1.4617024870652495
-8.708834011216503
-8.279045315368368
19.56123379141915
3.940515319164686
-11.31837209633472
-0.21250866870153434
0.22824614532014095
-0.33820728589926713
-4.4870045235138125
-1.2235995164828597
-4.149673373651452
-0.5621522814155369
-2.051847141457393
0.25655975577767265
2.8916692441679124
0.3992588047486033
1.2657983332980476
0.34495030812956146
5.370003594591122
-0.21388677937592665
1.3553249399789833
-1.7724166147273213
-2.6624596804269567
-3.8000107428911916
-1.5126549996214005
-1.6868613252603164
-2.3423993298143517
0.6891474145276727
0.8318792375816759
0.5168068835321329
1.7708284618092516
0.40274667560698507
0.7848789891397493
-0.646119312556974
-0.6949953827929758
-0.6850682461737256
-0.29655681127767364
-1.2982014663305571e6
-1.2303571584233077e7
-928732.2236359052
-8.499288691684518e6
-1.0728505459866697e7
-8.069284830053671e6
-1.5962545306638116e6
-839875.0542389475
-50.45161511733101
1136.2513261517101
-188.6782190815873
488.225412494767
1023.5887927977774
451.8715348465552
-27.12360827885719
-101.8803560352422
-2.2858176033561293
-27.714853410243403
7.05638839555524
-10.203468382101358
-27.266051383034902
-3.6710671319415455
2.0002678198236095
3.976331105867904
0.7575201388956401
8.219803936286297
2.1020546793319563
2.5698903643836974
2.4700910622734713
3.726616771669854
0.5908698898355201
-1.1900291954006414
-0.7263816903684435
-8.092204396189317
-1.4878542703906987
2.0708339597716248
-7.744655777695018
-2.9169285847697135
0.9478943811489464
-0.11698465429848638
-0.3981991659664017
-0.5603048415007865
-1.1368416705507038
3.5310159073429803
-3.1978521507215967
-3.7542802279219263
2.972927488296763
0.3292014548714393
1.08519527229642
-2.1331080704047705
1.2642934659240324
0.9268462732166984
4.643580939010982
-1.088626718049689
-0.4543609321356798
0.437992227618399
-0.039121060728376685
4.412982145875318
-0.34244895995558217
2.8950704937999325
-1.320896310923533
-0.30363192606058814
0.27227739004120066
-0.9777541296262424
0.03352511495732792
0.16530640010841974
-0.37474350236778436
1.3590975178135956
-0.5754726275610078
3.415233834649271
-1.208429156640656
-0.17710265609987658
-0.062101709561281165
0.4141715177457505
-0.34401824627282396
0.6659932223600946
0.064968169928961
0.000994783213825811
0.5981059433906264
0.3557305255401187
1.6174005504717813e6
8.104533494254904e6
2.446275437243148e6
3.1880550179022904e6
-1.2365875172038418e6
-2.5275460162270227e6
-970794.4775461465
-590658.3111075306
135.98393349224932
-271.60269001643803
163.29090247842802
-510.3132137325486
-16.456453163693183
186.16975023155987
43.10685802478341
178.87154724056217
0.2311952115591539
4.2284987194627135
0.28549386100512764
21.847525571474446
7.092218475258836
-3.415306005012067
-1.8317543987366365
-7.655567003564449
-2.7368368062997876
-5.0187586098322186
-1.7857978374651278
-4.111975280491346
-1.7288418886727113
2.6282968475185675
0.2058911003109559
2.6927968796232675
-1.6573960735964843
1.347147742435943
-3.4226371686617783
-0.7787656846887092
-4.065755293083047
3.8783309744124503
2.14095171896532
-3.989807335009827
2.7205130405186324
-1.5672341131349827
-0.7529215901553654
-1.000218078613079
0.5646183091140999
4.478291280555103
-1.2925343699176308
-2.7142318113447685
1.7449021376580907
-1.6969405593960007
4.4315173868130096
0.008460335782470919
-1.2138376277003118
-0.2740355609255116
-0.027565222757025117
1.46022744012801
0.08076182256406594
-2.2348808299385974
0.0513974659685052
-1.5624032092931313
-0.5118180133054645
-0.8911731706503951
-0.19777913133126768
0.541871758605223
0.40075333943232905
0.9704679428531054
0.6708396721221835
1.3484836607460957
2.248971379937634
0.6067765836246651
-1.2969920022909027
0.4866931185451556
0.04451004440460779
2.0534209064458704
-0.2967194120291087
1.225958130562577
-0.3487297857035012
0.8814938777464588
-1.6177843912359888
0.6131347490768123
-1.8406778986018996e6
6.045923141138211e6
302273.59677727125
3.399871423435715e6
-5.466900115243607e6
-2.772392423232585e6
-2.0381778307238012e6
-439084.42446551804
97.28070711204437
-16.79489046786092
-138.65387295233612
-810.3587193462212
393.8946826460603
155.51966095076872
322.7063200501098
185.3174570802386
0.7008710235764087
-23.24726879724593
-1.5215591570417855
23.830018457935438
-8.359040296092369
2.311732958310505
-8.501173778564302
-9.01688857323518
-1.489921094037882
2.323941886282179
1.834883602669569
-1.1311271438409372
-1.7653598533131305
-3.704229067632428
1.761848880265742
-0.7962833627362172
0.9896034181636453
5.857651921435435
4.460204929963254
5.544573850239746
3.5764906679815023
-2.7383782288251037
0.4448865598959182
2.6074164838019813
0.6103298170063534
-1.3090666446951396
-2.2411368199450763
0.015969570747970414
0.3193852576316799
-5.2890661530924605
-0.8490166372204667
4.760062192942144
-0.8282768050013949
0.6795613826885472
-1.2961244661368418
0.3235101375039552
0.28764172645172703
-0.5228034513254003
0.782631197669824
-1.818108699897154
0.20627357409021418
0.5288554859247625
0.16292284492687298
0.4553019913246265
2.0352909676624953
1.4571400109939736
-1.2765474167856703
-0.7072323629548953
0.29104704113452123
0.16476592898841969
0.01696631510001024
-0.036366847894973714
-1.6000881297649379
0.8653695822802163
3.3339152912681485
0.44666752557813355
-0.22648209015242385
-1.9040714258826617
0.4281534346090298
-0.8718627603094513
0.13862024556193067
-0.7526471683863957
1.6882333120515471
-0.6113106053493618
1.6711059100718077e6
3.7228296477270136e6
-1.962391968313398e6
-5.391937337254843e6
-3.623845513062066e6
322603.1093199519
-493904.4288081958
700263.1067689441
-37.28834600299856
-633.5838856147084
-60.16145244172678
623.9834453988042
376.84958605634785
-302.0819429686362
174.47957396723103
-211.61670366083413
-3.9754317635189587
25.519953499148038
16.907213466774667
-8.163588197837456
2.4020892219770946
23.018496363227683
-2.1220059651850542
11.352103736935707
-0.03614864948065115
-1.9962750182980924
-4.285289500708266
-3.7173291977190783
-2.1105544576231097
-5.71726007251112
1.4906742089918452
0.5752924481665889
-1.2206070696859381
-0.8642231189214338
-1.7660918460958428
-7.066608592335828
1.8117807268005872
-0.07710580426243634
-1.0236617551084237
0.9369496823709589
0.5490438798166002
3.2092363885507282
1.072115177257322
-5.9715660881335015
5.806461500441146
6.058332274321431
-2.9244448033660086
0.5058260990302
-1.0292271826990422
1.668619840814581
-2.5084245499993414
-1.3108704010326027
-3.388435836301117
0.8033751174448811
-0.49837638617373636
-0.5377590948856622
-0.041304047949536085
-2.4174819083413976
-0.5683879993708144
-1.8342625820745422
0.7660779241437992
1.9851916566901555
0.4138655796913652
1.3384909403478353
0.031385544022872455
-0.05364705726504494
-0.27526741070188177
0.4663881534976542
-0.31588788484224295
-1.1693715715762345
0.17661878963846878
2.3781859397346348
0.050973142471351054
2.286184557102428
0.6866619722709322
0.740589090919346
0.18630082502488718
0.7009068661251209
-0.37921676929192255
-0.2057666960453927
1.4306271346259e6
5.452305564945161e7
-6.569652888932039e6
-6.315110357271356e7
-2.6819067016730025e7
-8.914588414790553e7
2.0616951533660416e6
4.979304572076904e7
87.43365180028911
-464.4829644798907
-399.0592710172557
2487.7270813025743
20.34915952895516
5802.223080156335
-44.77114544916787
-2714.915349786503
-0.7095679761811915
-15.987241398072571
-1.9473304011810968
-59.79517990406406
23.40940463994113
-163.21349438903593
8.005299381116616
78.76781111470619
-2.582573386002126
-3.2990968113990036
6.5848403740777055
-4.880010515814023
-6.554485871058368
22.67834749476919
-5.668064023782806
-17.289237215155513
0.424979287453751
-3.3465956208635625
-1.8360760053359544
26.336358109026325
3.112380260686537
-5.28768313676886
-4.126472505757997
4.205775038694454
-0.4453846498673719
-3.830365651391134
1.1491851278857024
-15.313655753115674
-1.3473478281928832
4.280986077547396
2.1267824079594786
-0.2219200415717966
-0.09654510681699766
-0.2968710263665095
-0.5472872251359978
0.8159449497923233
-1.8382214770179708
0.2624638050090026
-0.09364942818760999
2.5793822729602383
-0.09025499933006419
-1.4533683672038724
0.13145754067471768
0.7942541170179399
-0.37136831710948365
-2.3436120942643583
0.4129360300850712
-1.3709556308629858
1.0728558782025224
0.7421212603036745
1.5399642231805504
1.5814853379869729
1.0735520109453376
0.22073257149723718
-0.2300260652808374
0.22694014762406992
-0.3367729795841354
-1.0200686843674742
-0.004297478345657195
-1.0276942003588365
0.703001396030018
1.0736625356108498
0.5204969072667175
0.458922135411383
-4.7455565746232574e-8
-0.003541295010351912
0.00035497008287433887
-0.0012663175859465312
0.0006831577387576163
-0.006197254846904427
0.00267886008122222
-0.008665552246225252
-0.011696494300279974
-0.027846184476310598
-0.08425783296040518
0.03796467728598119
-0.0018639758070622139
0.0469047885631984
-2.3954521452541346e-6
-0.0029624430967557106
0.00013451518106734258
-0.0013266959528369872
0.0004794897852194581
-0.006987486121039636
0.002704802522514558
-0.008237724331891912
-0.01177611196789057
-0.027898320228553857
-0.0842677156447904
0.03747878392820479
-0.00294331298089631
0.04542290721405233
7.661252016509565e-5
0.10921074479274674
0.005390155290351176
-0.036201491759403605
-0.049140670240262245
-0.019095369858130404
0.027728087341925393
0.057306443865073754
0.08213776969357998
-0.18820401553248992
-0.05096656141899196
0.18411111653942447
-0.19950022134966555
-0.41749033893313675
-0.00023738418735100747
-0.0014435370816570667
0.004645985697445442
-0.04969085248758212
-0.11065694408037435
0.0180341644003271
0.024588834467100126
0.0007065784822150969
0.094366550750366
-0.11335939492290603
-0.009853791767300016
0.055681891131744855
-0.10519617617012095
-0.22486584773735754
0.0006961229142448123
0.20196742123267986
-0.0006722093514233447
-0.034292867372198825
0.035787188640097674
-0.01737625970348456
-0.014000467472280351
0.07444389044729396
0.03456586703813784
-0.1269039919585776
-0.1369707153733222
0.35636211517450256
-0.13622585560835496
-0.07401469656665086
0.0008232995079759896
0.22031119324130763
-0.006377880504941016
-0.020172389640597987
0.0594925962774524
-0.04009744856315721
-0.047326682863783096
0.08895732520074127
0.01841891166469354
-0.044162162504989506
-0.15964771754989837
0.3283651031200394
-0.04907800483627983
0.003684231859182559
0.0006915264110193425
0.10546453599035874
-0.0017896618640838803
0.010865754393535326
0.06591199953890192
0.030538953328087242
-0.03529354411885104
0.028256656738663524
-0.047725776855064475
0.09621329107277399
-0.0024285028679253283
0.155815472474878
0.02033291394737276
0.3813871290113074
0.0012712972834565308
0.16549012885844486
-0.006601158116873311
0.019329851110406363
0.0979696327661404
0.0001979182994520135
-0.04241034297714873
0.0441372848162785
-0.07534669885778109
0.1285934640233137
-0.039221031978133675
0.27754795344141564
0.014261779643244729
0.3632946410226568
-0.00021207324051050795
0.3199991464433845
0.0015761838283891386
-0.0031951638544531137
0.12632131123652557
0.015479696770003737
-0.04497738911409459
0.12230750966304398
0.01420451370474611
0.0014449766036778477
-0.10356707642701303
0.4509886435271599
-0.15389296033893626
-0.022735969762129025
0.0008855913866045406
-0.27387849827582594
-0.003506789607574426
0.030273662319795624
-0.06251243415469886
-0.04320165615438243
0.03713600404004888
-0.10872180341903828
-0.058227444979153734
0.0014881057220546116
0.062249636135423905
-0.3865583721180712
0.14728729441050148
0.04522760482128957
-0.0011265044195190618
-0.2305251422551068
0.0004379702376605519
-5.880098281474316e-5
-0.11406288894178329
0.022283847672544186
0.0520317214465319
-0.11795284700937365
-0.020595915241392707
0.04073296951537001
0.14960465228481734
-0.23069158883422422
0.04030843285395363
0.016009079270485848
-0.00011812831323554092
-0.04777572509674634
0.001277356326102066
0.0685538622686239
-0.011189062900673815
-0.05771891810800085
0.048155785603977194
-0.021981211742610158
-0.08683677739882012
0.003305805241315258
0.15265248503891352
-0.04411449189359248
-0.08265953710852138
-0.1498887744547668
-0.0015256954353037267
-0.2965840466773833
0.016645715801390903
-0.019096607976554054
-0.12820757304922575
0.0694038201313407
0.08467066080384161
-0.10543966265434687
0.10730011288660306
-0.09437701300623588
0.20559794277293067
-0.4603568332040639
-0.06645983961546356
-0.59795296632871
-0.002351055462710123
-0.16360708143469746
0.011041232822676293
0.002095327768575905
-0.07490354753107437
0.006328086514507666
0.05418634113112045
-0.030397996925923758
0.08242201050256655
-0.0933400562866314
0.14013886044806212
-0.3461282522468573
-0.05961610658481069
-0.5951240123508914
-0.002801600930161943
0.10239282421732297
-0.0022324510994778594
-0.018327242243969203
0.01639773444335901
-0.012187015186499228
-0.02574265327259759
0.049042908329329386
0.022987767992088744
-0.02872734817836199
-0.09735467588513227
0.12126174454441835
-0.006116741996123213
0.05150208157097405
-0.0003808155779133988
0.14519418474845106
0.005716534550343066
0.033597819398616544
0.07413746145729076
-0.024212058590267725
0.013970729316066495
0.06961215628855807
-0.02052399616765121
-0.05768216139592214
0.06952416923024979
0.17271167088459957
-0.16231750215954624
-0.1995601404572575
0.0032435163153231262
0.003034065187286493
-0.00109926151413334
0.01901382698251027
0.03237994284164744
0.00223975677254447
-0.020284554036395973
0.004142805231574799
-0.029726090302477175
0.0696923002076736
-0.018180949968237145
0.0012509122274045094
0.08149908995930517
0.11732095712628106
-0.0012810814744591197
0.37835464970215504
-0.00825878559792325
0.0035652062550941667
0.16341737832906456
-0.036866818145102974
-0.06860565339871838
0.1425365131792132
-0.04145118844774003
0.05344035312752313
-0.14168388763143178
0.548598535932361
-0.08319689475430302
0.21648996800473225
0.002072524361284231
-0.36245894532694295
-0.0026227766090128565
-0.04222846805248036
-0.17679106667159802
0.019898765593066418
0.03487985659811854
-0.1570652701963367
0.02051805548494864
-0.024798931643706106
-0.02687117622647502
-0.4575401817899603
0.18900928288491708
0.05840520332507828
-0.0017143980830566568
0.021942480279352673
0.000302391963474819
-0.03459294129042532
-0.03129657223464828
0.051447540489687006
0.012063498086253037
-0.015227545204194368
0.03239258563091833
0.02557663721975034
0.052554770932557275
0.11914212574537197
-0.061460137085006694
0.048079646355297885
-0.0019319551574414414
0.08563965552662761
-0.0015370281292490092
0.03288920655227349
0.08266532255998289
-0.030659845532598023
0.0011069217516918098
0.028407473463923562
-0.07725715040513435
-0.011084026655412409
0.011049363054810765
0.15197516626465013
-0.022596126086429528
0.19982372085205283
0.0007731653154731219
-0.07495974022540082
-0.010601323570226768
-0.0037942093878756823
-0.031162985709428003
-0.010592684719278399
0.0006085996910933847
-0.059745368249555
-0.08092717803952693
0.08593460981063093
0.009180341724263828
-0.005577063868239488
0.10178249281706143
0.4248623622666073
0.0008831252993211512
0.09082186980663723
-0.003680147942009437
-0.005760264772269483
0.049958473936957695
0.010236044014286171
-0.03350383908120171
0.027849313043105207
-0.019721040676749083
0.061856572160542876
-0.05507687141630528
0.1565548860678485
0.041079850120621486
0.256826392826602
-0.002687469301316258
-0.08024705563561436
-0.003677608904788854
0.013246592031101798
0.005326606789000974
-0.014051242178541812
0.010392423746547504
-0.035157016711951525
-0.037932791672611245
0.0721758138312136
0.028965159121070908
-0.10853477481305984
0.08388243725905083
0.012919007949059676
0.0058790454407639985
0.5337986634829955
0.003102694791744904
0.0286503368201421
0.182791153511262
0.016503835143203333
-0.06559107045970812
0.20390976965476212
-0.043220872361447595
0.009626726099732148
-0.03705486819086188
0.7345018855462243
-0.3319535682356442
0.19341649514813986
-0.0012462045668639704
-0.26733049863416225
-0.005818137041337645
0.03312231924288521
-0.08645449874699743
-0.05896103069076719
0.04218748486281956
-0.11207446361634167
-0.06447363458391334
0.027720826659082154
0.10552614292487272
-0.35446988261340767
0.13372393424024423
-0.020215865008663972
-0.004377025845402981
-0.18786322020851645
-0.002883662623301994
0.03886191816023487
-0.028455268153542358
-0.056740196635396256
0.046509031152456075
-0.08372955262921822
-0.06460307131788663
-0.004891427369280095
0.053230924869825155
-0.2148966390257187
0.07529599668424779
-0.11926311087860456
-0.002364623515024754
-0.15744952172165935
-0.00850374722501023
0.007850999307699355
-0.09774845755942983
-0.09918385817826397
0.04091657124543282
-0.050058420608849
-0.008502865784873914
-0.05097355471493398
0.0007992350290307105
-0.19755712046735818
0.07334136135279878
-0.3686814124256113
-0.004700719768538964
-0.16021113024569544
0.0022739899234499052
0.0013046336352943184
-0.009316647690478354
0.058838037235091865
-0.012355516578744735
-0.06772001351861963
-0.024496678985879507
0.087351886591999
-0.050501395630986774
-0.22296435238750656
0.20118418942123698
0.4767071460514397
-0.002478076283175031
-0.2842446043008328
-0.013437822503401902
0.013215854944061824
-0.08464309653708017
-0.0732736485267779
-0.0024165102656120707
-0.09432746793448411
-0.07296416265292753
0.05208170480469693
-0.09689238602504556
-0.4840575556605065
0.30640166760395465
0.42797299531535693
-0.003379290076418809
0.14501113032132074
0.009418150040744883
-0.024851851256546147
-0.010134221371053465
0.06605778399373018
0.008931136554654983
0.06044294995043596
0.12447308503094001
0.038807616644327636
0.056415668984983194
0.21090069124473085
-0.17308152106478517
-0.5738859365751103
0.004453344280354346
-0.25760328146474104
-0.002884928054800187
-0.032754454728383224
-0.10726995703559239
-0.01776596889839892
0.03209246208402362
-0.08767530506517324
0.007994245623391245
-0.11685845253057422
0.032964716566238735
-0.4463750524396132
0.08606035695360606
0.029280274523468357
0.002346350168845168
0.0628756363199324
-0.0004438918489586891
-0.04545576630616786
-0.12443125027383047
-0.05489962157120955
0.02800827917313577
0.040131085235792424
0.06471121743579619
-0.23943402429187652
-0.06801565702374182
0.10689067893381994
-0.18548424906340058
-0.24582119834165406
-0.0030559301312594483
-0.1583071904069452
0.008459214041346773
0.04857258714085798
0.0433219403753945
0.04807373721365725
-0.01298954437623948
-0.05660996725825352
-0.035239109424490704
0.004010344079585349
-0.024088874519331286
-0.3076293589043671
0.13656752573528336
0.2985645373616525
0.0036933078842590118
0.11083743219744195
0.009782999841085573
-0.016378814644823905
0.11994018080803602
0.06899887008375702
-0.04200696300409836
0.0558287485288365
0.013170175910787682
-0.1186154986017546
-0.08550691578988145
0.020726350039700487
-0.053634500671341886
0.39550492512801605
0.000983998176876825
0.122847143215739
0.006929742965304809
-0.02240029906763853
-0.029679713983652194
0.07006346122335193
-0.02028205901384476
0.0483152240613613
0.03432641825611293
-0.03686831482337296
-0.045456094872544234
0.1668674791558193
-0.12999769761277694
0.16027942470682727
0.003985324648229781
-0.2861843822330115
0.009843471278555947
-0.04636446352497826
-0.151900389729564
-0.007968835737523725
0.08751986324391696
-0.04945025271429833
0.12947061199812673
-0.2100351831046772
0.19487443651384923
-0.5934587205069927
-0.05565750740493169
-0.8970270946086866
0.00407069169173127
-0.3421587411777939
0.007464351009123622
-0.02026325551805295
-0.16210809768312723
0.004613985129063382
0.0773975863865709
-0.10266187396058116
0.0800415868151215
-0.13002782001711932
0.1869173698163549
-0.5973219762283047
-0.004883369787423181
-0.5849344874745781
0.000180203192092944
-0.6065374481393264
0.004279095843649097
-0.06796502622017764
-0.29530116565619213
-0.002345127097076765
0.11354259223324724
-0.20492648136494154
0.15484012677137415
-0.138364077295715
0.17930005777200306
-0.9436349636813534
0.1642204680608154
-0.9067545224165836
0.0005415964419308388
0.24860494324532567
0.000794202479383258
-0.03774200193586734
0.08923361402528364
0.06790141864188562
-0.036185915645513794
0.06349606482203575
-0.003222814267278185
0.014756939695005057
-0.07911929727575553
0.4345343019073581
-0.12966826771664855
0.4378469274479997
-0.0009432062611766884
0.2627696173779425
-0.00559015593586541
0.05860991461206779
0.10980500671441848
-0.0006502014230367367
-0.06670840050834942
0.06449106230835384
-0.1026457067814268
0.19924180488759274
-0.08718879506132833
0.4953229826044836
-0.006313496394171726
0.5526841182876996
0.0003222587324227973
-0.08525088593767496
0.005416568501021069
-0.043082247417667065
-0.11512107498324366
-0.030758477617447294
0.0518708034210464
-0.0077761051645066324
0.09907258446797973
-0.23543278161681788
0.0308365064671831
-0.15572475584792597
-0.12537437304488366
-0.533309408970511
-0.001380097922647328
0.39409457753604116
-0.00482513671368432
0.015993905712064164
0.07793040975673238
0.010617939089213655
-0.03501875700186532
0.10600198744419613
-0.055476425309646867
0.16551018106805301
-0.08860490018687953
0.7857150510418096
-0.18299886981116542
0.2363270905382413
-0.0007043018902117984
-0.23806967009913435
-0.008114270565055681
0.014051793314729714
-0.025747501656884803
-0.07099995195892694
-0.0046346998124501375
-0.056645859217433946
-0.018250747324055003
-0.046381009240895416
-0.02997679000847737
-0.518251898968402
0.2105274292077772
-0.20445655504601137
0.0007521734575474343
-0.09941166380211273
0.005522782407266964
-0.002554058018207431
0.01237354373248699
0.10045649039099892
-0.01889996974005357
-0.05320827911348436
-0.03538389842849961
0.0840995974258676
-0.009415192280949726
-0.12104558148088311
0.12829837716802248
0.6202837530307523
-0.0023108770396878405
0.21292025719874896
0.004318900873245121
0.0441404425520313
0.19294580573303277
0.05854688786870453
-0.057867149602662774
0.05561990699939859
-0.054290432887948256
0.1419302668263228
-0.04025984277657407
0.3450630092585412
-0.004066994106727913
0.36440783017268574
0.00045387405620447955
-0.30434264489676616
0.013963645124488307
-0.021418900315143062
-0.1755299997067419
0.0746236584352581
0.08565022786660824
-0.09709730226661172
0.12562248969722026
-0.019363852442365208
0.2640697291637635
-0.5076017474479679
-0.04552229374338827
-0.7559481464856048
5.6997029770833385e-5
-0.4578643818971867
-0.009653734035650665
-0.03810027988065213
-0.2005638553662713
-0.08798171686810054
0.044723730228936345
-0.14162784268813564
0.012011761882220291
-0.20194809793552804
-0.03344724179391275
-0.8016983712021708
0.23685470150983395
0.05569763558266297
0.0025762049239959456
-0.008512931139473316
0.0007996393901427841
0.008212993926639432
-0.08352366306578919
-0.07860534990371199
0.05749532998193063
0.01177312451724569
0.04338102232415232
-0.09189014643593642
0.04862068945281932
0.021257781169507904
-0.1526433212812648
-0.7537584599758534
-0.0023462791849822797
0.1339222674586271
-0.012915737092719683
0.03974259622315894
0.11873768002381835
-0.017794525837289642
-0.07439932397869145
0.02911119861556334
-0.11688033918377501
0.1895507908838069
-0.0895777515533796
0.22753833543631835
0.13942586276834118
0.5576560881844558
0.0014708506598773482
-0.3022824974652881
0.0013476303785055072
0.016634101417510722
-0.07262776518874624
-0.02275403414230508
0.050975526095237776
-0.09962546422618931
-0.0013107404961903459
-0.019342268688252878
0.1371379295962704
-0.5215942192078097
0.10887797499489169
-0.2426205634908731
0.0027694468999474174
-0.24292150155449999
-0.006252424556633327
0.0314040375235863
0.03748679366293151
-0.047636463385650765
-0.011730609479130884
-0.07556919079281794
-0.08760339672795282
-0.022625099034332023
-0.015394051898935045
-0.483649594731838
0.2593604574119761
0.35874745820287757
0.0035742349065806555
-0.38701897020547676
-0.0033062532520219123
-0.01702152895130194
-0.15682872636057035
-0.07518946248231995
0.07435899952638125
-0.11020101123906893
0.03175319556614132
-0.1572363381345863
0.07383253060464197
-0.6848418033725416
0.09853586511075338
-0.4995150173045113
0.002919316156902828
-0.1989717528988829
-0.007600740940305297
0.03681593421552247
-0.029698133219217753
-0.1407660208413297
0.022457435542816304
-0.048447343957423464
-0.06682329437391016
-0.17040872722861167
-0.02856530651163758
-0.3779564123017578
0.11170063606119661
-0.08179642964107466
0.003920662347979993
0.18368502767728773
0.0037116806575896704
-0.024671694728051533
0.03377545720697518
0.0385239164919867
-0.028926386466034938
0.06993122214873673
0.0764172800165965
-0.005950419770845965
-0.11593226403756142
0.25852039680607797
-0.11999983553437274
-0.17088110897200406
-0.00018855539914055278
-0.18976910251563847
-0.007016933358536515
0.00383667190116402
-0.10720611762019219
-0.050773094257177874
0.03152634266117382
-0.0658589421724006
-0.03485098869991209
-0.004708439709383937
0.058139991197155544
-0.2702553862809973
0.10085403960680998
-0.03353026808170329
-0.0012382529345399344
0.020307557169241743
0.001444154229829419
0.03128889504354796
0.09012789468359958
0.03934892008800067
-0.028577289084734836
0.011532839469543258
-0.025028037155662656
0.1526625249208784
0.04097717455466071
-0.03899915630872776
0.0804936890698217
0.05492827514311718
-0.0031399616211164184
0.026275939582813407
0.0002033374329069058
0.03674973602980159
0.08030257267626248
0.0704274170506224
-0.030172190502005865
-0.015277301078123052
-0.09678331847028637
0.18974106389493453
0.07781909022379956
0.07993297481810212
0.09363792323233432
0.5314559359912259
-0.0016251655018786305
0.4092716341960539
-0.006916465879549287
0.025774209005031974
0.1544744410237716
0.009507854508455859
-0.08128859531416013
0.12022662805169917
-0.10106174808158949
0.1150428048586737
-0.13870726796507712
0.7183959153465107
-0.09752010498884489
0.7446975325627441
0.0012530452210835754
0.10761262687174131
0.009472939540546925
0.04066634720164531
0.04960605715679966
-0.047568667872125964
0.033869959247879645
0.0772597600969791
0.06980587818586674
-0.03175834713167525
0.09305573995693428
0.07064666202908526
-0.1927516691427824
-0.9993497700874246
-0.0007827804862010598
0.4785630408616524
0.006684851400966748
0.0005992955941194737
0.10516816905884707
0.04859360770583533
-0.03426010929613862
0.1426876033126785
0.010797710250709249
0.03076032401782223
-0.09567384577437017
0.8884973288524829
-0.31441521800976585
0.19523254154916703
-0.0016875605325916226
0.32875068206133906
-0.017539900748438995
0.04468647935994825
0.17295944465835658
-0.02643194628837701
-0.09685788281198865
0.0767456407902578
-0.17461594109667625
0.23751739492219065
-0.16083856741638813
0.6192049989399083
0.08127072531532063
0.881529881443535
0.0008959277693945668
0.4821069183267089
0.0012877647498104796
-0.023375426337532514
0.137148774814755
0.09292194847992176
-0.0788764882701864
0.1334809762007222
-0.010397179749622601
0.13420211071905655
-0.16273093514902082
0.8998086692670296
-0.17385435032450625
0.6553299176945114
0.0002721646449027694
0.04841980834880676
0.004679753360518446
-0.028733727774061447
-0.03505433521210117
-0.001318161523898956
0.013291343235894855
0.0250599898568556
0.07959952135317665
-0.12651764817231925
-0.009285701658994087
0.0840156364360385
-0.11212382479215867
-0.2644219673605567
0.0014509898999130048
-0.11856081076580197
0.007563950873017977
-0.014738823552530807
-0.06014046769400638
-0.022827801814964636
0.034288623120808694
0.0036766878733789747
0.11057742800439486
-0.1679049664320637
0.058988757631500785
-0.3465993342295762
-0.05752426850016525
-0.6713964875563044
-0.0008619143389266585
0.013826724309348906
-0.009479056160532075
0.059111562654479255
-0.0007632276484487589
-0.04914885963918517
-0.01656656409038395
-0.009653435362285504
-0.12259268921649961
0.15110561629185845
-0.015199016472374883
0.08309517171017063
0.09755043980304455
0.3699935882294121
0.0012666124253183301
-0.3727837344332175
0.012041645520007992
-0.06075235458658473
-0.14081640344506544
0.03170038491818599
0.06881859077068875
-0.10836094634409876
0.12142336978865931
-0.2808440612999425
0.08042040787070143
-0.6668146387173669
0.03870003322528585
-0.414083196334253
-0.0009214226867828817
0.12845912249615565
0.0037568960650818015
-0.024281602598710397
0.04492620137345784
0.07082570012585282
-0.02747619664391226
0.041225707438723926
0.029292398047036455
0.05530467540192435
-0.029087862856184598
0.21266759703441032
-0.029434290416183034
0.3528603789249451
0.001956088105809896
-0.29295624178213553
-0.0068299226977480585
0.019779272475892493
-0.05740352249635554
-0.015137234261038818
0.0059666007904147274
-0.11754664923594761
-0.09288069110161694
0.03686267484642621
0.07049045934173019
-0.4482592565652441
0.24384871377378448
0.45708295445584285
0.0003606318313494091
-1.0119221193471974
-0.0027142781784086738
-0.0017926993059676666
-0.3052620166967551
-0.04837699387924109
0.10656971034220183
-0.3144752783240704
-0.005782514753998071
-0.09874422396530791
0.32510785583326723
-1.8011518467932945
0.53386714710383
-0.053893526178946376
0.0013693189153979044
-0.24042631704720585
-0.008387196912278566
-0.004218721001778779
-0.046013795128622734
-0.10744548851424762
0.04778102559933246
-0.055208266610575894
-0.008794068968965792
-0.10198331508561269
0.06850414628445219
-0.49378248465891095
0.09411970904320262
-0.5056071049251858
0.0041779553083093595
0.1514674757673415
-0.0003775226202419038
0.034840267057266484
0.051695768491942844
0.03702252151527538
-0.016712275458659127
0.03665734173030009
-0.07312829692573908
0.17923271975147492
0.050069703161487455
0.3202567439235931
-0.044822765936658245
0.20975166366690343
-0.002012547869755416
0.3228464517693721
0.0075547486605742195
-0.02530732055439167
0.07593306714434672
0.12877669582469825
-0.039268546574837734
0.07626750642823686
0.021008339813591407
0.1514590176144915
-0.05532912179430168
0.6565304530967223
-0.15188068025303353
0.4027254910382805
0.00027935379120975064
-0.11077167701308784
0.010966787694695168
-0.004854488383278386
-0.02636373588154825
0.08841621970492813
0.002124939466545578
-0.04884716175147302
0.0420959555920584
0.0005008047043776777
-0.0033551334390538876
-0.12621506744963937
0.046719675969700294
0.24815314857518952
0.002740435806511101
-0.0889735347774167
-0.002438865816497219
-0.022672842211743323
-0.026551706395834804
-0.036270425702768505
0.026694836267108883
0.00010378176872283205
0.01185242389328667
-0.07405603642379915
0.041422023844183635
-0.25509301570591736
0.0034600412188901444
-0.3245939856181525
0.0015154079179992154
-0.04155481769527534
-0.002050294105357534
-0.005779336272636108
0.0088321521307254
0.03915690257293383
-0.024387968317802426
-0.018879671816777424
-0.013154422993919985
0.09561963033361955
-0.006308502250617795
-0.08491427795435191
0.11172398895536192
0.2593327272220297
-0.0021813194746326064
-0.10224466479141033
-0.010929962441596823
0.005068466472806598
0.01673972549523676
-0.028346458290252438
-0.00873437024602456
-0.07411582127314512
-0.1038368340256357
0.07123244110468968
-0.03241642040426837
-0.01764156538751622
0.18915272434629063
0.6185445122615774
0.0017861766638422691
-0.26594260011899307
-0.00737826409278867
-4.786766552211821e-5
-0.016350692598488613
-0.06188191387927539
0.01682099619521141
-0.07577220735196943
-0.021035683234104322
-0.011209106222996269
0.059063169432418905
-0.5079962344079302
0.21724786205453195
-0.06831349450481403
0.00042596922792660923
-0.2610044756850142
-0.01154042516935265
0.023605699877316297
-0.14121882132340616
-0.07297652253599246
0.013125033076985248
-0.11967495526883208
-0.04970652396320103
0.05366492876345041
-0.0008958395090828409
-0.30890399977841276
0.19944505078630792
0.19572551288158652
-0.0021722261671190063
0.2760481772793302
0.011160686342668761
-0.012435158967895132
0.1156129065346251
0.05238367543989661
-0.012830352946912272
0.11804503954961461
0.05654487916206685
-0.055017170144080474
-0.013687335885964111
0.36634891034359485
-0.22154288746650783
-0.3023410425831641
-0.0028791078123753203
0.19261703049744783
-0.0011753980226948124
-0.015800294090502005
-0.0007695252760204982
-0.03803904656850498
0.03465478364983501
0.04133451378561646
-0.005936162646097006
-0.07532784512269329
-0.00491939854046849
0.45183540374831627
-0.2355891713780236
-0.1710022252988911
0.00363339048821917
0.025303331381823106
-0.003921857139340938
-0.006437546669241937
0.016545400569259548
-0.017519478574550024
-0.010224820812807676
0.01705360742194276
0.0131832127913055
0.06810698363971715
0.039204978902283805
0.013397184881229877
0.017901355417446377
-0.2295215212285796
0.003952549004196581
-0.0778090838150772
0.009229294921323773
-0.03794665225360291
-0.11298901151895133
0.06549175054738399
0.060574430781923205
-0.019036876208503577
0.10490958839537103
0.02867018526923638
0.2531734261723678
-0.15118373059582174
-0.14117243149433045
-0.6595092257193517
-0.00041937045424064013
0.07074017781038913
-0.0031151661364114134
-0.0036594501284546565
0.03953646941235447
0.0005273009070928923
-0.05044248507635271
0.041470238434232275
-0.0035663238646418067
0.00931741715938372
-0.09845691113479205
0.027004864912014485
0.08021931971076092
0.26321048086473675
0.0026676507063419304
0.021582446690959226
-0.003455002105973382
-0.05047660283889087
0.055402008606847186
0.037657935977370355
-0.012433467214482834
-0.007617894512165954
0.012497155444750269
-0.006656984627862964
-0.04029227080082121
0.03663611940687448
0.016316533496656696
0.23074603670234634
0.004188598180322198
0.1573884939162721
-0.016049423374266576
0.07894062529955145
0.20923710805852225
-0.10319281880082971
-0.06620433783723957
0.05457460242676074
-0.18988175037767097
0.1426523721278879
-0.06460350641845101
0.19093479237315303
0.14277349499059555
0.6068799748061158
0.000543189780515222
-0.369653782936731
-0.009814556009602743
-0.02879583004694196
-0.21307781990248456
-0.0807634742420733
0.04184066331985718
-0.12870285446249619
0.0033799568538514088
-0.1447075903584045
-0.0027664897805057868
-0.5427822171588441
0.18839529942470878
-0.049212199527484415
0.00022353684080364436
-0.18755809952933294
-0.01071591159562928
-0.03716294612736116
-0.07164640088445283
-0.022457824986711946
-0.0045827804065380695
-0.07086025001503117
-0.018510709155568596
0.039393801004594275
0.020571948953849475
-0.2766560942277157
0.2170620233866446
0.32675069033790105
-0.0032067247653019514
0.07739529120327787
-0.02240816605548464
0.010218786877652918
0.011427667234540402
-0.06712336914285705
-0.07256168208077378
0.009887516655195409
-0.11798440961522239
0.1942253976087321
-0.17733009381287754
0.20259226947016798
0.2353441870226512
0.6359731135231786
0.007807029095607912
0.3756213092580242
0.007182177820225162
-0.01372521147791494
0.12107587554432846
-0.0003615896462389152
-0.010272377473839155
0.1470820046071694
0.08508362339418693
-0.04455041759846568
-0.029697498211870003
0.5115892776395673
-0.33787974313785823
-0.7194081793920646
0.004914567165439353
0.05315985194906489
0.0031451108959872384
-0.037992634268326476
-0.07495244601067794
-0.03341395078778789
0.027998592227323694
0.030684283591390537
0.07356860952583294
-0.22101104187582232
-0.025394757815165626
0.09071220509915609
-0.18527151139824619
-0.29605139434824823
0.007486129299240533
-0.08061199950639261
-0.010169774506851798
0.014340192915179578
-0.01586072307665406
-0.12154118958126518
0.03280001252089228
0.0038149752905400985
-0.0444487916322769
-0.12462120232639749
0.053316025581735246
-0.2176305695019714
-0.01729117511532652
-0.6133710860450547
0.0031810933261624402
-0.06772133931738608
-0.006678518655998861
0.05359815691157034
0.11276608423750918
-0.08365885262418106
-0.00475842972217306
0.01775673754485899
-0.08153160608262794
0.03186609784216712
0.07962617384112634
-0.2917017624185399
0.15104999255502288
-0.24125626085486004
0.004943804846890225
0.3660043466571274
-0.009137369138365438
0.016970720613298365
0.050686805161008534
-0.026958407793817734
-0.07383298065971299
0.14427674775246307
-0.06109293227376157
0.07138144510729899
-0.12331254349291752
0.5150713291565601
-0.13076964779161196
0.2870953650491053
0.0012150502855052096
0.7735023718312609
0.027582060781229534
-0.0749051245221126
0.29336659513404956
0.18455136351463297
-0.07009981241390613
0.30865319532313223
0.1527242086876043
-0.1839191598244557
-0.12682280451042624
1.0311036636613524
-0.5843594971623786
-0.0376340066824265
-0.0031473192369497107
-0.29460744924731536
0.006345624070737597
-0.028647143985615516
-0.17959935714093772
0.03247114590809066
0.06641224521517117
-0.11937137680013772
0.09092065103247103
-0.043651468687437675
0.14045204319763743
-0.39775064522207615
-0.0029207293168982506
-0.2842032721023116
-0.0049338256396617855
-0.36655689288032034
-0.016726500344149766
0.011136443098011626
-0.19187918454954025
-0.17163059479564347
0.057516745964278006
-0.14941137750617994
-0.02913098747496586
-0.11932100900475028
-0.08286061164959985
-0.4382489359954952
0.19532463296911426
-0.5314837050704128
0.005859574309625758
0.24320306269397943
0.007294849152302368
-0.038957538257018955
0.07935890158712317
0.01990660611835248
-0.0013201130145234067
0.0987886292301455
0.07468630264562823
-0.1510855391813695
-0.09655412943238749
0.36810440350195095
-0.23665981301052286
-0.2907931208050649
0.0008783576571481203
-0.11481827294707019
-0.01939860707385923
0.12394899543659413
0.015009710010856783
-0.08987550997484695
-0.053327466155447395
-0.07418539701558018
-0.21453826390656638
0.3546517746680668
0.009520776342021153
-0.0988546414073472
0.34456826793481937
0.6712321061545519
0.004746757808009404
0.6216103172880554
-0.006997971491007586
0.013473423934966991
0.31946209269490067
0.03440293498136145
-0.15182108014191298
0.22497344154247612
-0.06133506794887631
0.19704842937235104
-0.24009859161404573
0.8675989824391789
-0.05641611024302036
0.6870347611566625
-0.0017053087884670553
0.3209052384096298
0.003171572937181598
-0.0007566318561509019
0.05894247616953593
-0.018209118515035264
-0.030889204349641736
0.1700282590841118
0.036864662502416844
-0.09288533949531978
0.00097217148395097
0.30440547471003393
-0.24694424038509766
-0.2111639857281526
-0.003487939510761465
-0.04787257621516429
-0.013154492902480478
0.025167144897066205
0.03958489499524675
-0.1154297363204918
0.0009655487043315938
-0.016357043819439858
-0.052320196229332816
0.002449943025041842
-0.09785285762652167
-0.02924761144672366
0.13652185215232132
-0.2547361800183626
0.005265410153749355
0.22424744297867155
0.0022304214675541245
0.018056662140563694
0.10501237833120874
0.05739979745774962
-0.04532130892286199
0.08193887055913672
-0.04451928487137482
0.13783985515245653
-0.0002563572229386901
0.29930666796047006
-0.058002637216324406
0.2387734767989197
0.002040897308757285
0.6134394224168548
0.008460121902097802
-0.05559244643856582
0.14662946681682082
0.0022478930434430998
0.01365535574414444
0.23757074010789875
0.08551361023388031
-0.19387652160087035
-0.0572778917929146
0.9614276571767075
-0.5634868281241153
-0.6842259871384929
0.0016301774337309806
0.07018760602512879
-0.008271125569631568
0.013180814647913965
0.011683989336717708
0.013011696932834339
-0.07647342097984103
-4.1055738976464384e-5
-0.09040193342889083
0.11408028857801032
-0.10277866137768393
0.1315930969739173
0.13805914281126672
0.8809612230368522
0.0007901175757569191
0.40755487643240895
0.012038250571179056
0.05204126593123671
0.16295578247319642
-0.0035648817667577725
-0.014916147896415244
0.14766109311724473
0.02330809519669594
-0.022892781860593125
-0.038691918582417384
0.6003461195186097
-0.357306806744068
-0.49954099798449564
-0.0018212225240662565
-1.2354858254580943
0.0037869293013990057
-0.029610699672070768
-0.40172308893114
0.06135372648548464
0.12337223456025284
-0.44893541165774276
0.029937615200569246
-0.08921862892809791
0.22334473475131367
-1.8764815333040699
0.6667162390153304
0.10203842258127069
-0.0033773892379184937
-0.20618763293370415
-0.017400423720205033
0.012925558650178791
-0.08088703413515076
-0.04378216168658576
-0.002751198482691297
-0.10766211360232207
-0.12430174906724235
0.18819885610166998
0.01367387732017025
-0.19930292163502428
0.2855369576536738
0.5225625128498442
0.005711592264587747
1.1009667436660207
-0.007581452530930324
-0.0672102569166225
0.43359053882655124
0.10317343375730349
-0.1988892849678337
0.35627551807468283
-0.03978338324209255
0.11477584916733105
-0.5341340332363064
1.77862888594634
-0.36333138532756265
1.0504292099620274
-0.0005964655416822405
-0.1003478730296382
0.01420580961585211
0.006730667397537444
-0.016072881777731234
-0.030275835061796184
0.06283965196750695
0.030731634396295688
0.12239170720622469
-0.23735051096006737
0.0673053704573771
-0.3915954790974348
-0.13956853671281436
-1.1013216329671425
0.0006048459389907917
0.7677611998703174
-0.011410424954790041
0.037348078780496216
0.315042484531471
0.038948448946891395
-0.09324855154570082
0.205385493382745
-0.20275780515938524
0.3276160152632609
-0.07720868106803867
1.376373628421983
-0.2751704260592662
0.9097600905986104
-0.006868354765172556
0.48098269411560196
-0.013817202822948033
0.08372120087730953
0.12974658011806076
0.0013913360263188726
-0.0879324839454734
0.10998966936787324
-0.2186797773828784
0.41371113628164197
-0.013162220499123429
0.9462834258162847
-0.04235245809449611
0.9282499235282584
0.0014607512276744413
1.0783433091413583
-0.011525779405171195
0.023688862322147293
0.36036139922174837
0.03273917426612343
-0.1451414492083972
0.31550097054144377
-0.14812194169892734
0.29685828915848234
-0.33904452520193246
1.889475785791393
-0.43412967678188036
0.7503906776907592
4.641793682374359e-5
0.25640080684689404
-0.004428618226588317
-0.028448312154622835
0.04889474826549428
-0.03004846694822035
-0.013892741616186715
0.07546690891573825
0.0031227010110656812
-0.018065326727081884
-0.04953590215193251
0.44102848762188807
-0.1746243745122881
0.002478050445699179
0.004581127131758093
0.4296370536847206
0.01966672642855842
-0.006581293509674053
0.18182876955548694
0.11406786664131424
-0.0003334277308064832
0.17876451632567808
0.05763756540714789
0.012356032315445005
0.10606642164252587
0.5868999154098063
-0.39898618851720874
-0.3086776492441125
-0.005005030586482966
-0.3957311125269924
-0.020838600635863725
0.0378889683366314
-0.16467274376594143
-0.10024069558732027
0.02496331019319635
-0.14671989628990495
-0.11865634581730858
0.18207378547770284
0.07318996138981114
-0.5558329957999593
0.3830383171189385
0.2095721826168484
-0.0028080611115558914
-0.6962305041477299
0.0063834049071250015
-0.029618305748407164
-0.25234163517023
0.05322776024782706
0.05525710404420461
-0.2240080002714421
0.06298307474261061
-0.10197430538409719
0.15701915772208078
-1.190087166767965
0.38476913447092015
0.049647246293390485
-0.00367176459138748
0.38654244099003937
-0.011720317918714267
0.08546555632753018
0.2490901611576577
-0.038959796740553235
-0.10182051288390656
0.1376639906538087
-0.13345044754714783
0.3113916048033822
-0.1659975567837321
0.5630537398610714
0.06008200663455228
0.31941963792164013
0.002089486903848823
0.4885662811061284
-0.006395380033345993
-0.050801301420802386
0.06198366286932512
-0.22936571933354138
0.012972617013411748
0.24778530903589738
0.1561558805083733
-0.46185375300291354
-0.227801216329407
0.5636844707046172
-0.5223888576565517
-1.539509215670932
0.00046768339136216895
0.01900622088459115
-0.003093265842598506
0.07503147635469438
0.052140037294584704
-0.005708759232824957
-0.009427100703247891
-0.03256236666491373
-0.09264452122199807
0.25366219440121784
0.08833083939412716
0.11007323346947237
0.020006923193861808
-0.011638573708784388
-0.0040338693779064195
-0.25121490605862085
0.01821299049131977
0.11787439223698036
0.025104412065925032
0.23621900575135865
-0.07365509307996665
-0.15178447576099402
-0.11163974001536907
0.4507055466221742
0.20098117770409044
-0.2887533729170304
0.3930617516980449
1.3461179822440197
0.00522891870775933
-0.34212788843095665
0.003778442556929618
0.04523154516916783
-0.1164634731326772
-0.06240087155762402
0.044902446572092844
-0.12070923975492388
-0.014941389538644436
-0.1700070378819839
-0.015357911184075097
-0.5278836642602752
0.08215358617250423
-0.09312539483200079
-0.005102053510947738
-0.5257388308438993
-0.019333322513583592
0.05378254029898046
-0.17121437454913427
-0.05088213522243346
0.05512213986275259
-0.23952339727989147
-0.20171444008324296
0.2684690280300016
0.1967311038905854
-0.5999627489233561
0.4310981485441497
0.6657173068510389
-0.00014540411031993273
-0.24048405788854152
0.01107759861920734
-0.047480780893312174
-0.1936546214639311
-0.08805711291005873
0.12656027976180764
-0.035368187768089
0.16366554263918834
-0.44564900445254957
0.08313938099415116
-0.43248730365397975
-0.23416821280788933
-1.2629257401634257
7.242176333067456e-5
0.09636776661163575
0.032352557366733266
-0.015643341574802735
0.05727892639754287
0.2847943055624305
-0.006325480420931853
0.019370795759325446
0.12889438810492107
0.16725094078407007
0.11488716348613566
0.09777475545201406
-0.1684666126688057
0.06399532856191187
0.008793977166531755
0.6597827023289365
0.001412804088457264
-0.015379661259684109
0.21460576195985587
-0.1293398409410841
-0.0009604003699829669
0.2843191213389012
0.04764039306703455
-0.24868807243468044
-0.12581411904992004
0.8893864483443435
-0.6031493531692675
-0.8116054301877572
-0.01045706963203597
-0.5095956225847058
0.0007292074462475455
-0.028458742137357888
-0.188558823047361
-0.04899321574569021
0.060248812562271756
-0.14112377654674918
0.07296160109879385
-0.26027731210567556
0.08651499410046887
-0.8046221783356471
0.2681212322805953
-0.3005031920370294
0.0024627105342253383
-0.07905783349624929
0.013081387871441516
0.0045745931678466386
0.033100304518513556
0.009967873411551177
0.01749626307718791
0.02688372560541842
0.09741013067676355
-0.12556905300303856
0.06195355349724773
-0.4108393025329563
-0.04530027892268743
-0.5302000978163036
-0.0024651945709677956
0.6408063267429597
0.0021420934093751526
0.029283862701990307
0.31790524269018017
0.16023670916343208
-0.12243770934688086
0.16145627995247458
-0.12294712105839298
0.3677613964961759
-0.16808924515476273
1.1844897739126663
-0.12252879466315986
1.1675837283370407
0.002536848185836581
1.0642496812928812
0.00033004613104521056
0.05472942742845344
0.46306486750317527
0.08133694893682628
-0.23779652951752409
0.39751087358156595
-0.05112534377029692
0.347040791707672
-0.4108339309014651
1.4285556994388617
-0.23593612531414684
0.8646780031315465
-0.0019519530157789664
0.07368574574373613
0.006271233158467237
-0.009256184000263852
0.1648134752156026
0.20453123405642734
-0.10944237042547554
-0.008650260440987548
-0.015811488830479704
0.30799497070840626
-0.053662008791750065
0.0775634523096081
0.22944407167895736
1.3062147813581355
-0.004038183933068584
-0.13778947239738998
-0.017084480574430534
0.07409336925218518
-0.11819375680879338
-0.09427154863631998
0.023002759733686953
-0.0825860385683668
-0.12267658007334596
0.2753253125874216
0.10496399431317172
0.017097315725182662
0.16510145300156853
-0.38721106649221376
0.006092019054930174
0.12017344745558373
-0.01018869875646006
0.07411888030200221
0.10860121663570138
0.03419561210028376
-0.07333346774430251
0.019234470340949723
-0.18902068232033678
0.3702398051956324
0.02538495490298389
0.26770166587513583
0.21268725651354686
0.8755317510137205
-0.00421395915883258
0.18873483741321392
-0.004739589951141443
-0.018468820165369357
0.003983157686918436
-0.03692542415287667
0.014643773951603134
0.03440372962776573
-0.015597487942494223
-0.039330712206603224
-0.0161252572729875
0.44755236548201727
-0.2044606141467088
0.023466080138031965
-0.008219790043822187
0.3999421418174489
0.001546052799958327
0.009441054939256871
0.08362104228245555
-0.08082270890409293
0.006927528464295414
0.14813190021493122
0.03511420110122954
-0.1401048460813331
-0.06749252606844086
0.6483087909102196
-0.36736604605031653
-0.46607300276555486
-0.008414280917069004
0.8063474371499989
0.03202343989895655
0.0010568714834150734
0.3235711385180215
0.15574364721469586
-0.0863829077765366
0.35405928594617575
0.10901610470102245
-0.1476760517759641
-0.13278046968614907
1.0273708810218005
-0.49493548511281626
0.28579053220866174
0.001481800182527387
-0.14022719918532564
-0.016621856426983845
0.120333708782824
-0.11240147692714195
-0.14601107004187774
0.07105911395114678
-0.12259884176687456
-0.19864967976892525
0.2365001593626706
0.1178392968384409
0.20415745035652436
0.030469815397100836
-0.09923740057362572
0.004212075956156868
-0.33104999523176926
-0.009187905765744546
0.07163050550463282
-0.09044707045619971
0.01178829218993867
0.04517294835378308
-0.1923251915546266
-0.18146964992722467
0.2968252398901957
0.17700491121257475
-0.22423500186349787
0.2515762087109051
0.49965283132790506
-0.004347922551618173
-0.2197982884125928
-0.00456517876058705
-0.015824406051655974
-0.02737021638864744
0.005132083097981717
-0.03391327710483079
-0.04138605339597234
-0.007689247115502134
-0.039621319908648374
-0.1654254583798145
-0.5193810716908219
0.2823626430972937
0.38027764009728304
0.0030477645434281372
-0.49140835151796114
0.013845437000837185
-0.005815162252366092
-0.11966768673628635
0.13682872116514394
-0.008184176951851405
-0.14032793128630938
0.018383009174480353
-0.018203910838987942
0.1490964374992633
-0.9718646153788781
0.36053099160488683
0.840872871807564
-0.011629768459531013
-0.2851386379926445
-0.000697604474410157
-0.009446897421568241
-0.21370895612728646
-0.11202750300336349
0.09257223668007938
-0.11484905766394833
0.08176148169886883
-0.2351692074164663
-0.04904054337757386
-0.2450913847828305
-0.05205197450040323
-0.8480270956694531
0.0022546828224436744
0.7220013836176078
0.00352511145396623
0.05307246400190824
0.3194077679578523
0.08685690429170868
-0.14131337316612463
0.2523020236970039
-0.05492178288295131
0.3032537543194386
-0.13850508688407212
1.129252835989011
-0.1646329732052677
0.4753818559213278
0.006596417927230626
0.7632102331096982
-0.019139311193235607
0.0020700392882899766
0.23591165002427386
-0.07181309749676029
-0.12280206390260473
0.23945234519079342
-0.032361041680617576
0.15218149358291155
-0.38228759620407465
1.2771392627619642
-0.30177509470334185
-0.03474957706668234
-0.0011368758541970643
0.36596393295002144
-0.003478557456800223
-0.06223255986509092
-0.0399236996293997
-0.1385602521917249
0.07142390700365922
0.14763085845852955
0.09776495192050236
-0.373073444962456
-0.12325480227643307
0.7821046392339787
-0.4625347587615999
-1.0621203496374054
0.000215778238834325
0.7088031270205823
-0.02395460627004574
-0.03812868990976792
0.14178820562698355
0.03904080543890952
-0.14756008569214063
0.20336063317500633
-0.10440101447146788
0.442886188520631
-0.2523097110828216
1.3593926585429044
-0.01792580834676905
1.2759093121370744
-0.011085324251101251
0.036809413202163
-0.006530463277679318
-0.052887065941510436
-0.1342594890783195
-0.04068160357617873
-0.01590298700516068
0.04742354710308459
0.03465504531755294
-0.13714519326482716
-0.1478665151613594
-0.03102801599259956
-0.0011632645499622342
0.14286960786742053
0.0043004694956411595
-0.6910891905273095
-0.02370807901720663
0.026488401162646606
-0.18324209386856194
-0.20726430737941998
0.03952628056070286
-0.2302948111101407
0.019745602601646057
-0.0313413839233443
-0.07940918581987699
-1.165529900776116
0.515221453787423
-0.7802088715832355
-0.004271214356948655
0.4804919618460351
-0.001958931699978932
-0.0947624156623586
0.14716823783610503
0.02855115732325427
-0.035693755960164525
0.13544575018127755
0.04231706987282815
-0.15221929320106403
-0.23023181298079715
0.8204053152075024
-0.302441958636627
0.3676059537191073
0.0029561323243429
-0.9012313140101909
0.008882096863729795
-0.04534254973215615
-0.4404652031855493
-0.042813116946998304
0.10949670559625205
-0.2915865310227794
0.15677021715245554
-0.40578973250999
0.12357655114341233
-1.472454237605963
0.3036375521697631
-0.5153589554180694
-0.005307991353681568
-0.2116521391711329
0.0030789149189043197
-0.03031478760605453
-0.12787900441628394
0.09529767727516168
0.030292214258408647
-0.15060640587420784
0.06755105279806978
0.14485959609687915
-0.02677796465108493
-0.023013660976832523
0.12761237152549823
0.118434355348094
-0.003178319899300494
-0.34541338820664513
-0.00301664765944783
0.03667085478531302
-0.21143081720966833
-0.05433277686220397
0.07310229445876737
-0.14919722007158007
-0.04247289681527617
-0.03356170978755906
0.05187507942591082
-0.2996508666990191
0.11069226726056516
-0.0785419694436212
0.0014720516725400142
-0.03730876262440872
0.006178005419572541
-0.07071031962884301
-0.15028241871771894
0.10072801158736372
-0.043491351338950844
-0.07625051570168001
0.05119612591345727
-0.213572085653674
-0.2294127556479917
0.2516116005230668
0.03520202122662514
1.2076664730003923
0.0033550236708654872
0.5466810181048518
-0.009856198326619936
0.003966610357817629
0.21565059864204078
-0.08902163929606335
-0.04012384044600369
0.20240966219956003
-0.08492870999202906
-0.11002394294639015
-0.14070849105731342
0.7739954393448888
-0.3398094572226493
-0.1433080928150793
-0.0022965765280837055
-0.572717583554471
0.0037895005196539357
-0.0511607785439346
-0.14313224654081272
-0.005707907820035461
-0.006353623345762646
-0.16418733719820164
0.07450283001787528
-0.4161081009471123
-0.19094509088730896
-1.0753728436906411
0.4430123884675591
0.6239123365983408
-0.0047200688285264905
1.329973346760803
-0.01996438567143174
0.050310875809471245
0.48013842209385105
-0.33902356116922494
-0.13280056698941994
0.5357394666315445
-0.11745479307255176
-0.47472421761624806
-0.6214223573099952
1.9648179058836992
-0.7259359333275288
-0.3050705090507217
-0.0030130569327450132
-0.7009144360570363
0.009147305387135622
-0.010311440725611723
-0.29140195262346535
-0.01349232347887991
0.1413580868967957
-0.21375759688168733
0.08871930901712496
-0.11764327803193214
0.3370298200519273
-1.1420290587438149
0.18220578577846605
-0.8043636772742381
0.0025798773771844355
-0.6113802846342901
-0.0063323972369964555
0.030790940723868884
-0.13805243787115
-0.13584077788675875
0.08778500139729073
-0.2004493820336086
-0.017967187731042503
-0.14060842410431912
0.18087148277916382
-0.9970922742306757
0.28627941840798454
-0.43125886506907246
-0.00095845487543973
-0.015738872674658427
-0.0055978796343260145
-0.002849457616183669
-0.06964354985471871
0.016480202672303296
-0.017012780999791508
-0.0058569663692141566
-0.048115043464480395
0.04782120580626011
-0.03421587887068992
0.09752359112297834
0.10898734766614838
0.5697885341106208
-0.009739203065685853
-0.7773959352731411
-0.004341860129058242
0.11707818355042154
-0.35661184346979
0.07318338776005262
0.009979480487180814
-0.3369142966848055
-0.1736219425141021
0.48120930100576503
0.29968759954098406
-0.9399876256512055
0.7008332647336566
1.136795283247079
0.0030789865242474112
-1.669459930685238
-0.0013135180889746688
-0.046397682607501656
-0.7991963036585722
-0.018106821944578643
0.1732987900440778
-0.627747236556587
0.0589855195868893
-0.32426518927152825
0.15354761250722107
-2.401014093805455
0.7688420844328702
0.23971770511306079
0.011631209864102899
0.02947059581370056
0.012240701377036254
-0.06436182484609267
-0.09642595467954741
0.3609922747309337
-0.04316035236680106
-0.009338351101639913
0.05975058228624181
0.6756558399492932
0.3711087591411971
0.09426649427387501
0.12169024472472763
0.8577231126778823
0.002043785829801314
-0.10461745361957192
0.002608054411437554
-0.0559887472380214
-0.08912445386222748
-0.04083005845067471
-0.020527631573599013
0.017319524141771618
0.0948934106440957
-0.37198927174747065
-0.2890711333162436
-0.3355820648886981
0.06151552197606711
0.13682476798539497
-0.0013267133805910498
1.0974268412012105
0.012855059319234079
-0.07459936546170966
0.3966438648209909
-0.090150005140147
-0.033047871832798836
0.48244500264244555
0.18259837019219521
-0.5641603409557233
-0.3234569261006761
1.4059192793520845
-0.8807238109271586
-1.20631179252866
0.0009971588910291157
-1.333793795702048
-0.009643680571041455
0.035103818033325775
-0.48411185014717145
-0.061814895215643706
0.18411578940924203
-0.5132866047446022
-0.07536688531806131
0.08893259742953671
0.4549271230727046
-1.8989775690228738
0.6531728983039387
-0.10150158567339779
-0.003155403730790262
0.2678906076810589
-0.007779630381059791
0.024954850883337713
-0.03087014574995297
-0.2604801817367978
0.06353467856033956
0.08903791682029562
0.004808968763130507
-0.4816400393018081
-0.2541326412383702
0.5097133155347124
-0.49170264766281246
-0.9974461782033696
-0.004405622921724751
-0.8816858089322583
0.007334712187545506
-0.2776793424276523
-0.5365690917368049
0.08388613867726456
0.12903071398997099
-0.290310748002385
0.3352470692408883
-0.630043267618224
-0.07663469356032408
-1.3072030881370125
0.24820147344050525
0.08372307916545292
0.005801049260063664
-0.2642531733254989
-0.005154283315136596
-0.13172577292336032
-0.15795969153834777
-0.0511808319722506
0.01019344338641217
-0.05204600081681191
0.1340129802633339
-0.4418264414596121
-0.19657415476248963
-0.5974310164308195
0.11490220151839686
0.24454353234406803
-0.003464895631546972
0.4417229582635637
0.010278003498517749
-0.004866716489177465
0.0686941301875551
0.022257186140349265
0.10674673989065994
0.13287500290680845
0.034928199321896884
0.12281455226459519
0.3720938421172802
0.8057921374998187
-0.6182581102053337
-1.2074516071444887
0.00015660112832842276
0.9845298338026715
-0.01711164232906761
0.1268160202449599
0.4747013985850964
0.0008138195595149872
-0.20555742315680767
0.36109397641545066
-0.29698958425204364
0.5739806744970367
-0.17793023522000273
1.4591182573696198
-0.07783229251091058
1.08968389648346
0.005230303040395923
-0.3494961451423547
-0.0062161258566598215
0.033584841818856785
0.0028955417936302537
-0.09213078628991934
0.05991730970923263
-0.1313290764603943
-0.04259286526122663
-0.0208472915981104
0.093193969265716
-0.5289007465405425
0.16050787544624281
-0.5591167520641408
-0.003982349597768192
-0.301804587499284
-0.0025001875864083148
0.034378876872342846
-0.10111221015974478
-0.16147703717237652
0.08778937393234292
-0.07490136004903701
0.026863189523112018
-0.18618683923045787
0.12384334336509802
-0.47322873284405714
0.02738222563358515
-1.0658036913034936
0.015687468910634633
0.5952359224877015
0.0005598319742384447
-0.09717214307230425
0.13071258455096826
0.16409693929492955
-0.17256288533316455
0.19002508857391442
-0.06851807941036168
-0.10138195534847996
-0.4579797452008488
0.9741272013242073
-0.08601887320948401
2.1826483931220313
-0.0035130481291968025
-0.034280067541220594
-0.006759199451700794
-0.00025051951690939473
-0.1439904020107406
-0.060306624617148356
0.026857518298773263
0.0006704563756312689
-0.007002004320883881
-0.09213022064745696
-0.08507162299156978
0.10019605864432425
-0.025905299088149703
-0.016968068189293996
0.002656801788179408
-0.21074849003168186
0.005527121812877509
-0.06101629488412139
-0.005850452069228587
-0.1646803031195581
0.13378214321893728
0.027745692797610487
0.22778407303281237
-0.4713007796384033
0.1962745594110841
-0.6877755667051573
-0.2680095807013546
-2.2078188362107567
-0.014753962813265745
0.7602480019815878
0.031447903475330885
0.02586779494926933
0.3159764692361662
0.06781592820607589
0.01897264803839447
0.29167717591289877
0.10095921346998876
-0.17754346849249059
0.1432316275344263
1.2414777040042784
-0.6708170416475737
-0.4742935500837555
-0.0030201749098083845
0.31887398365451247
-0.011662960724322302
-0.08922007700198722
-0.014437643578453464
-0.2001448421602638
0.08707278723087825
0.14003808600512416
0.2083809054120613
-0.15475191028500898
0.0007317799132301562
0.5416520373861917
-0.489535356629137
-2.2923002076754204
