-509.908877636914
4.237778718057822
0.37346562144786755
0.7600395522640885
0.24426850858520585
-0.7806133088380413
-139.15311154296853
-5.5326514698990135
-3.684894837198158
-0.23275726817485654
2.2528364854745204
0.09301021760122222
369.9781615365774
13.977083994301239
-1.1876125881609616
-1.4324676622889045
-0.5365717270751063
0.8505271848584914
9661.489566206641
1.0358918709693139e6
-176165.48225631384
431317.2767535164
331795.7696346462
-36.93255214153516
-506.7848087797969
61.21328887942189
-201.54055425481408
-142.94029058091735
5.427120432447813
-42.494769835396575
-3.2306320676274902
-21.075294808977276
-13.215471677971527
-0.31137613968548
6.555940189639779
1.5537858781345986
1.9347847612818228
0.9925969348594046
0.31776565660802186
-0.06682340864089306
-0.6208588282085352
0.052005917439339626
0.1382127598514801
-23340.00498662619
-54702.10922277931
-48429.443672370035
-10866.10853546221
-5619.6410117912355
6.453166513645625
54.263291292943194
52.53452171870068
17.832687073908737
7.70551391155685
-1.7635832270629552
-1.7584834080635683
-1.2030152820016662
-1.6942605337303527
-0.3989164402216553
0.5633749796887829
-1.1139050327241018
-0.7120408527541935
0.7286210303962822
1.4315747293117531
0.3612471933230453
-1.801739928889996
-1.143852725019637
-1.206872542332487
-0.9134976467448733
18658.86099484772
55364.06432106657
7440.781214677212
10936.601074247585
-506.99696702701857
-18.479540559333227
-63.05162006185285
12.91628597465499
4.73765656283145
5.709501204254222
-1.444698378554411
4.42549434504794
-3.2668552123086183
-0.7154263778915205
-0.2564033438478847
0.9023575443022409
1.936394928504695
1.9445550906421927
-4.061596956714877
-1.7227712278753633
-1.1743512742020958
1.6635165279855044
-2.5210355511805003
0.8073989681200024
-0.7367553264930663
-12483.671872241937
-10440.934922564025
-15760.673144454835
3239.892823630323
68.63528955419989
28.51764613219139
9.576758868219747
10.930624391492834
-4.730192075565828
0.03555295241026244
-2.382420663882483
-4.049794655946291
-1.104183032485456
-4.675796245974028
0.6101648334705119
-0.7843928985621847
-2.4368702673183997
-1.8411107418582373
3.3195220556826
0.08629577697119153
1.923104400686348
-2.242027851215938
2.0944049194287526
-1.1890165717251022
0.7458611253113054
-15281.240232653465
-26848.066996558333
-9901.535672937855
-6346.248858672238
-2799.838491811692
48.60391495814777
29.065572147717198
12.811722650505008
4.496731943854363
9.005485894952848
-5.089475551142
0.08362051129927221
-3.041317045443204
-0.3084838125857754
-1.0609246624380813
-0.16024577502873347
-0.5248834810147638
-0.5571956435950307
-0.10513747504659729
-0.9165353303007061
-0.4905871977293281
1.4697763272211333
0.6883982889845972
1.034515417165391
0.6129197861104112
11396.771785621226
-491967.9506541698
-7302.051118218138
345494.38221929065
88784.95705638087
-16.91338862687245
208.62432032657668
-18.989916238011336
-183.43560813154397
-31.685292069611865
2.442176272875108
12.171940034240615
-4.0697969228826985
-13.031253343194786
-6.348352199448518
-0.8205081975515052
-0.7658846498544022
1.3385006322488073
1.469406772240635
-0.08503420750717114
0.14067680317521258
0.9737607512181495
1.1485202318958867
0.887354043797985
0.2223293551865227
0.0007299305931649805
0.0441289294830074
-0.0026951531135536127
-0.20260720828111084
-0.36209203611047164
-0.12285473064766865
-0.5059334195981985
-0.3099405623015453
-0.3843841392829249
1.3872184558139362
0.0007311735783996719
0.04731056531136137
-0.007120293840741312
-0.20406931575663542
-0.3694136125315895
-0.11994553325290279
-0.5024321198928888
-0.3121191488138545
-0.37105749835673946
1.3822318451116986
0.0035263848617363793
0.33894794778212506
0.12429263004399702
-0.21533181881650804
-0.6774113410802691
-0.06354399758863545
-0.5612730954416772
-0.8827400669722846
0.12630609599353906
1.7549140873919156
0.0014732201414894297
0.009392670771029269
0.09641737688517908
-0.25124206302324686
-0.30241481110163637
0.08593170071530462
-0.31762849764387135
-0.8392260236637339
-0.37305228754871306
1.348705463458992
-0.002779503359725509
0.11417155117131082
0.02215747924034161
0.3661843282900785
0.35542638856778513
0.11280575967679436
0.5041168979087013
0.24302104774508718
0.5092601330296597
-1.4032687941721786
-0.0009527940935068128
-0.7782337159886258
0.06109644172049675
0.3337429049997384
1.3685164603699427
0.33722032180990824
0.8287467311974611
0.22578802734342415
-1.1929729284220214
-1.5486281037661063
0.002421582467376587
-0.13266956210801492
0.11104162634876774
-0.25547955136178485
0.2853724356520514
-0.36775297688906006
-0.05308473444597261
-0.38798550520066755
-0.6523042865531821
-0.3164696391611597
0.0026994501749949685
-0.0626881457960094
0.0881570669284284
0.04336229755113293
0.10198910689794281
-0.24125143292699436
-0.14411330574458805
0.35175876613728274
0.8672774193440776
-0.8179482423966856
0.002196558981252862
0.3109907254257513
-0.05029295181186591
0.1262119063398611
-0.4817106881342078
-0.06198989577781724
-0.21959064569349127
0.06478266287972961
0.8314593920234881
-0.3597467446782021
-0.001286371868199105
-0.21447197049096264
-0.00808506476791137
-0.08223428241795612
0.12912675361966555
0.07929652012332743
-0.05486718293909603
-0.2005033483912509
-0.8015636378657204
1.204823861140995
-0.0013838210592849627
-0.39649481587105695
0.13975222836492884
-0.015317930477253118
0.8310409296769254
-0.023633712930469578
0.585621188219179
-0.1417126398328718
-1.2506978628010383
-1.0653978220544806
0.002078916680442739
-0.039880087247214965
-0.08650693727347297
-0.32127541743609905
-0.15487256271548797
0.22293958411105802
-0.019546702940810564
-0.5057987704781152
-0.9427656412973229
0.7660417812840701
0.0012488634624599033
-0.014477710190725543
-0.016802589354789517
0.2155944165161021
0.100368427567819
-0.2579620912852698
-0.16344134805399738
0.12633540116475728
0.1311373609668043
-0.4952487372173205
0.0022028534049033403
-0.5106384895088073
-0.047765596829187844
0.16962771252652306
0.7311630290800211
-0.04672026606559292
0.3062534378794954
-0.040561572517024705
-1.0275541253003675
-0.48954042600843967
-0.003226330216707137
0.2731954392672956
-0.011503862053619977
-0.19794241275217503
-0.25232709427868577
0.46740855761732114
0.6222161129018562
0.8459353154412586
1.4704060742135998
-1.5096537547463675
0.0014506488390494887
-0.4567824197823228
-0.16551305356980558
0.3116214549284691
0.5096603203685075
0.26694695244045774
0.5254186967446272
-0.19834182360319447
-0.9811979223363364
0.5405019033726606
-0.00010743636466947556
0.003073814657470517
-0.04277085613186738
-0.1460635966107668
-0.11981946580032518
-0.0765451362038354
-0.16623529566760326
-0.00263222361340089
-0.2092587942806692
0.13963977035792416
0.00056783894000872
0.28189136024222444
-0.09610737222511234
0.01573411448198295
-0.48784341752126154
-0.12453737744346549
-0.1950884812582855
-0.06463430174446665
0.06029211732781888
0.31921350805148374
-0.005574274490522866
-0.21272867842347593
0.016861594782693744
0.2804016190528849
0.4697491943325468
-0.2560229585066216
-0.1673364778922799
0.31071420031200686
0.03285545029592062
-0.753086624363586
-0.005202673583937995
-0.24702729351512664
0.014126429108498083
0.18284356739304564
0.5978303683361263
-0.09223611222498933
0.37040721844518026
-0.01462217630916424
-0.783772273202541
-0.9106676434837089
0.01500828065682782
1.7982160624289838
-0.0800946202077249
-0.4641578952809611
-3.1736370901512174
0.010409777074025912
-1.740883185255984
-0.41060792293965087
3.3348192879025964
3.5242788890034835
-0.004989583488257345
1.1636971216398406
-0.040384681869320496
0.7318368017998987
-0.8575478571559251
-1.060019635092023
-0.7550812897370672
0.6585769597579416
3.1322290514724247
-1.8921610406776765
0.014450082721805159
1.006782838539142
-0.027876839465757943
-0.5520964561459983
-1.8368534637975713
-0.2742768579849114
-1.403383625620437
-0.9898200311668519
-0.024852010333117514
2.631701262268929
0.0011510648227847687
-0.04599409529310267
0.22773978163739755
0.09937152245259222
0.20324653821103708
-1.0315011006282309
-1.472024834324419
-0.36930624609185597
-0.517266388808027
0.5551197541833433
0.001804310274685276
0.30668050984803363
0.13153924062090935
-0.17807781207121814
-0.49423563783195246
0.09096025212120673
0.36466253510347657
-0.4164512761560684
-0.5329191233556908
-0.517548319447185
0.002704622092331337
0.2844878419750519
-0.0697573567343113
-0.000882097113625887
-0.5892521117126188
0.7928424850909879
1.2709490516742203
0.09796991618378076
0.5954084574623539
-0.32927074745805
-0.003260508488964236
0.006304634454375626
-0.034894803982978846
0.2150203766627563
9.450542081341462e-5
-0.11674741249463769
-0.1857870862018958
-0.09060013839167597
0.24909504408629185
-0.1699968297262813
0.007180375227415146
0.22621128146968855
0.08248292478047534
-0.30142832234168565
-0.43651802738381007
-0.09045908656316747
-0.4460824436403162
-0.006482083961124389
0.5013239699370662
0.5779623767930163
0.006096619813757887
-0.2886240621188539
0.18676274465281734
0.12104228494490422
0.49061620599938033
0.14284208758810504
-0.1407953880758014
-0.27195480910080627
0.17265937096135872
0.21217181590067896
-0.007076696676864771
-0.1421661064943047
-0.13126097481772983
-0.07211772446952924
0.20995381799079066
-0.18905551292182296
-0.35214123720135837
0.5251988792508091
-0.2628679660366476
-0.08668759560885174
-0.0015363962305094637
-0.7238269999868953
-0.07426666463830085
-0.073196634261813
1.0578615001460097
0.6590689119148584
1.216593961991115
0.6525817963591685
-0.555877271760804
-1.1864415107836832
-0.005467860599425658
-0.6757144470250583
0.057335409110351336
0.020708832004117418
0.9106766052901344
0.17448532160651828
0.7305726359851191
0.14050516807146096
-0.7901670818961687
-0.6794543472746164
0.007721425994937014
0.8256925722760774
0.05057235467610946
-0.2852665154087182
-1.1053268436862764
-0.41584329059638253
-0.7167277415788986
-0.037601310812096306
0.4144817290946113
0.48686040390418145
0.00469985835975806
-0.4834592684024202
0.2926920569112981
-0.20499107816548934
0.7747259720402786
-0.3273820786991577
-1.0356714813428294
-0.2951166301425361
-0.10911412950828793
0.7233022051356435
0.0042922699563823505
0.38998329868767506
0.05831192552032497
0.00025463714465120193
-0.12919967590327736
-0.33813844186872427
-0.12505680165164276
0.616175175278904
1.1189194732089687
-1.096011061894209
0.005240606991553904
-2.1259141725921427
0.26780596089655095
-0.28222832222642835
3.356513529565418
0.42320097609223206
0.8526382114163763
-0.1391304570099828
-2.757800853531257
-0.9911565714582808
0.007986990658661187
-0.19250719493229052
-0.16787379360276172
-0.05323329155388484
0.22233614092107598
0.22503071061521315
0.45731654622783946
0.2843910349012483
-0.3386684098582844
-0.9335090361702203
0.004494950693086827
0.3725679827131982
-0.0736417538270898
-0.053213493980145604
-0.6946608754035439
0.1897901569133149
0.254421843111184
0.026155306263315053
0.6514309510805455
-0.754654154962956
0.00035130728385991304
-0.2707022215658087
-0.1309493075868979
-0.033599327700970814
0.03071545050216626
0.3535592300825038
0.11538805048428767
0.2817169738209244
-0.01563242549226647
0.6642883196242695
0.0007503097810837117
0.32072998222129123
0.03521272447569396
-0.021921718053875515
-0.09002963917469704
-0.4419681460544711
-0.21588699158562613
0.37616317878999594
0.24782088951561868
-1.0723685691551055
-0.0043948239916889835
0.25106424952988693
-0.11091124932627429
-0.004839548539156004
-0.9410379432696069
0.565880719490703
0.672811720857207
-0.040796713581719914
1.0541513907768247
0.5793147058585825
-0.00032060729195577075
-0.1476849270966249
0.025201116660564092
0.11097064338772449
0.5472785962766906
-0.30955848587566526
-0.32927111088091643
0.2566981911375896
-0.15018981257550204
-0.25174250486324473
-0.01382512567633644
-0.4890792461273119
0.18464065580833972
0.35636598527955576
0.723828855458789
0.03005817494555265
-0.2657336166752864
-0.4901784777477674
-0.4475755979066449
1.5958236490406064
0.0071583241300693925
0.5581396352254101
-0.1741820791586972
0.04088717197203193
-0.9417195450002938
-0.3772273911117739
-0.3561153275366638
0.5838493446892349
1.4284763334744202
-1.1802026428977126
-0.0015397456976627584
0.3007876264310652
0.14256908789852205
0.1533721973238942
-0.38700142003982657
-0.44971234727569864
-1.2481268193356312
-0.1444194905163961
0.343432976718556
1.2152628730744124
-0.00036200195966147635
1.1123342182640588
0.09066239838253796
-0.07911886976900846
-1.5338841832920813
-0.35650291633237824
-1.3557682557515607
-0.16600857868636426
0.9477648078506969
0.693043716214201
0.008904694174542798
1.0593827276199426
0.3083721844282962
-0.24934444890655427
-1.6063736679223295
-0.33250098615924295
-1.3920808786776178
-0.9461615334678639
1.728791952393528
1.0281485321219423
0.013723046189414792
0.5143022739795714
-0.08045444072690908
-0.5790859599129853
-0.84587995915805
0.9230917536948622
0.7591653749555164
-0.2881431305525143
0.8918382730175287
-1.0150730467221578
-0.007584459866202347
0.3235894187287823
0.17906241359228744
0.33776562582749914
-0.33337300084005
-0.9814965004574163
-1.649801935917761
-0.5624798736926621
1.4233309881556147
1.3730055640791972
0.010257279257385418
0.9987954245282276
-0.22819179565468597
-0.26372144095631095
-1.42305681869834
0.7976904365153443
1.0881048809939349
-0.034115039229022794
0.9131284008907129
-0.7993332694197691
-0.00928904628544255
0.3102933067992866
0.47562908028964207
0.35154338286522446
0.374864177067597
-1.116461834450426
-2.6179005732507195
-1.248844753805207
0.13024705806402526
0.9306640352052237
0.007812017728435083
1.6866384625959174
0.2591660978049429
0.40315598001133296
-1.7755237411514273
-1.5384199900093518
-3.940016959247385
-0.5417826428182897
2.79685286222933
0.1289060119814266
