220.22609820134014
7.087158087901297
0.0028922233078651494
1.8281382937682837
-0.5822564767996035
-0.01326818415699394
-0.234140416619953
0.2806955437090194
-1.548116128193787
-1.797387492899247
-0.01161417610466461
-18.958032473356106
-6.101289910776335
1.4648476929637708
-0.5427955758283747
2.0958959625432123
-0.47907095564633684
0.4778428942368452
0.38186160946591374
0.002920343701278009
-0.36973914178124545
-0.05730784671945036
-6058.18176449443
-24.555286109571245
1.591655698598233
-1.564313321827982
2.3067026714092718
-2.8429711359878125
-1.302459363448896
-1.274548021119203
2.993467925032891
2.378598397835049
0.49158230679151876
-1.040937341626997e7
1.223324158433678e8
2.532716755118547e7
-2.171278925520239e6
-3.0539723357071683e7
-9.505240443921885e7
-6.118696956876321e6
6.73608563297023e7
-43.86599932394
-4827.731814505251
208.51566280998944
-307.10591003497933
787.2522132080686
7404.554305575485
69.6608431681805
-4298.612800803056
7.562924885009871
9.50628763893727
-20.16623966552126
32.57021222970057
33.14155960977798
-266.00231328893955
-0.5181672638930154
140.2207892150857
3.7762221859109433
-24.08257822625213
-4.233759877379927
-14.764742195918066
-4.740406491422612
41.936599016121264
-8.246654543082096
-40.70278078728819
1.9338784663589796
32.413403250249836
-2.135343076502943
18.448319826703532
8.29535290245778
-17.24407880459666
3.74460984890318
22.060694255247615
0.8716425166377411
-10.247518035625799
2.5601434188128906
-10.22914113127252
-6.576279682796106
19.50118310639513
3.762955674180914
-11.872681019611692
-0.6204827007571755
0.7209210348839021
0.07526099204255862
-0.5635678447808745
-1.0388393385811228
-3.42889521123113
-0.9500719658399591
0.5712178779833689
0.403022744962365
0.3122198026381056
0.25064829575676023
0.8565337715130055
0.9848916289501527
1.8175200582864073
0.5309219384931627
-0.019050936460958793
-0.9299246836468582
-1.6906142603401453
-1.531594203107359
-1.5899021174940198
-1.8338807070249032
-2.1579783332152958
-1.0811072516684543
0.04514675099780839
0.21939441508342858
0.8714421686657775
0.47428132920302774
0.5736109735871877
0.19334296397102915
0.18641431147222243
0.07350711566671755
-0.049044502350497315
-1.4921248088505163e6
-1.297669502862235e7
-452265.28330688574
-7.776722679828304e6
-1.0230245381357104e7
-8.528732500613842e6
-1.572043488283883e6
-953158.2007542889
-33.54062862644167
1272.1072595233834
-243.69398289432286
498.87887261418274
1085.894096645142
632.0351233152861
-36.39291909597034
-110.60583300999146
-1.6435397012753046
-31.47803683130248
9.696361839867805
-12.304353148019693
-30.65743214405287
-13.557235371962042
2.7509015433262447
5.067706867924342
1.7530256536448576
8.328134928376763
1.9661074112809933
3.118832848990821
5.650022257954427
3.3048791185586266
1.0043707051896476
0.2719795071293762
-0.5497771019064006
-6.651049033919347
-0.6060112104445565
-0.3680033964481256
-4.025669896747875
-3.1695310727023203
-0.05781737967699544
0.7777984796217796
-1.4964644446183544
1.2410032947871428
-0.5861101882083184
-1.0871815808117293
0.9187589071532105
-0.010302239416331514
0.34682577953309257
-0.027681843685799665
-0.2982995371940608
0.260884003164107
0.38776090278145364
0.9848377038991784
-0.2921486094707626
-0.08786439405774157
0.07625000533770186
0.17456312765341964
0.05615106418972191
-0.18632606703116705
-0.23480616038508997
0.5371429650447856
-0.12875673273452012
0.03934283356050894
-0.3178131693366921
-0.30394626770296546
0.13118133595431025
-0.09477010949827012
-0.11673204343295521
0.2068946223537861
0.16076292218628305
-0.019025058251467237
-0.19077506065906588
0.049843452109473434
-0.15232734666900355
-0.48960884974433266
0.10677987008075178
-0.018279528779710723
-0.03487142254049727
0.09057502331267508
0.09110212175459594
-0.020873194421812326
1.5223448500433196e6
8.670838533354957e6
1.1848590703726301e6
3.2041604382251673e6
-1.2837580839467007e6
-1.533234620429888e6
-636874.3511606219
-476789.3048532706
143.45929828741131
-589.4773691824657
212.51495108052708
-503.72877140667526
45.78421519205353
125.59538981883429
61.75116776953345
197.530583745554
0.5215587881354729
17.655295250821556
0.9394196023330755
22.579888506555854
3.8877476356701814
-4.658840606002005
-3.763911011446073
-10.611874478155563
-1.365545056556602
-7.147958663681246
-3.3539419458024318
-4.9255791555023265
-1.6634681451214133
0.392382838415401
0.8084489086138495
2.1296118249939355
-1.6151487369123412
2.6302680190036773
-2.6562451350032843
0.28590273549838296
-1.1857826179299016
-0.5530737172799848
-0.4723865284020419
0.3607507208667676
0.4088153978623116
-1.3361298823195338
1.2002958811535105
-0.5717106359787573
-0.16945788602472325
-0.30790399473517205
-0.5049563421086639
-0.35509682564893613
0.35259541091450286
0.6291602920691485
0.560123499233194
0.3738884852418495
0.4760985070262265
0.23462719038906507
1.0466556023500837
-0.7672113192912383
-0.6871031771610164
-0.3114127956614295
-0.7970786416725681
-0.9216766586086594
-0.25019369864230845
-0.45424685831850276
0.24406313369035548
0.5692584722261652
0.11660896451469684
1.1454618801956813
0.7013071961555076
0.27540014719376327
0.31518839487708045
0.03118018468672299
0.04648746298137605
1.1257092302822072
0.0020110702863623707
0.14214972918663177
-0.47966971055243807
-0.35671710599406137
0.11257266102617734
0.181159607603782
0.06620991921871859
-0.3990687464068032
-2.3212928212938965e6
2.62128689141593e6
-1.0147472183092474e6
2.3338376509729824e6
-3.5771302743981187e6
-2.1118199282490104e6
-1.5037549509035437e6
-525528.5668914997
75.22438097942046
230.5569097379105
-110.59022560986492
-903.809424758422
-48.870602768206936
79.66738542782622
234.7381477476311
213.2782848546672
0.4665492208163795
-27.780784590692342
0.3135449580802371
32.30877308174821
10.274522103462102
4.834745114239055
-6.051021819931409
-9.233407590534743
-0.28262313360144825
3.024485125927621
0.5871951670596665
-3.7116228310656756
-2.890705287731769
-2.195710135007146
-0.6461853513563466
0.28980811722382227
1.4856604635393436
5.431882960923055
4.8148959231792645
4.83746995322085
2.842946443165291
1.0244605516446081
1.1705155914342338
-0.2808878718908561
-0.07201211259810093
-1.8382237274657003
-2.216678227840607
-2.2463908454099393
-1.3428737372683262
-0.22035619082979294
-0.11690210391544756
0.35016177877931554
-0.019286572017606935
-0.12347289336467614
-0.04773033739839174
0.3674029260082176
-0.08867116653221771
-0.34890618206324076
-1.011489991986979
0.4621597677018245
0.32663447388760025
-0.33973000791989266
0.241116247793792
0.4126098895388316
0.007640495794721516
0.4155877995603276
-0.4757555111167775
-0.6748884467670352
0.5252005589038172
-0.1993269953608488
0.10820884300152978
0.2621683332734385
0.09259729706129584
0.21210935872643832
0.2350624505227022
-0.7383472957801012
-0.1405237250893824
-0.32200994600582583
0.31324535239624873
0.24900625428411727
-0.2953530246367929
-0.21697102859019451
-0.12153330749767571
0.3536133335551474
990574.9445452362
3.7749248588455147e6
-740470.6283442336
-4.77458390441753e6
-3.0171392290275535e6
749632.5286673894
-1.0249394744164281e6
411604.9153339573
-17.198813697628886
-681.1887658251969
-144.5579545904491
604.4441235818224
331.3582310913429
-396.56520764444485
221.8938050138457
-196.97830535619158
-3.6225853033269675
25.47110743853981
17.214739449379614
-9.818018952651162
1.328694025764977
26.388375027378903
-4.836752305952064
10.302388091386478
-0.24432338584064353
-1.187717758400982
-4.363771950272516
-0.7243464047774021
-2.99443070888902
-3.7912590982781693
0.1092772568299164
-1.0994934347085972
-0.5524391259846222
-2.829316225585659
-2.991228455216719
-3.8604117568563514
-2.9170830340631824
-1.5663531108833104
-2.081322908126143
-1.4275360711685656
1.6267716412039728
1.5373099178558352
1.4748467663810405
2.0067407067600436
1.766197234790735
1.4285104317073278
0.05752224647354335
-0.11839007320311784
0.5992228382542305
-0.1836673277950227
-0.414067948809692
-1.1046665664528184
0.8557936276309319
0.19207696324427873
-0.30562029692671555
-0.2148627654705473
-0.20222360118489133
0.009293997088705165
0.3257621075873031
-0.6190141979235536
0.14466578343062925
0.46023032818537385
0.4325823664040416
0.19621703008850463
-0.04129985552863752
-0.23450180028558856
-0.041412591669158734
-0.36099559626521227
-0.2885606772552555
-0.04757300880639734
0.0960967833038169
0.41765569386069035
0.20120850620081268
0.4975718737877762
0.02639905543707901
-0.12082465564517389
0.12029837328980388
-0.16318553637993455
-0.019955731289666646
0.00317390112914703
390311.05498959956
5.908455121471569e7
-8.679382220309017e6
-8.028670419142444e7
-4.948776151627607e7
-1.471378491897269e8
-2.619560200809317e6
5.8538073011935e7
-11.474311337105892
-802.0472960589553
-264.7944670105376
2890.8620560622526
14.031766987357942
8653.323236867736
-103.6669332880628
-3207.1940710674075
-3.519195957948884
-12.367883146556279
-1.8135200049431253
-48.72669365457273
48.55145732609486
-237.26398414159974
12.886759146660674
88.37247189790722
-2.027538371945828
-11.75894630688471
1.5431692673203936
-6.018716205735463
-1.2003249138856262
41.428188118805856
-5.1099235090469355
-19.475577480939176
0.31380504283800253
-1.0573713671312148
-2.820192954337331
25.27892022069819
-1.4060981555669374
-12.16937136214253
-2.83971537640147
2.793103778928309
-0.9152265694184225
-3.7751949176632067
1.3601011759450703
-16.8309473930423
1.861674609424046
6.438243158583041
2.4964807429354194
-0.3062300949036092
-0.4276032977114174
0.23289974368553196
-0.4949696476315359
0.27972600963527733
-0.6972800454111626
-1.900594565198808
0.24997939076762093
1.3583253568627591
-0.2320098251500054
-0.4620232988920193
-0.44205385491739996
-0.421220305590051
-0.528034350385081
-0.869429455475386
-0.3846747051284311
-0.41762707345485195
0.7315420205742161
1.225694417108287
1.300667258354786
1.177607471204115
1.0879016997540676
0.45391661140707623
0.7683172529588326
0.21008877854085048
-0.1340880037562346
-0.6223060667322684
-0.35341044573383357
-0.25035225090278035
0.06734564087139971
0.04092719704035724
0.013526448477544913
0.07382255885479919
7.259073534374103e-5
0.014933100410151438
0.0001367312505067508
-0.008505952711857197
0.038076762787806195
0.005341204220980239
0.000734480103428925
0.006042165416601133
-0.007710837822767597
-0.014049464907916935
-0.007059207441469066
0.00019066464083469892
7.161584379291988e-5
0.014391218606463262
0.00010789159382317122
-0.009013178271603146
0.03862285179518713
0.005536430423245682
0.0010658870621514014
0.005383052060464081
-0.006952002840741596
-0.01426190302497589
-0.006562194016768299
-0.0027702164735749534
0.000672267700896033
-0.01888044408004837
-0.0007589523450154625
0.006847221274840193
-0.02527794558703099
-0.01676195056840905
0.0027568703441441284
-0.01618176391328659
-0.003371691287887108
-0.02166518445377915
-0.028036221843538968
0.019023003130081484
0.0004053166593558739
-0.008976241640541607
-0.001369220971572342
0.007466934216885275
-0.019819702987153923
-0.020110632003183082
-0.00015644467544166646
-0.01367296170340802
-0.005897869887337952
-0.012626407529959078
-0.030649589613002817
0.02906841345123495
0.0009715068423994625
-0.011519026294738591
0.0003040570837936574
0.0028023361712994775
-0.004863449509484843
-0.002999123583537222
0.0015503478137105528
-0.009782848163942067
-0.001529588277064773
-0.010316303676399088
-0.00688782875316405
0.003040136814304843
0.0008990383637585463
-0.016290725548166712
0.00018981150259040066
-0.00014333026892282455
-0.004110090414530489
-0.0013855785236428278
0.0029713152720325943
-0.00824631390824503
0.0010413938734958959
-0.010383401327587157
-0.0022408389484471357
-0.012741312808040434
1.49959946486551e-5
0.011081705669562633
-0.000420953804039514
-4.9049412418991527e-5
-0.003651830437768118
0.0009721367857900677
-0.0036858231053426243
0.0034927706785545455
0.0010966896039274132
0.009682722268289052
-0.005877517154625343
0.020310207116347432
0.00045245295184589583
0.01846705729763178
-0.0007504573151951621
0.0002481927042398796
0.004965872718759047
-0.0003309358994257798
-0.006673457772801057
0.0062141423032692
-4.4420296208747856e-5
0.013221947708689726
-0.01313365228442322
0.027839530712339067
0.000860854772934655
-0.014858383989780401
0.000390046770002776
0.002227128500592163
-0.010399408279578517
-0.0005483418692725891
0.0009265363958701101
-0.0021837840230848225
-0.0021686709353185996
-0.01972151056364457
-0.0019263419400807312
-0.035242203918620554
-0.0006111828251386698
0.010429501445343055
-0.0008904062420703161
-0.0022182595015340363
0.008195892007719028
-0.004131391327054236
-1.6432996204089352e-5
-0.0003529841335033808
-0.0027401341441711607
0.012657611368822434
-0.0010133970617613134
0.027577683143959055
-0.001482092858265609
0.05448065475138718
-0.003121307173722929
0.0037237666043882615
-0.0001576156818319417
-0.0176802391381873
-0.014712335412900065
0.013386148235993094
-0.003925235073527869
0.02938345638188807
-0.043348005829204166
0.10796286523726989
-0.0013906095355319733
0.03934433270344765
-0.002307482044077658
0.008707128619988342
-0.021431971178855886
-0.01865674106907458
-0.01316452210645169
0.00778014197876687
-0.0040829203018506715
0.02129373839892189
-0.04221009058308409
0.08956597252604062
-0.002160934221844501
0.012613909920636452
0.000940358066629116
-0.0029955149432270506
-0.002868371649097232
0.010113232929274837
-0.007235102911952052
0.0037206660569357787
0.014160771924381943
0.011639645660791755
-0.01420814343590046
0.021581851458336698
-0.0009466474974265279
0.0037809365717546835
0.0019136321753258883
-4.270076960360906e-5
-0.007320936104922598
0.013706654790556968
-0.005253443051861993
0.0012915008462752702
0.01562514877418855
0.006990078930065082
-0.002657912105842631
0.0051913576021184295
0.0006966897428101401
-0.013724262971934326
0.0014458853230366914
0.0001769006423280862
-0.004443644400119341
0.009087680864489404
0.002443855091597219
-0.005786736934629269
0.005771846558418484
-0.007139289374504415
0.01010785771572514
-0.02018274857804949
-0.000720547064187978
0.012888623162373674
0.0009551402627330686
0.00566976272733951
-0.005272942950064218
0.0052149235193388625
-0.005745193559933652
0.0038395172294040185
0.005132627352756406
0.01490211799557698
-0.004821072754510179
0.03074768646914059
0.0003452516712010737
-0.012011873262240248
-0.0013444990151750573
-0.004220982705147289
-0.00798746127745715
-0.009966079291430495
0.007901585147828275
-0.0035943216449636243
-0.011635769394198078
-0.015191063532186782
0.007200122838709306
-0.01583114703282308
0.0007187018754989461
0.01946680101410525
0.001126012519763458
0.00289201142010372
0.007966428375535654
0.009548306219367106
-0.0073238110625707484
0.007709201146030128
0.008619071109865309
0.014600010278476953
0.0005969971848767223
0.025296585565078758
-7.590944592710054e-5
-0.005572032355014027
0.002268997957062179
-0.005366789155260836
0.04470937599631118
0.018865207942976168
0.0061260078267342775
0.00028638093741402214
-0.0060210176972859495
-0.004598862704240957
0.024526239855483738
-0.046376010014542945
-0.0002279446637093691
0.016540379652107973
-0.0013074489934926767
0.0008321105771589817
-0.016834815078455797
-0.006226112337327501
-0.00853351964695835
0.0015819682530607334
0.00882185558256866
0.015060473998242497
-0.02418964611935828
0.04949523496313086
-0.0017257995373691428
0.01764411830247685
-0.0017560609161894143
-0.00476102919052817
0.005350280284854668
-0.009249979204805657
0.0009423091424048563
0.008102653248366532
-0.008256877215909045
-0.009033483775352612
-0.006951143853860531
0.01978190797599907
-0.0020526884021043698
0.01686001230327325
-8.391776574081067e-5
-0.006389289648797498
0.006374040048175965
0.006747167703837666
-0.0015656581232352718
0.005211276739551505
0.0028563382171622456
0.00944213744094697
-0.0008865070942997647
0.031338730630403495
0.0002940941564647489
-0.011795297483727638
-0.00031521403526726835
-0.0008659234077833922
-0.009077192707620333
-0.004159169933431573
0.0026423915396200193
-0.006670101951413715
0.002987995364755542
-0.009184996774640582
-0.005379663107399129
-0.005880816617938794
-0.0009338228720822345
0.022188240568569502
-0.000938223079729842
-0.0054643554492376555
0.020648548503981033
0.0007165330011735412
-0.0011012840784732408
0.011245451359251389
-0.006771738449420173
0.008753064312526477
0.006629052690735568
0.019250147524031546
0.0005125942159246085
-0.04254445688880841
0.004368089214001467
-0.0021909361680055666
-0.03621074846764477
0.03976590288398858
-0.00012143526541053986
-0.010899201133477346
0.025670818904472252
0.021876362544648014
0.03291808005110786
-0.06859375683738393
-0.0005099855603661936
0.002479195773643142
0.0007208706311462895
0.0025008278732966613
0.0019800543997594462
0.003556880786592928
-0.001834647116529758
0.001122944621285715
0.003943717305762195
0.008952476829046848
0.004870239261525687
0.003845691308306496
-0.0008421953674969727
0.018658386143309533
-0.0005878403719131787
0.002693503851108857
0.002862407125881933
-0.007495598522172182
-0.0033084235623580707
0.003902162662708091
-0.0032613288052731246
0.006334088676652026
-0.009358832650290137
0.03716396156816653
-3.1540339662775424e-5
0.01218324382566453
-0.001930660775036343
0.0038567179659271754
-0.004885302244672249
-0.02178441510491907
0.0007055482602421097
1.2711974939255659e-5
-0.010901868346288972
-0.010851248273769945
-0.021571364148990642
0.041183669886876544
-0.0008738113782209015
0.04383749602833663
-0.0002554859407268654
-0.009773755760722511
0.06617330589965478
0.006461680228795104
-0.003576434220108413
0.020102264011469917
-0.008382186711481237
-0.010981047131410718
-0.009136673060487148
0.022043916500854844
-0.0006013645175712798
0.02952425482416415
0.0007818586565168567
-0.010809819460190188
0.06421026868003729
0.010859896455505245
0.001326341842758081
0.015589414261385003
-0.007816835041322051
-0.02116061848580996
-0.0037354910459397785
0.004205505530544862
-0.0003754252746133923
-0.01236282156569142
-0.0003259700661300014
0.006077073455640655
-0.036408368220146946
-0.011927544299637024
0.0016860580512369227
-0.008169619604117818
0.008548310556441677
0.008969923454211555
0.000838892052386326
0.014465697368535453
0.0011049241964931592
-0.028813223539050737
0.000397154168751984
0.0002736124133224709
-0.006652714002830074
0.0065946880336464385
0.006197589782541228
-0.006604537125580942
-0.004549763362009682
0.0022191343800702056
0.030839018595512458
-0.05556190833203442
0.0010184378325964211
-0.012242978431831635
-0.0015143119970108885
0.006472838905299503
-0.05396035873030659
-0.01954404787930581
-0.003259737290448237
-0.011567895775086082
0.005515349427488443
-0.01606489673029677
-0.03675738583554604
0.02044281816714924
-7.874387819522685e-5
-0.026635441383393733
0.002952230719856049
-0.004832728539050656
0.04116135392639301
0.02512985627333123
0.010644221602562284
0.0011097531853810963
-0.0035529373248294745
-0.015754473321587054
0.05100379216281648
-0.09488364618570982
-0.00012592260657621275
-0.0512433206382782
0.0024114804086458764
-0.00853286070902142
0.00775388793761245
0.01847235954060356
0.01353020510151547
-0.003176802058218021
-0.0013878370767713283
-0.04066887319085091
0.04439795024155534
-0.15469233283202824
0.00027050031189891275
-0.014558770285302634
0.0018049396689045396
-0.007699062034172948
-0.0075571161120265825
0.02845004984224633
0.001457327598087732
0.006624269550013645
0.00012138213907374872
0.010052498104759564
0.032373534500727774
-0.06688355034980653
-0.00021890368329311827
-0.0321215380057075
-0.0016024237610087865
-1.801503515557696e-5
-0.05123459348715349
-0.010484138119126907
0.007339975529522521
-0.018600876958818933
-0.0031058596977989843
-0.0011911639618816367
0.0022005079563475085
-0.0003558313859731865
-0.0006221810844522199
-0.03858774213196494
0.0019236631084435603
-0.006016278274769134
-0.00811495618161494
0.016772897760791074
0.009158359594845854
-0.01094197058510643
0.004300000504500372
-0.0053750793127737406
0.027273352359327905
-0.06785331893758531
-0.0007281544541423085
0.0074354039822022485
-0.0007730747919532658
0.0021691494751555898
-0.0027186786070863053
-0.012154452464677673
-0.0012839687317127515
-0.004982649551293523
0.0026564984214604496
-0.0010209486660356845
-0.022217415963933677
0.03746866725736788
0.0005275087928541297
-0.008269208204936802
0.0006849477678063078
-0.006194549478461588
0.014362841713666233
0.01140571021349692
0.0017642905029867113
0.0043876087619407625
0.0008885235800488987
-0.003204125302209112
0.022637981272210485
-0.05037176798014294
0.0009994883340231997
0.0147303671020248
-0.0013153880733877221
0.0065317287938774105
-0.0056592184445400685
-0.011515376292217896
-0.0039177489406739055
0.0017214617262195806
-0.005975623785293807
0.01598840517436724
-0.01385997266639788
0.037803207267744734
8.544469754296336e-5
0.018650446334764165
0.0005296362581429763
-0.0029552834083148957
0.00222764924824583
0.008623630776847102
-0.007219864607587628
0.009585008529880649
0.004870254454118028
0.003009373291073969
-0.013275898228292794
0.019159281988790855
-0.0006166732321094964
-0.016965716195706332
-0.0010200532016798117
-0.0032277064273593514
-0.029754992409832547
-0.007411957192720446
0.0043573351754725145
-0.01567619149413195
0.002826391725901726
-0.010771434401882173
-0.017187462354362706
0.020358673179593216
0.00039944679779041817
0.01953899920919093
0.0017894053137404735
5.4646145621770025e-5
0.017865790712997928
0.019768143200549395
-0.006695204021432018
0.016077378040492245
0.005832719764727524
0.01733409323300134
0.01473513710056982
-0.008512762091876866
-0.00053845723092871
0.005981934326985038
0.003252345751680268
-0.004790215650808866
0.05362049701435743
0.03356799028856505
0.0029595170049511697
0.007750636007204729
-0.0033907711876012435
0.007464176949539858
0.02553056528981618
-0.02788884262534744
-0.0015387713773463356
-0.030205765166601756
0.0031599541074932612
-0.003632395185133258
0.026915225559962386
0.023062312060476077
0.009700631042483915
-0.006336238151820712
-0.0003622994954188517
-0.017921216836605785
0.026657383970981774
-0.08174621890809669
0.0004523550035832797
-0.0414120094735057
-5.4629823441717334e-5
0.00028212576182892773
-0.027330353619140525
-0.005362064148166441
0.011730734893122065
-0.014461707272741724
-0.004340018707469266
-0.002429093987264988
0.03148286852704885
-0.055621247664029705
-0.0009123679348976129
-0.00947320640903711
0.00292606995341599
-0.0023333844642474196
0.02255253839315466
0.022050268776887854
0.003200328770987819
0.0025708791606085034
0.0037026428487133356
-0.014539471743088192
0.018116208515590232
-0.04769300786997958
0.001806785132243747
0.018805583374284184
-0.004002412150257357
0.009551998897190545
-0.011707069364776179
-0.03293390334187656
-0.005216377871090839
-0.002318865511017866
-0.013920464265366691
0.010387945282264676
-0.0332151143647144
0.07131751505337683
-0.0006554903965349534
-0.0385760986559215
0.002735245572122109
-0.004260270277331981
-0.007430080969751221
0.021643906320652894
0.006404636258196439
-0.008124591726590968
0.01288540664767351
-0.012694658881468212
0.02411408176882625
-0.07836132446298259
-0.00026844098907523187
-0.006297555097953581
-0.0011889089925878136
-0.0034030360717268934
0.002313398367771454
-0.0062391256327832
0.005352591972509037
-0.001358537360362746
-0.00834906972415294
-0.000945549146796441
0.012451792886734292
-0.017437197537131386
-0.0010723810565575907
0.013213082247047618
0.0015015350518242574
-0.005406016580091831
0.03406110082237673
0.02025201391827658
-0.000724410937229327
0.012366317570948327
-0.0006343850660163034
-0.006100505665242438
0.010206753392442498
-0.02685552872098328
0.000987821705649092
0.008845916118685355
-0.0009785530803138136
0.0003188469595545962
0.02175278812002498
-0.004585198829689272
-0.0012414766146312077
0.008403829928299944
-0.008684679167181773
0.0066328577719703624
0.009733830641824424
-0.009294134156892793
6.153541092178996e-5
0.01673375847418113
-3.210671236405173e-5
0.005509394381222571
0.020553756434866483
-0.0028348495676621442
-0.004819934279081665
0.010245629917388146
-0.006773986648937576
-0.0035724208431154
-0.004106827042325589
0.010300246571430692
0.0003817588393412321
0.0028016107232489334
0.0016711521790874998
0.001272192185472284
0.003115070111531031
0.011093676941918314
-0.00455813070363498
0.0008885277793511159
0.015776885778132042
0.005843968268041003
-0.009779620961814884
-0.0007318756743460474
0.0011166593567958248
0.014328070361154755
-0.0023061791747863384
0.0039295449406906695
-2.0571690745950662e-5
-0.015769548025015574
-0.0017402574332364134
0.003556625211676632
-0.011033366616399544
0.01135547814754403
-0.0027064016923137777
0.03443309538733024
-0.001060525411952043
-0.030771172443251497
0.0019646679930768888
-0.00616561006638668
0.009823774792566615
0.016577426778482424
0.009476542705547021
-0.004248045684017343
0.005587602680776808
-0.007398155454724844
0.03631220139025456
-0.08103321624273559
-0.0010593163143280797
-0.01687212554006477
0.0012902004531411195
-0.005746374662010099
0.003066256595617392
0.013315265921871093
0.007094121364745784
0.0016584048246022155
0.0021499835582699605
0.003223574205204426
0.04213347454677752
-0.05570408450525504
-0.0013643444453932336
-0.015660936027393806
0.0026227573254296865
-0.007740239996403296
-0.02233817606549059
0.02411711612559892
0.000915666858523066
-0.002797296743525614
0.01816539422886874
-0.004344399818306948
0.005044072305884596
-0.02167946316855311
0.0027211561282019267
-0.017723085111469333
-0.0023290154177735907
0.0058273253413660756
-0.015831747326661108
-0.023335741136241945
0.003184804069690014
-0.01226360816318987
-0.009518913496979196
-0.0038858600588779347
-0.007648188628363147
3.430403796785028e-5
0.0002858562638797498
-0.013401234609712522
0.0005777920612428447
-0.005355504418144866
-0.027644698385112614
0.003446959639988948
-0.0020528998219578746
-0.015346272881482208
0.017554027895101458
-0.011487439659960456
-0.03313126067980871
0.022203472049912815
-0.0019766246677154664
0.008201322685206324
0.00167349181233213
-0.0005549266863362925
-0.00019060481205792335
0.015281181521020008
-0.007265210099710026
0.006658340274108465
0.014610291019954912
-0.005306002000505859
-0.013620360669630007
-0.010444939106852413
0.0017882850131298895
0.006580549174054129
2.0804383169221916e-5
-0.0067299760857366395
-0.02166317706287156
0.0006360431079789532
-0.008364426296182446
-0.004768445193371281
0.018242221611448554
-0.01541560629371734
-0.045646371743171425
0.03929767129105305
0.0019118024952063334
-0.02596568712708115
-0.0006402381072048057
0.002130692680417743
-0.030044595443473942
-0.015558109181385775
0.0024416541411854957
-0.012748566727587767
0.004591715165481767
-0.03048789842815396
-0.017149726417363183
-0.019386950159443913
0.0017832322549852268
-0.0021510662650643937
-0.002999195532825846
0.010319465915394227
-0.01949468436269901
-0.02492452807555291
0.0033398478492794007
0.0002479416451733745
-0.020460410532293305
0.010974100653090749
0.004073891137745056
0.01096435373746998
0.0003879960654081777
-0.002233117905526021
0.001506235155794189
-0.006230572305063861
-0.011631622100958295
0.011151331811817683
-0.0038025944546416115
-0.0033887631310447913
0.01880780077772526
-0.020694351728033064
-0.0237017014079146
0.008458299250306714
-0.0008786423056127361
-0.005854275844253274
0.0006211096759150799
0.002145254215139385
0.02426406967025425
-0.0012535571513227835
0.006666140007610205
0.00010779250120610169
-0.01590357098798365
-0.0153835076304624
0.013059924325520826
-0.026503228388626066
0.0009168589289273067
-0.00679987444181249
-0.0007437814085200009
-0.0011580236974163556
-0.03880983970590496
-0.010432424541219043
-0.003885369125612597
-0.006454840059181183
0.013991034306585406
-0.00875990196502789
-0.014021130125055225
0.014721257354379938
0.002057866469850682
-0.030463706263952093
0.0007109827194314466
-0.013826136545560442
-0.005245722188114818
0.01514725858304513
0.003462505929589354
-0.008428695687248066
0.010432366272483376
-0.02288156283299426
0.012430240066164427
-0.07420784831840316
0.0011813310136528444
0.019921076723276837
-0.002239638814150525
-0.0050189931365671155
0.029678983283898255
-0.00521374361023501
0.0020689083792232625
0.019913903263966068
-0.01979428467707233
0.01951376420823156
0.037992049034887516
-0.017919302010729866
-0.0009167340736160851
0.021309948238148926
-0.0011565543000239178
-0.0020295184325246946
0.020940754858076047
-0.0019746180097822133
-0.0017793851970368414
0.007906726894288106
-0.007677454822818035
0.006914709193709141
-0.001496572509506292
0.019831256510361748
0.0025541001041120164
-0.008885930233159598
0.0012786537526532245
-0.013420509815837027
-0.010812352511513917
0.01924920024651298
-0.002885202476524209
0.0010320279119441626
0.019615419706405023
-0.006483849419506838
0.004851927886606379
-0.022506481543351678
0.0008477878017781919
0.0017636826311043029
0.0014337085353453578
-0.010117298580434515
0.0027621206631361322
0.013724122057535872
-0.005357471216060907
-0.0029073510904895623
0.01955322510594778
-0.005655595420482525
-0.017046099874195083
0.009231004132865296
0.0010195063169118805
0.013894620754220459
-0.0011261058666225
0.008483660153928742
-0.015094186420571785
-0.010634157939190151
-0.0033096855982293447
0.003222010561176573
-0.00531570605643366
0.02083053553777496
-0.009948979807845357
0.052919071605749726
0.00043187232925618083
0.004613845695530321
0.0001489780637914118
-0.013505776035456125
0.00821628639993564
0.015042761269342326
0.0014983185981177604
0.0036140857080153746
0.005801772119273328
0.002790684789394967
0.012035227485869942
-0.001646165334579859
-0.0009799630863283147
0.021257874767308393
-0.0005596366957490926
-0.006749726707252259
0.006019812958017101
0.0058474408061604515
-0.0035391468725370127
0.008766337939806428
0.004154819324729277
0.015400255386201949
0.0026848166906618806
0.027406893656038114
-0.0008449416947613913
0.02649522652414846
-0.0011661269919383398
0.00219099120471709
-0.001343347439051628
-0.003150219468861435
-0.0035272939728357698
0.004160677463322612
-0.008227681973981153
0.015663179508010053
-0.01571859845110874
0.065459719492802
-0.0007104844946757475
0.02074478005959127
-6.22850883043088e-5
-0.008351892995876815
0.023572426836321547
0.009342943176810215
-0.003425790563836635
0.007454595096210898
0.004545156229516989
0.005975029740521596
-0.0037125565459153907
0.020054269930909096
-0.0006309866983498084
0.013929776288484306
-0.0008829433551350663
0.0014442583384918922
-0.003903183427792523
-0.005186968819310521
-0.0026078502932346884
0.00022629100283561972
0.002529430400798388
0.014624533448944207
-0.008284878023400161
0.03357813945586101
0.00041693500419113936
-0.01961618657395581
0.0006571715327668532
0.0005513029474180153
-0.008522197438146344
0.00025481768169776677
0.005098878806806286
-4.308656869951555e-5
-0.005113800298355953
-0.017091867232983695
0.01689271250960783
-0.04726588294357941
-0.0003611637291772793
-0.004270055578973034
-5.603043020136483e-5
-0.005862245985143599
0.008466538762063366
0.005013086587878437
0.003471278375245534
-0.005475305045504255
-0.0011793147615919764
-0.0012001763666234235
-0.007007491212956955
0.0071809336328617955
