728.4987077138558
-5.401286470700955
-7.546146144044734
4.050023894233701
-0.7752705604079915
-1.2359953285696825
471.3599421896908
10.09130528342118
-5.008102856331627
-2.0418242632747754
-0.02472792365251096
0.17316651496986749
49.99726257226265
9.43899430884756
6.255968065814369
-4.121232366040895
2.633366549404144
0.3891111303297776
50465.89635957478
1.1679685621066985e6
-69885.75958090983
567368.5461243724
206063.45279217555
-43.41032915017553
-449.9318884658634
45.31793197630172
-204.8403895423465
-77.71475686236153
3.1075107811838953
-68.63266171217651
-6.855636648114795
-34.93044585814213
-10.579674671944524
0.12390445415287554
7.876544226764642
1.3959213473358247
3.466262596350315
0.9113089173318458
0.29944710209809766
-0.2748957854775132
-0.18914742574145693
-0.10032577068454299
-0.04990597081462084
-27261.16826346627
-38674.96794364954
-37606.98315691584
-4621.123046885323
-10439.461452112366
2.1462913668572767
35.45511602172613
41.932392918025386
8.448983527960657
8.079492189797078
3.746019354405686
-0.940802654673482
-2.580060374433384
-1.1621860386743987
0.11705077379267874
-0.42647883430413647
-0.1701971663002276
-0.13810798559735055
-0.04221919213577524
-0.1625357483761677
-0.08503185474945724
-0.03279900936457406
-0.025587838563374914
0.029545125722569423
-0.0011480622442196508
4477.943809684357
23609.414408831984
-10233.208317987706
-2560.601691167386
-3706.9755752647898
-1.4160562780924282
-30.01387063887666
14.360313241727324
7.750745017752475
3.5654372937470846
1.4515244348422287
3.632408887063559
0.4296466879281047
-0.7965648369336511
0.20537365878263183
0.253372467902811
0.10861752145826145
-0.24027853120958276
0.06517198987274213
-0.153006993063066
0.04463149388380171
0.1439505417110101
0.1499643573092178
0.04100180625776771
0.04656621165887892
-26457.6426392178
-35188.93373786193
-42194.05241716376
-12540.382196506918
-5060.095396645738
39.733765511631916
34.9031948612492
32.32189471854666
6.502244106026416
-0.5208731031023167
-3.6579343029708826
-3.313333105185385
1.2590975935067745
0.7220081866153267
0.9373479315102152
-0.6705988301048652
-0.9819313868576749
-0.893897857642953
-0.24580728957971937
-0.10965637718077147
0.13722129769209926
-0.0020327647694292953
0.037658057723492476
-0.055286874759159936
-0.006980027680123729
-16722.684069365216
-17060.68960711168
-6733.841469694537
1269.9514688665438
-5275.673446534968
35.07735020033969
21.044682017009613
14.041125040869082
-1.2655234279988155
9.45401644801787
-6.827940736737091
0.5487975773973757
-1.993630721473813
-0.3163957297703702
-0.8579418163724254
0.40814988796461427
-0.2553715616931159
0.1593118102525557
0.18210234631336084
-0.07071167029254066
-0.10167106406739823
0.02928041505565199
-0.07279767671006637
-0.03822029575618041
0.03244699649212287
23046.353556216487
109093.57740199029
27652.841758661914
239426.7981847853
-22337.163687921933
-2.2597796103573793
68.81901379741272
-6.113809621195633
-90.28603641768692
23.80492551365063
-3.3058257988592983
-30.86371645489134
-5.438218616003691
-16.864360373375966
-2.0971421732940296
0.3532942126228138
2.3708056581840347
1.0457218111717608
2.1068327737119725
0.24612086186854884
0.04866733893355486
-0.4122626805983609
-0.1942170258920699
-0.10078921577497459
-0.08572401454897474
