369.27247915547173
8.766784087571217
-0.23974072070822364
1.0116517210256977
0.2543330056130577
-1.8532240132788735
3.660245525737166
0.41967440518790206
-99.52231174925062
-1.6490524816267393
-1.2913941047892707
2.414935610974648
-2.661517206407744
0.4016150424835091
-0.6540295244597882
-0.046134536163156936
-207.2197837997013
-3.582389774701961
-2.3728072326466143
0.49115517904862627
-0.1636817853545041
-0.7459295546058656
1.9260933812874823
0.3535030955101961
141606.22835513842
955064.4712755826
218645.82773684955
234720.7637707837
571129.6985336074
-106435.74279936438
95.02944088553532
-758.7758124757958
19.882448708976476
-10.7831177026422
-91.87150435910903
72.08619798791838
2.44241453584013
98.29321004513132
-20.67465439524351
-14.300466183263557
-46.84824666568737
-3.769685159324808
-7.619405008516384
-17.484826636740962
5.391152350348941
2.2499908178502954
1.5491378811802667
0.022471261242992993
-0.19871928275328424
-0.3734530984672665
-1.5214830339620804
-0.853654963978328
2.5323674330775234
0.48335828981978946
-0.46060162905922236
-0.274436487228597
-0.3300067823234145
-0.21136039515003374
-0.31920409231504726
-0.15699241321869253
0.4462740673879404
0.010153405846739237
0.17246881029716563
0.022660762457433783
0.20377509576073716
0.12931004696066123
0.0048075994044168464
0.06590082706340836
0.046081934630982126
0.044740966185553774
0.010439184008071785
0.0001557964078673872
25845.186150060777
37399.24495138889
39596.110480512165
57199.774105998724
31078.79197287591
16754.139076145497
-41.229248978541
-115.57123532996144
22.790241867257542
-5.106319493094496
-10.11218058972749
-11.01222139502627
2.17521467744591
20.57347551714301
-15.104431436481878
-10.714174416228815
-4.542700146760317
-0.3379513738430675
1.1857162584843215
-2.1721281746861263
3.5587285647339986
2.0179193865873724
1.1824350986586627
0.08140371345371292
-0.3063024373028143
0.2885631657404387
-0.13882676493687146
0.3003432301463276
0.03090357726773051
0.11885047742234249
-0.017648086552912397
-0.02181626262126311
-0.006545999011070112
-0.03409069037439578
-0.009254627618940444
-0.014752721740653498
-0.023032880185971834
0.1853432520015973
0.11273052037246283
0.10834580505741659
0.03421515009974119
0.02353928594329488
-0.0004961912321186373
-0.017844576000057368
-0.010350721410777886
-0.004433406929999232
0.004333017668633751
0.001114668602206221
28494.915477130835
43033.804578175615
5222.889927907076
-29431.978491954924
-14477.43776301358
-5646.173313761765
-34.670434666143606
-79.80275429920229
-4.335119055894988
7.022673087120947
9.816472403047303
-4.020468109681178
3.828382366451538
10.821453488643012
0.9885014084971031
5.809234564507737
0.9870352661354358
2.268779857802608
1.5318481500684027
1.6277681093779857
1.4776882476122954
-1.2527690438428325
-0.4112833058727563
-0.45043798250764766
-0.3101050804764051
-0.5663963895477904
-0.2753117272512829
0.06731502120285075
-0.02213566586405709
0.009712024122083216
-0.02188299773277948
-0.014364047532749497
-0.08885354083170219
-0.05637073197382614
-0.021862930355124155
-0.008732618014088573
-0.0837789832367384
-0.19643215799002414
-0.17522091376531562
-0.15539693792727974
-0.11337146186481627
-0.0033012550515302435
-0.002631684533570374
-0.014988045057936526
-0.011730295860380947
-0.009996839366915852
-0.006181009009639653
-0.010005124209657299
35580.23292344242
-2720.5505982851787
24161.07323718215
3904.733740978154
-3884.3749213161095
524.4096156265505
-30.071598429437316
79.48749042395639
-49.724615122944286
-46.5970665175903
5.425694925126231
1.4699551319052648
3.2829532762414937
-11.525643371257244
13.801892383963212
15.22860420690847
1.346506703450589
-0.12986863147208152
-1.6191718391017949
-2.468116703845355
-3.3519957759737533
-3.6471687815020557
-0.8731943599454519
-0.017468266156175187
0.36608011644845434
0.8426998556255858
0.6992838468654088
0.537635879932269
0.13177164093751978
0.009262984198661044
-0.09760230738582844
-0.2847604309601961
-0.1603651689924254
-0.07283438302371366
0.015754655124229997
0.029504848900174466
-0.1845782552933334
-0.3727192295170014
-0.37935090967981194
-0.2300743042345373
-0.21209355112223327
-0.04383184661593035
-0.0016708260261028873
0.0031582091423925447
0.0070183414505954915
-0.0003513684694793868
0.014289510644342869
-0.0022699136569847562
14552.083080190143
40437.37696882283
46146.17856943085
63916.2076300867
17982.467429049746
20536.45122610408
-11.825174283840886
-122.65296117547389
-50.2359268681337
-73.17896358956723
-39.75410737831397
-41.02654228191407
-0.6925498817591685
24.881836869848065
2.4829309269072017
3.8626452667739573
4.845158593441871
6.106029489417354
-0.46321721868236576
-4.039211847024664
0.009985890186561229
0.5340052911639305
0.07676044917167242
-0.7043865307638942
0.13698469536509525
0.41903288335624167
-0.07551131021387984
0.0736118245696652
-0.10461507852721953
0.20230426655944758
-0.04049477086519583
0.00448183798035781
0.014975770333546025
-0.004617442622226028
0.034546991581985716
-0.036540200656893645
0.012191571180917104
0.020287644051499378
0.015745673785627246
0.03868267849731727
0.012263177794578584
0.04804231300561159
0.0020824974421489355
-0.0011457177294675984
0.0019365952094324579
0.00017095232976655568
0.005351321005150478
-0.00023357974844298124
-68267.10778195682
442107.7715535385
311565.07676453784
18153.018183982014
-197274.60912829413
-264194.5719129537
60.615293229545394
-289.0315316974318
-142.33886545162292
-17.980059043060546
82.9592080537305
124.80182675187017
4.483137463339615
22.497472303571385
-10.251128907389642
2.9734051095367193
5.970939885577298
3.1754766722360728
-1.0723075890322813
-5.823886584790507
2.525954165561948
0.14779340934321009
1.2068977204650502
1.0816202716074157
-1.0114795102303662
0.042814800968811996
0.05065429365030687
-0.3213502629548172
-1.0366965041613447
-0.6617537734139463
-0.24192275074575442
-0.4183822376684568
-0.3720075409846573
-0.2649585068647633
-0.09066754655555108
-0.049694858544384685
0.0022565660431449436
-0.1526808179920199
0.0020305607489210105
0.06837696222976794
-0.025742746868526113
-0.007757201627302474
-0.0009687713309512455
0.004768547670009295
-0.0018450240744364516
0.005716387273003003
0.010556362302918345
0.005260673807571018
