-95.59300610155456
-8.975373620513253
56.01189327388621
14.845131629541083
-19.880189988435973
-26.524647649875227
883.3437706434714
-205.02549109494015
-237.51403642456825
-159.14163937833612
348.12447470225976
-19.46295475899425
-411.0088055903842
-586.8886822585229
-378.1389964805513
476.51528436374383
578.6104501629153
380.584387994784
41.012873624350405
-280.2849119738402
11.491428526473827
-572.9908736750207
174.27161593659403
193.5574591764775
-0.30283693764596975
-29.180764695607092
0.740195809149672
877.191995747666
0.30321098243604244
33.96410361230215
-3.5663473814040936
-876.7648908975884
1.0589516146206743
17.093555812034687
-38.317559263885734
-264.50221873478273
0.2877047344765653
11.104470900349362
-59.250428677452526
2.446937732443589
-15.94369106727064
-191.6687733760111
29.917504098006184
-775.5161420389877
-15.94506324431788
-162.4609484003647
31.59063607148526
-1221.3862853810065
1.3939348009329187
32.97207752366286
42.800331704756736
-191.29822765177656
2.1858558620823216
-18.50501628495793
15.488738369626915
787.9973414369066
-7.186821571055649
-225.68063050561085
-49.34699106192069
1035.873695966403
8.794445126757003
105.65960077877368
94.16594854775843
-137.30059709636964
1.9515602400617107
53.53461047844833
60.0185439741982
754.1153148122579
2.668242737888213
28.74757798388609
-41.77595931267281
498.59861430398377
16.791134777395314
-34.790774159743904
121.6384075894274
1952.6575851303835
13.075518738317635
62.69602315913032
133.00030787065526
150.11011356397668
-3.203373463037739
210.4484606529232
-378.96362090656305
-358.0948348473103
1.858028779815492
-545.5516601722179
321.5829535133451
2808.303791056085
