0.00023204109209044199
0.10707680022382486
0.7453603786936253
0.08674312286363775
0.3346361522528189
-0.1383334944871692
-0.13064819537825437
0.05000800127457143
0.15929301225566816
0.0323374542464705
-0.00376102878960386
0.0619401107413289
-0.09196984244592031
0.005498274029286919
0.022921489363399068
-0.8526522654806041
0.22110487911471993
0.011823789345059345
2.3193918519516856
1.1968077065062215
0.7663233939178914
0.18252908096111617
1.7046238788088937
0.41465643642719197
-0.08854618988902808
0.020920364760826225
0.41946297593643683
-0.1572273547220479
