0.06339718394132585
-0.019609831359086574
0.45482012119882365
0.012716910667893508
0.5100473670700357
-0.04285127450670506
0.21785245435522513
-0.06189590589888903
0.5232090344399316
0.20434747010531512
0.15289106779327186
0.35556188699444197
0.07805086495443186
-0.03085054220151922
0.12806050548011289
0.1221756908093313
0.09094854308304333
0.13235063973069
0.049835879083439706
-0.06461699683752077
-0.018280617000950544
0.10752003803511474
0.10110823800869898
0.12914403332297966
-0.03543834210858777
-0.07938742495247124
-0.016642456185566278
0.09174958410079037
-0.02503726075791792
-0.03365990806808295
0.11712754515341398
0.770209497438722
0.676138662447949
0.3043992775645242
0.7473554503683898
-0.11994873424046616
0.10738868450620674
0.017253010593441056
-0.13910628745253822
-1.2949609686948393
0.3439647115496576
-0.6117937783188636
0.04245678617940003
-0.04874125961856098
-0.2392051111061005
-0.5608330917021168
0.1127385622886807
-0.05377150867351486
-0.1703934380255248
0.03178233647051199
-0.15309773130680465
-0.5545409853774058
-0.37674523041448715
-0.000987654124108464
-0.03235231657209639
0.02299481659980794
-0.07945976687044691
-0.09504971707081734
0.00718151545124221
-0.017218469093090535
