0.007524048955821118
-0.014407191132703095
0.29606222577571256
-0.004052538202462579
0.20531224130291614
0.04337351378924124
-0.0075730468353368266
0.02427824272121497
0.15429670975135418
0.06417318751095398
0.021771334817854125
0.05142469963049539
-0.025318980462092043
-0.00949524530244882
0.104727407640282
0.06354795504044833
0.028332898546682663
-0.0035621012527131462
-0.03652399010300124
0.03772537304797596
0.034601101809867876
0.009258494085861232
0.01909851988896422
0.04756966989107054
0.054283733068479924
-0.023854093609899686
-0.04680290314476675
-0.022471628515839184
-0.02571210282445799
-0.022215449281434978
-0.029644334909174713
-0.017385737566600935
-0.004151708519130835
0.02176287364679627
0.012305656285528934
0.007353108234334347
-0.013342904343310358
0.026768467107798143
0.008260454548280748
-0.02299106151188781
0.0011301843701173398
-0.01221419452073973
0.005019964205278698
-0.0039202455556014435
-0.0012072815001483116
-0.0015339091688258125
0.003814636949785667
-0.032050846799159816
-0.008217655009706126
-0.00923878362141612
0.0035442520959497632
-0.007479219598660745
0.008273484650981466
-0.01173958770497769
-0.0021967908906666256
0.04058994413699338
0.0386369632316708
0.05426392981140921
-0.0667062678604555
-0.031131608998467685
0.003034968826248092
0.09159120731339639
-0.0393677251977933
0.09691497049822467
0.02311688965459835
0.12322751843960753
-0.009643348921020596
0.04469060075473066
-0.0069452447552136535
-0.027986607926597514
-0.028737319818774976
0.08323676829529893
-0.05712603484934396
-0.035746515682747636
-0.07127795724026934
-0.04699263483864096
-0.027617708136375856
-0.04149166287151282
0.044414642801953494
0.04337409326891098
0.02119011326473737
-0.05236684835273696
0.05282165061479212
-0.09762453687712684
-0.02164046405477111
-0.08478351553235874
0.0037333867417564696
-0.007373727116946639
-0.014530364635247324
0.04370579529524926
0.020563819213219342
-0.00789001616909752
-0.06225112868683683
-0.006802599701339381
-0.062350390909311076
-0.03438809511137179
-0.005401199575206978
-0.009976909789454117
0.027130227855519065
0.035649116281746454
-0.013333380139032349
-0.007309682371980066
0.005094157939530364
-0.013277337761013242
0.01457337588950857
-0.0075380425142165105
0.013136481457125529
-0.012339673255090817
0.002633015083577364
0.011173491449553864
