0.019921717354180246
-0.08826118861436816
0.3150838482760331
0.00859602861279582
0.0533877134121656
0.05424882909048665
-0.09605036752196897
0.03819531974541685
0.056720995428395815
-0.030106205818659925
-0.08923224235782107
-0.03606254181900974
-0.06247163698134834
-0.00017170455057108705
0.07854200664705525
-0.0066538755149525885
-0.027695122083697288
-0.06346368101631222
-0.06749028110066052
0.014941331737203602
0.003650659281433261
-0.013483064075839261
0.015244175700377723
0.08714636499562413
0.03033148178900006
-0.044537423562814815
-0.08598514989879975
-0.07727768653339925
-0.009057339340075039
-0.044851061520660596
-0.014073549509019938
-0.011003429726898611
-0.020648098810214992
-0.014331238202459119
-0.007363476347088068
0.06772558699853941
0.0003739466058195166
-0.025341605908645405
-0.03604863112867818
-0.032489773238432024
0.0116132181835282
-0.00896389752868625
0.0024425971871598015
0.000548383907541002
-0.006672152953131363
0.008156875146174587
0.002050644194145601
0.0028937030711728828
5.888359551678334e-5
0.07901175814590379
0.013427885048337739
-0.024771909206410394
-0.0030702593599966407
-0.026316964653489976
0.010146595182026357
-0.01640824725538767
-0.007961042498487687
-0.0006333557160435479
0.0031361144781607065
0.006800360312997686
-0.005410168428243384
-0.0017612990780580004
-0.0039491990269621075
0.04189077774475207
0.01868657903959907
-0.010061514434656669
0.005516526834668321
0.005504649934982107
-0.004795548559606643
0.0005185248640268854
0.005231647570405066
0.00799800740948186
0.005402496582909848
-0.0002532745932184011
0.004714064374143746
-0.0054258348799146195
0.04640098679994628
0.026590456298409938
0.005219478160780794
0.006893937791674379
0.009682088936512335
0.00805970165498265
0.00651211405233474
0.005370800569044553
0.003076763652493017
-0.002122459767885262
0.009716305187168291
-0.0032208868145882728
0.005024505494551612
0.0007785436652144041
0.0005270325749766727
0.02283870934194283
0.23900809004251256
-0.13656816511166675
-0.09816547304176101
-0.2080085503387611
-0.10165177368934351
-0.010279346652761114
-0.06767127255847769
-0.13428116306737278
-0.13836997098193474
0.11042128063962318
-0.02062477254919687
0.045563279007475976
-0.0005840823530266892
-0.19673995298142136
-0.09506044016062395
0.11534630129393336
0.03704582101709559
-0.012364538123351324
-0.035213245456298926
-0.016752291125878817
-0.008450855183628791
-0.06761312079842971
-0.12234741560898536
0.03296882706493621
0.09023069967658454
0.06863582464956249
0.08684515343199012
0.006640795743563069
-0.020841235025535247
-0.049985491617750386
0.005175552206964628
0.004856577006594448
0.00569841428330844
-0.021908490984251034
-0.10188101918777241
0.03421337542755998
0.0669904796711113
0.04022008198081404
0.008766230434587996
-0.000887104461389328
-0.013343715703761699
0.003494633159151951
0.023453250465089653
-0.048383744123603814
-0.00913430064960993
0.02130173462688068
0.004366532214129474
-0.029486071014772904
-0.041574507579773434
0.07414565725085924
0.07704999119884307
0.058894671019866604
0.04080007280201649
0.0169927527465888
-0.0022210969736268077
0.03760693228662043
-4.643337871028238e-5
0.02754095260345248
0.01534885244094222
0.02297140451863294
-0.0029640874822290018
-0.024500897552354267
-0.02409543252267936
0.0670951060114464
-0.002981308623368592
0.06360009936399948
0.01909612684189619
0.0031047787191839514
0.019104175522697116
0.015065777794799947
0.0030082069010908064
-0.002490786873578859
0.013192337551637711
0.0037527140225191115
-0.004009483638257332
-0.015093243834130505
0.055600861300262955
0.023234521377358604
0.025123940500211186
0.018877248308526672
0.013337577207148947
0.005636446211746624
-0.015114784468262575
-0.010802658042114622
-0.005976466380279249
0.02125188590737673
0.00846118984889499
-0.014291376426984092
0.0017736355789932886
0.0031076439347843027
