-6.4343722523439695
-888.8018732761564
-233.14488019273247
-886.2581452299829
-233.63038275963265
153.73315645508077
149.25732426697542
-17.89114797862502
-73.66065477691573
-39.898984686015176
-7.792516540624675
7526.877426145026
2649.6488883624793
26.503827510814265
-793.8634021494734
-355.73595431500104
-204.13764739910837
-52.56853065350146
401.7601723798562
466.62621907526574
-72.54869760794695
-24.022923111915148
-1.7783656503348768
-328.5138570629257
78.85458795496999
298.6425082071874
253.26884062919532
52.891603714810415
95.36962164768924
13.778015710149443
-35.099818811948104
-36.970493829204365
-0.3758092093459062
-0.416844196280422
-3505.2640661294117
535.1780875554549
495.8407004393906
1679.6407585857112
410.85408665954736
14.904389752114408
-1591.4558809322225
-1555.3355541280898
-66.30735448333547
1255.7153603032102
1.4990840925558373
549.7900198936824
168.2322149163104
-150.10794978131247
-115.66824753915641
27.625145256583043
74.27646701967744
12.637694925817389
-3.0359753602397075
26.10640423996165
-71.13621473039638
-74.1883178695999
20.478045057675743
