-6.108223544266773
-564.791102612296
-127.59267927513433
14.193985032293371
-2.6647772029390024
6.3104569272205895
50.548384882454975
57.6772542813651
28.308863120126095
-567.3693044455163
-128.318871499697
14.087030269092015
-2.4156980635400838
6.69020572996611
50.758064669561485
57.73131562968231
28.45228072151294
10.912440671035286
8028.193235439162
333.08176338744113
-1308.669612574269
-80.32652035417448
1107.802083112968
949.8671127440088
492.0669536600947
140.96046169614434
18340.315352283134
11143.849907988943
8540.279955829103
2507.9783361924096
306.4241860904366
1993.851352877762
1034.3648887639583
70.1276472230295
-23.58386868890294
154.6524588823997
83.96707184849978
-308.7826430901405
-348.5575784586837
-116.35543254250258
-2086.959915120909
-726.8253316033415
-49.4422341710139
32.53791113075424
-110.5500708846143
40.805450765673314
111.59463022609934
36.068246407529074
-2.5224647535895866
-12.70179582267216
-5.279496970573414
-27868.2317791846
-8496.532940415962
-1252.514179939137
2603.0555965639514
14.413211537045882
-245.15558668359995
80.27750251929646
12793.115871030044
24412.66970349082
-5809.248773865609
-1712.550254400252
-2843.86150420652
-1095.7866532115147
2754.206892889156
561.6333587127989
-549.5304823001279
-778.7650725287331
-421.7583888595507
6118.495494962522
1126.7410963346042
-539.7035883259618
40.05618298939523
179.12946081442433
-57.31775737619752
-1709.4088147008279
3954.433781962556
-133.30870797123566
-1690.0253932899363
-58.097357765613445
-400.45395181247414
6016.055103189199
389.156017215042
-397.0813262869825
23.681491727357887
-346.6074253658146
28.516037067543508
-99.78524482711644
17.009070172212432
561.9078304517296
-7.815705919595952
10.662641901597159
-14.18980357563117
