-8.15077533205671
-380.99918248848087
-263.23831838508653
-382.0081478248218
-263.2544548527962
-281.84869065558615
-109.37610502756439
-25.64255594870431
-2.3959436752194483
1334.5838867898524
1423.4445563249678
458.9958942565973
115.77085493084716
18.5582440209022
-59.899714553488415
-34.66125825162873
-0.11633897197172724
117.95362331406689
53.90090393168166
2.07392205508339
-0.8738116580289231
1.3398322576894484
-429.10544406693737
-568.9619424501002
-116.2423641097992
-9.442103574820754
104.16273537100699
54.15405220558727
-91.4298431688474
-38.42026286053426
1.3642880082412685
0.876890793999794
