-4.297021705651727
-5593.614119107611
-588.7553571503578
502.9344966661692
-97.84254373596507
-181.82117368609988
171.55153689445402
262.91612131599584
116.42349074534864
14.286042187807361
-1.9602201357917068
13111.705300276082
2081.326588173841
-1707.0857832782374
636.6528440849096
104.35565046787634
-416.21366765730625
-568.6973075865437
-367.31160289648284
-182.67081372827823
-128109.61727752803
-61731.97943910093
-53742.05872117564
2924.815417110275
-58.90682111667394
-3.772218827716945
-10.328951252742481
-18980.509678916882
-16183.57680769465
-1621.9674112941907
-24.100547951141746
329.1254298412387
80.6618005508935
159.78551255556803
-124.9097136093192
11.662889265356913
-77.67002984079214
245.81976139086822
347.15945429607
183.39642068465295
24038.42631273597
11165.438696317005
15578.079530526871
3295.734023598639
443.70041414281314
-1655.8116279004482
-380.3478201521544
20.469247389657752
48.693193415363325
6.350736407732807
-114.08541187196043
-83.57748911950843
-3843.833102649175
-216.8193331390347
-241.61389358938078
-43.60697076588983
9.768123343432435
34.52528486841756
151.12258555565754
-8.337432945469859
9585.975794088969
12450.491080976284
-1874.620274249561
-2554.8756909407634
1292.049332942731
3072.03331653924
1635.7199538739503
102.13833153935354
124860.20457505055
645866.9310766527
108084.58817763288
20949.089252939455
24910.77028163945
7346.778210277895
-9889.709192614944
3601.110970185713
-842.0011448996356
-384.285822296516
-773.5757056603113
143.20395667510272
-521.0468654616096
463.19837003126116
682.616526884643
501.80234464459704
56310.93537059582
79455.54651596042
-21443.991720847553
-5490.454971048884
897.8285622406291
-318.9617439082307
402.6568013302039
135.57455898837162
-41.53969862080376
19286.354901231327
4131.297888694886
31.242705757359236
24.197734721722966
53844.85336191169
-318492.11249765346
7225.647655275012
-45836.625001473825
515.3938413589267
-39354.55168079544
-12516.702662016605
-3057.4955807427255
-255.3231756070491
24133.214023503584
1379.4313312052368
-23140.8327353472
-144263.5935129981
-35554.01841221792
-4606.385629540927
1550.1716099274663
91967.99431673587
24615.52087992531
5871.399389059921
-5061.49492970412
691.6318550044912
-2199.0717603079347
-9.991040233898927
-5495.2625457344375
-773.9001060864
-471.17736251724523
913.1177865317592
-456.26427797105566
263.7718489771166
33.13220687526805
-13.067246083910673
-55.638966507162436
4073.172965388107
7223.295494893823
56.8976123740432
-59.05956103885089
-10.190906967537611
-5.062892126423787
146.61990929842844
4.338655124766592
-4497.131357180675
-1040.1644155585013
509.24370903626885
7.0794153251544145
14.726448304682522
