-4.636204592773079
-24.458588730161726
-1.7272864797780259
11.262635741778555
-6.487087991328394
-2.2014748982337515
0.0027842668235163303
0.3113537456011924
-0.667271286605906
-1.1853469023060599
-0.11565479508212535
-0.012776368241847403
96.53241720096945
174.5266690010664
156.9822194648501
132.2617729375521
103.60384147711589
72.46461237555556
31.66671465920038
12.637243688292623
-19.448480767150194
-37.044538014078604
-32.96746687416547
-25.479178245317957
-18.722375215946695
-12.713521107721993
-5.693626281128306
-2.363582242454733
5.030155017866
9.105004615023155
7.766017461968535
4.6889925808182324
2.4194721603828695
1.1688292435263852
0.4936127480925435
0.2342066202019174
-1.318797317711543
-2.054336994312201
-1.6551193053774365
-0.8072357724476015
-0.13528280059170006
0.13280236088838251
0.07081286110512326
0.02747192161471174
0.2691337661147751
0.37363420369541167
0.2116882444697868
0.02568841223721936
-0.11286841019429487
-0.15448849117234617
-0.07561071690689934
-0.026172100098057732
0.07303940349747308
0.1366929491741405
0.11876926978721555
0.08776697706505478
0.03486932548857597
0.031230009991808506
0.009081791061229715
0.003457645028286302
0.010128018763512903
0.02360784200999241
0.020707628544799846
0.012889466566000367
0.007381814287972863
0.0036415210574127915
0.0020028908646420158
-0.00018311897480406352
0.006507995388754044
0.015470237555133028
0.014587207937293331
0.011405062248528377
0.009228870275667819
0.002706028032746113
0.004521000521606685
-0.00016922495735736636
0.002492470537408547
0.0008327346275626311
0.0036746464177451663
0.007358345469480173
0.0006026032992450889
0.014119746636185109
0.005965676712615874
0.010252138013694472
-0.003545445522144814
-0.008342081141314097
-0.007370411550315173
-0.006010414564655356
-0.004501830784002791
-0.004595534871046986
-0.0034635705188534494
-0.002482542400441813
