-5.392984999111218
107.7631613303326
75.91648678802646
37.922373209976335
-15.87806101558205
-7.096892882459829
6.200948814541532
-5.134722451129199
-0.8803234502897562
-0.38501183365404795
0.002467531519475977
124.4059300856857
129.3532186004943
130.08339997996018
31.050758467241316
4.9389047915368165
-19.545126096275876
-31.819919982972777
-20.20722506141842
-33.338606670894166
-10.264792505806417
-13.888010909092142
-14.22690341119072
-10.455721106731174
-14.040247070799479
2.2002575056607725
5.583623343038236
7.143828146914478
6.884125613622263
3.420771745056371
4.442556298926662
1.2330083933627487
1.9344367926390675
3.1009880524963664
3.252482161079533
4.026349348814464
0.10746776233492303
-1.3885083216151983
-1.4940340022302487
-0.8930649478045601
-0.050530431322402515
-0.000420695947137697
0.10762761813852652
-0.14726568125658007
-2.300314690817448
-3.822453178655968
-3.4680262396897454
-2.173050052458898
-1.2210928912901484
-0.7845491993397837
-0.7288336672545951
-0.5828252830677317
-0.385100591134358
-0.18232937804546975
-0.02386401382138905
0.6966874193332502
1.2205039898958345
0.9519519967196759
0.6850207358733429
0.4212630541701618
0.2723764579647114
0.24417536272227658
0.1499834399431659
0.1005628928267238
0.06507697945614634
0.016516068381179975
-0.15633563424017108
-0.25709077542240094
-0.22759117181360902
-0.20554780895564037
-0.20895316565142907
-0.16431372784727627
-0.11087819545349999
-0.03413785452795713
-0.028941061045778697
-0.034756452946501634
-0.009809211075758988
0.011258838219117167
0.004191842572740352
-0.006133856474424035
-0.035833738360669706
-0.048946159973580934
-0.016806948060622953
-0.029693240134819606
-0.03207142543961076
-0.014393347289706466
0.00447494550707688
-0.0032935948265567466
-0.0022961953437691278
-0.0014595445169709753
-0.0025768696952630553
-0.007014646238225148
-0.00870409712755075
-0.011535173482766961
-0.006414054988888535
-0.007243557318202949
-0.005060118213178326
-0.004604496003489512
-0.0008302527878489111
-0.01227542648707058
-0.024354685016703983
-0.02256085316038821
-0.017240115972063205
-0.01605214420903089
-0.01102944805883361
-0.007150626778789168
-0.0035734629771811037
-0.002531215501447115
-0.0015175200173703394
-0.00040055132736013696
-0.001449550879192128
-0.0037948837683120487
-0.0031872298795303303
-0.0036312220026237458
-0.002266284002371494
-0.0022588029689474603
-0.0022728501469368584
-0.0016591933120624095
-0.00040362746385589346
0.00034292486903671193
-0.0005140022597068324
-0.001817137016088279
-0.0015350177434985915
-0.002534571571254678
-0.001887152920415803
-0.0021302216151714865
-0.0002769268031869198
-0.0017675772282697642
5.4765129381337365e-5
-0.001428689247268889
0.00017269092192847673
-8.061487805748256e-5
0.002930679821566781
-0.006444489581518455
-0.001531503410255837
-0.005719608947491466
-0.0016814549022156644
-0.009606711175572255
-0.0037804332807386876
-0.008426273250734117
0.0003840523001202712
-0.005124381033353899
-0.004335710725235351
