-4.936234894450953
155.57377913334255
66.80104490318533
9.203356422928412
2.0569275915120686
-0.4864197981095249
1.530311963076586
-0.1498742089636992
0.02628089327234706
179.31473505248002
127.84781617421783
52.4436856986854
73.01409586262017
33.034645020058996
-10.708727349642551
-19.074035696297333
-10.40541397829039
-2.432021929883792
-5.812215328398803
-2.2369190386580966
1.7057846115776982
-0.3111646155733456
-2.0380920213192786
-1.8219020484461907
-1.2041676940715729
-0.5614245195046926
-0.1086283289703507
0.44093661919837024
0.6575471038729092
0.39809425031442885
0.28387825675428596
0.0841007290868042
-0.061826671221747856
0.042906741786285854
0.08239724472227729
0.03642884322379658
0.04055994267577346
0.033953464724600625
0.02390721804911528
-0.19820316897023585
-0.4014848615249651
-0.21882574744789057
-0.20095137186105524
-0.18801009940681254
-0.054785905413671364
0.003966247826978834
0.012665613176442362
0.007426892909557405
0.0071679685854485345
0.006572900886482936
0.002190686120240139
-0.017821978543883215
-0.02872895823613496
-0.02143228112169887
-0.019476157703435595
-0.013867410830377406
-0.006708293089397369
