-4.299683945344737
6.634032411121974
5.451712384865415
3.9374128915569377
-1.0795602112512728
0.919547236221824
-0.5212587290545279
73.76437743470946
179.21704034895026
104.97995651089913
36.92608751526633
2.0167271293208455
-4.943696453772193
-15.381045758512654
-8.567765558678813
-2.528103152644574
0.1189516994118676
-0.48856696376131953
-1.0285096280979285
-0.7119267554226869
-0.555731419189296
-0.17412093383476923
-0.007650709870166414
-0.00761387555894327
-0.03907882731439422
0.001139454440570173
0.0070048395026331735
-0.03354155467926395
-0.028904727891102846
-0.03307375280329529
-0.026032825677555875
-0.04061221687624564
