-27.166564086181406
0.044289190187573324
0.019143513285695756
0.445340265642853
-0.04769717724007513
0.5310142541530047
0.05499612817894992
0.2091286655566086
-0.055581035106428145
0.2559159161935718
0.17814934213709904
0.16352572998128087
0.09712771912774294
0.03600427466515881
-0.015869880799643188
0.07704303695090789
0.014090351447901932
0.10980720644049989
0.13563576295952043
0.002858676982742059
0.0232260833570615
0.05626494891043241
-0.006677757358475393
-0.021504041704944955
0.08728912656865867
0.026967104903145585
0.10472146109503547
0.16353207740794193
0.024052249352969284
0.06731754942369726
0.1084164188855373
0.016526267316279205
0.06118813831492962
0.03481252517498015
0.005437103741272581
-0.024501570795436706
0.00399555082112788
0.020166880269792426
0.06150239096575386
0.10440213514168625
0.00896197876379259
0.07080026020441381
0.04640639525913518
-0.00416436023510583
0.09747379491416211
0.01766390081232504
0.023814131224349253
0.0348725757457169
0.0029451581179354863
-0.010628006327468142
-0.014486060271574133
-0.0039944053478547835
0.04162915816998041
0.03914991133879724
0.0023157129700851617
0.02510961847045246
0.02148987172375201
0.040967073808178205
0.004720940922661837
0.04075462297490192
0.024848774376078325
0.01956324629986622
0.0027730379601817153
-0.006172333981860411
-0.03067646826921661
-0.025786438027866645
0.01577754941782655
0.009622081860665554
0.0009925384212334022
0.00704513231887711
0.005890130877387553
0.019898761737081244
0.012626822060369866
0.024481425780482857
0.010402266194745248
0.012177465137087225
0.001459804470894528
-0.00839264103653767
-0.01660450002361019
-0.004257516461572418
-0.004009677802235896
-0.005745288141895862
0.002630375008066971
0.003560658144576155
0.0039437847583430295
-0.0008697766327427955
-0.0013680680311830976
-0.004805086380224756
-0.0032687908359994564
0.004395844684391942
0.002739448360751792
-0.0001575907729773261
