-29.70938448791174
0.045936814247862376
0.009653566502302398
0.39909087249368613
-0.06156109776400706
0.4698643912797409
0.05637985814524822
0.2072931981663492
-0.07522560098438678
0.2094647329493864
0.14717732945504164
0.13401199291318136
0.07030118231353186
0.026466293716200125
-0.0165460599096273
0.05753746196783054
0.02268022022780638
0.09652925127489366
0.10304360618433253
0.046356526090657046
0.019029719553638788
0.0513794177640746
0.012247713382993014
-0.027274296775106493
0.07644525177898667
0.028073906270352434
0.12638813513154076
0.12818508804448697
0.051995983695419405
0.0424280026378412
0.12408126502109419
0.05497122435152859
0.035579486725842914
0.039949432105124194
0.022668839133993274
-0.029767827595136378
0.028325992396499626
0.02597211835782384
0.08410963625797942
0.1137423207506829
0.06122727899248076
0.055794290125935814
0.05354356327735484
0.03532168102963507
0.08611138545411617
0.046419841065991875
0.03911734340066697
0.017295536955394812
0.03281399416805451
0.01315478777957244
0.011439131439863047
-0.010150368505064181
2.565929927094643e-5
0.014487609811425183
0.05698974309910955
0.05097540357828155
0.025608340416047665
0.03001418146326666
0.02623716800886243
0.005108311425590386
0.03785270322163857
0.022458330189111867
0.0038358413447884348
0.03748223332216787
0.021926899907640855
0.008445485260724504
0.01875187172040994
-0.0010878060767842957
0.0005590483389703067
-0.008306261834363794
-0.011891491226372194
-0.01798880070821328
0.021913634134190577
0.023403212900381914
0.02293050293787091
0.0008467333910654444
0.0056238873654024
0.0043776799534693414
-0.0001785700381376722
0.01133996169430424
0.019354297982175726
0.008752521686414803
-0.0002522855643643438
0.02083914786908793
-0.00971516950794782
0.010435425627858187
0.013138846263510445
0.0012290107461572749
0.004350687936097597
-0.0034830010381143423
-0.01400376390225637
-0.00023483825938758285
0.0046788341360061575
0.005680668378260831
-0.01533454074459143
-0.0070562239360278875
-0.014575031511011489
0.006111254561760384
-0.000874336683760679
-0.014391710461948969
-0.006151917280534404
-0.007417588873523755
0.0030458642612735494
-0.006393714578281458
-0.004044075373366966
-0.0023990701433144294
-0.0006285426335189128
0.008810881426326784
-0.0034227152241224153
-0.0016312400237054245
0.0012901610050484993
-0.014443731974071691
-0.011484709700644398
-0.005870706364658463
0.0032653590905389824
-0.005027598548516018
-0.011693570343289075
0.003194184022231142
-0.00018682778079522877
-0.007096681880303884
0.00018238448612789996
0.002608558113521122
0.0027589291757014345
-0.004797036972246664
0.0037494065688655066
0.0008912564208288517
-0.009555496526721271
-0.003936786554560749
0.0011949513880133587
-0.003023732168761495
-0.0037964632554346963
-0.0008691758599978902
-0.00250518474016525
-0.002601001819205909
0.00035122788273113045
0.0021189466347224196
-0.003987619494896221
1.2046868856625423e-5
0.0013336490037820401
0.0017020458661407658
0.00013642909205816248
