-14.59718157579142
0.005741716978365825
0.06683625909306526
0.45064160610348614
0.03333928877655832
0.6918353865804888
0.07816891751247007
0.23089052137786717
0.03932338183884019
0.18954327219491257
0.23045745983261606
0.13872779179450295
0.001075214000740429
-0.013872059230951278
0.020039135773597748
0.057659367741349624
0.07913387199215524
0.064041739970344
-0.003937038485231752
-0.022734761466480735
-0.015896008244869943
0.003627518269423914
0.0389083357156203
0.05231648165409501
-0.015017023094376053
-0.016851355123449673
-0.02231190421690101
0.0018484267205145
0.03820423192680868
-0.016227308240709486
-0.004806729901941105
