-22.191883493649023
0.0430480074168073
-0.01840434051021348
0.5348337975867155
-0.005535314372221765
0.6304290583410971
0.11817627517737254
0.24171702027137434
-0.028753027466151437
0.3434465701314627
0.2638340907553644
0.1759684447540931
0.14497317169320026
0.029551833360483996
0.004678375710034434
0.16388779291121577
0.08170110084303703
0.12539806794391234
0.14014102646689752
0.02337457596253895
0.03961840376022798
0.003285029659346872
0.001615718868529202
-0.006319796021658488
0.09601730723073504
0.07059816962471645
0.061787332538842214
0.1055953314532958
0.008649092245191945
0.027295007201080225
0.054283146932492414
-0.011358449924976137
0.012726774145767545
-0.00699899131755865
0.01672554055752239
0.02734015817047995
0.022628732392142324
0.06261877109343543
0.011493800379242367
0.002774170608102665
0.012986303288490111
0.004388545877336454
0.0021964072476870285
-0.007192692773916219
0.01679717533205988
0.009418722268259606
0.017508341582158315
-0.005608029969415044
0.00435354383622332
0.003320050031350895
-0.004912202625153161
0.0019452202277304568
-0.009703045731526748
-0.003580235900809492
-0.006508779006730296
0.0007956199312499701
