0.06697768953368466
-1.1604089087463629e-7
7.97319237438109e-8
-4.468716833628628e-8
3.892005685601564e-8
-2.772091494925934e-8
-1.2674622746799062e-8
2.1349943828788914e-8
0.004158533440705831
8.184355750019378e-8
-6.11710627819226e-8
6.58971078569236e-8
-9.597321637019106e-8
8.586820257776139e-8
-1.2267699751887686e-8
-2.0057664686777055e-8
-0.0031169299439720685
4.174345143493797e-8
-1.9236777236942552e-8
1.1421588640315614e-8
-2.803460363839463e-8
3.434467708841724e-8
-1.848725837908116e-8
2.9760870509098616e-9
0.0010179293296449254
-1.4123028883906312e-7
1.1953333225331672e-7
-1.4210508943621426e-7
2.0641801228474255e-7
-1.9515296665501186e-7
7.736854888007528e-8
1.43672888186611e-9
-0.001406267567792284
1.0369441765481108e-7
-9.577687821390755e-8
1.0222607405152223e-7
-1.3689470763276337e-7
1.413038253807516e-7
-5.823647278680527e-8
-4.9902083159294395e-9
0.000526276764769338
-2.7802009665179115e-8
3.796241769778148e-8
-1.3349949018761618e-8
-3.1250219004116685e-8
5.4955861966755083e-8
-9.387646801162241e-8
6.565250125734939e-8
0.000576283238283401
-6.1997687385176e-8
5.968374390862462e-8
-7.987892805043498e-8
1.2440280089158987e-7
-1.4076367036654318e-7
8.649018467331785e-8
-1.9796304147434904e-8
-0.0004976021722928239
8.211889819756985e-8
-8.649902010189602e-8
8.267796933201926e-8
-8.08382014656037e-8
6.237595816628093e-8
1.7536901333498846e-8
-4.0639801824039336e-8
