-5.881268267036482
88244.01178380383
46215.81892832293
21478.8879145428
15249.692431006937
14556.98496444595
11331.47490100547
6253.290419966849
2354.990618447431
557.6667083085636
63.91560970793262
502529.14075975865
92290.70398488383
16053.175250203007
-83105.96535406845
-70249.04026043377
29613.94410834104
14445.114264146156
4130.344692746625
703.4278910982696
-9.730824928781869e6
-8.874331465795657e6
-4.2825210008138055e6
-1.6367962859250004e6
-448405.5939094908
-77508.23877189097
-6480.911024092147
-23132.767649312686
-19150.170296214124
-2168.7586172830547
-73.23795448175014
318.2601072067241
79.67545713935147
-61873.43498616831
-10266.221970215356
-877.0719699036533
-16102.346824501898
15057.049305206
3116.524490349968
26.068469960891164
38047.46374726866
113906.2163135789
21669.418765287093
718.7253738321367
51.52239150294338
-1791.3812923330102
-407.8048437771948
43.9218199891411
-6987.058246897339
-13242.836247034256
1733.1239767253892
560.3756391836878
22063.38613031465
10894.898067601558
440.3474493136823
-1187.6983717811793
-3583.687809979041
-351.78569349590975
492.5751228922285
-87.44683619999365
-1.4202335541926627e6
180141.5981902587
-555938.2202304602
291500.45380785206
144375.1142931453
85291.03081632224
55332.518894074
10565.335588581174
2.911195949168363e7
1.643147535521268e7
5.116509341580658e6
1.2681840653583538e6
199201.19726699515
18543.087281073666
5002.911243836553
8428.707416338351
-552.7759871694965
-339.95901469256114
691926.384421891
242338.70343875347
179031.84238309434
-142348.44021189478
-87137.58368167172
-12386.342053319735
309675.2301912507
494196.97774839593
105310.36580622835
8588.134154126732
929.5073109436195
-45290.96079366807
53650.96518049723
5185.857891096254
-3075.8697626386856
50020.41269802221
14695.629689361844
22274.57890168351
6183.108912062408
47840.41772228225
9.133397292357564e6
6714.472612938087
4.0715534920613472e6
442.27539094362794
814232.9474070341
101362.7711458211
3252.410478680544
-254.1606857801584
21286.366481967943
921.4179741073417
1.8441878746114366e6
119689.2595157099
17176.418973871605
-2470.3447897822543
1499.0900879958397
1.5162046555333526e6
233061.34405702222
23111.843332177534
167352.63985191705
16467.95871532532
6249.058341110774
-13.47117348087856
-2318.6657607822235
-567.0600160955235
220.5935271441864
881.288753006837
-34891.28408421
913.9307396333563
19557.50029262197
1852.6615595410901
2186.956759069344
-393103.8208018603
-177648.2325666825
-12619.592703165948
6457.991524184665
-14894.58759933284
-7822.480966949985
-5368.883033369967
3079.584486696046
1914.3039633471672
-82.02316698772654
406.5373455378048
4972.070576176024
491.0817410893571
