0.08340608434278418
-1.1174993594971499e-11
4.6521338302854794e-12
2.6170327299222354e-13
-7.202866369328876e-13
1.859867223667285e-12
-3.1718223382893273e-12
1.970300448646602e-12
0.011957412261899367
-5.503649722852117e-12
2.7752609759515632e-12
2.6808342602812532e-12
-7.197860907748063e-12
9.790832562173544e-12
-4.0418143645742126e-12
-1.2510845507021032e-12
0.0009108383591625836
4.5320887168717214e-13
-1.0980986876621793e-12
3.8602151141784935e-12
1.3206179877714337e-12
-1.5241701186612195e-12
2.1894084997129928e-13
-2.792534765645068e-12
0.0026984607827485485
3.357835427639284e-12
-1.919630520450792e-12
-5.294230567318109e-12
2.8267908761651407e-11
-1.360064105821547e-11
-7.488121542196512e-12
3.65206173227029e-12
0.0018931146570940367
5.018920554056539e-12
-3.779756655145867e-12
-6.826040773331196e-12
1.9376457203352998e-11
-6.820497234016961e-12
-7.446307361150623e-12
9.498240794108841e-12
-0.0020330381998675344
2.337587667684687e-13
-2.165132041558682e-12
-3.7866012521950635e-12
-3.0900742873222047e-12
-3.1393504627551176e-12
5.887978616244201e-12
2.446845252155798e-12
-0.0002582063702783984
-8.547010044546127e-13
-6.68290741786407e-13
1.9077132812257466e-12
-1.639881741393868e-11
3.3546031343345374e-12
1.1990092367274443e-11
-6.420496012112869e-12
0.0005174848425001309
3.0025771027994363e-12
-3.3384823801608605e-12
6.488786169751034e-12
-1.1455034106896875e-11
1.503547253814603e-13
8.844901166170479e-12
-4.9160842070641125e-12
