-8.411919421783965
-751.6535677269832
-301.30023997695156
-109.1833947158143
-289.0735674670501
-312.4447681744043
-119.74691918803947
-27.71963268477012
-2.578066836375317
1558.849016793865
1652.1490010271195
527.4498458747198
130.1648654932598
20.020192985877596
-57.68874657453417
-33.286264018808325
-0.04180471567458611
136.11684027513795
62.54968280006968
2.701272154336795
-0.8228358945459362
1.5543731395124727
-528.8509640101231
-694.7619495902812
-140.12858675614993
-11.873550450038488
101.10075464280554
52.93968366213079
-110.7565987119272
-44.14231904330754
1.1691448765641912
0.7049641204376833
