-4.26614597641145
-127151.1635750708
9626.208168763082
-7943.243224591418
-822.3470304884481
6964.598089032565
1871.8162843059329
-2661.371749184156
2526.1025330359034
87492.86294820247
-35154.245863937904
-2096.4743999724915
1034.5457851540757
-3270.545972162948
1132.1431455214458
4030.995619196404
-2155.859796765851
47.217954378817936
-104333.23789565681
-108134.3329109187
-41552.06763751975
2789.0894329638195
8115.081757166425
3401.1354894478354
2221.0702352443195
572.3729304732933
66684.71300919892
56813.765954258895
20495.64247163983
4591.12998932155
496.14490254553994
1841.7077547193492
948.0091569809389
66.93096169965993
-20840.904647296273
-33819.14419243692
-16117.50641596982
-5986.341481611157
-3495.0935590505082
-679.0160585092499
1560.898789134308
954.4822476982646
78.02817206080766
27.880777557368013
-2379.542232074909
-1648.4884210947796
2113.0572713963243
353.4952655752538
47.922388967699455
-1040.1071312101237
-189.2370718541496
620587.8646228736
992363.0753794969
200403.8962486293
51038.60029415947
9445.277920281282
-1673.0345222532187
386.5704177553339
-76467.58409694702
-17227.52943127182
-9293.983058241454
-1658.7658937960098
-2693.8204136214263
-1021.4320766798091
280373.7597427556
81652.72443224707
36569.67120481653
10937.275456084983
-2217.488652165065
5087.5338277637575
1102.695153432149
-22278.625535031966
-19273.095326896786
-1061.372512073945
-162.6362772334021
-1669.7217742374469
-23881.35413937819
-126.12973291855599
-4861.456349024694
-205.85920045160248
-398.4437916084123
-5748.349325127919
-514.6741339746028
-1176.4623244399315
10.335842910956513
22503.077429891397
18489.60441222269
9521.704922930874
3281.0641486165223
327.49611888425767
-1032.8305242910756
-4113.695257450328
703.1259902366504
