0.04053007847084805
-0.009093583722039658
-0.0064773824410777866
0.013908226046110425
-0.003107326544189434
-0.007225714796522677
0.006021500858418321
-0.0030593251367434693
0.004441885514982938
0.00201855942488562
-0.009459664995968212
-0.005091847257452052
0.026496940841037212
-0.023493559800633765
-0.01624436392787479
0.02455413502638106
0.010480329424549321
-0.018409603570510035
0.0007735348334877191
0.02920316611800834
-0.039474065063474006
0.015461232671167148
0.029835044934975512
-0.02509021946704368
-0.012404399761859464
0.01260056382794637
0.02176883305340199
-0.027411965148842928
-0.00517012704410647
0.031023654707854335
-0.0033762225705106135
-0.016904137987562025
-0.008315142417294393
0.008423941834767197
0.022910810753445695
-0.023702624713002652
-0.015376347045575557
0.039042133594281755
0.010176729969520888
-0.03249322632655402
6.400248594722803e-6
-0.007040879417296559
0.005864430697567865
-0.0011008325203795903
-0.01460928329836337
0.012097706567553684
0.02382043529629146
-0.018411127471953916
-0.006057093376772018
0.016042516045653404
-0.016125270716288914
-0.025264841308175485
0.06598356520882905
-0.04795967066996257
-0.04091690080848749
0.054941278954141255
0.01226590310937738
-0.009586560854897846
-0.016395307545303967
0.02825455006992347
0.0008240460701722773
-0.0214651619367335
0.0009802725555113272
0.005919164869829949
