0.04604579436529842
-0.0031849202683642357
0.00033788225133617053
0.0008399044636482972
0.0010671161994588116
-0.0022082254841437705
-0.0002539697045418553
0.0012894500036415677
0.005460223871250359
-0.0022356406639421934
-0.001025244138377438
0.001969072293270646
0.0008102741062402352
-0.002320020313560821
-0.0012739289247641473
0.0023331114561927595
0.00018992522374419683
-0.00011377753598550533
0.0004815099408374666
0.00010600175918918515
-0.0011231246561820474
0.0015151817940263694
-0.0012164163708364114
0.0004893853340966834
-0.0031781569783109914
0.0014614688152562402
0.004404221851289525
-0.0038062914000478636
-0.0037268766230333177
0.006625569852459168
0.0025038512202599492
-0.005312910871263115
-0.0004883979288634768
0.0006667750749611103
0.005283370475401064
-0.004483994605998777
-0.003986808660341512
0.007772267558776653
0.001887796199023996
-0.0053735534805062655
-0.0006512153652778897
0.0005952886686963401
0.0016153965818208635
-0.000937738195229987
-0.0028324163323573785
0.003964379387463301
0.0009993947751049726
-0.002608032776721147
0.0004249606972110044
-0.00013619993423858592
-0.004496469607867052
0.002835236273867763
0.004915279393550295
-0.007749123241237741
-0.0015431345559749397
0.004887267414753874
0.001133029261443896
8.38277654299295e-6
-0.004022534909128024
0.0022086186796027715
0.00509115182335153
-0.007497303013139897
-0.0008962633433068128
0.004048508576889302
