-6.554667095528208
-4611.333090169914
19336.184725770443
57482.15975350973
16356.587684836293
18186.25334500206
6607.5603128141365
1400.0717710502204
-11.853119628368754
-100.44261692454683
-21.129874418123812
-123383.9102446097
-98325.64470212358
-60943.93100955994
-21598.40021255181
-7740.763614013165
-2387.590983230711
-348.43445082983027
316.18600379042834
408.2754454104285
-76.74691570346629
-26.354458745355256
-0.9877416751511132
10682.928232158229
8817.882274633133
6686.839839618942
2127.8576656554505
233.08710218359778
92.09570884038999
15.038669089437933
-799.2555044421653
-131.7567875892275
72.12763955505868
-17.58952920586832
75136.86989218714
92498.31577327762
49304.95093221851
7875.988513659675
-101.61673863220653
-64.86247445187239
-1710.637009650481
-1582.667685360681
-81.49457803133468
-5516.854962183129
23372.0186990939
5056.814979686546
223.60464636998137
-126.26380373083471
3538.7923447876924
1084.8692952996312
33.74147718004297
30.415550634422143
-49.979127463242335
-5541.6895152108855
-3718.0796572937033
-208.21782391641122
-259.61952891338194
