0.2124629621892969
-0.28697177049210293
-0.02943007185386328
0.5150503883503585
-0.617162548345773
0.2219274649181308
0.4774587466753024
-0.456454887276688
-0.27587135430729065
0.46425608928852397
0.04387799221436958
-0.8494509972811861
1.0206775822949377
-0.3570313928233531
-0.7791690646883831
0.7362342845576151
-0.02718648430833559
0.05060280451963311
0.0016689266542969747
-0.08893456542014254
0.10967990392798088
-0.038639575550863794
-0.08446151219565379
0.07962966976951143
0.5127015948180249
-0.844741912306499
-0.08599044245646757
1.5390332780647842
-1.8460841784520183
0.6550954545157961
1.4166067156837905
-1.346612227006992
-0.61201656618706
1.0137089916962612
0.09688648456562318
-1.8486072841817407
2.2252106733292414
-0.7896745655169098
-1.7034766948817999
1.6181575986611063
0.22434702597236367
-0.3692693964656984
-0.03845442724504709
0.6684530771583164
-0.7977652914469693
0.27999634507025967
0.6190997090411533
-0.5870011929227341
0.4700091434919381
-0.78093841234617
-0.07546119555337355
1.4272034293073297
-1.7102240020727493
0.5944279249394316
1.3086706901208927
-1.2342917850240729
-0.4558179436378019
0.7480869334492578
0.07592202787241752
-1.3541556957511593
1.6287568594670276
-0.5884018084394433
-1.2580883674380743
1.2038652264611978
