0.0566219117047269
-8.389572686508295e-6
9.692320587390274e-6
-9.170221396218321e-6
7.210752937613694e-6
-3.652925373588998e-6
-1.206156315039509e-6
2.0299244363413064e-6
0.005787433270453833
1.1653933686914332e-5
-1.3570468301691552e-5
1.2942398415580933e-5
-1.0241889315968212e-5
5.104406774232259e-6
2.11638984398136e-6
-3.1989128701089224e-6
1.3186063378957045e-5
-8.603563061035084e-7
-2.7761633926496295e-7
2.416393406901108e-6
-4.479120554216458e-6
5.054529186246001e-6
-4.594684796345035e-6
2.240826430779457e-6
-0.003334595784204543
-1.490811931708571e-5
1.9943903517344924e-5
-2.3646030137890268e-5
2.426647341350176e-5
-1.8057108707633478e-5
6.637844353845734e-6
-1.2385036168901914e-7
-0.0006952947094809525
1.6958787834189094e-5
-2.196689952477452e-5
2.4482620034807633e-5
-2.3874745650976252e-5
1.7405486244301076e-5
-6.177741521275205e-6
-8.88020566312745e-8
0.002158929257168812
-4.516522925460939e-6
5.4350941786968715e-6
-5.576187868643633e-6
5.395678770665308e-6
-4.215640337676096e-6
1.9603584459547656e-6
-3.384042108421658e-7
-0.00022785802436132627
-8.89697811657501e-6
1.2948302459917923e-5
-1.7207841673147638e-5
2.0513924448344296e-5
-1.8850028976168833e-5
1.3194638318801165e-5
-5.165686724929953e-6
-0.0005806327093622643
8.116532321823418e-6
-1.1674304460268285e-5
1.5608744053816837e-5
-1.8548081748217553e-5
1.6323973019847657e-5
-9.651345963974145e-6
2.986140220714943e-6
