-4.299612782751414
6.63549672975687
5.452274208646572
3.9375103229442354
-1.0796101505071285
-0.9195905827514691
-0.5212870275765547
73.76621946463905
179.2190907928613
104.98343723846526
36.928466180414404
2.0168703152353733
-4.943912357852553
-15.381345593009467
-8.568225186998955
-2.528388169052367
0.11893640827745519
-0.4885798810620691
-1.0285335780454097
-0.7119372880797727
-0.5557419307932662
-0.17412671657239362
-0.007648373352766709
-0.007610475481159055
-0.03907781067740643
0.0011407673406689106
0.007004212619905325
-0.033540892724117755
-0.0289057018599174
-0.03307278085228836
-0.026033397470597762
-0.04061211479199239
