-5.393760053812099
114.65703896645879
79.82311487612893
39.452016880616895
-16.713545121757495
-7.695750298450622
6.8289065103020885
-5.558439795869295
-0.9399450517934917
-0.40175105424089425
4.0621736588344866e-5
129.27823514301969
139.05528997743212
138.15205198208162
37.539339826230574
10.286831760567585
-15.775311266293532
-29.798522209022956
-19.272228929802637
-32.891234432653896
-10.096448831749067
-13.901683043102937
-15.087852497996938
-12.123580745521718
-15.450509188911774
1.059486837649431
4.664107104341499
6.487965643697034
6.517288521766524
3.2453335201102376
4.356569555013915
1.1984406833378427
1.932425026163034
3.2652999572945727
3.5663565248699256
4.294460850514526
0.31928265817963997
-1.230709623428624
-1.3830693925170654
-0.831496431484688
-0.023957306452292593
0.011138092547386838
0.11230915621068169
-0.1465859048935835
-2.317400925934872
-3.862555177031005
-3.497005794705837
-2.1902840967634565
-1.2293263216067676
-0.789049210764037
-0.7281852507434952
-0.5794323194578425
-0.3820885181166235
-0.1807004122822635
-0.023066248248985087
0.6867313256730753
1.204236815342418
0.935120565324338
0.6690838171429353
0.40815185888332606
0.26269010716972074
0.23686325998018237
0.1449566486082549
0.09740124539861343
0.06350486498632314
0.015891077446561125
-0.1437937667916414
-0.2336239514833091
-0.20700183529501492
-0.18821777245341786
-0.19582150327037504
-0.15498710893900827
-0.1053825288527
-0.03124131156992431
-0.02725453898707611
-0.033925312320185926
-0.009509215790786852
0.009294713951645233
0.0007801539648606495
-0.008864500438020936
-0.038152946007046426
-0.0505833794718157
-0.017964322451580767
-0.03028416718196552
-0.0325415608461169
-0.01490716194803474
0.004142878116282321
-0.0034343322513779966
-0.0017688367821074864
-0.0004523255725172069
-0.0016643383236323265
-0.006198299183117625
-0.008027695099385498
-0.011011802818046118
-0.00604475844479184
-0.00698897717708176
-0.004909835561082227
-0.004545613559686038
-0.0008153243931756034
-0.011934664656103941
-0.023703091797715722
-0.02195899953914331
-0.016711268926559827
-0.015607594512973496
-0.010678190466641039
-0.006898015871318326
-0.0034065226195066542
-0.002421247350948593
-0.0014619168533166504
-0.00038494849715761
-0.001418961756421275
-0.0037338772398284393
-0.0031240111652285534
-0.0035692431733927326
-0.0022188040133515785
-0.0022190215249530683
-0.002244627354733958
-0.0016415823866010092
-0.00039643203503675285
0.0003425485465884893
-0.0005098080332684102
-0.0017988271535652922
-0.0014950477994920258
-0.0024966255260428895
-0.0018509297173074817
-0.0021009540442579284
-0.00025419652033427625
-0.0017490789343380165
6.853077462800984e-5
-0.0014213429534614902
0.0001754201274984513
-8.235897874310893e-5
0.0030143886916866947
-0.006372975228395771
-0.0014465611281820466
-0.00566163675407653
-0.00160020516068307
-0.009546403299353629
-0.0037097852210734644
-0.008374708676002346
0.0004044567055797251
-0.005106534373880735
-0.0043102960286081305
