0.08933386938258872
0.00919843169743499
0.0006919821425771062
-0.00020618944407113963
7.126016755035183e-5
-5.953408122877432e-5
2.0260181912739493e-5
-1.1473700197137901e-5
0.008267037257959641
-0.011647177931631574
-0.004106966475863896
0.0010602773099516012
-0.00023065481927857562
6.988802209963686e-5
-7.539362297930356e-6
1.2332675151888467e-5
0.001635482477117212
-0.008384472636346155
0.004786121897491963
-0.0009297239457919585
3.913191816558259e-5
-2.3092241501120207e-5
1.96888752801685e-5
2.4364708644363058e-5
-0.0086589924496097
0.00575436112010978
-0.0003596257815290965
-0.00016545438777788325
6.020893122743104e-5
-7.247617269484026e-7
-2.5416731600105928e-6
-1.8975390190341016e-5
0.0012148425562362283
0.0048120332485198135
-0.002452206868447057
0.0003909031099785061
0.00012733082112070164
-1.4375388772242569e-5
-9.31445131252865e-6
-3.23297192478738e-5
0.003833971281228083
-0.0018642873460927305
-0.00024154368655348915
0.00016717648929522933
-0.00011420405898267015
1.3053915673720284e-5
-1.690154054523526e-5
3.7730972987116894e-6
-5.392858772031658e-5
-0.0014576846761760415
0.0007120794633990912
-0.00011733012684075469
-3.953946268246081e-5
2.5883336246047085e-6
8.696302353986472e-6
1.5618698239637935e-5
-0.0012371753342271922
0.0007355386178290243
6.459220655142334e-5
-4.015356350894208e-5
8.600308526452832e-5
-1.2968068500646743e-5
1.3125565152736088e-5
6.644022309455468e-6
