0.026372122188499658
0.0009032511317094905
6.129447404795956e-5
-0.000243740253025882
-4.079542812795102e-6
3.7763352160922294e-5
-4.779115810955328e-6
7.233732213667414e-6
-0.0001105869263155102
0.00015218023204204248
-0.00017033449173182544
-0.0004341648695119039
1.0418996736965512e-5
0.0001498126650509968
6.1180248758971776e-6
-3.478931503005024e-5
0.0002438450731030854
0.00024284108742912052
-7.242310876770145e-5
-5.621819911428626e-5
0.00010595057230384749
-3.0680313449899206e-5
-2.2931274724740255e-5
1.600327146462049e-5
0.0003279231600737264
-1.0082842986967763e-5
-0.0003266104014087476
-0.00012484303415363516
-3.3383521108865523e-6
2.0743091308108936e-5
5.6919845575641124e-5
-1.7135036303700752e-5
-6.803108489481176e-5
-0.0004615705682848541
-0.00015748088876483852
9.744355549600909e-5
0.00012230630865612833
-1.0495835482843965e-5
4.957516730536125e-6
-9.402086179978683e-6
-0.00027405680676345585
-1.2506654914100078e-6
0.00020853921957478583
3.86254561704686e-6
-5.1989288610116e-5
-3.6182797021083565e-5
1.4937414117493402e-5
3.283749262910107e-5
6.609637720600424e-5
0.00014190332595048847
-1.3601019009599193e-5
-3.78981721993335e-5
-5.3594040264037176e-5
4.868530867989737e-5
2.3666131905118792e-5
-2.09015221210054e-5
8.729086300423047e-5
-2.9761411215010802e-5
-1.2974467308513935e-5
0.00014535965744349075
5.2631911017163974e-5
-1.4138626590855398e-5
-3.852124232607514e-5
-2.1101123362243896e-5
