0.025278424404243677
0.0007578866075024979
0.00014621815137762418
-0.00014329990789011484
-6.307109916408476e-5
6.88785779507761e-5
1.8109972431248778e-5
-4.409036610275113e-5
-0.00044549478007251407
-6.5936493456961565e-6
-0.0004242356594779661
-0.00019238136170241437
-3.09652825774603e-5
3.3720749768060675e-5
7.548617043505625e-5
-2.9415650070906494e-5
5.110394284869198e-5
4.8898515499010874e-5
-6.949240321136813e-5
0.00022646817664908123
3.355578832201338e-5
-4.209890989231023e-5
2.967266135244968e-5
-1.955832405976386e-5
7.085869007291739e-5
9.600611883931784e-5
-7.722701781919364e-5
1.8836501052948207e-5
4.3411200736712376e-5
-7.031207831626205e-5
-1.7599285537145908e-5
2.7807764940799498e-5
-3.0922058549039484e-5
-0.00020118625728620445
-0.00022455438055884178
3.039489545774272e-5
-4.241323288619829e-5
0.00011695893484572606
5.982201775449252e-5
-9.306928150228063e-5
-0.00013494765772287807
-0.00012940630473092538
0.00024679386112003957
0.00017196058651313702
-5.95905338243567e-5
-1.6245898399808713e-6
-2.6813173554475528e-5
1.1947335108356225e-5
4.7444734176259326e-5
6.025616246680109e-5
0.00011237103080196758
2.8822223250392046e-6
3.08564310519449e-5
-0.00012178787224740671
-4.2943127316920914e-5
7.977032162137967e-5
4.1189037401732625e-5
1.6405812788271972e-5
-0.00010509583751338552
-0.0001227367958098975
-2.2455403979791547e-6
0.00011058044953457768
2.4468547021783136e-5
-5.600509277722407e-5
