0.06008819150507095
8.301097704958473e-5
0.0006939535796460754
-7.286174842903662e-6
1.673169274332942e-5
2.4613782311276023e-6
3.209073059013225e-6
-4.119209780125296e-6
0.01386798750403549
-0.0020369187871790407
0.0008779410539151513
0.0001193250686944188
-4.541437780792877e-5
-3.665253187781711e-5
3.0510493458672393e-5
-1.4904284555192958e-5
0.006458336171192867
0.000555427328861559
-3.922580410097173e-5
-0.00017992244069275673
-4.1770733974832445e-5
-3.4235160868542215e-5
2.9111336271060828e-5
-1.4791757459156356e-5
-0.0044148558882304975
0.0018085391393453912
-0.0005792783992936075
-0.0003531955678264696
2.928665367735623e-5
-2.0815229700124897e-5
9.593025000205446e-6
5.58494503344726e-6
-0.00949958273190924
-0.0003742458344314674
3.181983915495634e-5
1.9059886160506132e-5
2.1695434562824708e-5
-3.1868891478938345e-6
1.7592669110140223e-5
1.3870254457656386e-5
-0.002010796783358046
0.0005068718338172735
0.00031172654496369626
0.00018029547327703808
7.447899600235427e-5
3.714898175746768e-5
-8.787140139105292e-6
-1.4967259510810459e-5
0.004977994447646183
0.000808148689077512
-1.1777606029554009e-6
1.5230672587347684e-5
-6.748799805989461e-6
-4.517087570661421e-6
-2.3268019735520016e-5
-6.565042549177998e-6
0.0029685254885709516
-0.000158129694442492
-0.00015547931163682326
-2.8701942918182192e-5
-7.733677527775322e-5
-2.974913145293979e-5
-7.765111570234139e-7
9.363310583745296e-6
