0.029818462948251512
0.0007568203313195776
-8.779860452138451e-6
-0.0002695621398689269
-3.480484449249235e-5
1.512599995893226e-5
-2.5368948946699634e-6
1.0346381497778672e-5
0.0012094023925003957
0.0003417740796337007
-0.0003659784689748889
-0.0005181632436838074
6.126719107734887e-5
0.00030031595145006435
-3.986900716219148e-5
-8.820198576458845e-5
0.0016097010316909947
-0.0010660863443105071
-0.000274033010546639
7.931033891469775e-5
0.00042901745014448084
-5.775256907359741e-7
-0.00016728568623691263
6.72498819067934e-6
-0.0004484241830486665
-0.0005131731115055316
0.00028486695456100266
0.0005954395546821259
-0.00016078728451538626
-0.0004361477590777345
-1.7572278672482914e-5
7.041320969737853e-5
-0.0008043008363885896
2.5126877859735753e-5
0.00020178077315429485
0.0002801458475365984
-0.0002586508095188976
3.4431173376662835e-5
2.0772492740096508e-5
-9.520612247621352e-5
-5.0505635157588415e-5
9.135356451566939e-5
0.0002756341263092371
-3.960759721368358e-5
0.00015463037742421076
0.00018697244101608884
-0.00013026039404465692
-0.00011065052892206846
0.00023426569521205426
0.00012128416591576386
-7.420685632430648e-5
-0.0001137292319630518
0.00010380051812910089
4.591316024040471e-6
2.2399333437536862e-5
4.2278004673548336e-5
3.504913773286437e-5
-6.88743258295168e-5
-0.0002064188643046947
-6.288388371650491e-5
-6.677681712949199e-5
-4.105612212610301e-5
0.000148036189022072
0.00010430400274552155
