-4.636430523429713
-24.589862952933263
-1.7734336350220083
-11.272299665582887
-6.498583172472974
-2.2063520040841316
0.0016033872295562154
0.31265211482089944
0.6693919748653355
-1.1881496401317635
-0.11570983646302073
-0.012919609002001876
96.95287702187738
175.34755480019004
157.72209145006667
132.80777352837978
103.99978537373033
72.7328464634116
31.806123106498337
12.681794583662265
-19.53429484782243
-37.20896996060634
-33.11496652148742
-25.59054245755005
-18.802821030985985
-12.76768607152737
-5.722295286342588
-2.3733581504700534
5.046945104161047
9.136950038023459
7.794420347958938
4.710687412123726
2.434462498985494
1.178704617331434
0.499044615289985
0.2362320476099604
-1.3216905557268055
-2.060424872707615
-1.6606213560386582
-0.8112338152456136
-0.1379586774604057
0.1308732434136657
0.0696581164896994
0.02705415262212031
0.26944602943507096
0.37450468466227255
0.21250769566339514
0.026265727951779852
-0.11245128322948356
-0.15412002924907925
-0.07537441650418594
-0.02609434948555626
0.07320985275380192
0.13700517654839955
0.1190375838357915
0.08796691579651676
0.03500316139097689
0.03130346797011534
0.009117055557531709
0.0034692847269147497
0.01014653092821263
0.023639694791019874
0.020726958184676566
0.01290211342732281
0.007386549077254002
0.003641766634612191
0.0020034893280030854
-0.0001823015278011632
0.006523426313145241
0.01549473439360974
0.014609076293227127
0.011418455333100389
0.009238017792096667
0.002711697445401606
0.004521919136302204
-0.00016956634066404006
0.0024980895097579023
0.0008596088309051579
0.003689799339752997
0.007377552440038103
0.0006111934773961694
0.014121534101541577
0.0059713581905691294
0.010253348695393067
-0.0035468466434061376
-0.008348874676566894
-0.007374502313275659
-0.0060162854600765816
-0.0045043606622122215
-0.004599041505720705
-0.0034654253765731215
-0.002483716559332169
