-4.937898118137745
155.98029738052833
66.9755317714986
9.22390378736319
2.0620965535410765
-0.4888360573301698
1.5364400476235525
-0.1505459937422861
0.026602673923750896
179.7810182214956
128.3773794384939
52.75443929453795
73.29464723689544
33.17542022918757
-10.684355028283516
-19.13888058028827
-10.482783133911141
-2.4774725488218374
-5.8488715268479226
-2.2562601224490213
1.7020282761534726
-0.3069777630517801
-2.0324624928156965
-1.8191773113575085
-1.2025454582710493
-0.5597907344401569
-0.10812809062884075
0.4417326350728355
0.6586508672718561
0.3989886688377588
0.2844965973577771
0.08416435099448191
-0.06183909195330158
0.04301606291666513
0.08261455757911612
0.03653577454193438
0.040642629224470476
0.03404371430036309
0.023929006591368436
-0.19829407522344217
-0.4016403514839877
-0.21880116736918104
-0.20096536748314242
-0.18815630848219908
-0.0547778722300457
0.003968176994297834
0.012673978720098211
0.0074284551838952
0.007168285144661743
0.00657425394518244
0.0021864783323272893
-0.017824099825682865
-0.0287369696222694
-0.02143172388717566
-0.019481426559929727
-0.013867895402736178
-0.0067082269521651534
