0.039868470529149755
-0.0005289057923469814
-0.00031787906395713524
-0.0005409262284512588
0.0002165688824265775
0.0003261004616283615
-0.0002258876562994715
2.1364124118754494e-5
0.005268660996418897
-0.0045839484764658815
-0.0009264581971097969
-0.0007659528459461139
0.0007610805182767903
0.0003401113746574043
-0.0005071919537041356
0.00019523825385252218
0.0005152410096850609
0.00031131637934632
-0.0005067965910889923
-0.0006066706246113122
0.0011260102900296147
-0.00035592801186063616
-0.00018956190589102445
0.00018498513961392066
0.0009583388557310332
-0.00024579293419671987
-0.001001737113754226
0.0008705414825479733
0.00020021539387807738
-0.0004241088225866344
0.00012383284258027504
-7.98886802765052e-6
-0.0002825968177674242
-0.001982149851893604
0.0004482895143634253
0.0009288145677468328
-0.000576993602755764
-5.3361867311251104e-5
9.86277875117952e-5
-5.2566612697610025e-5
-0.0007370482123500098
-3.1098347777777665e-5
0.0009480332866603497
-0.00015391813781869963
2.1042312099131385e-6
0.00017069762269731906
-0.00016577554640331247
-1.1578454884105438e-5
2.602851222419569e-5
0.000740162904741032
7.789328295406456e-5
-0.00020990659983335632
8.259089979068012e-5
2.2007614271705917e-6
5.024625209824748e-6
-2.4019917352909298e-5
7.457272735183499e-5
-3.632298666172384e-5
-0.00029446914346261
3.6752172202102726e-5
-0.00011778383362649187
2.309789019929282e-5
0.00012564301901854928
-6.0721187040802175e-5
