-29.7090662144176
0.045936715985765514
0.009653937178650615
0.39908854902228824
-0.06155787223602539
0.4698714322769435
0.0563802388823676
0.20729200732841452
-0.07522233147061541
0.20945602863318066
0.1471744709937173
0.13401610646901035
0.07030000547923174
0.0264651946790049
-0.016545946710381107
0.05753163667199222
0.0226733995871799
0.09652751526635542
0.1030454880123263
0.04635603874483466
0.019028722792774417
0.05137882462085992
0.01224749168292248
-0.027272506258585107
0.07644350051278506
0.02807214915751764
0.12639331857532798
0.1281849221297081
0.05199178740818819
0.042430062276101736
0.12408504561712674
0.05496856925769243
0.03557982857142492
0.03994894562437732
0.022666088074898418
-0.02976839907313923
0.028325789982559343
0.02596891635831354
0.08411030718034573
0.11374330253261322
0.06122265213332764
0.0557944844408615
0.053543907952956896
0.03532027350930528
0.08611452495636156
0.046419375132388814
0.03911425866358954
0.017295998785032213
0.03281416196541199
0.01315518033690248
0.011441216211039948
-0.010150151497167591
2.4416040972253464e-5
0.014484117697010393
0.05698708263145548
0.05097300648710355
0.025601817644493083
0.030015284208040335
0.026233619658146645
0.005102521623613286
0.037852772720533404
0.022454761470799375
0.0038349028606790543
0.03748521784515015
0.02192716800785484
0.008444075866337034
0.0187541591610141
-0.001088162428482325
0.000558692527562925
-0.008306725599320178
-0.011891887354036824
-0.017991988566668803
0.02191229370826156
0.023400192230775208
0.02292627995117042
0.0008473855146481873
0.005624511512233488
0.004378980149669352
-0.00017928263814343462
0.011338787237397799
0.019354060570982573
0.008752303327025623
-0.00024895035417362414
0.020842508133580656
-0.009714095255329461
0.010434781846468582
0.013138194478725447
0.0012304762269082273
0.004349942374075086
-0.0034853177111592998
-0.01400876117791647
-0.00023694750419363885
0.004676247651254294
0.005680757518673176
-0.015336112833689798
-0.007058151108509022
-0.014575804364488694
0.006113442137526935
-0.0008732612952504137
-0.014392324798080973
-0.006148658965057245
-0.007417295041379646
0.0030484234346343326
-0.006389538090993503
-0.004040589210478864
-0.0023980672332558303
-0.0006288248472865433
0.008812019325956657
-0.0034251164143336414
-0.001631942134518158
0.0012894259157388251
-0.014442502898362356
-0.011482297082391093
-0.005870146127175143
0.0032658402708704514
-0.005026798460118179
-0.011690053067292946
0.0031940847828593093
-0.00018645886722960244
-0.007090026560285828
0.00018216663194180408
0.0026071418914131554
0.002757959307915789
-0.0047964635155136656
0.00374811740459504
0.0008909127189426306
-0.009556095729244502
-0.003937121117374404
0.0011967567062288222
-0.0030221391770495756
-0.0037937347056057756
-0.0008687806157810974
-0.002502475569179328
-0.0026013329045468906
0.00035073326190434244
0.0021172301140893425
-0.003988485352957701
1.2451347489460964e-5
0.0013326259138199813
0.0017000597525006465
0.000135709333216339
