-14.597242627396579
0.005741856564655968
0.06683646191346283
0.45063993496889976
0.03333949862519701
0.6918370557470168
0.07816724324632424
0.23088954259975947
0.039323399629025445
0.18954399185105014
0.23045915864658367
0.13872710715253825
0.0010761301276458052
-0.013871459176981644
0.020038902912390428
0.057659389519695486
0.07913444342680041
0.06404200025914278
-0.003936238550175971
-0.02273403303175153
-0.015895617748332643
0.003627646508968551
0.038907958271573874
0.05231733260506369
-0.01501764208105989
-0.01685126091948965
-0.02231214739487632
0.0018483635926698717
0.03820512794371225
-0.016227190757047146
-0.00480669938176271
