-27.166321521565497
0.04428838956908149
0.019145039775868924
0.4453344588608897
-0.04769683308941703
0.5310142818733203
0.05499451264947794
0.20912500317843913
-0.05558279354121642
0.25590889689103047
0.1781402654626033
0.16352361759769607
0.09712205679317366
0.03600455702586796
-0.01587181611244237
0.07703897756825803
0.014084460704461855
0.10980743927650011
0.1356292513324127
0.0028585579307657833
0.023224934230308907
0.05626578669511841
-0.006676896182929342
-0.021504623101452226
0.08728996495138006
0.026964074436212973
0.10472655059114885
0.16353205549109653
0.024054069941305625
0.06731638486450936
0.10841947197643412
0.016529892811266225
0.06118791285628158
0.034813665617309655
0.005438344415464866
-0.024501425814509075
0.003997236482215904
0.02016528398314398
0.06150375952967464
0.10440531442781054
0.008962310316116266
0.070801675342432
0.046408047612639884
-0.004164862060148085
0.09747500132288069
0.017666127270746856
0.02381478891403011
0.034872259696482444
0.0029444468522094006
-0.010627565905315222
-0.01448616608899808
-0.0039955731234106685
0.04162853908065653
0.039151367618645606
0.002314563761692121
0.025110877957253936
0.021490207618702427
0.04096621661117655
0.004719861172762999
0.040754307814839755
0.024847659757908844
0.01956206198885117
0.0027719586911043306
-0.006171557693132342
-0.030676567070490723
-0.025788696871854432
0.015777283636577516
0.009622971113940748
0.000992592781258876
0.00704585299461767
0.005889269083288696
0.019897277865184523
0.012624688171802107
0.02447868621583994
0.010401399619146493
0.012176841936202401
0.001460188508933431
-0.008396539731122145
-0.016606469838496785
-0.004257312154985598
-0.004009567626921589
-0.005745614250328191
0.002629576448864667
0.003559187824398493
0.00394185729828796
-0.0008700791837557224
-0.0013673301733697324
-0.004805633507008606
-0.0032677955780160066
0.004395098672290986
0.002739017335869935
-0.00015778703475283543
