-22.19174246954939
0.043047838805813816
-0.018403710343568986
0.5348269454643615
-0.0055339682418895225
0.6304292426885896
0.118175994931327
0.24171584447910416
-0.02875321282481856
0.3434428906841988
0.2638289561901862
0.1759672458792528
0.1449715892945625
0.02955151316418806
0.004678266409547087
0.16388304271728646
0.08169768954683711
0.12539361521120365
0.14013844392223204
0.02337203379309478
0.03961798052622415
0.0032854058203544796
0.0016161836103587965
-0.006319988004216358
0.0960140893376012
0.07059550318805641
0.06178807387286492
0.10559378968174091
0.008649152883958669
0.027294901555394893
0.05428284525703248
-0.011357740981984811
0.012728179748745029
-0.006998899468388261
0.016723863792966816
0.027338371235481808
0.02262894813224611
0.0626180079121926
0.011494285718974232
0.0027751527007464807
0.012987647520193749
0.004389178628925722
0.0021972447791171836
-0.007192883928282144
0.01679976697848875
0.00941821413224719
0.01750857661270744
-0.005606988034026936
0.00435526833509054
0.0033204443784932403
-0.004911740602971423
0.0019451545712141063
-0.009705062406082
-0.0035811267460096577
-0.0065091533978299775
0.0007951614484786238
