-3.994930443229563
-2384.424962516042
-315.7350811657341
266.970329650441
-31.829843656916793
-136.83439698743828
98.4825377643169
234.38668719039092
157.23305933948595
50.053712987759454
6.659368589945669
-1863.0770095461537
-15.576993335628751
229.8603171820783
-99.68453869648258
-140.89314739161182
56.73255372697153
183.74930616180012
218.30945408239756
-32.37324786391248
392992.3978638947
231149.65824075954
-124848.1338288022
-103594.15215982814
-45252.307894620884
-6070.966693832194
-1028.8100958995144
-5422.008416814606
-7019.360068394326
730.4329592574494
351.2968845671595
600.2297200123609
138.05629175888794
61.11976692636716
-38.75358485792365
-13.848323615172763
26.543030474225123
35.532027014177
25.798924554649997
86.16958435304467
29249.00123136916
-15757.921018445444
-6985.1898804719285
-5990.243782463428
862.2047403540726
-1572.3357070135025
-409.4577076211979
-5.271194690568893
19.849830634985658
3.4369974793188764
-15.224022209804879
-36.63923930911385
-5141.414671463886
-952.6417886923443
-2573.3741334917177
-3.145849329372336
-12.76084625849444
-7.055275448710231
954.3972254597293
4.2412494018487585
634.8673556022508
77.67423766253812
-138.61658851272773
95.05898821436041
-49.27263009953522
39.12797296859973
-50.417301093597416
-46.61738942625017
-2.94228368013054e6
-1.1638121083054827e6
-487228.41097639484
-92450.15301077177
-53433.36068677291
-6450.449922803938
-9542.964658883118
-3231.5767242847846
43.156296932943725
-938.1499402622777
-19.528288100803852
13.304055755270548
-24.089725572818402
24.35929183625119
24.133894368831076
53.19282598081052
131378.75987201833
132555.62092395543
37249.4747578928
7909.610452922509
55.48017468551482
5.50704014833912
-11.250608120226223
26.999368934057532
-10.71477609662354
-2867.1036598458713
-653.5721522195256
28.318994257446295
10.27100862230288
-48372.33244104378
-441687.3130811962
-12529.476327549795
-158575.24845681843
-990.0511893183622
-13408.222123230124
13379.636563541415
-4839.969188910605
-639.8465704565842
-10203.41449188371
-351.2852512856391
56132.61064525827
41870.58292236919
43550.74924066531
-2251.3158318677247
-2032.4853668235462
11746.171269834354
10918.128405201116
19759.843386011533
-36433.8163509418
12008.37416295124
-19090.208744813855
-5.703110074151386
-2736.303591734397
8.492870076173439
-1021.2328453228429
81.940291815344
-4.172088534102835
5.796430162812446
0.27815487313042714
1.271822521191102
-14.600911866720514
-14811.62892388649
16046.275032740758
-5686.831818373247
-4.487307891912271
1.8927924709193553
2.272902298330773
1860.0276238158654
5.0829146574782245
200.837314455273
-2802.3146422958926
5535.049308969188
0.7220708750305228
4.870315348075017
