-5.5038619235546316
-884.232897763507
-585.3979307013408
-877.7386834213909
-584.6988992615298
-568.8766850875879
-186.81990302474904
-37.412758089755634
-3.0321370234057503
3142.074055637713
2315.326741024497
1184.167298195441
261.4276681678799
69.87858218997086
-848.9242036049137
-397.60473368248944
-150.29069977358432
-128.94999853163554
-14.215844922386099
-70.50376007782589
40.077396165521726
31.546927272060607
1327.9605706353088
2612.3059937983367
-525.0550360451729
-34.931305319955605
645.4238165232318
629.2346505698948
1153.2019984730796
-145.45156532180226
-157.73809509468649
88.23786934048925
