-5.3406560365332405
115.70669738796929
116.91685102816679
117.13354047855873
116.92233815508655
150.8853748778466
51.20596874510906
-12.56240222316981
-21.258953860959114
-8.534916518101117
-1.1511403004514915
-71.65052567313985
-106.74795623555671
744.25075204957
333.3031426965019
256.6763502127432
-16.885282052571245
3.9318916775396624
-964.8073336005654
-754.18886081587
-231.89298760397514
-26.22733462100276
8.133778680334856
-94.24198159018187
157.35177431172374
76.94258541413326
144.79330195889966
-5.724805609790206
-24.823286343333866
-16.91393762363321
-4.446558594371625
-57.12163141618828
39.934691528344864
-19.856095686859245
104.86147839180475
78.94988523520595
-37.01414635317363
51.48381751951862
-16.62438024059108
7.1094465839576
440.5695800695879
-51.36104448111347
37.48589337807288
-20.413218598014478
1.9138804051904084
67.27629455913566
-21.75788599402016
-55.700880449861515
-57.783986371629595
-21.563011720450934
166.82737717532638
15.433474330486478
48.004921112094145
-0.8363300142085912
36.624566385083085
18.502626922665485
1.4261404667490778
