-5.56884152695713
-213.73878501770199
-292.68699166591205
46.599711632023805
118.14896512963841
-63.68938935840049
-142.33158253343467
-85.54249329243329
-24.808779836605023
-215.54925596975752
-293.031871114731
47.609975445910656
117.41654467090132
-63.367237219422144
-142.21397901421588
-85.49406681063277
-25.01154409138248
-6.539990046299247
-1702.1107823581394
646.920303189989
-110.68189423760396
342.1896248159272
-1205.7244629799898
-1613.1289850431608
-641.3481180401064
-102.29372680159652
578545.2014682281
437064.9456800739
190005.88300088941
40378.84368645496
4705.919623847276
10823.307622380395
5708.763698986897
286.27721790657404
-9.350302549589584
-115.10985432471087
41.694194960855256
176.45290727662675
-5.772396869847058
-10.880141668452108
-8038.538567871228
1828.6294974186096
-1287.7323989266765
265.92037686790513
94.90941255310462
-78.40750577828533
-70.57654029952468
-7.973425192710416
921.7271086481402
13.373232531807016
-1.8115587696786524
-1365.005497498703
-960.8659752857629
64.65433904202081
914.8172527037091
343.37980242923436
234.29241131153407
41.27730203392674
-1.7066757961751495e6
-611778.4661521208
-249395.72431115928
-29566.072281942845
-16099.478031636052
-2209.569243019537
135.4038084880906
67.29243596329006
28.270387860273015
-354.2461760109302
35.10608435324611
111374.12437270787
22440.483047151458
0.2870691185533562
-123.97281182805207
187.15126824641206
82.82404977210015
-16140.97588583754
-428868.91035033535
-2012.8456923740341
-15542.217325742595
4623.5489827731435
-2092.8051304939836
-211120.88825427045
-29553.997686194656
-15379.135148709323
-1753.7693503866813
9.997210457061437
-0.6581324717200068
-43.36481448540902
-151.06156817992314
4487.0340273118845
-20.576050757946007
-47.87549883503621
-9.124022364222453
