-4.496733886548869
496.2974803851234
243.57421765089197
93.82087179412551
53.65226865528998
19.97869805519736
-1.689841748828397
18.148198042871687
-20.006805743717244
4.940035583931113
-1.2932099465764049
0.3900452363880232
2427.976698887373
4652.627006264964
4455.7477654117565
2610.2291799006175
1486.5179246926277
818.6327380940309
415.8006771636536
283.26937159276616
-565.7303069887503
-1083.326583480547
-1044.6061439148912
-661.6212916731466
-354.3137941207635
-197.2585075640184
-88.60195781194257
-63.00654220454838
140.11565700541897
260.0935903565749
251.71397023338048
171.9570053590523
86.84104031390457
46.57526338713074
16.8664519334333
12.944078689423021
-23.0517169885031
-35.086065025853635
-38.33536798184196
-25.810252811719593
-11.023450101754655
-4.7961888591770085
-0.489228963230388
-0.6798124075936129
9.45088094444454
12.775534676985416
14.585674843172818
9.813605637421304
5.296497754551468
2.9618633558063148
0.6384910231856185
-0.020993251047134755
2.31965346040252
4.584189114730006
3.0514321772330524
2.4701048565126187
1.5810319848218695
0.7280842401306392
0.3193658145875002
0.0878282013469606
-0.3748675989951243
-0.9110466443981768
-0.8572426105091283
-0.705216358386223
-0.6300396400692416
-0.1606779192762174
-0.16952404180301087
0.0016608295355924987
-0.029861246575143125
0.09232315093895452
-0.2940512599976037
-0.09541531784124704
-0.09669146616158666
-0.23146848250500532
-0.05969891857238309
-0.10482878257375375
-0.22257817386045065
-0.49425418066737753
-0.3749935975705891
-0.41996482586718903
-0.29413884502155624
-0.18550589779738735
-0.09686671997459907
-0.05397490305794712
-0.1374479179630496
-0.2626713928346642
-0.2300704954267588
-0.20995014448955018
-0.1333347196490313
-0.10459189564377609
-0.04537687246088065
-0.01860233180746423
