-4.590393141923461
-444.81871967283234
-57.18130506807863
101.54999191281475
-27.909769680618272
27.739702565046333
-42.723556943822494
-55.04031439265949
-7.9286717168166
-0.8348360093497023
0.2941559156703889
-3764.2052571723852
-6808.06192421595
-5779.035856378215
-4845.792937821719
-3488.664176456056
-2285.0237575219876
-1453.8717634975949
-1426.4256037761425
-1116.3474076972516
-668.8330819728554
-137.01980852558862
542.7619404700704
1000.5828963885641
836.554448797347
688.099201319121
490.88275790504616
298.0045139528367
157.88517178619696
151.73759742700565
148.96748751578852
95.74539159260145
26.041435219037844
44.886344507979125
88.42770189578822
101.51960506903178
101.06834695379202
94.09473939624787
89.634742376605
76.1792429923465
45.862449806789
10.431177118772615
-0.9041925009015978
-2.357002724597032
-58.081600307194165
-113.35757891559244
-117.83426168915702
-111.92283445901997
-100.45203745814194
-84.78447926178178
-63.43563668189279
-37.47103314583456
-16.549589398921295
-5.503184841740102
-1.4347519123777959
16.359524814635975
29.910292845529657
32.293972697195905
30.76446014130674
28.166463992794643
23.51738483515772
17.573174788804415
9.77761642539263
4.226553033095933
1.3403960430016209
0.6759119116070735
4.583463360423176
9.02362860711736
7.384977718028026
6.52818052507462
5.427402432657906
3.974101345184529
2.3153784253276233
1.3145399051719044
0.6598017877082987
0.2751400717490752
-0.05194405848994436
6.7015569198869365
12.607826108804906
11.245142940449742
8.303060564431771
5.099269376297708
3.1279691813628268
1.8705351928509693
0.6059941438179245
-0.029079467005701423
-0.1159906090991915
0.2600865463669362
0.9058273438268407
1.7312560287905054
1.3998504006537604
1.2353127821136325
1.0132674454272614
0.8748629210122152
0.644634225015395
0.4884294894507791
0.3203510743518907
0.15893969396104987
0.004448860203489478
0.6220624354138553
1.1659059155090314
1.0879695278454156
0.8350351015646934
0.6821356995224528
0.5394918005249707
0.4245878232046437
0.3034814619500873
0.21210950179738225
0.12393858804403167
0.051977477223214025
0.0416571631482821
0.05956211211143976
0.028417906090827654
-0.0031809433868042265
-0.03303282268254611
-0.06979618580120711
-0.06506298859670963
-0.05542473049111391
-0.04905975124089331
-0.03338807956847006
-0.01642813287281855
-0.08637955045102
-0.18114729450956304
-0.1811610189436215
-0.15580783392544642
-0.14384987291370915
-0.11471767020373165
-0.11132353963049535
-0.08169604290152176
-0.07023564966254789
-0.034306885944134356
-0.016475703213027302
0.08787157588841046
0.1804975865598147
0.16218149445429708
0.11102405037266089
0.08667551326028756
0.022694698596059704
0.023705718425698713
0.017216893734787644
-0.02097412824541238
-0.003147460125247353
-0.002627624307357495
