-4.915023396167036
15.477883389080827
8.502432967484554
3.7742135616013437
-0.24333272880404666
-0.2015841287531365
0.42550502892878667
-24.278802988933144
-11.852363959243618
-32.88846187156051
-197.30567747473015
-56.37909273248051
2.3690866473803274
2.557162136912666
3.981420308078166
22.983021125787463
4.513243479686938
0.4461117447435217
-0.08021468812456659
-0.38351625198844075
-0.5985424935211341
0.8971657260896836
-0.62988490158303
-0.7091615499328178
-1.1505450335485214
-0.3507505302147912
-0.4216158072893454
-0.09906649364667652
0.018961458554275112
-0.135330732593079
-0.09187944253376794
-0.09625491667553024
