-4.4728858205215865
570.0364472209837
279.2647134703497
65.33340325705979
-11.786708973550539
12.77883499709413
-15.446282356588114
0.8399617455309202
-0.3162914137655987
1514.521793104297
3154.5859648489077
2725.0751552177817
1507.9702959386702
348.98718258991704
-123.85061990985116
-224.2970172100343
-426.39840148007755
-413.55465162786396
-230.77311033379397
-58.202774985020625
3.567640519886859
29.402302389514286
44.19698280101024
55.336065805546994
32.07636105184558
10.950847455507564
5.311641706164539
0.31195773338764865
2.1950815060209647
-1.1450890250228212
-0.363384745537378
-0.03245958112761481
-0.8485684962143084
0.9323325601333954
1.2712182366510798
1.1367148910913343
1.0123392873715986
0.4716707247271195
0.4604724104099145
-3.8556833978362532
-3.8073535979332664
-7.145143959298689
-3.523877084652681
-2.4947643123097363
-1.8155347135949678
0.02678729115939892
-0.08312476763313464
0.09436008394786717
-0.1039651603914601
-0.055671168038840556
-0.0474917597639381
-0.15668155269588058
-0.2979448189783599
-0.1933366855074555
-0.2612325318642833
-0.07908912185923353
-0.09647321909376978
