-4.833707380099197
-122.58812792892277
-35.25795571321124
10.771138427693922
-4.213479631143391
4.873710178153442
-10.76478117670676
-16.20801012858994
-2.642921035144957
0.17215310751419863
0.048820741411931476
-216.20892203667037
-312.15808036709774
-270.7748666789648
-229.04082816577434
-253.62373555999534
-164.58146938493178
-15.470539661921114
-8.573281050045038
7.163187045103118
-29.54201695953857
9.146478148865517
15.995549631046037
25.402876808890607
23.253494825954252
14.41491655522778
28.19166725973873
19.888461545573808
0.6820048212932148
-6.02415390610624
-8.294226705238438
-0.6198518514940503
-2.8579350989095444
11.820085859925083
19.51657152113754
19.649708554850985
23.192458180348783
16.73760035658844
13.574539325653038
11.351962412935363
10.689172764950262
7.642253874039052
3.7424557069897797
1.418423028733614
-2.706286496171057
-3.387346807731741
-6.070581756087967
-10.07785172558947
-9.591067002704206
-8.41813345574058
-6.539309395659387
-4.921561133649506
-3.1049082116537634
-1.496099965508439
-0.5583681965692606
-2.3994535413188167
-5.939997249199778
-4.262051437508118
-1.8713933453921523
-0.863116628825692
-0.3862850756578881
-0.20826786915077908
-0.05662101246483867
0.12328950467538463
0.08129103788359572
0.10041002657877461
2.40819274034152
4.802777382359309
4.236123149985563
3.609996619055421
2.900029425690077
2.1198800538985894
1.4234543336259171
0.9054336074278367
0.4759091888818532
0.22515736045223783
0.03955704973614307
-1.8917443430653105
-3.8011896416130107
-3.4277096877423863
-2.874476481857044
-2.4100660495925457
-1.6420730664433396
-1.038663948495691
-0.6351558341534881
-0.28511383171577426
-0.14920089318255247
0.03424883522575885
0.14351980243620366
0.2829303604587192
0.24949168931662116
0.22063679135796618
0.179170197730472
0.1349185479278224
0.09010296781579376
0.06238487830150665
0.032745721598986
0.017161131336263385
-0.006010927711935509
0.1536182174868509
0.29239286001039033
0.27966205495057017
0.23387614276086177
0.19104902379228508
0.14860397626301305
0.10540349805806899
0.06935254350613063
0.04159346063901173
0.02160110885924523
0.008051016770071485
-0.008480061265651173
-0.016904794668095094
-0.01755791873310784
-0.014744072076152583
-0.014112318818517131
-0.016088875643988292
-0.01337135610188121
-0.009364270501217435
-0.008996746130179497
-0.0042539388904812205
-0.0032568364115872694
-0.01518425082498009
-0.029912059787931468
-0.02909050040814341
-0.02504467688321529
-0.02149491676979808
-0.01715251860456179
-0.015007666765917742
-0.01102247399295948
-0.008663754778822884
-0.003675690299619819
-0.0022866363389005503
-0.004642858923620168
-0.01011405263855472
-0.00942703570384911
-0.013814105361026745
-0.008604967566060252
-0.013193266760430719
-0.007044698400391661
-0.005680021985110113
-0.004801342926868927
-0.00179374800675556
-0.00034249304981006506
