-4.897699006966917
67.81272227642609
33.6230030458704
9.996651634071569
-4.861155408749369
6.534507823268627
-11.329192423053957
0.9343208472642618
-0.4563839151581564
332.7433001068592
785.048425149995
662.8712722016292
550.7158958176652
-27.65034335864872
-45.064906466384194
-46.1467255851365
-102.80748875737594
-95.58502555875094
-76.40929364741439
-0.10023792812276543
2.207240041973371
4.830155905800766
8.858475914024293
10.385656442519892
6.860615202930938
1.5226474986120244
1.3962951635210035
-0.2367453687577998
-0.24442724061256677
-0.6779354011269437
0.006706295783552316
-0.331491615815296
-0.3767032036704529
0.14539039511808188
0.3103460007262968
0.20095624834280482
0.14907249091531463
0.06002467295867204
0.13778970523441647
-0.9362220845114229
-1.7039904002348398
-1.6172526584969238
-0.8750110603330153
-0.5625050505121082
-0.5161286252379024
-0.0005703884637862914
0.00036254692228846597
0.000988457951235169
-0.014268325659036383
-0.008319584471786953
0.005563939636833625
-0.028645307650868524
-0.05653307444779364
-0.04199790005026488
-0.043379062092916996
-0.01700381721556205
-0.0252282775813431
