-4.374955298992878
-9.428967538657707
-2.1730629162786843
2.022726520706783
0.18011211445775774
0.09619043324704364
-0.06321944028913494
1.7210778307273678
21.75262904656385
4.531035985780836
3.954273401079127
-17.358669708111172
-0.5100631348518087
-2.547010984794289
-1.2361037405224347
-0.2187472275069802
0.6236455548732983
0.2142935695483392
0.12418000479291672
0.1495979981521701
-0.0448868305976457
0.35569159051765187
0.01704342657974569
-0.01224954906493598
0.029361003443469855
0.027484057403684974
0.058999856932978136
-0.012949328029947738
0.008778563046403958
-0.032487330640536174
0.02263553506435676
0.005688871369386311
