-4.839660839305405
109.33068831564015
28.883685129159403
-16.293255828352198
-11.85821989685267
0.04545428596847597
-1.3866116467824596
1.6745368954671838
-1.5706844356003702
0.4035167172398
-0.37421889729732993
0.15421092603703743
278.59406611695846
592.8324610667268
566.1243158228658
490.21179539960457
310.1435709716161
203.25943998767505
90.92978149980426
51.08391859686496
-67.0416348542918
-136.84814672168253
-131.81913495952523
-121.9288394573389
-80.07683501076326
-57.589974497198114
-25.40573168443016
-12.422888843397907
14.918229556549226
26.281517589446423
25.953954100716498
27.487591992895986
16.576803810743492
12.874684418788707
4.324165705165767
1.8758148045960563
-1.1088559758277499
1.7317146789352076
-0.10406011746630739
-2.092879694572789
0.8314537589871137
0.4060098546955452
1.6608948306494025
0.8686051891742641
0.24264116901086513
-1.875195093001196
-0.6540090333888164
0.12434736430580437
-0.7339507691008627
-0.41189850799187316
-0.8816702873636934
-0.4910203452376197
-0.058584320886941876
0.0695906306975235
-0.15056581722584056
-0.06900870959880702
-0.039091904720925115
-0.056562869059593734
-0.005684266470289698
-0.0047996485299581625
-0.04094260634122614
-0.15189658499539047
-0.09293905448099754
-0.041118373085741164
-0.06779080043976893
0.012873980466478243
-0.02951207949407931
0.00372136559662885
-0.019704232516804508
0.010674710871865119
-0.06493809921253345
-0.06429813470234305
-0.018179619434304156
-0.05611958739297648
0.0033566053652298485
-0.02014987956830655
-0.02857947889487309
-0.07523138356051665
-0.04845044561603242
-0.06049877076927859
-0.04302825495378854
-0.025155894523130495
-0.015558003427569233
-0.009980207580153755
-0.009443158888425679
-0.01572003558663238
-0.017681317112305885
-0.01714349160632355
-0.011797358784068701
-0.009748012084444129
-0.0015832864803553305
0.0008239913843291747
