-12.919541603068891
0.005212540930189952
-0.07709193662774286
0.5385841499941098
0.004074349508616028
0.32278685511131433
0.07736214142877253
0.1680077453762909
-0.04403170583467498
-0.02257402015248126
-0.05522849977610126
0.15482348138909155
0.0007558521824038087
0.06190083667074634
-0.025643320439128613
0.09754767057213125
-0.028585188151186897
0.06239354907037013
0.04549444739013526
0.07288783193858132
0.10295536856239451
0.07548856290367019
0.008508183386266686
0.02094271743357374
0.024419841231789335
-0.030674475547062485
0.04466728810701839
0.05816704264754094
-0.018207947339539808
0.056448463760683576
0.07197525239950897
0.05260784158264566
0.024410913259017224
0.007479466876662531
-0.015348780316657209
0.0023486125161675947
0.1354352274489917
-0.06517149595885932
0.028662419873882364
0.0044033407121513175
0.05298773312443015
0.05526018064403006
-0.026677975928483796
0.025666313739444953
0.03926676137522674
-0.01975960639342602
0.04307720276358745
0.025825829304040253
0.024067517310606724
-0.016929157216859992
0.01469035725149032
0.01199846434623669
-0.0069153135086804495
-0.05934993437840951
0.024216104329271074
-0.026881681264220816
0.0002844714827246445
-0.015312317995880497
-0.00961096599162811
0.014637150230217139
0.003814736577390041
-0.019639269075719376
-0.023278230990336247
0.010283490688310923
-0.014859412085147407
-0.016126200353468158
-0.0001590598253043151
-0.0026189872162034437
-0.009779228992143296
-0.004541623375252966
0.05222818014290619
-0.10285622435953347
-0.0242589356117073
-0.038935225590445426
0.018499113994024857
-0.04508843341391199
-0.0461368558205221
0.007754930773018658
0.022275593411143036
-0.002561318448557934
0.01982001588113494
-0.0053995300220077876
-0.028706059572769026
0.0038890520956790364
0.0011884702591136022
0.02682337561986094
0.047802660267625224
0.0013872485399507336
0.0049164142575364
0.038124247355660015
-0.0340649199117257
0.01708132894165567
-0.022383368888075114
0.008094650276549646
-0.03709530786005915
0.0033829213810075832
0.012672711405544605
0.0072207299034437
-0.025943410419687958
-0.016945369735041634
-0.005086835253027937
-0.0007249547082087402
-0.028470130851919552
-0.01320140060317038
-0.008483278541030198
0.003691384538369834
-0.008634769239714672
0.02971521836334326
-0.03309475461572205
0.013344586199159467
-0.010567513253037475
-0.049711153336285376
-0.009625957196762748
-0.0005283268049104591
-0.01403825959175967
-0.019175215784085018
-0.006882095421367117
0.04314491336663057
0.002461659855204273
-0.01774103306644722
0.026765921322915387
0.019865441099246428
0.004456168480825671
-0.012036026256528028
-0.013706076862058826
0.0035544185523345827
-0.01719083382288731
-0.0031278890588848788
-0.01134448943733631
-0.01020761980754624
-0.002385342328226318
0.003169062312767097
-0.01639236685022435
-0.006719572272327413
0.00288380908894689
-0.003736297511305498
-0.013135475647593342
-0.012371055913796891
-0.00033309244663252806
0.019403068891549666
0.0024388376765868856
