-9.589225703756819
0.009350544635737477
-0.07515203836127973
0.4840576439785904
-0.0026634303026872273
0.22853461191588353
0.0877401797730512
0.060767256065306786
-0.0014661924093180097
0.0019185167684242486
-0.008390639467382097
0.06195626561379564
0.0480523237064747
-0.008474724544461762
-0.022221000453787564
0.03340307322919626
-0.028910128270148956
-0.012458945059943017
0.032810040000422744
-0.02870809977966407
0.10026453309773373
-0.0008687083859198123
0.017191095040897914
0.010039440347756712
0.006223377696270226
-0.027925145609962322
-0.038811628230027165
0.05106656206525958
-0.07148123086332338
0.0467459423460645
-0.013121528938900676
0.0563384746219454
0.015651108507682785
0.03145723572584579
0.0022149786424069343
-0.005267795042335509
0.05999127346740933
-0.0320422969913276
-0.046054635429184386
-0.02113681748319856
-0.011409880486188535
0.07568368080164052
-0.06569374196922786
-0.021961051869456988
0.043519953997136644
-0.004544794967549709
0.028630028765090455
0.029003132978475385
-0.0038477780835846835
-0.0002707209642011541
0.03792804758417573
-0.047338710544571706
0.01596014185221226
-0.024978071654833133
-0.025574114786575494
0.0059148839694972526
-0.01725433533495493
-0.005384234224907078
0.020775421782318088
0.018175159020195748
0.012216987715852933
0.009179424393371414
0.008141504695240326
-0.00391746322141281
0.03999990447468228
-0.06051374074671357
-0.03123959963099487
-0.020170360166797685
0.006696266970507682
-0.03663197447940885
0.022094127444528353
0.007055333760457531
0.01733945932279515
0.014399317005005335
0.008302259960901118
0.038456269505068315
-0.005128412424892367
0.05768202007517889
-0.016481807348938247
-0.016361162883582473
-0.00869397184331433
0.002299168603815085
-0.006331782082429836
0.011670054596631459
-0.013059819454696333
0.0005292881064668143
-0.007904303738724467
0.00981096665077716
-0.007343844408575079
-0.0019002604795009138
0.026249900821548978
0.013290381288064215
