-22.336967399481104
0.002011065082354725
-0.0708509042945224
0.7746596918825471
-0.06614136957029755
0.5170238339491082
0.2648190034963473
0.17437706448307555
-0.034622564259556315
0.22305696717271117
0.2922325662284006
0.1386696370320095
0.2519380109959115
0.023335379585535176
-0.0337232690658612
0.11258120660012089
0.14402144369426872
-0.04578002724226166
0.16893019052254815
-0.013944768268873744
0.1458703689140734
0.010258795323358341
0.007090863418121184
0.007970249748732372
0.09631368477013887
0.051086156057285594
-0.03536641749856098
0.12176203356718099
-0.043725059836288216
0.12636973140736324
0.02211684852118599
0.06105925128401086
0.042636220855926735
0.003992065612313814
0.09977380607922483
-0.002314342538744206
0.01517143525799314
0.03889220199855828
0.07204966285856644
-0.007462245387910821
0.02809346675146275
0.01946732385015662
0.002262473276105813
0.014020630297045629
-0.011004524127647797
0.01811126105488634
0.024476835780270496
0.017526882645756903
-0.0017819625383429924
-0.017731168510621922
-0.017166266729478834
0.01574673082894511
-0.018413807330918696
-0.00921149406694708
-0.02459312481265589
-0.00705365725093549
