-32.32951649410003
0.03130433041506928
-0.34274102154010105
0.7420524567385516
-0.04006437293584901
0.727643686968059
0.8961047069770064
-0.11915065862031429
0.07579027580255387
0.466577643324563
1.092943780692151
0.1363618444693692
0.3939517577165378
-0.06169023406368482
-0.012823570781994373
0.3875423308779206
0.4360612053245577
-0.1301626001349938
0.46611714170015706
0.17192233470410617
0.03128337557966499
-0.0033395838192904516
0.29698396438758523
-0.08868524413347077
-0.03476124288978306
0.15531035457588172
0.051639961176298294
0.006346690340851803
0.024242077681098317
0.0637875223461559
0.01677781940587116
