-5.3278913924353155
5685.722942113331
2146.006741208385
2076.5589176675603
3390.0902368642996
3073.2051115748995
1292.7539433983954
376.6455574456858
61.81147605305386
1.8261966135321506
-0.6359396882591796
758.1492481024559
4719.248815731159
810.2846569699844
45.29369821747651
150.02018471200438
-93.79286944552133
-7.061723726901097
-1515.8540859246345
-1218.0448421912142
-329.72986247391697
-36.93220331882394
6.999806247586736
1942.7808411142416
1641.7489002856823
561.9797318020004
314.89652246002703
5.579216883980535
-54.316691114815804
-24.860256939078536
-5.598977935836627
-92.26440565613426
56.443203890107775
-29.54770301520446
657.3394977613082
1532.3373332220533
-204.8399170361997
37.42801120588321
3.9785548924092415
18.220829905586104
1139.8728831753094
184.62571936031244
51.34600017923302
1091.7384387681534
-89.06546162343217
-61.54211708579901
-53.5495364505435
-50.79802598562297
-110.952241299845
-41.201286896558855
352.889257084354
35.9300475438818
84.45622622314099
219.30094555968458
200.16182897457358
33.78698190006788
12.090901575268273
