-3.930090860301962
-80182.31075301643
-25040.48638111466
1726.5182839537315
3634.5716216242986
-824.8651114251392
-2255.803684135888
-1340.4367268715007
-421.7742526439034
-72.60859109190197
-5.135419320834159
55541.20395053442
-15253.032703873358
-16206.513530458411
22404.328869441204
38857.66809855466
20110.42740631096
9095.739875395842
1956.7226668929359
-216.18370894738158
-7.719655716001539e6
-4.374517812601016e6
-4.77286654782407e6
-2.2685974645698126e6
-681275.7343930041
-125199.09915012089
-10950.580585323256
-34911.93204875541
-26506.794697713347
-4064.8628529566877
-161.8706907261699
565.4703941082564
162.57155586731614
-4911.673864984943
-2677.47364501769
3746.1662124369354
7508.38381543726
2843.219588224749
1541.8411635040936
816.1850089767114
1.6219234299737616e6
1.0628607913646402e6
209679.4070996928
29619.962330988146
2275.6942149281217
-1869.5838763200466
-500.5492466765862
347.45216865219646
-188.41528219792465
-366.42264820046944
-460.02044861679104
-778.247994099995
49563.61341514001
14509.083727079942
620.0316062357471
91.36996636583092
-89.48572183221974
903.8330162785211
316.42156513894895
-377.85739023749
906.479753742488
37284.666240258906
5517.015358895505
-9079.202727527196
3032.310440660172
-2793.666725092356
575.9000584519683
-112.6229096697953
-4.739953218543378e6
-8.823955635303618e6
1.45353831167184e6
968819.7512046172
296062.77187786653
41288.887774768285
30622.39434124398
12245.528019469653
3188.3332160728482
-446.96998145662343
11581.025210252921
5256.890229693552
-3492.467707052021
1439.080087043722
-2708.4453993499606
523.0662274130381
-2.5098557616800424e6
-775097.409595533
-87714.71419986697
-5308.721876551501
-461.6623832186681
-3344.465192456417
-4420.530927860664
1139.8576539028695
-223.88620278122534
34423.34029931567
-546.5880318378942
380.4876538049687
-272.57974648066903
-28201.353662542853
-2.582896891443661e6
-323.2149899620341
809791.4282736384
195.3737699318143
227162.7336845587
-65194.44129008099
-2612.8180702003738
-204.65246209043357
-17547.61445439509
-878.035389239138
-3.8970325925754537e6
-817144.2158785401
-199201.85467278058
-25803.756283539307
-256.2340985959216
331004.9135018606
275494.99617798574
-15792.665738815449
59025.1473479245
8375.6277360317
31835.324077378278
45.44216404258215
1664.5672465179903
287.9784597950657
-81.3518580512255
-1058.923231687474
-1026.4838903851971
-251.11399040274543
1273.782922534792
-390.6352662637831
-352.15533858097297
-614343.4665703092
-185842.31788860666
-6715.340248690163
-422.6965310572227
-1.016374620935433
-84.2361695033634
11357.860734454034
763.4792460984685
-92636.41165542649
19271.322319161558
-55219.89505588797
42.7555083753569
-347.12540287937185
