0.022254117110673814
-0.0022121019642149485
-0.005167990711559665
-0.008184049285711042
0.00870254955480126
0.010918947488068336
0.0021647141401745762
-0.0130451199574888
-0.010014706461035998
-0.0032313739003603545
0.017243641580061083
0.006751821507054554
-0.006148125230244661
-0.031211905610470873
0.007326372672505942
0.017660883674885487
0.007735853823970914
-0.00273886924523056
-0.00029203088522421666
-0.016584017757519963
0.018911680464111773
0.004333840969249914
0.0068476089775820655
-0.016226673003429812
-0.000425374115501243
-0.007953769654222098
0.014388145533530365
-0.009602854732979123
0.011015431199162576
-0.029820813925963665
0.025090976328445175
-0.003995372565487638
0.004637331287523652
-0.003818517560407726
-0.000494928320042877
-0.011265945459136029
0.017924257769724446
3.2450547875288536e-5
0.011320619274552288
-0.017973148399502384
0.0007567542974735773
-0.004774904667154625
0.013293313406318332
-0.021410795450572267
0.022853169766440893
-0.021326639878972087
0.016534379499655062
-0.00606906594628571
-0.006615650296400866
-0.015102106616702356
0.036609534329005586
0.0014710897458477706
-0.003376382687343346
-0.06318559003719987
0.036971658999911824
0.013505922140563783
0.010322344121727237
0.002479185302188781
-0.016393071930832306
-0.01992252972231238
0.025947083004618367
0.031535249135561605
-0.0054739466659489
-0.028737226526678556
