0.026858892233701692
-0.0031638803097617484
0.0014421470139275208
-2.5637390291592395e-5
-0.00048173332334745366
0.00031954744597464214
-4.708479727147572e-5
-5.685754499343305e-7
-0.0010437825456683539
-0.00010355802904443708
-0.0009151334197921692
0.0009823842301313896
0.00025876243685008605
-0.00045256873296192415
0.00017324394433894895
-0.00012049406443690637
0.0033607444940728978
-0.0006070052078468221
-0.0005198264619557456
0.00019337036648330326
0.00010583353834629921
-0.0001743207917052574
0.00012346599444968017
-1.7063834140493032e-5
-0.0014415070758935613
-4.4330433105571946e-5
-0.0004885905576785585
-5.618156884757335e-6
0.000416015813916061
-0.00017081501477155605
-0.00014613590346108655
0.0002225666358291887
0.000726105512922232
0.0001914423540233449
0.0002875248337921137
-0.00028222272674662213
0.00032418256970547285
-2.402836649283422e-6
-0.0006494566597318059
0.0003890714972068274
-6.93802787038266e-5
-0.0001801537032818455
-0.00022492749802125828
0.0004721559079648591
-0.0006620306137960235
0.00033024056807381367
0.0006253574636857754
-0.000588364384165333
-0.00013405733937147833
-0.00014786263622906104
7.87009892267198e-5
7.470251731401095e-5
-0.0001477409516307228
9.291761581325064e-5
-0.00010979650425169458
0.0001574088101170031
5.41139464737669e-5
0.00015159628243933005
8.008864157503393e-5
-0.0002672872072602694
0.00043126761541793893
-0.0003761126550301236
-9.455769885177286e-5
0.00017606858618116753
