-5.509079061055326
108190.12931079046
-30914.181811089187
10143.381635381656
20857.238920605607
3887.665058928577
3307.930980505774
11101.106982855646
8135.591228876551
-110261.95565548053
55806.21487759242
23361.252395114952
5380.71004382965
10653.026335152961
2686.0353600430085
-9303.092251407601
-7785.7534675043635
32.01925895045887
39016.167930333926
84076.40206975289
57841.829793917546
2886.1695461443937
-9659.80117414469
-23557.398568869532
-2050.483835428452
-370.6627780033013
380426.9291065044
285524.8296488919
128777.730860993
27704.476885873828
3562.2465355176237
5533.0981699484455
2663.3271986726263
23.197314962747
8465.162220473563
2431.630955217006
16043.092125553898
15517.365730034819
-3965.9259262457117
258.69352961919196
-7002.523351648153
892.4702151580078
-1278.1634170469144
146.1354565757423
-13440.924861591971
-10978.723975373914
3633.593713450148
-927.4507666066033
784.4562087277704
-1702.5190713771854
452.268087704495
-24666.715079665555
-48056.30647928108
-1682.6084193981806
2649.742734720545
-3887.038903450178
-3458.5325703264416
-200.21270514378904
-1.0225907917834382e6
-202952.0291275232
-118634.6105775011
-17262.738876074476
-14625.89877733238
-3513.293392758347
1.6642506444420782
13657.497369199746
-4990.247788084687
3102.66496509136
-1212.1097568075118
66265.1622020114
10673.137052696857
3845.7836474206983
12137.505090539673
3700.3581836083304
445.78717147305514
1764.3000599028878
-336390.8144914839
-925.0302477882626
-63508.96993214782
-2004.030319173109
2061.0277666943407
-81020.26701944087
-9155.357991573992
-16226.517915299528
-499.98003789128455
1367.6741120019217
356.43577928253626
-7358.8068453133355
-414.5087704250496
5454.859545709037
20.945694656965774
-1452.6581809719466
-26.63111842253521
