0.13720946816443838
-3.545273167158081e-11
1.9207040509046892e-11
-9.339205948222816e-12
5.353865977657793e-12
-2.9519524403445133e-12
-9.507667767555959e-13
2.0885896342201197e-12
0.013653321131816732
8.667871537551286e-12
-3.954310683727296e-12
2.4989025950721604e-12
-1.4345604454652533e-12
3.4396051204952056e-13
1.1868729550586556e-12
-9.417695177380884e-13
0.007915380028763621
4.684781332428323e-12
-4.52309718208062e-12
1.9602369850986567e-12
-3.686040430711524e-12
2.647969398962953e-12
5.7540706955502945e-12
-5.43787517529021e-12
-0.012426063233504927
-8.78154120009466e-12
-3.875188721966893e-12
1.2919091457042853e-11
-9.301858248623025e-12
1.096168892987142e-12
8.37466501378978e-12
-7.34264950258931e-12
-0.00024254778601374676
6.537620505639772e-13
3.255796975669688e-12
1.6937827823105728e-12
-7.586919443406062e-12
1.0187098241137323e-11
-1.467472961359752e-11
8.36919551347778e-12
0.001207722263448209
1.8576458140534883e-12
6.078432797760319e-12
-1.7792288728693157e-11
1.6493664328805833e-11
-5.34404256477244e-12
-1.833735708184062e-12
2.801165717775017e-12
0.0006939010779929327
-1.6533599372805266e-12
7.681357915219417e-13
-2.3879843797684448e-12
4.745827199527328e-12
-6.306535542880696e-12
7.0107292426371865e-12
-3.3325636606514757e-12
-0.00027545160365771297
1.3383454601695647e-13
1.3675476577532659e-12
4.022996468327599e-12
-8.934975669639374e-12
7.575537110632717e-12
-5.557705499247564e-12
1.5253096986413447e-12
