0.0459231648131589
-0.0001330130419164077
0.00014474377623428523
-0.00011416704375787058
7.04313468016194e-5
-2.978373575704924e-5
-2.961996284900461e-6
9.009456026457816e-6
-0.0003119122954310495
-0.00022663083028249317
0.0002236441383687614
-0.00015940322362204573
0.0001025899602735539
-6.709171836500722e-5
4.6098190495118863e-5
-1.9835106703346346e-5
0.007239960377396544
0.0003318881418687946
-0.00035428381155029273
0.0002742389560646324
-0.00015599059777538207
4.7483241878051435e-5
3.15618941718798e-5
-3.334004143558483e-5
-0.0027882681693340147
0.0001734895559279351
-0.0001936029359942498
0.0001657079897236518
-0.00012127153733153656
7.335365538123562e-5
-3.948136396939622e-5
1.5148173673441764e-5
0.0010522046815863806
4.021657678613482e-5
-3.4255368356105624e-5
3.562493413574334e-5
-6.472580350378057e-5
8.868492758177732e-5
-9.047608224438762e-5
4.5349190730791494e-5
-0.00013237670906548582
-0.0001904651996378501
0.00021635841711580342
-0.0001836737249145768
0.00010077948103561402
6.4488984935089945e-6
-0.0001226758399331012
9.494550431123392e-5
-0.0010725525801349367
-4.520675169193159e-5
5.625075284435615e-5
-5.875122026569745e-5
6.420978361142698e-5
-7.248966573061091e-5
9.348153588846791e-5
-5.6704037976874776e-5
-0.0005100773302922513
5.557364526447241e-5
-6.549807874539038e-5
4.74706643658007e-5
1.1373852786793573e-5
-7.682765352234639e-5
0.00013577329339544152
-8.636995193059652e-5
