-5.550136775693609
-4593.919851564328
-3487.010435531569
-5175.472874739047
-2672.0999450407676
-2833.6668410745374
-898.9869517898105
-176.69530485946922
-16.04147428822649
13069.312612695812
10725.878985509686
2954.9018584368923
841.9695937391158
92.88706020738734
123.955485062996
192.79518607602415
-53.5013533207423
338.49391648714885
-53.1576477932968
14.770232763460077
50.564050037844275
-14.089471330392044
2795.769802331852
5835.046286501734
-930.8963457913926
-93.83608878131004
154.85048079070708
885.8854235837027
2508.7613039380853
-200.40760609276302
-432.0447611474418
177.92296169861842
