4.25	0.9	0.0372933104037587
4.252200649112194	0.9	0.03728862135537778
4.256589033052544	0.9	0.037249822099827315
4.2631393990391215	0.9	0.0371268338699136
4.271813306919681	0.9	0.03686407236317165
4.282559854753749	0.9	0.03641787905600032
4.295315977525459	0.9	0.03577149570938526
4.3100068172341395	0.9	0.03494349295923784
4.326546162190822	0.9	0.033987305990958096
4.34483695294272	0.9	0.03298189403570127
4.364771851856689	0.9	0.032015887197477354
4.386233873019137	0.9	0.03116928446286518
4.409097068755885	0.9	0.030497370949017343
4.4332272687432	0.9	0.030020880956680002
4.458482867372603	0.9	0.029724734421704518
4.484715654748892	0.9	0.02956538905060555
4.511771686444731	0.9	0.029484601449165537
4.539492186907772	0.9	0.029425780811309057
4.567714481218726	0.9	0.029348567618353725
4.596272949732473	0.9	0.029237901816877264
4.625	0.9	0.029105460714123614
4.653727050267527	0.9	0.02898348334550687
4.682285518781274	0.9	0.02891306044769167
4.710507813092227	0.9	0.028930396539637266
4.738228313555268	0.9	0.029054969782657255
4.765284345251108	0.9	0.029282839853840087
4.791517132627397	0.9	0.029586802277992708
4.8167727312568	0.9	0.02992311537152397
4.840902931244115	0.9	0.030242694624973233
4.863766126980863	0.9	0.030503487047444287
4.885228148143311	0.9	0.030680518214117762
4.90516304705728	0.9	0.03077088246814317
4.923453837809178	0.9	0.030792474312662892
4.9399931827658605	0.9	0.030777082059207775
4.954684022474541	0.9	0.030760055070977073
4.967440145246251	0.9	0.030769663274967787
4.978186693080319	0.9	0.03081924708075521
4.9868606009608785	0.9	0.030904334490815557
4.993410966947456	0.9	0.031005367020363238
4.997799350887806	0.9	0.03109498749688012
5.0	0.9	0.03114749928518666
4.25	0.9017605192897558	0.03757625833182314
4.252200649112194	0.9017605192897558	0.037548330393786356
4.256589033052544	0.9017605192897558	0.03746664001000412
4.2631393990391215	0.9017605192897558	0.03728761134221505
4.271813306919681	0.9017605192897558	0.03696388053685894
4.282559854753749	0.9017605192897558	0.03646025108756443
4.295315977525459	0.9017605192897558	0.03576721804413393
4.3100068172341395	0.9017605192897558	0.03490825817509071
4.326546162190822	0.9017605192897558	0.03393874605959329
4.34483695294272	0.9017605192897558	0.03293659839756033
4.364771851856689	0.9017605192897558	0.03198696177522051
4.386233873019137	0.9017605192897558	0.031164844832809867
4.409097068755885	0.9017605192897558	0.030520130116733903
4.4332272687432	0.9017605192897558	0.030068747811066124
4.458482867372603	0.9017605192897558	0.029792139877389
4.484715654748892	0.9017605192897558	0.029644944876622448
4.511771686444731	0.9017605192897558	0.0295686891425956
4.539492186907772	0.9017605192897558	0.029507754928555643
4.567714481218726	0.9017605192897558	0.029423407492282463
4.596272949732473	0.9017605192897558	0.029302312733628696
4.625	0.9017605192897558	0.02915756552841307
4.653727050267527	0.9017605192897558	0.02902232498612143
4.682285518781274	0.9017605192897558	0.028938141106577997
4.710507813092227	0.9017605192897558	0.028941418386019664
4.738228313555268	0.9017605192897558	0.029051840234628888
4.765284345251108	0.9017605192897558	0.029265896316838777
4.791517132627397	0.9017605192897558	0.029557130030149526
4.8167727312568	0.9017605192897558	0.029882800437396273
4.840902931244115	0.9017605192897558	0.030194877082379567
4.863766126980863	0.9017605192897558	0.030452148191113672
4.885228148143311	0.9017605192897558	0.03063002349678197
4.90516304705728	0.9017605192897558	0.030725382332434617
4.923453837809178	0.9017605192897558	0.03075531202674909
4.9399931827658605	0.9017605192897558	0.03075035784192649
4.954684022474541	0.9017605192897558	0.030744450419819994
4.967440145246251	0.9017605192897558	0.030764553741535836
4.978186693080319	0.9017605192897558	0.030823049873325438
4.9868606009608785	0.9017605192897558	0.030914974543315675
4.993410966947456	0.9017605192897558	0.031020720303723527
4.997799350887806	0.9017605192897558	0.031113179943040237
5.0	0.9017605192897558	0.031166996380705258
4.25	0.9052712264420352	0.03807475259180054
4.252200649112194	0.9052712264420352	0.038004854231774854
4.256589033052544	0.9052712264420352	0.03784583751155936
4.2631393990391215	0.9052712264420352	0.03756609112726678
4.271813306919681	0.9052712264420352	0.03713331027564659
4.282559854753749	0.9052712264420352	0.036527688140295944
4.295315977525459	0.9052712264420352	0.03575274720627467
4.3100068172341395	0.9052712264420352	0.0348405504909138
4.326546162190822	0.9052712264420352	0.033849538206210665
4.34483695294272	0.9052712264420352	0.0328552400760644
4.364771851856689	0.9052712264420352	0.03193606775150804
4.386233873019137	0.9052712264420352	0.031157759635497304
4.409097068755885	0.9052712264420352	0.030560457263644206
4.4332272687432	0.9052712264420352	0.030151727151330923
4.458482867372603	0.9052712264420352	0.029907286863455868
4.484715654748892	0.9052712264420352	0.029779173113461035
4.511771686444731	0.9052712264420352	0.029709151572126176
4.539492186907772	0.9052712264420352	0.02964383490083748
4.567714481218726	0.9052712264420352	0.029547600325125857
4.596272949732473	0.9052712264420352	0.029410069666273193
4.625	0.9052712264420352	0.029246436227956314
4.653727050267527	0.9052712264420352	0.029090868820102988
4.682285518781274	0.9052712264420352	0.028985058965649936
4.710507813092227	0.9052712264420352	0.028965207534772112
4.738228313555268	0.9052712264420352	0.02905105084540735
4.765284345251108	0.9052712264420352	0.029239842932822422
4.791517132627397	0.9052712264420352	0.029506751992662353
4.8167727312568	0.9052712264420352	0.029811315902054856
4.840902931244115	0.9052712264420352	0.03010794394721745
4.863766126980863	0.9052712264420352	0.030357404654637626
4.885228148143311	0.9052712264420352	0.030536077831241567
4.90516304705728	0.9052712264420352	0.03064049372071907
4.923453837809178	0.9052712264420352	0.030686099864124287
4.9399931827658605	0.9052712264420352	0.030700868758640806
4.954684022474541	0.9052712264420352	0.030715805743400975
4.967440145246251	0.9052712264420352	0.030755230140793798
4.978186693080319	0.9052712264420352	0.030829665708852216
4.9868606009608785	0.9052712264420352	0.030933318892759177
4.993410966947456	0.9052712264420352	0.03104671068426982
4.997799350887806	0.9052712264420352	0.0311434816187669
5.0	0.9052712264420352	0.03119916376020269
4.25	0.9105115192312975	0.03866881709049411
4.252200649112194	0.9105115192312975	0.03854624999516497
4.256589033052544	0.9105115192312975	0.03829052665932946
4.2631393990391215	0.9105115192312975	0.03788558116309015
4.271813306919681	0.9105115192312975	0.03731852007442615
4.282559854753749	0.9105115192312975	0.03658910870266309
4.295315977525459	0.9105115192312975	0.035717045509645585
4.3100068172341395	0.9105115192312975	0.034744508951353
4.326546162190822	0.9105115192312975	0.0337327343954076
4.34483695294272	0.9105115192312975	0.03275304124278401
4.364771851856689	0.9105115192312975	0.03187431890499595
4.386233873019137	0.9105115192312975	0.03115004874015473
4.409097068755885	0.9105115192312975	0.030608182667491147
4.4332272687432	0.9105115192312975	0.030246539815232037
4.458482867372603	0.9105115192312975	0.03003499112549182
4.484715654748892	0.9105115192312975	0.029923951696455457
4.511771686444731	0.9105115192312975	0.029857064887349946
4.539492186907772	0.9105115192312975	0.029784883471012057
4.567714481218726	0.9105115192312975	0.029676121927491767
4.596272949732473	0.9105115192312975	0.029523729420406358
4.625	0.9105115192312975	0.029344427457811316
4.653727050267527	0.9105115192312975	0.029172088133081614
4.682285518781274	0.9105115192312975	0.029046928515049707
4.710507813092227	0.9105115192312975	0.029003535867526572
4.738228313555268	0.9105115192312975	0.029060946837883957
4.765284345251108	0.9105115192312975	0.029217341953376583
4.791517132627397	0.9105115192312975	0.02945058344355213
4.8167727312568	0.9105115192312975	0.029724198575425558
4.840902931244115	0.9105115192312975	0.029996944342774414
4.863766126980863	0.9105115192312975	0.030233181332132025
4.885228148143311	0.9105115192312975	0.03041117088308428
4.90516304705728	0.9105115192312975	0.030527100570959954
4.923453837809178	0.9105115192312975	0.030593924239125197
4.9399931827658605	0.9105115192312975	0.03063559926207897
4.954684022474541	0.9105115192312975	0.03067858782219716
4.967440145246251	0.9105115192312975	0.03074320199155548
4.978186693080319	0.9105115192312975	0.030837324824883352
4.9868606009608785	0.9105115192312975	0.03095426240512382
4.993410966947456	0.9105115192312975	0.031075214152464094
4.997799350887806	0.9105115192312975	0.031175467214236804
5.0	0.9105115192312975	0.031232329447476163
4.25	0.9174506455357443	0.03921209280615296
4.252200649112194	0.9174506455357443	0.03903598566802003
4.256589033052544	0.9174506455357443	0.0386825545377003
4.2631393990391215	0.9174506455357443	0.03815249916633174
4.271813306919681	0.9174506455357443	0.03745359177124323
4.282559854753749	0.9174506455357443	0.03660596820457573
4.295315977525459	0.9174506455357443	0.03564546483504644
4.3100068172341395	0.9174506455357443	0.0346233554335764
4.326546162190822	0.9174506455357443	0.033601817637559386
4.34483695294272	0.9174506455357443	0.032645693662044624
4.364771851856689	0.9174506455357443	0.031812252630878876
4.386233873019137	0.9174506455357443	0.03114137887890236
4.409097068755885	0.9174506455357443	0.030648682328509314
4.4332272687432	0.9174506455357443	0.03032341160223635
4.458482867372603	0.9174506455357443	0.030131897767842367
4.484715654748892	0.9174506455357443	0.03002586885306447
4.511771686444731	0.9174506455357443	0.029953724968684755
4.539492186907772	0.9174506455357443	0.029872091122929746
4.567714481218726	0.9174506455357443	0.029754883138922873
4.596272949732473	0.9174506455357443	0.02959775890208974
4.625	0.9174506455357443	0.029417015354844634
4.653727050267527	0.9174506455357443	0.02924341486034956
4.682285518781274	0.9174506455357443	0.029112703561639242
4.710507813092227	0.9174506455357443	0.029055380699819493
4.738228313555268	0.9174506455357443	0.029088385925437398
4.765284345251108	0.9174506455357443	0.029210773911567768
4.791517132627397	0.9174506455357443	0.029404315768495084
4.8167727312568	0.9174506455357443	0.029638620345949912
4.840902931244115	0.9174506455357443	0.029879174619450586
4.863766126980863	0.9174506455357443	0.030095981701662194
4.885228148143311	0.9174506455357443	0.030270412272722702
4.90516304705728	0.9174506455357443	0.03039848008418919
4.923453837809178	0.9174506455357443	0.030489822384330068
4.9399931827658605	0.9174506455357443	0.03056290101194127
4.954684022474541	0.9174506455357443	0.03063798931899719
4.967440145246251	0.9174506455357443	0.030730083004101547
4.978186693080319	0.9174506455357443	0.030843818477479135
4.9868606009608785	0.9174506455357443	0.030971830268576066
4.993410966947456	0.9174506455357443	0.031096928634380894
4.997799350887806	0.9174506455357443	0.03119734011359516
5.0	0.9174506455357443	0.03125335847294745
4.25	0.926047883802999	0.039563320234373256
4.252200649112194	0.926047883802999	0.0393423445434634
4.256589033052544	0.926047883802999	0.038907983912272036
4.2631393990391215	0.926047883802999	0.03827652316593955
4.271813306919681	0.926047883802999	0.03747454319091983
4.282559854753749	0.926047883802999	0.03654001552395798
4.295315977525459	0.926047883802999	0.03552182722990634
4.3100068172341395	0.926047883802999	0.03447699961860722
4.326546162190822	0.926047883802999	0.03346549141120165
4.34483695294272	0.926047883802999	0.03254322800222804
4.364771851856689	0.926047883802999	0.031754650171759144
4.386233873019137	0.926047883802999	0.03112642324453694
4.409097068755885	0.926047883802999	0.03066386572159308
4.4332272687432	0.926047883802999	0.030351137564023467
4.458482867372603	0.926047883802999	0.030155389661637284
4.484715654748892	0.926047883802999	0.030034129708812148
4.511771686444731	0.926047883802999	0.029944256093105606
4.539492186907772	0.926047883802999	0.029850770260718307
4.567714481218726	0.926047883802999	0.02973322698929009
4.596272949732473	0.926047883802999	0.029588519547080874
4.625	0.926047883802999	0.02942949035009046
4.653727050267527	0.926047883802999	0.02927987824054884
4.682285518781274	0.926047883802999	0.029166996169260093
4.710507813092227	0.926047883802999	0.02911404898295367
4.738228313555268	0.926047883802999	0.02913401907784238
4.765284345251108	0.926047883802999	0.029226569907601488
4.791517132627397	0.926047883802999	0.029378577926813913
4.8167727312568	0.926047883802999	0.029567931819052
4.840902931244115	0.926047883802999	0.029769395311458353
4.863766126980863	0.926047883802999	0.029960838856490785
4.885228148143311	0.926047883802999	0.030128129018774312
4.90516304705728	0.926047883802999	0.030267413962412847
4.923453837809178	0.926047883802999	0.030384322993552017
4.9399931827658605	0.926047883802999	0.030490483608599104
4.954684022474541	0.926047883802999	0.03059850211740768
4.967440145246251	0.926047883802999	0.030716949595847122
4.978186693080319	0.926047883802999	0.0308468406439108
4.9868606009608785	0.926047883802999	0.030980613611896957
4.993410966947456	0.926047883802999	0.031103862626445097
4.997799350887806	0.926047883802999	0.031199256098558465
5.0	0.926047883802999	0.031251439007062766
4.25	0.9362527820203677	0.03961591407684149
4.252200649112194	0.9362527820203677	0.03936605470920003
4.256589033052544	0.9362527820203677	0.03888105888801188
4.2631393990391215	0.9362527820203677	0.03818960074098301
4.271813306919681	0.9362527820203677	0.03733266230523157
4.282559854753749	0.9362527820203677	0.03636088466222803
4.295315977525459	0.9362527820203677	0.035330853500992576
4.3100068172341395	0.9362527820203677	0.03430044324605219
4.326546162190822	0.9362527820203677	0.03332359690762378
4.34483695294272	0.9362527820203677	0.03244516637453268
4.364771851856689	0.9362527820203677	0.031696594433952285
4.386233873019137	0.9362527820203677	0.031093215362136967
4.409097068755885	0.9362527820203677	0.030633754736485493
4.4332272687432	0.9362527820203677	0.030302243032514567
4.458482867372603	0.9362527820203677	0.030072094565845878
4.484715654748892	0.9362527820203677	0.029911650882364894
4.511771686444731	0.9362527820203677	0.02979016010919008
4.539492186907772	0.9362527820203677	0.02968305105704168
4.567714481218726	0.9362527820203677	0.029575502704746744
4.596272949732473	0.9362527820203677	0.029463682213066604
4.625	0.9362527820203677	0.029353543960093348
4.653727050267527	0.9362527820203677	0.02925762450775725
4.682285518781274	0.9362527820203677	0.02919070166950625
4.710507813092227	0.9362527820203677	0.02916540374048215
4.738228313555268	0.9362527820203677	0.029188805475464225
4.765284345251108	0.9362527820203677	0.029260746901611033
4.791517132627397	0.9362527820203677	0.02937414024915573
4.8167727312568	0.9362527820203677	0.029517013068244575
4.840902931244115	0.9362527820203677	0.02967560623320223
4.863766126980863	0.9362527820203677	0.029837613031839665
4.885228148143311	0.9362527820203677	0.029994664906831617
4.90516304705728	0.9362527820203677	0.0301434275598742
4.923453837809178	0.9362527820203677	0.030285091215364938
4.9399931827658605	0.9362527820203677	0.030423501923102076
4.954684022474541	0.9362527820203677	0.030562558700346083
4.967440145246251	0.9362527820203677	0.030703691829051295
4.978186693080319	0.9362527820203677	0.030844192111715484
4.9868606009608785	0.9362527820203677	0.030976897049465605
4.993410966947456	0.9362527820203677	0.03109133603965978
4.997799350887806	0.9362527820203677	0.03117600923672803
5.0	0.9362527820203677	0.031221145368913305
4.25	0.9480054537873116	0.0393190488133298
4.252200649112194	0.9480054537873116	0.03905999823124785
4.256589033052544	0.9480054537873116	0.03856133674347339
4.2631393990391215	0.9480054537873116	0.03785962796167764
4.271813306919681	0.9480054537873116	0.037004286218106405
4.282559854753749	0.9480054537873116	0.036051997095187326
4.295315977525459	0.9480054537873116	0.0350606585482183
4.3100068172341395	0.9480054537873116	0.034083699469838885
4.326546162190822	0.9480054537873116	0.03316551748091039
4.34483695294272	0.9480054537873116	0.032338546002945605
4.364771851856689	0.9480054537873116	0.03162216161019379
4.386233873019137	0.9480054537873116	0.03102333551500764
4.409097068755885	0.9480054537873116	0.030538674354037135
4.4332272687432	0.9480054537873116	0.030157327750057878
4.458482867372603	0.9480054537873116	0.029864184335222296
4.484715654748892	0.9480054537873116	0.02964283086995474
4.511771686444731	0.9480054537873116	0.029477886443319282
4.539492186907772	0.9480054537873116	0.029356507221758338
4.567714481218726	0.9480054537873116	0.029269044195361308
4.596272949732473	0.9480054537873116	0.02920898944848423
4.625	0.9480054537873116	0.029172440865041088
4.653727050267527	0.9480054537873116	0.029157342424547934
4.682285518781274	0.9480054537873116	0.029162724837754225
4.710507813092227	0.9480054537873116	0.029188098607613285
4.738228313555268	0.9480054537873116	0.029233063736720653
4.765284345251108	0.9480054537873116	0.029297121213652386
4.791517132627397	0.9480054537873116	0.02937961847346432
4.8167727312568	0.9480054537873116	0.02947974189808866
4.840902931244115	0.9480054537873116	0.029596481782727307
4.863766126980863	0.9480054537873116	0.02972852903646673
4.885228148143311	0.9480054537873116	0.02987410439507843
4.90516304705728	0.9480054537873116	0.030030756731658313
4.923453837809178	0.9480054537873116	0.03019518767788933
4.9399931827658605	0.9480054537873116	0.03036316147295409
4.954684022474541	0.9480054537873116	0.030529543723415653
4.967440145246251	0.9480054537873116	0.03068848673148257
4.978186693080319	0.9480054537873116	0.030833750106312497
4.9868606009608785	0.9480054537873116	0.030959120661744114
4.993410966947456	0.9480054537873116	0.03105887978414143
4.997799350887806	0.9480054537873116	0.03112826103178084
5.0	0.9480054537873116	0.031163844480995007
4.25	0.9612369297526578	0.03868585023463475
4.252200649112194	0.9612369297526578	0.038436884252320086
4.256589033052544	0.9612369297526578	0.037960415960207695
4.2631393990391215	0.9612369297526578	0.03729596912823808
4.271813306919681	0.9612369297526578	0.036495048974885896
4.282559854753749	0.9612369297526578	0.035613667658229146
4.295315977525459	0.9612369297526578	0.034704994307374365
4.3100068172341395	0.9612369297526578	0.033813529730920514
4.326546162190822	0.9612369297526578	0.032971764627070466
4.34483695294272	0.9612369297526578	0.032199638558339454
4.364771851856689	0.9612369297526578	0.03150644336818378
4.386233873019137	0.9612369297526578	0.03089427979446813
4.409097068755885	0.9612369297526578	0.030361908154240034
4.4332272687432	0.9612369297526578	0.02990788662975398
4.458482867372603	0.9612369297526578	0.029532230649494628
4.484715654748892	0.9612369297526578	0.02923634588769836
4.511771686444731	0.9612369297526578	0.02902153386154845
4.539492186907772	0.9612369297526578	0.028886790482270882
4.567714481218726	0.9612369297526578	0.028826802474482063
4.596272949732473	0.9612369297526578	0.028830952702475824
4.625	0.9612369297526578	0.028883810947537173
4.653727050267527	0.9612369297526578	0.028967115934551597
4.682285518781274	0.9612369297526578	0.029062787311612784
4.710507813092227	0.9612369297526578	0.029156178109863432
4.738228313555268	0.9612369297526578	0.029238681627983078
4.765284345251108	0.9612369297526578	0.02930896658703395
4.791517132627397	0.9612369297526578	0.02937248226133163
4.8167727312568	0.9612369297526578	0.02943934431296926
4.840902931244115	0.9612369297526578	0.029521148462520273
4.863766126980863	0.9612369297526578	0.02962754049572732
4.885228148143311	0.9612369297526578	0.02976342083219466
4.90516304705728	0.9612369297526578	0.029927470082717438
4.923453837809178	0.9612369297526578	0.030112307173340052
4.9399931827658605	0.9612369297526578	0.03030614276389714
4.954684022474541	0.9612369297526578	0.03049539557203622
4.967440145246251	0.9612369297526578	0.030667507550444218
4.978186693080319	0.9612369297526578	0.030813186364567962
4.9868606009608785	0.9612369297526578	0.03092751547152939
4.993410966947456	0.9612369297526578	0.03100973550585795
4.997799350887806	0.9612369297526578	0.031061905451443366
5.0	0.9612369297526578	0.0310869782407662
4.25	0.9758695623541764	0.03778745340233238
4.252200649112194	0.9758695623541764	0.03756372309666628
4.256589033052544	0.9758695623541764	0.03713723811637497
4.2631393990391215	0.9758695623541764	0.036545976808414614
4.271813306919681	0.9758695623541764	0.03583795274023587
4.282559854753749	0.9758695623541764	0.035062948976829794
4.295315977525459	0.9758695623541764	0.03426491889890441
4.3100068172341395	0.9758695623541764	0.03347677033989858
4.326546162190822	0.9758695623541764	0.03271855880777186
4.34483695294272	0.9758695623541764	0.03199917426695231
4.364771851856689	0.9758695623541764	0.03132067296288169
4.386233873019137	0.9758695623541764	0.030683734160231815
4.409097068755885	0.9758695623541764	0.030092489652920596
4.4332272687432	0.9758695623541764	0.029557236559246865
4.458482867372603	0.9758695623541764	0.029094219197515536
4.484715654748892	0.9758695623541764	0.028722558602146002
4.511771686444731	0.9758695623541764	0.02845926533484478
4.539492186907772	0.9758695623541764	0.028313852223856135
4.567714481218726	0.9758695623541764	0.028284207410630376
4.596272949732473	0.9758695623541764	0.028355056887961794
4.625	0.9758695623541764	0.028499634726025822
4.653727050267527	0.9758695623541764	0.028684288866161315
4.682285518781274	0.9758695623541764	0.028874929886790773
4.710507813092227	0.9758695623541764	0.029043707687586892
4.738228313555268	0.9758695623541764	0.02917422048836606
4.765284345251108	0.9758695623541764	0.029263942201136282
4.791517132627397	0.9758695623541764	0.029323290260843606
4.8167727312568	0.9758695623541764	0.02937164155892262
4.840902931244115	0.9758695623541764	0.029431395273266187
4.863766126980863	0.9758695623541764	0.029521663280689614
4.885228148143311	0.9758695623541764	0.029653215083255823
4.90516304705728	0.9758695623541764	0.029825910856890108
4.923453837809178	0.9758695623541764	0.03002914126972875
4.9399931827658605	0.9758695623541764	0.03024496117427931
4.954684022474541	0.9758695623541764	0.030452889598570457
4.967440145246251	0.9758695623541764	0.030634946509976817
4.978186693080319	0.9758695623541764	0.03077951133112492
4.9868606009608785	0.9758695623541764	0.03088300291220368
4.993410966947456	0.9758695623541764	0.030949065898665144
4.997799350887806	0.9758695623541764	0.030985699663674638
5.0	0.9758695623541764	0.03100136345114255
4.25	0.9918174814853513	0.036735036425658514
4.252200649112194	0.9918174814853513	0.03654506356186065
4.256589033052544	0.9918174814853513	0.036183640369689705
4.2631393990391215	0.9918174814853513	0.035683784489843266
4.271813306919681	0.9918174814853513	0.03508604273006961
4.282559854753749	0.9918174814853513	0.034430459715407084
4.295315977525459	0.9918174814853513	0.0337496144267943
4.3100068172341395	0.9918174814853513	0.03306452200978454
4.326546162190822	0.9918174814853513	0.03238436143201826
4.34483695294272	0.9918174814853513	0.03170988787579537
4.364771851856689	0.9918174814853513	0.031039332797924403
4.386233873019137	0.9918174814853513	0.0303748825161297
4.409097068755885	0.9918174814853513	0.02972765993879148
4.4332272687432	0.9918174814853513	0.029119562543654748
4.458482867372603	0.9918174814853513	0.028581214724912082
4.484715654748892	0.9918174814853513	0.028146421556834552
4.511771686444731	0.9918174814853513	0.027844547207757905
4.539492186907772	0.9918174814853513	0.02769289233977621
4.567714481218726	0.9918174814853513	0.027691224523997297
4.596272949732473	0.9918174814853513	0.027820095911478295
4.625	0.9918174814853513	0.028043601479774805
4.653727050267527	0.9918174814853513	0.02831605578386839
4.682285518781274	0.9918174814853513	0.028591017460171286
4.710507813092227	0.9918174814853513	0.028830455607309756
4.738228313555268	0.9918174814853513	0.029011803909534856
4.765284345251108	0.9918174814853513	0.029131199224859124
4.791517132627397	0.9918174814853513	0.029202199750383816
4.8167727312568	0.9918174814853513	0.029250450998583446
4.840902931244115	0.9918174814853513	0.029305797565669284
4.863766126980863	0.9918174814853513	0.029393949598896088
4.885228148143311	0.9918174814853513	0.02952984764731838
4.90516304705728	0.9918174814853513	0.029714331058413368
4.923453837809178	0.9918174814853513	0.029934763460728476
4.9399931827658605	0.9918174814853513	0.030169175143447895
4.954684022474541	0.9918174814853513	0.03039255117216808
4.967440145246251	0.9918174814853513	0.030583379099807465
4.978186693080319	0.9918174814853513	0.030728602703651433
4.9868606009608785	0.9918174814853513	0.030825683147481294
4.993410966947456	0.9918174814853513	0.03088137396560696
4.997799350887806	0.9918174814853513	0.030907802721412
5.0	0.9918174814853513	0.03091723307516984
4.25	1.0089870984153095	0.0356546415336976
4.252200649112194	1.0089870984153095	0.03549947834123306
4.256589033052544	1.0089870984153095	0.035204017686214804
4.2631393990391215	1.0089870984153095	0.034794360437311364
4.271813306919681	1.0089870984153095	0.03430163962479712
4.282559854753749	1.0089870984153095	0.03375505385914598
4.295315977525459	1.0089870984153095	0.033176169359650974
4.3100068172341395	1.0089870984153095	0.03257615080997821
4.326546162190822	1.0089870984153095	0.031956716951858526
4.34483695294272	1.0089870984153095	0.03131450616306412
4.364771851856689	1.0089870984153095	0.030647499639797827
4.386233873019137	1.0089870984153095	0.029961487402360553
4.409097068755885	1.0089870984153095	0.029274473778638725
4.4332272687432	1.0089870984153095	0.0286174417277986
4.458482867372603	1.0089870984153095	0.028030893191571416
4.484715654748892	1.0089870984153095	0.027557782394199887
4.511771686444731	1.0089870984153095	0.027234525872668565
4.539492186907772	1.0089870984153095	0.027082404074783562
4.567714481218726	1.0089870984153095	0.02710167877488145
4.596272949732473	1.0089870984153095	0.027270122705859635
4.625	1.0089870984153095	0.027546553279687955
4.653727050267527	1.0089870984153095	0.02787867482448926
4.682285518781274	1.0089870984153095	0.028213410077821844
4.710507813092227	1.0089870984153095	0.028507246081998203
4.738228313555268	1.0089870984153095	0.028734110330474197
4.765284345251108	1.0089870984153095	0.028888933003901326
4.791517132627397	1.0089870984153095	0.02898616745621622
4.8167727312568	1.0089870984153095	0.029053832644960566
4.840902931244115	1.0089870984153095	0.029124761615290228
4.863766126980863	1.0089870984153095	0.029227392950202106
4.885228148143311	1.0089870984153095	0.029378461385999182
4.90516304705728	1.0089870984153095	0.029579338384916602
4.923453837809178	1.0089870984153095	0.029816722394672195
4.9399931827658605	1.0089870984153095	0.03006717947347854
4.954684022474541	1.0089870984153095	0.03030402024121301
4.967440145246251	1.0089870984153095	0.030504443010750257
4.978186693080319	1.0089870984153095	0.030654916215297073
4.9868606009608785	1.0089870984153095	0.030753385842414015
4.993410966947456	1.0089870984153095	0.030807885754469643
4.997799350887806	1.0089870984153095	0.030832206949217553
5.0	1.0089870984153095	0.03084013327343325
4.25	1.0272776550047078	0.03466100755220658
4.252200649112194	1.0272776550047078	0.034535103347789364
4.256589033052544	1.0272776550047078	0.03429410204824346
4.2631393990391215	1.0272776550047078	0.03395672606318783
4.271813306919681	1.0272776550047078	0.033544731173635205
4.282559854753749	1.0272776550047078	0.03307756675444619
4.295315977525459	1.0272776550047078	0.03256827784397558
4.3100068172341395	1.0272776550047078	0.03202199642151155
4.326546162190822	1.0272776550047078	0.03143759351556451
4.34483695294272	1.0272776550047078	0.03081208739576939
4.364771851856689	1.0272776550047078	0.030146512051673378
4.386233873019137	1.0272776550047078	0.029451411520976353
4.409097068755885	1.0272776550047078	0.028750110062955466
4.4332272687432	1.0272776550047078	0.028078439032364573
4.458482867372603	1.0272776550047078	0.027480545160694602
4.484715654748892	1.0272776550047078	0.02700150662166376
4.511771686444731	1.0272776550047078	0.026678435927379777
4.539492186907772	1.0272776550047078	0.026532279595725596
4.567714481218726	1.0272776550047078	0.026562472201411915
4.596272949732473	1.0272776550047078	0.02674596382084732
4.625	1.0272776550047078	0.027041073713155388
4.653727050267527	1.0272776550047078	0.027395408158565542
4.682285518781274	1.0272776550047078	0.027756040205273325
4.710507813092227	1.0272776550047078	0.028079563446253022
4.738228313555268	1.0272776550047078	0.02833966001356758
4.765284345251108	1.0272776550047078	0.028530459205813336
4.791517132627397	1.0272776550047078	0.028665038442624007
4.8167727312568	1.0272776550047078	0.028769645927475006
4.840902931244115	1.0272776550047078	0.028875278606366257
4.863766126980863	1.0272776550047078	0.029008853454049046
4.885228148143311	1.0272776550047078	0.029186212992253817
4.90516304705728	1.0272776550047078	0.029408620135367776
4.923453837809178	1.0272776550047078	0.029663395174376106
4.9399931827658605	1.0272776550047078	0.029928211221091003
4.954684022474541	1.0272776550047078	0.030177606889590296
4.967440145246251	1.0272776550047078	0.030389753491185976
4.978186693080319	1.0272776550047078	0.030551559207147815
4.9868606009608785	1.0272776550047078	0.03066077438035506
4.993410966947456	1.0272776550047078	0.030724700157048212
4.997799350887806	1.0272776550047078	0.030756120157570746
5.0	1.0272776550047078	0.030767877283556618
4.25	1.0465818149945596	0.033836465574926394
4.252200649112194	1.0465818149945596	0.033729879570199815
4.256589033052544	1.0465818149945596	0.03352374036271051
4.2631393990391215	1.0465818149945596	0.03323016614503945
4.271813306919681	1.0465818149945596	0.03286311606862691
4.282559854753749	1.0465818149945596	0.03243494674291611
4.295315977525459	1.0465818149945596	0.03195396984387451
4.3100068172341395	1.0465818149945596	0.031423928563571756
4.326546162190822	1.0465818149945596	0.030845720183827714
4.34483695294272	1.0465818149945596	0.030220965258414622
4.364771851856689	1.0465818149945596	0.029556378285453763
4.386233873019137	1.0465818149945596	0.028867530579025337
4.409097068755885	1.0465818149945596	0.028180637006758696
4.4332272687432	1.0465818149945596	0.02753145339231093
4.458482867372603	1.0465818149945596	0.026961129307157692
4.484715654748892	1.0465818149945596	0.026509718604819654
4.511771686444731	1.0465818149945596	0.026208768115012018
4.539492186907772	1.0465818149945596	0.026074774940931644
4.567714481218726	1.0465818149945596	0.026105206720228466
4.596272949732473	1.0465818149945596	0.026278224671138033
4.625	1.0465818149945596	0.026556370368420127
4.653727050267527	1.0465818149945596	0.026893500065020306
4.682285518781274	1.0465818149945596	0.0272434325045373
4.710507813092227	1.0465818149945596	0.027568336469947212
4.738228313555268	1.0465818149945596	0.027844942951427393
4.765284345251108	1.0465818149945596	0.028067211663735644
4.791517132627397	1.0465818149945596	0.028244970784467863
4.8167727312568	1.0465818149945596	0.02839904854362782
4.840902931244115	1.0465818149945596	0.028554263430806606
4.863766126980863	1.0465818149945596	0.028732116476847987
4.885228148143311	1.0465818149945596	0.028945016144962293
4.90516304705728	1.0465818149945596	0.029193378510172258
4.923453837809178	1.0465818149945596	0.029466124772388646
4.9399931827658605	1.0465818149945596	0.02974417407796332
4.954684022474541	1.0465818149945596	0.03000575473015134
4.967440145246251	1.0465818149945596	0.030231937331640726
4.978186693080319	1.0465818149945596	0.030410832837247853
4.9868606009608785	1.0465818149945596	0.030539370885381303
4.993410966947456	1.0465818149945596	0.03062233279998858
4.997799350887806	1.0465818149945596	0.030669135524024255
5.0	1.0465818149945596	0.03068951033753976
4.25	1.0667862938980828	0.03321930923736652
4.252200649112194	1.0667862938980828	0.03312061944762954
4.256589033052544	1.0667862938980828	0.03292724563556415
4.2631393990391215	1.0667862938980828	0.032646259707884547
4.271813306919681	1.0667862938980828	0.03228626655833585
4.282559854753749	1.0667862938980828	0.03185585481120406
4.295315977525459	1.0667862938980828	0.0313626459491848
4.3100068172341395	1.0667862938980828	0.030813379879447635
4.326546162190822	1.0667862938980828	0.030215132998363547
4.34483695294272	1.0667862938980828	0.029577359293181938
4.364771851856689	1.0667862938980828	0.028914102483210184
4.386233873019137	1.0667862938980828	0.028245561051770653
4.409097068755885	1.0667862938980828	0.02759826384802827
4.4332272687432	1.0667862938980828	0.027003427993653347
4.458482867372603	1.0667862938980828	0.02649354819440678
4.484715654748892	1.0667862938980828	0.02609778003035709
4.511771686444731	1.0667862938980828	0.025837084532268104
4.539492186907772	1.0667862938980828	0.02572027566402524
4.567714481218726	1.0667862938980828	0.02574199318753854
4.596272949732473	1.0667862938980828	0.02588322633967034
4.625	1.0667862938980828	0.026114431347627
4.653727050267527	1.0667862938980828	0.026400664453483155
4.682285518781274	1.0667862938980828	0.026707653426317545
4.710507813092227	1.0667862938980828	0.027007487671589708
4.738228313555268	1.0667862938980828	0.027282688042177403
4.765284345251108	1.0667862938980828	0.02752780581369334
4.791517132627397	1.0667862938980828	0.02774829835290859
4.8167727312568	1.0667862938980828	0.027957083464638436
4.840902931244115	1.0667862938980828	0.0281697170520719
4.863766126980863	1.0667862938980828	0.028399431479567847
4.885228148143311	1.0667862938980828	0.02865324379797126
4.90516304705728	1.0667862938980828	0.028930008378492193
4.923453837809178	1.0667862938980828	0.02922074314439241
4.9399931827658605	1.0667862938980828	0.02951095251852258
4.954684022474541	1.0667862938980828	0.02978416653818934
4.967440145246251	1.0667862938980828	0.03002564601324832
4.978186693080319	1.0667862938980828	0.030225232896554828
4.9868606009608785	1.0667862938980828	0.03037863437431803
4.993410966947456	1.0667862938980828	0.030486922727917653
4.997799350887806	1.0667862938980828	0.03055456579291429
5.0	1.0667862938980828	0.03058672201045218
4.25	1.0877725237991134	0.03280342788886716
4.252200649112194	1.0877725237991134	0.0327025756760597
4.256589033052544	1.0877725237991134	0.03250279532209351
4.2631393990391215	1.0877725237991134	0.032207938133749184
4.271813306919681	1.0877725237991134	0.03182382368608246
4.282559854753749	1.0877725237991134	0.03135836688135149
4.295315977525459	1.0877725237991134	0.03082181839988126
4.3100068172341395	1.0877725237991134	0.030227091685964273
4.326546162190822	1.0877725237991134	0.029590077416110062
4.34483695294272	1.0877725237991134	0.02892978210346892
4.364771851856689	1.0877725237991134	0.028268099219524157
4.386233873019137	1.0877725237991134	0.027629049681138322
4.409097068755885	1.0877725237991134	0.027037418991220044
4.4332272687432	1.0877725237991134	0.026516856638918677
4.458482867372603	1.0877725237991134	0.02608765804429672
4.484715654748892	1.0877725237991134	0.025764578929381703
4.511771686444731	1.0877725237991134	0.025555096351495814
4.539492186907772	1.0877725237991134	0.02545850271280781
4.567714481218726	1.0877725237991134	0.025466093997045133
4.596272949732473	1.0877725237991134	0.02556251201018037
4.625	1.0877725237991134	0.025728065322573858
4.653727050267527	1.0877725237991134	0.02594163992769301
4.682285518781274	1.0877725237991134	0.026183671719474038
4.710507813092227	1.0877725237991134	0.0264386263448102
4.738228313555268	1.0877725237991134	0.026696529035871008
4.765284345251108	1.0877725237991134	0.0269532885010736
4.791517132627397	1.0877725237991134	0.02720981916844825
4.8167727312568	1.0877725237991134	0.02747022380984835
4.840902931244115	1.0877725237991134	0.027739492407108463
4.863766126980863	1.0877725237991134	0.028021257121874407
4.885228148143311	1.0877725237991134	0.028316098837170872
4.90516304705728	1.0877725237991134	0.02862074159875503
4.923453837809178	1.0877725237991134	0.028928239697566846
4.9399931827658605	1.0877725237991134	0.02922901797186426
4.954684022474541	1.0877725237991134	0.029512430919788998
4.967440145246251	1.0877725237991134	0.02976840790312092
4.978186693080319	1.0877725237991134	0.029988771092031682
4.9868606009608785	1.0877725237991134	0.03016793924721362
4.993410966947456	1.0877725237991134	0.030302925158190448
4.997799350887806	1.0877725237991134	0.030392741507692934
5.0	1.0877725237991134	0.03043749132514249
4.25	1.1094173491557848	0.03254810000539323
4.252200649112194	1.1094173491557848	0.032438495117431805
4.256589033052544	1.1094173491557848	0.03222002970232193
4.2631393990391215	1.1094173491557848	0.03189497460028501
4.271813306919681	1.1094173491557848	0.03146845009080416
4.282559854753749	1.1094173491557848	0.030949870868468246
4.295315977525459	1.1094173491557848	0.030354027535056664
4.3100068172341395	1.1094173491557848	0.02970138163863851
4.326546162190822	1.1094173491557848	0.029017327873779312
4.34483695294272	1.1094173491557848	0.028330423130725813
4.364771851856689	1.1094173491557848	0.027669835365156183
4.386233873019137	1.1094173491557848	0.027062461937153996
4.409097068755885	1.1094173491557848	0.026530258175945703
4.4332272687432	1.1094173491557848	0.026088280668402606
4.458482867372603	1.1094173491557848	0.025743796592556194
4.484715654748892	1.1094173491557848	0.02549657966954738
4.511771686444731	1.1094173491557848	0.02534026251020916
4.539492186907772	1.1094173491557848	0.025264404854659018
4.567714481218726	1.1094173491557848	0.025256815601371347
4.596272949732473	1.1094173491557848	0.025305657607336263
4.625	1.1094173491557848	0.02540096283317269
4.653727050267527	1.1094173491557848	0.02553535987558295
4.682285518781274	1.1094173491557848	0.025704017708096282
4.710507813092227	1.1094173491557848	0.025903986541085926
4.738228313555268	1.1094173491557848	0.026133227412153508
4.765284345251108	1.1094173491557848	0.026389645295055962
4.791517132627397	1.1094173491557848	0.026670379808492344
4.8167727312568	1.1094173491557848	0.026971488707657535
4.840902931244115	1.1094173491557848	0.027288021429422826
4.863766126980863	1.1094173491557848	0.027614363924657506
4.885228148143311	1.1094173491557848	0.027944672888116553
4.90516304705728	1.1094173491557848	0.028273220359176968
4.923453837809178	1.1094173491557848	0.028594531068910262
4.9399931827658605	1.1094173491557848	0.02890329037358758
4.954684022474541	1.1094173491557848	0.029194096892631558
4.967440145246251	1.1094173491557848	0.029461199477481406
4.978186693080319	1.1094173491557848	0.029698372449077585
4.9868606009608785	1.1094173491557848	0.029899042668642527
4.993410966947456	1.1094173491557848	0.030056700895827897
4.997799350887806	1.1094173491557848	0.03016553462893289
5.0	1.1094173491557848	0.0302211409357788
4.25	1.131593749526218	0.032394435225905543
4.252200649112194	1.131593749526218	0.03227389313146071
4.256589033052544	1.131593749526218	0.032033063624695914
4.2631393990391215	1.131593749526218	0.03167379364402893
4.271813306919681	1.131593749526218	0.031201748097608936
4.282559854753749	1.131593749526218	0.030628753709276032
4.295315977525459	1.131593749526218	0.029974392402719187
4.3100068172341395	1.131593749526218	0.02926613051365945
4.326546162190822	1.131593749526218	0.028537639419987996
4.34483695294272	1.131593749526218	0.027825447820400237
4.364771851856689	1.131593749526218	0.027164533831777714
4.386233873019137	1.131593749526218	0.02658378744320024
4.409097068755885	1.131593749526218	0.026102360245887475
4.4332272687432	1.131593749526218	0.02572774255926685
4.458482867372603	1.131593749526218	0.02545601160285355
4.484715654748892	1.131593749526218	0.02527418065058504
4.511771686444731	1.131593749526218	0.02516408175089017
4.539492186907772	1.131593749526218	0.025106862329073474
4.567714481218726	1.131593749526218	0.02508705819390463
4.596272949732473	1.131593749526218	0.025095348682542835
4.625	1.131593749526218	0.02512946132341353
4.653727050267527	1.131593749526218	0.02519317429207916
4.682285518781274	1.131593749526218	0.02529383689495887
4.710507813092227	1.131593749526218	0.025439169121948255
4.738228313555268	1.131593749526218	0.025634227380178627
4.765284345251108	1.131593749526218	0.02587931138904832
4.791517132627397	1.131593749526218	0.026169278134927535
4.8167727312568	1.131593749526218	0.026494315537267662
4.840902931244115	1.131593749526218	0.026841828393186936
4.863766126980863	1.131593749526218	0.027198811080682988
4.885228148143311	1.131593749526218	0.027553995968884675
4.90516304705728	1.131593749526218	0.027899187461217355
4.923453837809178	1.131593749526218	0.028229474431807396
4.9399931827658605	1.131593749526218	0.028542369763594172
4.954684022474541	1.131593749526218	0.028836248504555066
4.967440145246251	1.131593749526218	0.029108652930989704
4.978186693080319	1.131593749526218	0.029355050310353722
4.9868606009608785	1.131593749526218	0.029568468144313718
4.993410966947456	1.131593749526218	0.02974014535366661
4.997799350887806	1.131593749526218	0.029861015221316147
5.0	1.131593749526218	0.029923574903784694
4.25	1.154171584974981	0.03228361405693401
4.252200649112194	1.154171584974981	0.032154032240449604
4.256589033052544	1.154171584974981	0.031895039584640086
4.2631393990391215	1.154171584974981	0.031508629863821136
4.271813306919681	1.154171584974981	0.031001351069670786
4.282559854753749	1.154171584974981	0.03038713946647379
4.295315977525459	1.154171584974981	0.0296891624523354
4.3100068172341395	1.154171584974981	0.02893978676965378
4.326546162190822	1.154171584974981	0.02817827306967463
4.34483695294272	1.154171584974981	0.027446425026143684
4.364771851856689	1.154171584974981	0.02678301763018536
4.386233873019137	1.154171584974981	0.02621822729901275
4.409097068755885	1.154171584974981	0.025769370605455068
4.4332272687432	1.154171584974981	0.02543899790843914
4.458482867372603	1.154171584974981	0.02521584562255878
4.484715654748892	1.154171584974981	0.025078465938729942
4.511771686444731	1.154171584974981	0.025000704385275397
4.539492186907772	1.154171584974981	0.024957753466479705
4.567714481218726	1.154171584974981	0.024931389601412574
4.596272949732473	1.154171584974981	0.024913230012627113
4.625	1.154171584974981	0.024905362560242592
4.653727050267527	1.154171584974981	0.024918366389594007
4.682285518781274	1.154171584974981	0.024967379438683057
4.710507813092227	1.154171584974981	0.025067315814700404
4.738228313555268	1.154171584974981	0.025228481899180533
4.765284345251108	1.154171584974981	0.0254536578598275
4.791517132627397	1.154171584974981	0.025737262357569287
4.8167727312568	1.154171584974981	0.026066633316750878
4.840902931244115	1.154171584974981	0.026424899278694666
4.863766126980863	1.154171584974981	0.026794533312864154
4.885228148143311	1.154171584974981	0.027160570060659993
4.90516304705728	1.154171584974981	0.027512643113153882
4.923453837809178	1.154171584974981	0.027845400837603437
4.9399931827658605	1.154171584974981	0.02815736002334672
4.954684022474541	1.154171584974981	0.02844871093830593
4.967440145246251	1.154171584974981	0.02871886621047383
4.978186693080319	1.154171584974981	0.02896457603356447
4.9868606009608785	1.154171584974981	0.02917921469376642
4.993410966947456	1.154171584974981	0.029353451659665398
4.997799350887806	1.154171584974981	0.029477076936565403
5.0	1.154171584974981	0.029541389818382884
4.25	1.1770183597859787	0.03217208283331852
4.252200649112194	1.1770183597859787	0.032038093390730576
4.256589033052544	1.1770183597859787	0.03177034378529875
4.2631393990391215	1.1770183597859787	0.03137103787872803
4.271813306919681	1.1770183597859787	0.030847235949801106
4.282559854753749	1.1770183597859787	0.030213833972477303
4.295315977525459	1.1770183597859787	0.029495477696982835
4.3100068172341395	1.1770183597859787	0.028726474098141275
4.326546162190822	1.1770183597859787	0.027948280124667706
4.34483695294272	1.1770183597859787	0.027204818216974968
4.364771851856689	1.1770183597859787	0.026536504737242516
4.386233873019137	1.1770183597859787	0.025974302257072382
4.409097068755885	1.1770183597859787	0.02553519613762038
4.4332272687432	1.1770183597859787	0.025220216599661675
4.458482867372603	1.1770183597859787	0.02501554593981713
4.484715654748892	1.1770183597859787	0.024896515457472217
4.511771686444731	1.1770183597859787	0.02483359909469105
4.539492186907772	1.1770183597859787	0.02479903266396094
4.567714481218726	1.1770183597859787	0.024772552690919887
4.596272949732473	1.1770183597859787	0.024744990173417226
4.625	1.1770183597859787	0.02471900567162638
4.653727050267527	1.1770183597859787	0.024706966401999163
4.682285518781274	1.1770183597859787	0.024726656500090073
4.710507813092227	1.1770183597859787	0.02479600171183924
4.738228313555268	1.1770183597859787	0.02492816002910816
4.765284345251108	1.1770183597859787	0.025128148556291207
4.791517132627397	1.1770183597859787	0.025391706542190046
4.8167727312568	1.1770183597859787	0.025706471974214253
4.840902931244115	1.1770183597859787	0.02605494667376662
4.863766126980863	1.1770183597859787	0.026418302155777736
4.885228148143311	1.1770183597859787	0.026779939629955393
4.90516304705728	1.1770183597859787	0.02712788416994302
4.923453837809178	1.1770183597859787	0.027455501720657464
4.9399931827658605	1.1770183597859787	0.027760550248596805
4.954684022474541	1.1770183597859787	0.028043058746197745
4.967440145246251	1.1770183597859787	0.028302834065463987
4.978186693080319	1.1770183597859787	0.02853744612739395
4.9868606009608785	1.1770183597859787	0.028741334682082436
4.993410966947456	1.1770183597859787	0.028906288740392125
4.997799350887806	1.1770183597859787	0.029023098288387904
5.0	1.1770183597859787	0.02908380601029405
4.25	1.2	0.032040127397332224
4.252200649112194	1.2	0.03190720429935601
4.256589033052544	1.2	0.03164160888083197
4.2631393990391215	1.2	0.03124551027595599
4.271813306919681	1.2	0.03072575764282435
4.282559854753749	1.2	0.030096754914780827
4.295315977525459	1.2	0.029382345947567733
4.3100068172341395	1.2	0.028615811797679993
4.326546162190822	1.2	0.027837561581306115
4.34483695294272	1.2	0.027090724995985745
4.364771851856689	1.2	0.026415457128850843
4.386233873019137	1.2	0.02584317768457186
4.409097068755885	1.2	0.025392070071267397
4.4332272687432	1.2	0.025064925680491207
4.458482867372603	1.2	0.02484989187862052
4.484715654748892	1.2	0.02472400227574797
4.511771686444731	1.2	0.02465870947178006
4.539492186907772	1.2	0.0246261728332967
4.567714481218726	1.2	0.02460489554078151
4.596272949732473	1.2	0.024583493230406202
4.625	1.2	0.024561857703505545
4.653727050267527	1.2	0.024549625099037412
4.682285518781274	1.2	0.024562500609218448
4.710507813092227	1.2	0.024617468740193577
4.738228313555268	1.2	0.024728115013583952
4.765284345251108	1.2	0.024901164692954104
4.791517132627397	1.2	0.02513495387324816
4.8167727312568	1.2	0.025420004218733482
4.840902931244115	1.2	0.025741326034603766
4.863766126980863	1.2	0.026081669442746862
4.885228148143311	1.2	0.026424778625494305
4.90516304705728	1.2	0.02675780718433961
4.923453837809178	1.2	0.027072376359218966
4.9399931827658605	1.2	0.02736419644122199
4.954684022474541	1.2	0.027631593342045714
4.967440145246251	1.2	0.027873567476219063
4.978186693080319	1.2	0.028088087303121703
4.9868606009608785	1.2	0.028271176624926196
4.993410966947456	1.2	0.02841704948442184
4.997799350887806	1.2	0.02851918146546081
5.0	1.2	0.02857189738438637
4.25	1.2229816402140212	0.03189235412532606
4.252200649112194	1.2229816402140212	0.031764948309725476
4.256589033052544	1.2229816402140212	0.03151030407149304
4.2631393990391215	1.2229816402140212	0.031130241250360298
4.271813306919681	1.2229816402140212	0.030630710422483536
4.282559854753749	1.2229816402140212	0.030024419034628172
4.295315977525459	1.2229816402140212	0.02933264536166772
4.3100068172341395	1.2229816402140212	0.028585440335168
4.326546162190822	1.2229816402140212	0.027819813013639307
4.34483695294272	1.2229816402140212	0.027076023322369157
4.364771851856689	1.2229816402140212	0.02639262537863336
4.386233873019137	1.2229816402140212	0.02580127670300122
4.409097068755885	1.2229816402140212	0.025322451427192836
4.4332272687432	1.2229816402140212	0.02496303285162395
4.458482867372603	1.2229816402140212	0.024716350636118274
4.484715654748892	1.2229816402140212	0.024564673106036983
4.511771686444731	1.2229816402140212	0.024483605252432473
4.539492186907772	1.2229816402140212	0.024447417892757645
4.567714481218726	1.2229816402140212	0.02443414691874785
4.596272949732473	1.2229816402140212	0.024429394951382858
4.625	1.2229816402140212	0.024428110573584953
4.653727050267527	1.2229816402140212	0.02443411994992924
4.682285518781274	1.2229816402140212	0.024457712927384235
4.710507813092227	1.2229816402140212	0.024512009596155585
4.738228313555268	1.2229816402140212	0.02460905479968365
4.765284345251108	1.2229816402140212	0.024756564652392652
4.791517132627397	1.2229816402140212	0.024956003105725967
4.8167727312568	1.2229816402140212	0.025202276209263397
4.840902931244115	1.2229816402140212	0.02548490747178096
4.863766126980863	1.2229816402140212	0.0257902113779241
4.885228148143311	1.2229816402140212	0.026103796711512636
4.90516304705728	1.2229816402140212	0.02641274065738716
4.923453837809178	1.2229816402140212	0.026706957205083478
4.9399931827658605	1.2229816402140212	0.026979571974265266
4.954684022474541	1.2229816402140212	0.02722641914682128
4.967440145246251	1.2229816402140212	0.027445007079064835
4.978186693080319	1.2229816402140212	0.02763339801133047
4.9868606009608785	1.2229816402140212	0.02778939835672389
4.993410966947456	1.2229816402140212	0.02791028906750509
4.997799350887806	1.2229816402140212	0.02799310406672618
5.0	1.2229816402140212	0.028035264767786946
4.25	1.2458284150250192	0.03175093338637577
4.252200649112194	1.2458284150250192	0.031631143188415096
4.256589033052544	1.2458284150250192	0.03139157089159822
4.2631393990391215	1.2458284150250192	0.03103350049788842
4.271813306919681	1.2458284150250192	0.030561633395974355
4.282559854753749	1.2458284150250192	0.029986420618261022
4.295315977525459	1.2458284150250192	0.029325797414976065
4.3100068172341395	1.2458284150250192	0.028605639545558687
4.326546162190822	1.2458284150250192	0.027858556566610966
4.34483695294272	1.2458284150250192	0.027121046978224966
4.364771851856689	1.2458284150250192	0.026429459388370397
4.386233873019137	1.2458284150250192	0.025815526042176302
4.409097068755885	1.2458284150250192	0.025302377842726227
4.4332272687432	1.2458284150250192	0.024901876404675224
4.458482867372603	1.2458284150250192	0.0246138260643727
4.484715654748892	1.2458284150250192	0.0244272236999095
4.511771686444731	1.2458284150250192	0.024323265017777478
4.539492186907772	1.2458284150250192	0.02427945750309305
4.567714481218726	1.2458284150250192	0.024273977640551905
4.596272949732473	1.2458284150250192	0.02428939813716621
4.625	1.2458284150250192	0.02431509452681779
4.653727050267527	1.2458284150250192	0.024347967711003927
4.682285518781274	1.2458284150250192	0.024391505774495753
4.710507813092227	1.2458284150250192	0.024453561265708506
4.738228313555268	1.2458284150250192	0.02454345951214623
4.765284345251108	1.2458284150250192	0.0246691327506734
4.791517132627397	1.2458284150250192	0.02483488943335432
4.8167727312568	1.2458284150250192	0.02504021386538769
4.840902931244115	1.2458284150250192	0.02527971235869445
4.863766126980863	1.2458284150250192	0.025544052026095533
4.885228148143311	1.2458284150250192	0.02582154095444904
4.90516304705728	1.2458284150250192	0.026099912211414385
4.923453837809178	1.2458284150250192	0.02636790467386759
4.9399931827658605	1.2458284150250192	0.026616356030814865
4.954684022474541	1.2458284150250192	0.02683869196191038
4.967440145246251	1.2458284150250192	0.027030859111471222
4.978186693080319	1.2458284150250192	0.027190865908007292
4.9868606009608785	1.2458284150250192	0.027318142288351673
4.993410966947456	1.2458284150250192	0.027412908513543447
4.997799350887806	1.2458284150250192	0.02747567617398452
5.0	1.2458284150250192	0.027506923516343096
4.25	1.2684062504737819	0.03164436648296591
4.252200649112194	1.2684062504737819	0.031531454445544976
4.256589033052544	1.2684062504737819	0.031305487564944084
4.2631393990391215	1.2684062504737819	0.030967257954163413
4.271813306919681	1.2684062504737819	0.030520338911602482
4.282559854753749	1.2684062504737819	0.02997315833673784
4.295315977525459	1.2684062504737819	0.02934066082954458
4.3100068172341395	1.2684062504737819	0.028644983268859572
4.326546162190822	1.2684062504737819	0.027914778423188572
4.34483695294272	1.2684062504737819	0.027183128038263782
4.364771851856689	1.2684062504737819	0.02648431809317371
4.386233873019137	1.2684062504737819	0.02585002601883015
4.409097068755885	1.2684062504737819	0.025305627255405905
4.4332272687432	1.2684062504737819	0.024867329756936677
4.458482867372603	1.2684062504737819	0.024540689927468665
4.484715654748892	1.2684062504737819	0.024320788124893255
4.511771686444731	1.2684062504737819	0.024194009280989134
4.539492186907772	1.2684062504737819	0.02414105881293147
4.567714481218726	1.2684062504737819	0.024140614172450944
4.596272949732473	1.2684062504737819	0.02417291480015212
4.625	1.2684062504737819	0.024222643224437786
4.653727050267527	1.2684062504737819	0.02428062947497955
4.682285518781274	1.2684062504737819	0.02434417428210318
4.710507813092227	1.2684062504737819	0.02441607256995917
4.738228313555268	1.2684062504737819	0.024502665637751476
4.765284345251108	1.2684062504737819	0.02461140947817352
4.791517132627397	1.2684062504737819	0.02474849228576494
4.8167727312568	1.2684062504737819	0.024916967541265395
4.840902931244115	1.2684062504737819	0.025115715344180112
4.863766126980863	1.2684062504737819	0.025339345148126108
4.885228148143311	1.2684062504737819	0.02557895412466233
4.90516304705728	1.2684062504737819	0.025823497742967806
4.923453837809178	1.2684062504737819	0.026061439585833564
4.9399931827658605	1.2684062504737819	0.026282334815988528
4.954684022474541	1.2684062504737819	0.02647805773896448
4.967440145246251	1.2684062504737819	0.026643487555184246
4.978186693080319	1.2684062504737819	0.02677659058079981
4.9868606009608785	1.2684062504737819	0.026877955633122674
4.993410966947456	1.2684062504737819	0.026949931637285977
4.997799350887806	1.2684062504737819	0.026995571269819205
5.0	1.2684062504737819	0.027017598854634083
4.25	1.290582650844215	0.031595532264217546
4.252200649112194	1.290582650844215	0.031486335118589746
4.256589033052544	1.290582650844215	0.03126774317213345
4.2631393990391215	1.290582650844215	0.030940320828950423
4.271813306919681	1.290582650844215	0.030507055417545278
4.282559854753749	1.290582650844215	0.029975262506269616
4.295315977525459	1.290582650844215	0.029358187840885747
4.3100068172341395	1.290582650844215	0.028675796046797486
4.326546162190822	1.290582650844215	0.02795439591500616
4.34483695294272	1.290582650844215	0.027224998374307
4.364771851856689	1.290582650844215	0.026520581423518288
4.386233873019137	1.290582650844215	0.025872684490020052
4.409097068755885	1.290582650844215	0.02530791783018351
4.4332272687432	1.290582650844215	0.02484501465290779
4.458482867372603	1.290582650844215	0.024492965359757677
4.484715654748892	1.290582650844215	0.024250573767663465
4.511771686444731	1.290582650844215	0.024107507172805104
4.539492186907772	1.290582650844215	0.02404663218684713
4.567714481218726	1.290582650844215	0.02404719419300514
4.596272949732473	1.290582650844215	0.024088256554019773
4.625	1.290582650844215	0.024151792104233988
4.653727050267527	1.290582650844215	0.024224914294657018
4.682285518781274	1.290582650844215	0.02430092456469017
4.710507813092227	1.290582650844215	0.02437909384036302
4.738228313555268	1.290582650844215	0.02446333883599981
4.765284345251108	1.290582650844215	0.024560149950289094
4.791517132627397	1.290582650844215	0.024676241208433813
4.8167727312568	1.290582650844215	0.024816406989232362
4.840902931244115	1.290582650844215	0.02498198930544992
4.863766126980863	1.290582650844215	0.02517020599132561
4.885228148143311	1.290582650844215	0.025374399814221703
4.90516304705728	1.290582650844215	0.025585081410664467
4.923453837809178	1.290582650844215	0.02579149147835911
4.9399931827658605	1.290582650844215	0.025983325682864072
4.954684022474541	1.290582650844215	0.026152260364169726
4.967440145246251	1.290582650844215	0.026292983799574204
4.978186693080319	1.290582650844215	0.026403558450124147
4.9868606009608785	1.290582650844215	0.026485087257085444
4.993410966947456	1.290582650844215	0.02654080138603635
4.997799350887806	1.290582650844215	0.026574800119603285
5.0	1.290582650844215	0.026590735550252223
4.25	1.3122274762008865	0.03161264142785764
4.252200649112194	1.3122274762008865	0.031502665407007795
4.256589033052544	1.3122274762008865	0.031282604270291954
4.2631393990391215	1.3122274762008865	0.030953176753156033
4.271813306919681	1.3122274762008865	0.030517550175552684
4.282559854753749	1.3122274762008865	0.02998319811067634
4.295315977525459	1.3122274762008865	0.029363459156810715
4.3100068172341395	1.3122274762008865	0.02867829855499922
4.326546162190822	1.3122274762008865	0.027953930956903045
4.34483695294272	1.3122274762008865	0.02722120361438642
4.364771851856689	1.3122274762008865	0.02651291090797722
4.386233873019137	1.3122274762008865	0.025860452922706154
4.409097068755885	1.3122274762008865	0.025290409089650686
4.4332272687432	1.3122274762008865	0.024821637949785442
4.458482867372603	1.3122274762008865	0.024463427369071627
4.484715654748892	1.3122274762008865	0.024215025228850592
4.511771686444731	1.3122274762008865	0.02406662076692687
4.539492186907772	1.3122274762008865	0.024001576446391778
4.567714481218726	1.3122274762008865	0.0239994852778055
4.596272949732473	1.3122274762008865	0.024039493352157333
4.625	1.3122274762008865	0.02410330595080852
4.653727050267527	1.3122274762008865	0.02417738731984809
4.682285518781274	1.3122274762008865	0.024254045050527254
4.710507813092227	1.3122274762008865	0.024331319005169653
4.738228313555268	1.3122274762008865	0.024411823459120026
4.765284345251108	1.3122274762008865	0.024500874331982364
4.791517132627397	1.3122274762008865	0.02460433812289489
4.8167727312568	1.3122274762008865	0.024726650748745634
4.840902931244115	1.3122274762008865	0.024869378069662648
4.863766126980863	1.3122274762008865	0.02503054782693904
4.885228148143311	1.3122274762008865	0.02520480857224766
4.90516304705728	1.3122274762008865	0.02538430194624058
4.923453837809178	1.3122274762008865	0.025560003126760204
4.9399931827658605	1.3122274762008865	0.025723212830841117
4.954684022474541	1.3122274762008865	0.025866881606664612
4.967440145246251	1.3122274762008865	0.025986507908690296
4.978186693080319	1.3122274762008865	0.026080458573111566
4.9868606009608785	1.3122274762008865	0.02614968945394167
4.993410966947456	1.3122274762008865	0.02619696868755248
4.997799350887806	1.3122274762008865	0.026225801754290987
5.0	1.3122274762008865	0.02623930944519313
4.25	1.3332137061019174	0.03168558505836984
4.252200649112194	1.3332137061019174	0.03157040343350177
4.256589033052544	1.3332137061019174	0.03134014836517003
4.2631393990391215	1.3332137061019174	0.03099604650654142
4.271813306919681	1.3332137061019174	0.030542171576780557
4.282559854753749	1.3332137061019174	0.029987380333485445
4.295315977525459	1.3332137061019174	0.02934685415906562
4.3100068172341395	1.3332137061019174	0.028642705310177936
4.326546162190822	1.3332137061019174	0.027903305718552377
4.34483695294272	1.3332137061019174	0.02716128581337508
4.364771851856689	1.3332137061019174	0.02645046198258769
4.386233873019137	1.3332137061019174	0.02580220993081038
4.409097068755885	1.3332137061019174	0.02524194631668118
4.4332272687432	1.3332137061019174	0.024786379188467877
4.458482867372603	1.3332137061019174	0.024442040434425518
4.484715654748892	1.3332137061019174	0.024205356129430464
4.511771686444731	1.3332137061019174	0.024064203244520334
4.539492186907772	1.3332137061019174	0.02400061327008572
4.567714481218726	1.3332137061019174	0.023994077400931905
4.596272949732473	1.3332137061019174	0.02402482517450775
4.625	1.3332137061019174	0.024076500040980515
4.653727050267527	1.3332137061019174	0.02413782156948095
4.682285518781274	1.3332137061019174	0.024203060702613573
4.710507813092227	1.3332137061019174	0.02427140494168977
4.738228313555268	1.3332137061019174	0.024345499377355053
4.765284345251108	1.3332137061019174	0.02442957607867536
4.791517132627397	1.3332137061019174	0.024527610006633224
4.8167727312568	1.3332137061019174	0.024641870472059388
4.840902931244115	1.3332137061019174	0.024772100055676153
4.863766126980863	1.3332137061019174	0.024915386813484857
4.885228148143311	1.3332137061019174	0.02506664098099177
4.90516304705728	1.3332137061019174	0.025219476480209942
4.923453837809178	1.3332137061019174	0.025367247727566326
4.9399931827658605	1.3332137061019174	0.02550400411304586
4.954684022474541	1.3332137061019174	0.025625184307622784
4.967440145246251	1.3332137061019174	0.025727957926719596
4.978186693080319	1.3332137061019174	0.02581120920227101
4.9868606009608785	1.3332137061019174	0.025875227124007392
4.993410966947456	1.3332137061019174	0.025921208519117125
4.997799350887806	1.3332137061019174	0.025950693543495097
5.0	1.3332137061019174	0.025965042995100433
4.25	1.3534181850054403	0.031788395316786684
4.252200649112194	1.3534181850054403	0.031664912345834365
4.256589033052544	1.3534181850054403	0.03141832920630561
4.2631393990391215	1.3534181850054403	0.03105057330003309
4.271813306919681	1.3534181850054403	0.030567075692171094
4.282559854753749	1.3534181850054403	0.029978896196276028
4.295315977525459	1.3534181850054403	0.029304286498021147
4.3100068172341395	1.3534181850054403	0.02856906419221162
4.326546162190822	1.3534181850054403	0.027805444946962417
4.34483695294272	1.3534181850054403	0.02704935836801969
4.364771851856689	1.3534181850054403	0.02633665889613156
4.386233873019137	1.3534181850054403	0.025698937608811978
4.409097068755885	1.3534181850054403	0.025159768955342828
4.4332272687432	1.3534181850054403	0.024732155646887986
4.458482867372603	1.3534181850054403	0.02441768299194163
4.484715654748892	1.3534181850054403	0.024207523876754615
4.511771686444731	1.3534181850054403	0.024085038600015568
4.539492186907772	1.3534181850054403	0.02402938568093633
4.567714481218726	1.3534181850054403	0.02401937658074689
4.596272949732473	1.3534181850054403	0.024036806673944353
4.625	1.3534181850054403	0.02406866798381937
4.653727050267527	1.3534181850054403	0.0241079450277864
4.682285518781274	1.3534181850054403	0.024153035000011445
4.710507813092227	1.3534181850054403	0.024206132689716546
4.738228313555268	1.3534181850054403	0.024271109980300246
4.765284345251108	1.3534181850054403	0.024351462940673224
4.791517132627397	1.3534181850054403	0.024448799628739422
4.8167727312568	1.3534181850054403	0.024562138221606775
4.840902931244115	1.3534181850054403	0.024688040695397012
4.863766126980863	1.3534181850054403	0.02482138967006408
4.885228148143311	1.3534181850054403	0.02495647934858401
4.90516304705728	1.3534181850054403	0.02508806276344036
4.923453837809178	1.3534181850054403	0.0252120715770303
4.9399931827658605	1.3534181850054403	0.02532586813423076
4.954684022474541	1.3534181850054403	0.025428052669836936
4.967440145246251	1.3534181850054403	0.02551798115412731
4.978186693080319	1.3534181850054403	0.02559521488943961
4.9868606009608785	1.3534181850054403	0.025659109038399325
4.993410966947456	1.3534181850054403	0.025708666879938235
4.997799350887806	1.3534181850054403	0.025742672715192788
5.0	1.3534181850054403	0.025760010186370037
4.25	1.3727223449952923	0.031886681396518846
4.252200649112194	1.3727223449952923	0.03175390285995885
4.256589033052544	1.3727223449952923	0.03148896077927295
4.2631393990391215	1.3727223449952923	0.031094445558861906
4.271813306919681	1.3727223449952923	0.030577190067438927
4.282559854753749	1.3727223449952923	0.029950663327256443
4.295315977525459	1.3727223449952923	0.029236605064693038
4.3100068172341395	1.3727223449952923	0.028465162819045306
4.326546162190822	1.3727223449952923	0.027673157794101465
4.34483695294272	1.3727223449952923	0.026900591515130235
4.364771851856689	1.3727223449952923	0.026185983322362463
4.386233873019137	1.3727223449952923	0.025561470573488423
4.409097068755885	1.3727223449952923	0.025048716386917403
4.4332272687432	1.3727223449952923	0.024656521272068264
4.458482867372603	1.3727223449952923	0.024380661172434627
4.484715654748892	1.3727223449952923	0.024205970143495726
4.511771686444731	1.3727223449952923	0.02411017919212618
4.539492186907772	1.3727223449952923	0.024068640987369758
4.567714481218726	1.3727223449952923	0.024058906290451706
4.596272949732473	1.3727223449952923	0.024064207179245546
4.625	1.3727223449952923	0.024075213737035733
4.653727050267527	1.3727223449952923	0.024089878002317926
4.682285518781274	1.3727223449952923	0.024111643105713277
4.710507813092227	1.3727223449952923	0.024146658618525562
4.738228313555268	1.3727223449952923	0.02420081876710125
4.765284345251108	1.3727223449952923	0.02427739512179773
4.791517132627397	1.3727223449952923	0.02437579625665979
4.8167727312568	1.3727223449952923	0.02449163030751996
4.840902931244115	1.3727223449952923	0.024617875938436368
4.863766126980863	1.3727223449952923	0.024746684089102276
4.885228148143311	1.3727223449952923	0.02487120807682903
4.90516304705728	1.3727223449952923	0.024986916011598404
4.923453837809178	1.3727223449952923	0.025092047731233354
4.9399931827658605	1.3727223449952923	0.025187167944701425
4.954684022474541	1.3727223449952923	0.025274048144987297
4.967440145246251	1.3727223449952923	0.025354299776373705
4.978186693080319	1.3727223449952923	0.025428228806673985
4.9868606009608785	1.3727223449952923	0.025494280692787606
4.993410966947456	1.3727223449952923	0.02554923309578632
4.997799350887806	1.3727223449952923	0.025589041870848508
5.0	1.3727223449952923	0.02561003392231361
4.25	1.3910129015846904	0.031947499199291615
4.252200649112194	1.3910129015846904	0.03180662370733043
4.256589033052544	1.3910129015846904	0.031525588944273854
4.2631393990391215	1.3910129015846904	0.031107396675615125
4.271813306919681	1.3910129015846904	0.030559931708203352
4.282559854753749	1.3910129015846904	0.029898661165606702
4.295315977525459	1.3910129015846904	0.02914839249621905
4.3100068172341395	1.3910129015846904	0.028343237237779297
4.326546162190822	1.3910129015846904	0.02752437709900488
4.34483695294272	1.3910129015846904	0.026735817939892076
4.364771851856689	1.3910129015846904	0.026018885675767045
4.386233873019137	1.3910129015846904	0.025406609543084744
4.409097068755885	1.3910129015846904	0.02491924244277133
4.4332272687432	1.3910129015846904	0.024561951572108366
4.458482867372603	1.3910129015846904	0.02432522736307079
4.484715654748892	1.3910129015846904	0.02418792870187059
4.511771686444731	1.3910129015846904	0.024122269731937235
4.539492186907772	1.3910129015846904	0.024099615305212378
4.567714481218726	1.3910129015846904	0.02409579843664125
4.596272949732473	1.3910129015846904	0.024094838291000002
4.625	1.3910129015846904	0.02409037186156728
4.653727050267527	1.3910129015846904	0.02408469796080713
4.682285518781274	1.3910129015846904	0.02408591355554891
4.710507813092227	1.3910129015846904	0.02410405077734614
4.738228313555268	1.3910129015846904	0.024147294462129983
4.765284345251108	1.3910129015846904	0.024219242954378103
4.791517132627397	1.3910129015846904	0.024317815334158107
4.8167727312568	1.3910129015846904	0.02443591529052333
4.840902931244115	1.3910129015846904	0.024563475708229244
4.863766126980863	1.3910129015846904	0.02469016039174728
4.885228148143311	1.3910129015846904	0.02480787764797914
4.90516304705728	1.3910129015846904	0.024912385303806874
4.923453837809178	1.3910129015846904	0.02500358878265674
4.9399931827658605	1.3910129015846904	0.0250845503090493
4.954684022474541	1.3910129015846904	0.025159613029863383
4.967440145246251	1.3910129015846904	0.025232287896163007
4.978186693080319	1.3910129015846904	0.025303588187761034
4.9868606009608785	1.3910129015846904	0.025371324275206626
4.993410966947456	1.3910129015846904	0.02543054913797747
4.997799350887806	1.3910129015846904	0.02547497554950422
5.0	1.3910129015846904	0.025498882481219783
4.25	1.4081825185146486	0.03194853857338113
4.252200649112194	1.4081825185146486	0.031802399072080975
4.256589033052544	1.4081825185146486	0.03151076556493944
4.2631393990391215	1.4081825185146486	0.031076682001926374
4.271813306919681	1.4081825185146486	0.030508486024854852
4.282559854753749	1.4081825185146486	0.029822802633074106
4.295315977525459	1.4081825185146486	0.029046464743658986
4.3100068172341395	1.4081825185146486	0.02821640950377299
4.326546162190822	1.4081825185146486	0.02737711264423495
4.34483695294272	1.4081825185146486	0.026575791724287437
4.364771851856689	1.4081825185146486	0.02585624971027247
4.386233873019137	1.4081825185146486	0.025252664911990193
4.409097068755885	1.4081825185146486	0.024784737850040144
4.4332272687432	1.4081825185146486	0.02445534438764007
4.458482867372603	1.4081825185146486	0.024251280066060293
4.484715654748892	1.4081825185146486	0.024146957355057605
4.511771686444731	1.4081825185146486	0.024110222580816174
4.539492186907772	1.4081825185146486	0.02410897215469886
4.567714481218726	1.4081825185146486	0.02411709229391012
4.596272949732473	1.4081825185146486	0.024118458303878678
4.625	1.4081825185146486	0.024108247480709853
4.653727050267527	1.4081825185146486	0.024091503489275547
4.682285518781274	1.4081825185146486	0.024079559068868026
4.710507813092227	1.4081825185146486	0.02408540622887145
4.738228313555268	1.4081825185146486	0.02411928132086163
4.765284345251108	1.4081825185146486	0.024185573652096996
4.791517132627397	1.4081825185146486	0.024281728749098622
4.8167727312568	1.4081825185146486	0.02439923156862405
4.840902931244115	1.4081825185146486	0.024526186106397153
4.863766126980863	1.4081825185146486	0.02465060951536334
4.885228148143311	1.4081825185146486	0.024763431076479988
4.90516304705728	1.4081825185146486	0.024860349944062374
4.923453837809178	1.4081825185146486	0.024942099027047384
4.9399931827658605	1.4081825185146486	0.025013162050848217
4.954684022474541	1.4081825185146486	0.02507944808501019
4.967440145246251	1.4081825185146486	0.02514571199728291
4.978186693080319	1.4081825185146486	0.025213544694025012
4.9868606009608785	1.4081825185146486	0.025280543029130433
4.993410966947456	1.4081825185146486	0.02534087852304841
4.997799350887806	1.4081825185146486	0.02538703932473705
5.0	1.4081825185146486	0.0254121569757547
4.25	1.4241304376458235	0.03188388952889076
4.252200649112194	1.4241304376458235	0.0317359655835808
4.256589033052544	1.4241304376458235	0.031440546958255405
4.2631393990391215	1.4241304376458235	0.03100037506524074
4.271813306919681	1.4241304376458235	0.03042361702951311
4.282559854753749	1.4241304376458235	0.029727094848567035
4.295315977525459	1.4241304376458235	0.02893837799224905
4.3100068172341395	1.4241304376458235	0.028095721582482292
4.326546162190822	1.4241304376458235	0.02724537941934632
4.34483695294272	1.4241304376458235	0.026436534177222606
4.364771851856689	1.4241304376458235	0.025714770927247763
4.386233873019137	1.4241304376458235	0.02511548485521189
4.409097068755885	1.4241304376458235	0.024658727189578154
4.4332272687432	1.4241304376458235	0.024346716459585176
4.458482867372603	1.4241304376458235	0.02416464164271851
4.484715654748892	1.4241304376458235	0.024084613049968975
4.511771686444731	1.4241304376458235	0.024071875236903774
4.539492186907772	1.4241304376458235	0.024091875283091826
4.567714481218726	1.4241304376458235	0.02411661187461979
4.596272949732473	1.4241304376458235	0.02412891426509899
4.625	1.4241304376458235	0.02412385078262394
4.653727050267527	1.4241304376458235	0.02410719509747029
4.682285518781274	1.4241304376458235	0.024091592759173885
4.710507813092227	1.4241304376458235	0.02409158727962582
4.738228313555268	1.4241304376458235	0.024118858688595108
4.765284345251108	1.4241304376458235	0.02417886221604808
4.791517132627397	1.4241304376458235	0.024269591561983325
4.8167727312568	1.4241304376458235	0.02438256840726401
4.840902931244115	1.4241304376458235	0.024505552921343713
4.863766126980863	1.4241304376458235	0.02462604258166035
4.885228148143311	1.4241304376458235	0.02473448571586109
4.90516304705728	1.4241304376458235	0.024826304867753717
4.923453837809178	1.4241304376458235	0.024902239039983627
4.9399931827658605	1.4241304376458235	0.024967042555966542
4.954684022474541	1.4241304376458235	0.025027064196968797
4.967440145246251	1.4241304376458235	0.02508753463477611
4.978186693080319	1.4241304376458235	0.02515043210358091
4.9868606009608785	1.4241304376458235	0.02521357426839064
4.993410966947456	1.4241304376458235	0.025271174455827185
4.997799350887806	1.4241304376458235	0.025315632227500957
5.0	1.4241304376458235	0.025339945130425
4.25	1.4387630702473422	0.03176481897878687
4.252200649112194	1.4387630702473422	0.03161815284120744
4.256589033052544	1.4387630702473422	0.031324978290108246
4.2631393990391215	1.4387630702473422	0.030887552338605063
4.271813306919681	1.4387630702473422	0.030313451828686843
4.282559854753749	1.4387630702473422	0.029618938559501838
4.295315977525459	1.4387630702473422	0.028831191509104546
4.3100068172341395	1.4387630702473422	0.027988360877189016
4.326546162190822	1.4387630702473422	0.02713694837153754
4.34483695294272	1.4387630702473422	0.026326738454389507
4.364771851856689	1.4387630702473422	0.02560420023417155
4.386233873019137	1.4387630702473422	0.025005757838945753
4.409097068755885	1.4387630702473422	0.024552453701433954
4.4332272687432	1.4387630702473422	0.024247263105892602
4.458482867372603	1.4387630702473422	0.024075723481953915
4.484715654748892	1.4387630702473422	0.024009770043812256
4.511771686444731	1.4387630702473422	0.024013919260974664
4.539492186907772	1.4387630702473422	0.024052405813970796
4.567714481218726	1.4387630702473422	0.024095692110951118
4.596272949732473	1.4387630702473422	0.02412497429136802
4.625	1.4387630702473422	0.024133844367867346
4.653727050267527	1.4387630702473422	0.024126989284211295
4.682285518781274	1.4387630702473422	0.024116524117031954
4.710507813092227	1.4387630702473422	0.024117085269399288
4.738228313555268	1.4387630702473422	0.024141022626174305
4.765284345251108	1.4387630702473422	0.024194887522876598
4.791517132627397	1.4387630702473422	0.024277972028968572
4.8167727312568	1.4387630702473422	0.024383047840865275
4.840902931244115	1.4387630702473422	0.02449885184268479
4.863766126980863	1.4387630702473422	0.024613432132700296
4.885228148143311	1.4387630702473422	0.024717311189414795
4.90516304705728	1.4387630702473422	0.024805568451072207
4.923453837809178	1.4387630702473422	0.024878333798775427
4.9399931827658605	1.4387630702473422	0.024939691456148057
4.954684022474541	1.4387630702473422	0.024995467984221097
4.967440145246251	1.4387630702473422	0.02505068238948495
4.978186693080319	1.4387630702473422	0.025107490028058697
4.9868606009608785	1.4387630702473422	0.025164250744739505
4.993410966947456	1.4387630702473422	0.025215966690909378
4.997799350887806	1.4387630702473422	0.025255889980869545
5.0	1.4387630702473422	0.02527773268819437
4.25	1.4519945462126884	0.031615568565534165
4.252200649112194	1.4519945462126884	0.0314719231343532
4.256589033052544	1.4519945462126884	0.03118459056126503
4.2631393990391215	1.4519945462126884	0.030755411343142712
4.271813306919681	1.4519945462126884	0.03019131075487136
4.282559854753749	1.4519945462126884	0.02950767328472395
4.295315977525459	1.4519945462126884	0.028730637592560875
4.3100068172341395	1.4519945462126884	0.027897279040470173
4.326546162190822	1.4519945462126884	0.027053174047686653
4.34483695294272	1.4519945462126884	0.026247536742512807
4.364771851856689	1.4519945462126884	0.02552679600545589
4.386233873019137	1.4519945462126884	0.024927955429987415
4.409097068755885	1.4519945462126884	0.024473218421553377
4.4332272687432	1.4519945462126884	0.024167122688554626
4.458482867372603	1.4519945462126884	0.023996870011254
4.484715654748892	1.4519945462126884	0.023935800373253352
4.511771686444731	1.4519945462126884	0.02394923283045296
4.539492186907772	1.4519945462126884	0.024001363622850474
4.567714481218726	1.4519945462126884	0.024061707159135297
4.596272949732473	1.4519945462126884	0.024109733027670225
4.625	1.4519945462126884	0.02413684028661764
4.653727050267527	1.4519945462126884	0.024145485569107183
4.682285518781274	1.4519945462126884	0.024145966175047655
4.710507813092227	1.4519945462126884	0.02415187920274164
4.738228313555268	1.4519945462126884	0.024175508469632945
4.765284345251108	1.4519945462126884	0.024224289070582293
4.791517132627397	1.4519945462126884	0.02429911111923211
4.8167727312568	1.4519945462126884	0.024394669402949726
4.840902931244115	1.4519945462126884	0.02450150254795357
4.863766126980863	1.4519945462126884	0.02460894573230693
4.885228148143311	1.4519945462126884	0.024708049337691156
4.90516304705728	1.4519945462126884	0.02479362238225095
4.923453837809178	1.4519945462126884	0.02486489517444495
4.9399931827658605	1.4519945462126884	0.024924749629063242
4.954684022474541	1.4519945462126884	0.024977899673952718
4.967440145246251	1.4519945462126884	0.025028692786112826
4.978186693080319	1.4519945462126884	0.025079270179648387
4.9868606009608785	1.4519945462126884	0.025128659752781616
4.993410966947456	1.4519945462126884	0.025173043499221115
4.997799350887806	1.4519945462126884	0.025207048953936304
5.0	1.4519945462126884	0.025225585950092517
4.25	1.4637472179796323	0.03146568456713143
4.252200649112194	1.4637472179796323	0.03132518371359624
4.256589033052544	1.4637472179796323	0.0310441366143916
4.2631393990391215	1.4637472179796323	0.03062428916061587
4.271813306919681	1.4637472179796323	0.030072243697015937
4.282559854753749	1.4637472179796323	0.029402707680787295
4.295315977525459	1.4637472179796323	0.028640739987136826
4.3100068172341395	1.4637472179796323	0.027822008064157713
4.326546162190822	1.4637472179796323	0.026990559078404953
4.34483695294272	1.4637472179796323	0.026194260219575556
4.364771851856689	1.4637472179796323	0.025478703462470796
4.386233873019137	1.4637472179796323	0.024880825960887448
4.409097068755885	1.4637472179796323	0.02442364442789457
4.4332272687432	1.4637472179796323	0.024113297080554496
4.458482867372603	1.4637472179796323	0.02393907928531163
4.484715654748892	1.4637472179796323	0.023876477330184585
4.511771686444731	1.4637472179796323	0.023892521844184944
4.539492186907772	1.4637472179796323	0.02395227006798298
4.567714481218726	1.4637472179796323	0.024025009917576823
4.596272949732473	1.4637472179796323	0.02408890567114204
4.625	1.4637472179796323	0.024133233188901988
4.653727050267527	1.4637472179796323	0.024157963978520148
4.682285518781274	1.4637472179796323	0.024171091339070087
4.710507813092227	1.4637472179796323	0.02418458801363426
4.738228313555268	1.4637472179796323	0.024210125650489373
4.765284345251108	1.4637472179796323	0.0242556262982636
4.791517132627397	1.4637472179796323	0.024323390564418373
4.8167727312568	1.4637472179796323	0.024410059331652745
4.840902931244115	1.4637472179796323	0.024508156444603545
4.863766126980863	1.4637472179796323	0.024608566181715384
4.885228148143311	1.4637472179796323	0.02470311913069242
4.90516304705728	1.4637472179796323	0.024786525978154637
4.923453837809178	1.4637472179796323	0.024857172910084338
4.9399931827658605	1.4637472179796323	0.02491668082516711
4.954684022474541	1.4637472179796323	0.024968512761251248
4.967440145246251	1.4637472179796323	0.025016178401712722
4.978186693080319	1.4637472179796323	0.025061660789935186
4.9868606009608785	1.4637472179796323	0.02510456757729268
4.993410966947456	1.4637472179796323	0.02514223661438749
4.997799350887806	1.4637472179796323	0.025170695911034754
5.0	1.4637472179796323	0.02518609712846539
4.25	1.473952116197001	0.03134136789782478
4.252200649112194	1.473952116197001	0.031202694219757972
4.256589033052544	1.473952116197001	0.03092557110650393
4.2631393990391215	1.473952116197001	0.030512143174021688
4.271813306919681	1.473952116197001	0.029969306503948502
4.282559854753749	1.473952116197001	0.029311709537666486
4.295315977525459	1.473952116197001	0.02856382636544588
4.3100068172341395	1.473952116197001	0.027760185385285074
4.326546162190822	1.473952116197001	0.0269432853002125
4.34483695294272	1.473952116197001	0.026159330812651205
4.364771851856689	1.473952116197001	0.02545251311078782
4.386233873019137	1.473952116197001	0.024858986993970805
4.409097068755885	1.473952116197001	0.024401841882688898
4.4332272687432	1.473952116197001	0.02408818619376535
4.458482867372603	1.473952116197001	0.02390900621158199
4.484715654748892	1.473952116197001	0.02384183694191056
4.511771686444731	1.473952116197001	0.023855650660010982
4.539492186907772	1.473952116197001	0.023916886453043466
4.567714481218726	1.473952116197001	0.02399532781290364
4.596272949732473	1.473952116197001	0.024068631803190813
4.625	1.473952116197001	0.024124688337746607
4.653727050267527	1.473952116197001	0.02416153786144418
4.682285518781274	1.473952116197001	0.02418515591145255
4.710507813092227	1.473952116197001	0.024205877834482505
4.738228313555268	1.473952116197001	0.024234477113741902
4.765284345251108	1.473952116197001	0.02427888073639297
4.791517132627397	1.473952116197001	0.024342231929988467
4.8167727312568	1.473952116197001	0.024422583461132984
4.840902931244115	1.473952116197001	0.024514047500558845
4.863766126980863	1.473952116197001	0.024608864475470543
4.885228148143311	1.473952116197001	0.024699673153319515
4.90516304705728	1.473952116197001	0.02478130072413614
4.923453837809178	1.473952116197001	0.024851615746999015
4.9399931827658605	1.473952116197001	0.024911318771495904
4.954684022474541	1.473952116197001	0.02496288041145489
4.967440145246251	1.473952116197001	0.02500907615184951
4.978186693080319	1.473952116197001	0.025051647237966188
4.9868606009608785	1.473952116197001	0.025090525087706057
4.993410966947456	1.473952116197001	0.025123832838138294
4.997799350887806	1.473952116197001	0.02514860012476678
5.0	1.473952116197001	0.02516188714213889
4.25	1.4825493544642556	0.03125851302208499
4.252200649112194	1.4825493544642556	0.031119558651601334
4.256589033052544	1.4825493544642556	0.030842418688101943
4.2631393990391215	1.4825493544642556	0.030430155554546746
4.271813306919681	1.4825493544642556	0.029890661645805117
4.282559854753749	1.4825493544642556	0.029239324462134692
4.295315977525459	1.4825493544642556	0.028500817925990112
4.3100068172341395	1.4825493544642556	0.027709184068136772
4.326546162190822	1.4825493544642556	0.02690578249305747
4.34483695294272	1.4825493544642556	0.02613523710909526
4.364771851856689	1.4825493544642556	0.02544005451765462
4.386233873019137	1.4825493544642556	0.024854980735563727
4.409097068755885	1.4825493544642556	0.024402296432693243
4.4332272687432	1.4825493544642556	0.024089086906826068
4.458482867372603	1.4825493544642556	0.023907100370666054
4.484715654748892	1.4825493544642556	0.02383523245386985
4.511771686444731	1.4825493544642556	0.023844090479104026
4.539492186907772	1.4825493544642556	0.023901643038072896
4.567714481218726	1.4825493544642556	0.023978756622859303
4.596272949732473	1.4825493544642556	0.024053505233455372
4.625	1.4825493544642556	0.024113480601084918
4.653727050267527	1.4825493544642556	0.02415583542460446
4.682285518781274	1.4825493544642556	0.024185327695216433
4.710507813092227	1.4825493544642556	0.024211066688622822
4.738228313555268	1.4825493544642556	0.024242889422622677
4.765284345251108	1.4825493544642556	0.024288277133716125
4.791517132627397	1.4825493544642556	0.024350477938401144
4.8167727312568	1.4825493544642556	0.02442811457207597
4.840902931244115	1.4825493544642556	0.02451613770337242
4.863766126980863	1.4825493544642556	0.024607648976842214
4.885228148143311	1.4825493544642556	0.024695946554500144
4.90516304705728	1.4825493544642556	0.024776171297896235
4.923453837809178	1.4825493544642556	0.024846128851627774
4.9399931827658605	1.4825493544642556	0.024906160417888394
4.954684022474541	1.4825493544642556	0.02495823827064249
4.967440145246251	1.4825493544642556	0.025004681523819947
4.978186693080319	1.4825493544642556	0.025046964617354076
4.9868606009608785	1.4825493544642556	0.025085013019052974
4.993410966947456	1.4825493544642556	0.025117182957708536
4.997799350887806	1.4825493544642556	0.02514087454115385
5.0	1.4825493544642556	0.02515351229635341
4.25	1.4894884807687025	0.031219463685103713
4.252200649112194	1.4894884807687025	0.031078192057734717
4.256589033052544	1.4894884807687025	0.030797155107831452
4.2631393990391215	1.4894884807687025	0.03038071359014682
4.271813306919681	1.4894884807687025	0.029838307311069942
4.282559854753749	1.4894884807687025	0.02918674692007194
4.295315977525459	1.4894884807687025	0.02845165768802781
4.3100068172341395	1.4894884807687025	0.027667320066914483
4.326546162190822	1.4894884807687025	0.02687453927168033
4.34483695294272	1.4894884807687025	0.026116689922185857
4.364771851856689	1.4894884807687025	0.025434585298009824
4.386233873019137	1.4894884807687025	0.024861178471562696
4.409097068755885	1.4894884807687025	0.024417216396395512
4.4332272687432	1.4894884807687025	0.024108803458912784
4.458482867372603	1.4894884807687025	0.02392742630086497
4.484715654748892	1.4894884807687025	0.023852447552558304
4.511771686444731	1.4894884807687025	0.023855528766586396
4.539492186907772	1.4894884807687025	0.0239060282578763
4.567714481218726	1.4894884807687025	0.023976237956602545
4.596272949732473	1.4894884807687025	0.02404541385051059
4.625	1.4894884807687025	0.024101886272913382
4.653727050267527	1.4894884807687025	0.02414301819092594
4.682285518781274	1.4894884807687025	0.024173286054466718
4.710507813092227	1.4894884807687025	0.024201162098046767
4.738228313555268	1.4894884807687025	0.024235684797854165
4.765284345251108	1.4894884807687025	0.024283576504526408
4.791517132627397	1.4894884807687025	0.024347528295515616
4.8167727312568	1.4894884807687025	0.024425899677920093
4.840902931244115	1.4894884807687025	0.024513682901407922
4.863766126980863	1.4894884807687025	0.02460426576288129
4.885228148143311	1.4894884807687025	0.024691370727691824
4.90516304705728	1.4894884807687025	0.02477058056789492
4.923453837809178	1.4894884807687025	0.024840055888499402
4.9399931827658605	1.4894884807687025	0.02490033834568845
4.954684022474541	1.4894884807687025	0.024953423852976615
4.967440145246251	1.4894884807687025	0.02500149708406418
4.978186693080319	1.4894884807687025	0.02504578669976768
4.9868606009608785	1.4894884807687025	0.025085919313845295
4.993410966947456	1.4894884807687025	0.025119954360151797
4.997799350887806	1.4894884807687025	0.02514503996823593
5.0	1.4894884807687025	0.025158421068294752
4.25	1.4947287735579649	0.0312142730180484
4.252200649112194	1.4947287735579649	0.03106949443622902
4.256589033052544	1.4947287735579649	0.03078222664028609
4.2631393990391215	1.4947287735579649	0.030358238824299357
4.271813306919681	1.4947287735579649	0.029808721157052454
4.282559854753749	1.4947287735579649	0.0291522245689946
4.295315977525459	1.4947287735579649	0.02841575465486479
4.3100068172341395	1.4947287735579649	0.027634334104279217
4.326546162190822	1.4947287735579649	0.026848720306395728
4.34483695294272	1.4947287735579649	0.026101452539791598
4.364771851856689	1.4947287735579649	0.02543187535971512
4.386233873019137	1.4947287735579649	0.024871112446409455
4.409097068755885	1.4947287735579649	0.02443805631174948
4.4332272687432	1.4947287735579649	0.02413726384118032
4.458482867372603	1.4947287735579649	0.02395924578743942
4.484715654748892	1.4947287735579649	0.023883109670012715
4.511771686444731	1.4947287735579649	0.023880992743738328
4.539492186907772	1.4947287735579649	0.023923335385961645
4.567714481218726	1.4947287735579649	0.023983889738234943
4.596272949732473	1.4947287735579649	0.024043467618049333
4.625	1.4947287735579649	0.024091771289572694
4.653727050267527	1.4947287735579649	0.024127128604879367
4.682285518781274	1.4947287735579649	0.02415444602044765
4.710507813092227	1.4947287735579649	0.024182075969448776
4.738228313555268	1.4947287735579649	0.024218479303808087
4.765284345251108	1.4947287735579649	0.024269514947048324
4.791517132627397	1.4947287735579649	0.024336935790739127
4.8167727312568	1.4947287735579649	0.024418292534248195
4.840902931244115	1.4947287735579649	0.02450805401628819
4.863766126980863	1.4947287735579649	0.024599449511185808
4.885228148143311	1.4947287735579649	0.024686400187390264
4.90516304705728	1.4947287735579649	0.024764958138737747
4.923453837809178	1.4947287735579649	0.024833882562933632
4.9399931827658605	1.4947287735579649	0.024894281150378422
4.954684022474541	1.4947287735579649	0.02494853763786377
4.967440145246251	1.4947287735579649	0.024998948155046784
4.978186693080319	1.4947287735579649	0.025046545507421893
4.9868606009608785	1.4947287735579649	0.025090493917703547
4.993410966947456	1.4947287735579649	0.02512822533545677
4.997799350887806	1.4947287735579649	0.02515623364970228
5.0	1.4947287735579649	0.02517122687996234
4.25	1.4982394807102444	0.03122581308274885
4.252200649112194	1.4982394807102444	0.031077618642905393
4.256589033052544	1.4982394807102444	0.03078417328983336
4.2631393990391215	1.4982394807102444	0.030352436744219263
4.271813306919681	1.4982394807102444	0.029795111413285166
4.282559854753749	1.4982394807102444	0.02913230885260932
4.295315977525459	1.4982394807102444	0.028392360436108453
4.3100068172341395	1.4982394807102444	0.02761113736175381
4.326546162190822	1.4982394807102444	0.02682961026263473
4.34483695294272	1.4982394807102444	0.026089851475079202
4.364771851856689	1.4982394807102444	0.025430134925208115
4.386233873019137	1.4982394807102444	0.02488009424557855
4.409097068755885	1.4982394807102444	0.02445697115694519
4.4332272687432	1.4982394807102444	0.024163796995673663
4.458482867372603	1.4982394807102444	0.023989943317684323
4.484715654748892	1.4982394807102444	0.023913953510114563
4.511771686444731	1.4982394807102444	0.023908058234643575
4.539492186907772	1.4982394807102444	0.023943411415467818
4.567714481218726	1.4982394807102444	0.02399495085033197
4.596272949732473	1.4982394807102444	0.024044917789822155
4.625	1.4982394807102444	0.024084424492598126
4.653727050267527	1.4982394807102444	0.024112942702505278
4.682285518781274	1.4982394807102444	0.02413607365861656
4.710507813092227	1.4982394807102444	0.024162329403566146
4.738228313555268	1.4982394807102444	0.02419981892109972
4.765284345251108	1.4982394807102444	0.024253661228145
4.791517132627397	1.4982394807102444	0.02432467406563832
4.8167727312568	1.4982394807102444	0.024409495916047415
4.840902931244115	1.4982394807102444	0.024501902010900845
4.863766126980863	1.4982394807102444	0.024594778447579138
4.885228148143311	1.4982394807102444	0.024682095709366688
4.90516304705728	1.4982394807102444	0.024760294955687476
4.923453837809178	1.4982394807102444	0.024828733165814826
4.9399931827658605	1.4982394807102444	0.02488914908830383
4.954684022474541	1.4982394807102444	0.02494441414414764
4.967440145246251	1.4982394807102444	0.024997033289174034
4.978186693080319	1.4982394807102444	0.0250479067127762
4.9868606009608785	1.4982394807102444	0.02509574872099926
4.993410966947456	1.4982394807102444	0.025137327814963435
4.997799350887806	1.4982394807102444	0.025168418193148752
5.0	1.4982394807102444	0.025185124025870014
4.25	1.5	0.031236883340627797
4.252200649112194	1.5	0.031086604162212858
4.256589033052544	1.5	0.0307893611161283
4.2631393990391215	1.5	0.030352794659745583
4.271813306919681	1.5	0.029790481430054742
4.282559854753749	1.5	0.02912345149759244
4.295315977525459	1.5	0.02838084076181991
4.3100068172341395	1.5	0.02759907024032248
4.326546162190822	1.5	0.026819306766048788
4.34483695294272	1.5	0.02608342586356338
4.364771851856689	1.5	0.025429139682183372
4.386233873019137	1.5	0.024885246932092212
4.409097068755885	1.5	0.02446802177504037
4.4332272687432	1.5	0.02417956029744725
4.458482867372603	1.5	0.024008491164372106
4.484715654748892	1.5	0.023932933267515888
4.511771686444731	1.5	0.023925079835897242
4.539492186907772	1.5	0.023956432834047945
4.567714481218726	1.5	0.02400259214419057
4.596272949732473	1.5	0.024046647867056962
4.625	1.5	0.024080589796266812
4.653727050267527	1.5	0.024104638214922036
4.682285518781274	1.5	0.02412488763659543
4.710507813092227	1.5	0.02415001760487224
4.738228313555268	1.5	0.02418797659164054
4.765284345251108	1.5	0.024243459094990073
4.791517132627397	1.5	0.024316708483156528
4.8167727312568	1.5	0.02440377672747687
4.840902931244115	1.5	0.024497970575447864
4.863766126980863	1.5	0.02459191965254013
4.885228148143311	1.5	0.024679588093545892
4.90516304705728	1.5	0.02475763671193438
4.923453837809178	1.5	0.024825790060206167
4.9399931827658605	1.5	0.02488619109652159
4.954684022474541	1.5	0.02494203578872328
4.967440145246251	1.5	0.024995981452229577
4.978186693080319	1.5	0.02504886217496323
4.9868606009608785	1.5	0.025099118472152872
4.993410966947456	1.5	0.0251431017844117
4.997799350887806	1.5	0.02517612741153949
5.0	1.5	0.025193911540763846
