0.08083109224440475
-1.4796656670541935e-6
1.331010566239399e-6
-8.457654033896222e-7
4.3921265904098494e-7
-1.6423544530517767e-7
-3.114391027386635e-8
6.006572250388933e-8
0.011296721081473147
-2.2591239546356817e-6
1.9048008510098884e-6
-1.0529395960352522e-6
4.939642673367691e-7
-2.7241485345556345e-7
1.985492326130219e-7
-9.174063984157443e-8
-0.001138941110149896
4.7195390701310685e-7
-7.719348494348635e-7
9.160227819273394e-7
-6.225118488953991e-7
1.5299579623618577e-8
6.539280648298506e-7
-5.101069931421687e-7
-0.006583590568649821
1.7894498936443356e-6
-1.9014550632643934e-6
1.5689640372824535e-6
-1.0153320153531183e-6
3.800677247699086e-7
2.01015242714461e-7
-2.4273733139570104e-7
0.004919050386366885
-1.0818027578576439e-7
2.1842789070028134e-7
-2.7958876781717493e-7
9.129835993521713e-8
3.0013383585760303e-7
-7.916402740305965e-7
5.499551367731404e-7
0.0036135592759715895
-1.2142868322965154e-6
1.4895420847286744e-6
-1.434944227371907e-6
9.083042000399492e-7
-5.212590555146986e-8
-8.798794934118035e-7
6.995839183649051e-7
-0.0020515886752235602
3.858246162732771e-7
-1.593346455617838e-7
-1.1621497507073918e-7
2.440205185283402e-7
-2.916224264304525e-7
3.9412518513970877e-7
-2.4720710332659433e-7
-0.0014357139103374798
7.368809273015156e-7
-6.720027666820149e-7
4.5545934051154995e-7
-1.6264413027645488e-7
-2.1079003830486635e-7
6.626678078295235e-7
-4.749085036582375e-7
