0.02557820516533503
-0.005343808888118768
-0.006390352402675394
0.00569788862028105
0.008367899902326302
-0.014260638623756585
-0.00234134157944237
0.008687753101588775
-0.007892231083839317
0.005942361220103957
0.010162967771389636
-0.008485869159118413
-0.012620483528414328
0.020264967740459876
0.005955011701613869
-0.014522349744994643
0.0028072547330973067
-0.0009432236016890032
0.002038773844724987
-0.0016138685821053826
-0.0019411243725860402
0.005442381773924539
-0.004427566124742632
0.0013200459330789916
0.008376108500549007
-0.0051787217413920795
-0.021922770033075738
0.017237097622352884
0.022476159001391608
-0.03925955447821132
-0.006826677632571906
0.02420070027966492
-0.012250027080704684
0.007350849821871814
0.029943285815790782
-0.02554816933979328
-0.024946604402689743
0.04535327972897096
0.015806157389213888
-0.03546873786228989
0.004140194970580077
-0.002642642386655462
-0.010532346220157123
0.011733731234526798
0.002039065831217463
-0.009000093747904937
-0.008511903933008071
0.012679722090900803
0.009244451303454753
-0.004703917293113053
-0.024244253959984693
0.019734972713749646
0.02172735889999652
-0.039528673941021254
-0.0070111295932214195
0.02476034239544873
-0.00809810820830167
0.00389865347677147
0.021931692159213433
-0.019866980007830423
-0.0146594903756351
0.031080324328941117
0.0067303484079473735
-0.020999353482504556
