0.02758597258655552
0.0032801380392465623
-0.0007195342039311778
-0.000504476282393678
-0.0006751333716897639
-0.0012655534594499054
0.00041812207417416577
0.0008252866631860295
-0.006361111231951431
-0.002126274228130307
-0.0017404483465965274
-0.0007094484541466742
0.0011515952107985757
0.0019507111509126053
-1.4713281313179245e-5
-0.0008455295502527477
0.004050801745547252
0.00038131124014209285
0.0020546178739477105
-0.0009652727274168307
-0.00058518382856867
0.0007881043508378687
-0.00010367404910157637
-0.0003873866801566607
-0.0032309566257845168
-0.0008745245067474245
0.0006270418346368753
0.00022862561968264424
-0.0012596735518661246
-0.00015206646719686173
0.0009316324936527997
0.0003270834157462713
0.0004098363112215785
6.650946307184534e-5
-0.0003117705539892797
0.0006037580739601481
0.0004260470203073783
-1.7686991054657847e-5
-0.0002153478846953776
-0.00038911253699230137
5.7374184555587396e-5
0.0009724790831371272
0.00015830088515401454
-0.0006481343332584473
-0.00041512561378545
-0.00039718893222899927
2.1102288352881274e-6
0.00026624519899709573
-0.00012885630269870578
-0.0004851033244786521
-0.00017269402617193304
7.599220328504124e-5
0.00011198286329700439
-0.00013112121357480006
-9.446457111189308e-5
0.00021982333226496677
0.0005177422864814981
3.4782965521279265e-6
-0.00019594676288195285
0.00010463492261480855
0.00022356414773340528
1.7239824339754534e-5
5.510650416477529e-5
9.034498762282232e-5
