4.25	0.9	0.23280564411724938
4.252200649112194	0.9	0.23169373476573826
4.256589033052544	0.9	0.2294979161135365
4.2631393990391215	0.9	0.22626979192481547
4.271813306919681	0.9	0.2220775826147723
4.282559854753749	0.9	0.21699950790734338
4.295315977525459	0.9	0.2111205631980847
4.3100068172341395	0.9	0.2045346017658553
4.326546162190822	0.9	0.1973516569517754
4.34483695294272	0.9	0.18970821149779749
4.364771851856689	0.9	0.18177638714442731
4.386233873019137	0.9	0.17376742391414537
4.409097068755885	0.9	0.16592567303390857
4.4332272687432	0.9	0.15851153801518156
4.458482867372603	0.9	0.15177483708427583
4.484715654748892	0.9	0.14592310489738475
4.511771686444731	0.9	0.14109151114844679
4.539492186907772	0.9	0.1373216441301982
4.567714481218726	0.9	0.13455508537122893
4.596272949732473	0.9	0.1326446937609745
4.625	0.9	0.131382509272432
4.653727050267527	0.9	0.13053917409503624
4.682285518781274	0.9	0.12990680031701343
4.710507813092227	0.9	0.12933610331451678
4.738228313555268	0.9	0.12875972270602618
4.765284345251108	0.9	0.12819675218547133
4.791517132627397	0.9	0.12773785341559737
4.8167727312568	0.9	0.1275148556500754
4.840902931244115	0.9	0.12766230235629786
4.863766126980863	0.9	0.12828010268452095
4.885228148143311	0.9	0.12940586504996324
4.90516304705728	0.9	0.13100281107378878
4.923453837809178	0.9	0.13296511418295023
4.9399931827658605	0.9	0.13513815205238192
4.954684022474541	0.9	0.13734764116023274
4.967440145246251	0.9	0.13942982777169724
4.978186693080319	0.9	0.14125525583345014
4.9868606009608785	0.9	0.14274094696033862
4.993410966947456	0.9	0.14384940959822046
4.997799350887806	0.9	0.14457671198030272
5.0	0.9	0.14493483340326746
4.25	0.9017605192897558	0.23224559119649865
4.252200649112194	0.9017605192897558	0.2311308857413127
4.256589033052544	0.9017605192897558	0.22893000331795912
4.2631393990391215	0.9017605192897558	0.22569557182202915
4.271813306919681	0.9017605192897558	0.22149726382197107
4.282559854753749	0.9017605192897558	0.2164150733199465
4.295315977525459	0.9017605192897558	0.2105359456359833
4.3100068172341395	0.9017605192897558	0.20395567377934756
4.326546162190822	0.9017605192897558	0.1967860029602774
4.34483695294272	0.9017605192897558	0.18916466640451973
4.364771851856689	0.9017605192897558	0.18126435068865349
4.386233873019137	0.9017605192897558	0.1732959928849702
4.409097068755885	0.9017605192897558	0.16550267015794823
4.4332272687432	0.9017605192897558	0.1581425505596397
4.458482867372603	0.9017605192897558	0.15146240215381568
4.484715654748892	0.9017605192897558	0.14566618415340166
4.511771686444731	0.9017605192897558	0.14088537920605473
4.539492186907772	0.9017605192897558	0.13715826996799343
4.567714481218726	0.9017605192897558	0.13442401778181157
4.596272949732473	0.9017605192897558	0.13253437900790116
4.625	0.9017605192897558	0.13128188547344896
4.653727050267527	0.9017605192897558	0.13043931893522293
4.682285518781274	0.9017605192897558	0.1298023725021558
4.710507813092227	0.9017605192897558	0.12922632548709453
4.738228313555268	0.9017605192897558	0.12864870865708683
4.765284345251108	0.9017605192897558	0.12809307890525579
4.791517132627397	0.9017605192897558	0.12765340406683418
4.8167727312568	0.9017605192897558	0.12746309070387304
4.840902931244115	0.9017605192897558	0.12765622729597206
4.863766126980863	0.9017605192897558	0.12833026811567538
4.885228148143311	0.9017605192897558	0.12951874220925294
4.90516304705728	0.9017605192897558	0.13117982742874768
4.923453837809178	0.9017605192897558	0.13320251821335644
4.9399931827658605	0.9017605192897558	0.13542772399819974
4.954684022474541	0.9017605192897558	0.13767810684461282
4.967440145246251	0.9017605192897558	0.13978869775714298
4.978186693080319	0.9017605192897558	0.1416307303978451
4.9868606009608785	0.9017605192897558	0.1431235167454353
4.993410966947456	0.9017605192897558	0.14423284589973503
4.997799350887806	0.9017605192897558	0.14495826746991228
5.0	0.9017605192897558	0.14531463808963735
4.25	0.9052712264420352	0.2314533877447665
4.252200649112194	0.9052712264420352	0.23033153185881658
4.256589033052544	0.9052712264420352	0.22811718782166923
4.2631393990391215	0.9052712264420352	0.2248646585941763
4.271813306919681	0.9052712264420352	0.2206460996410452
4.282559854753749	0.9052712264420352	0.21554470784019478
4.295315977525459	0.9052712264420352	0.20965116636235193
4.3100068172341395	0.9052712264420352	0.20306523406584912
4.326546162190822	0.9052712264420352	0.19590242170133607
4.34483695294272	0.9052712264420352	0.188303512142433
4.364771851856689	0.9052712264420352	0.18044299059148783
4.386233873019137	0.9052712264420352	0.17253187998823238
4.409097068755885	0.9052712264420352	0.16481134410917228
4.4332272687432	0.9052712264420352	0.1575356165425473
4.458482867372603	0.9052712264420352	0.15094580764115823
4.484715654748892	0.9052712264420352	0.14523911576034282
4.511771686444731	0.9052712264420352	0.14054004300742942
4.539492186907772	0.9052712264420352	0.1368807008371752
4.567714481218726	0.9052712264420352	0.13419590192798445
4.596272949732473	0.9052712264420352	0.132335695159981
4.625	0.9052712264420352	0.13109400690757383
4.653727050267527	0.9052712264420352	0.1302481040418209
4.682285518781274	0.9052712264420352	0.12960073272052325
4.710507813092227	0.9052712264420352	0.12901581056485414
4.738228313555268	0.9052712264420352	0.12843978812078238
4.765284345251108	0.9052712264420352	0.12790400566791382
4.791517132627397	0.9052712264420352	0.12750778670368326
4.8167727312568	0.9052712264420352	0.12738653160693564
4.840902931244115	0.9052712264420352	0.12767256040451602
4.863766126980863	0.9052712264420352	0.12845801603193588
4.885228148143311	0.9052712264420352	0.12976838788720335
4.90516304705728	0.9052712264420352	0.13155236064107095
4.923453837809178	0.9052712264420352	0.13368949367146676
4.9399931827658605	0.9052712264420352	0.13601279648333103
4.954684022474541	0.9052712264420352	0.13833973994759838
4.967440145246251	0.9052712264420352	0.14050352868075816
4.978186693080319	0.9052712264420352	0.14237695612679244
4.9868606009608785	0.9052712264420352	0.14388367085002585
4.993410966947456	0.9052712264420352	0.144995460878891
4.997799350887806	0.9052712264420352	0.1457181412932563
5.0	0.9052712264420352	0.14607170211263285
4.25	0.9105115192312975	0.23097221719642191
4.252200649112194	0.9105115192312975	0.22983645806007322
4.256589033052544	0.9105115192312975	0.2275950843788711
4.2631393990391215	0.9105115192312975	0.22430408193588408
4.271813306919681	0.9105115192312975	0.22003838542345436
4.282559854753749	0.9105115192312975	0.21488520426992752
4.295315977525459	0.9105115192312975	0.20894042486428202
4.3100068172341395	0.9105115192312975	0.20230988189712085
4.326546162190822	0.9105115192312975	0.1951154111665042
4.34483695294272	0.9105115192312975	0.18750349682396175
4.364771851856689	0.9105115192312975	0.17965271823465714
4.386233873019137	0.9105115192312975	0.17177568932936638
4.409097068755885	0.9105115192312975	0.16411206623667693
4.4332272687432	0.9105115192312975	0.15691135955480096
4.458482867372603	0.9105115192312975	0.15040719973085573
4.484715654748892	0.9105115192312975	0.14478756537961376
4.511771686444731	0.9105115192312975	0.14016743828935802
4.539492186907772	0.9105115192312975	0.1365707335317849
4.567714481218726	0.9105115192312975	0.13392690678355382
4.596272949732473	0.9105115192312975	0.13208460173104347
4.625	0.9105115192312975	0.13084076753465268
4.653727050267527	0.9105115192312975	0.12997983913500788
4.682285518781274	0.9105115192312975	0.12931485112974053
4.710507813092227	0.9105115192312975	0.12872151977035945
4.738228313555268	0.9105115192312975	0.128157679178064
4.765284345251108	0.9105115192312975	0.1276637315531202
4.791517132627397	0.9105115192312975	0.1273441875333999
4.8167727312568	0.9105115192312975	0.1273348335580909
4.840902931244115	0.9105115192312975	0.12776343650381253
4.863766126980863	0.9105115192312975	0.12871331740735398
4.885228148143311	0.9105115192312975	0.1301982313401499
4.90516304705728	0.9105115192312975	0.13215401668994597
4.923453837809178	0.9105115192312975	0.13444820387774356
4.9399931827658605	0.9105115192312975	0.13690431740300768
4.954684022474541	0.9105115192312975	0.13933412228805925
4.967440145246251	0.9105115192312975	0.14156944379389136
4.978186693080319	0.9105115192312975	0.14348580982231685
4.9868606009608785	0.9105115192312975	0.14501280614555678
4.993410966947456	0.9105115192312975	0.14612993289696957
4.997799350887806	0.9105115192312975	0.14685081513309853
5.0	0.9105115192312975	0.14720173046166346
4.25	0.9174506455357443	0.23136898642496703
4.252200649112194	0.9174506455357443	0.2302105358504299
4.256589033052544	0.9174506455357443	0.22792407142179175
4.2631393990391215	0.9174506455357443	0.22456653377700586
4.271813306919681	0.9174506455357443	0.22021507305890514
4.282559854753749	0.9174506455357443	0.21496095600176846
4.295315977525459	0.9174506455357443	0.20890626208534555
4.3100068172341395	0.9174506455357443	0.2021649481434238
4.326546162190822	0.9174506455357443	0.19486810899402796
4.34483695294272	0.9174506455357443	0.18717132859039565
4.364771851856689	0.9174506455357443	0.17926056746024183
4.386233873019137	0.9174506455357443	0.1713526271189137
4.409097068755885	0.9174506455357443	0.16368713815062827
4.4332272687432	0.9174506455357443	0.156509107142631
4.458482867372603	0.9174506455357443	0.15004381599457559
4.484715654748892	0.9174506455357443	0.1444685280291055
4.511771686444731	0.9174506455357443	0.13988720997485143
4.539492186907772	0.9174506455357443	0.13631471424911173
4.567714481218726	0.9174506455357443	0.13367535771305147
4.596272949732473	0.9174506455357443	0.13181783595627586
4.625	0.9174506455357443	0.1305446173247473
4.653727050267527	0.9174506455357443	0.1296503268335872
4.682285518781274	0.9174506455357443	0.12896113032984344
4.710507813092227	0.9174506455357443	0.1283664847756131
4.738228313555268	0.9174506455357443	0.12783609144149435
4.765284345251108	0.9174506455357443	0.1274181853821228
4.791517132627397	0.9174506455357443	0.12721963576250556
4.8167727312568	0.9174506455357443	0.1273726392677327
4.840902931244115	0.9174506455357443	0.12799596761644705
4.863766126980863	0.9174506455357443	0.12915995854204929
4.885228148143311	0.9174506455357443	0.13086339257845078
4.90516304705728	0.9174506455357443	0.13302734021019005
4.923453837809178	0.9174506455357443	0.13550678532409177
4.9399931827658605	0.9174506455357443	0.13811644060596606
4.954684022474541	0.9174506455357443	0.14066380358746472
4.967440145246251	0.9174506455357443	0.14298101728846813
4.978186693080319	0.9174506455357443	0.14494785056629192
4.9868606009608785	0.9174506455357443	0.14650085581081293
4.993410966947456	0.9174506455357443	0.1476277208819743
4.997799350887806	0.9174506455357443	0.14834991510316464
5.0	0.9174506455357443	0.14869982192391995
4.25	0.926047883802999	0.23302164465670855
4.252200649112194	0.926047883802999	0.23183133424673066
4.256589033052544	0.926047883802999	0.2294806066927111
4.2631393990391215	0.926047883802999	0.22602600318177724
4.271813306919681	0.926047883802999	0.22154555522565042
4.282559854753749	0.926047883802999	0.21613387220836722
4.295315977525459	0.926047883802999	0.20989960946601008
4.3100068172341395	0.926047883802999	0.20296653525374767
4.326546162190822	0.926047883802999	0.1954778692844143
4.34483695294272	0.926047883802999	0.18760189782109937
4.364771851856689	0.926047883802999	0.1795356723583124
4.386233873019137	0.926047883802999	0.17150335847199252
4.409097068755885	0.926047883802999	0.16374673635234516
4.4332272687432	0.926047883802999	0.1565073226660113
4.458482867372603	0.926047883802999	0.15000209872699635
4.484715654748892	0.926047883802999	0.1443971854422854
4.511771686444731	0.926047883802999	0.13978527042085592
4.539492186907772	0.926047883802999	0.13617262935137742
4.567714481218726	0.926047883802999	0.13348002068791
4.596272949732473	0.926047883802999	0.13155884076171007
4.625	0.926047883802999	0.1302203721704854
4.653727050267527	0.926047883802999	0.12927264125840265
4.682285518781274	0.926047883802999	0.1285572164106028
4.710507813092227	0.926047883802999	0.1279778721763839
4.738228313555268	0.926047883802999	0.12751461920013688
4.765284345251108	0.926047883802999	0.12721984538702688
4.791517132627397	0.926047883802999	0.1271974660057307
4.8167727312568	0.926047883802999	0.1275700118716257
4.840902931244115	0.926047883802999	0.12844146951592467
4.863766126980863	0.926047883802999	0.1298646738387855
4.885228148143311	0.926047883802999	0.13182087015396562
4.90516304705728	0.926047883802999	0.13421599674920248
4.923453837809178	0.926047883802999	0.13689407087669617
4.9399931827658605	0.926047883802999	0.13966386108138504
4.954684022474541	0.926047883802999	0.14233187735202796
4.967440145246251	0.926047883802999	0.14473341157919659
4.978186693080319	0.926047883802999	0.14675422732267884
4.9868606009608785	0.926047883802999	0.1483382686229967
4.993410966947456	0.926047883802999	0.14948066715243075
4.997799350887806	0.926047883802999	0.1502093120137065
5.0	0.926047883802999	0.15056123223443324
4.25	0.9362527820203677	0.23595086556169304
4.252200649112194	0.9362527820203677	0.2347217386097129
4.256589033052544	0.9362527820203677	0.23229182023365327
4.2631393990391215	0.9362527820203677	0.22871555113374634
4.271813306919681	0.9362527820203677	0.22407001569281992
4.282559854753749	0.9362527820203677	0.21845183778613278
4.295315977525459	0.9362527820203677	0.21197593463291928
4.3100068172341395	0.9362527820203677	0.2047768383464967
4.326546162190822	0.9362527820203677	0.1970120339102034
4.34483695294272	0.9362527820203677	0.18886545909329394
4.364771851856689	0.9362527820203677	0.1805484547700409
4.386233873019137	0.9362527820203677	0.1722954322369016
4.409097068755885	0.9362527820203677	0.1643524890840667
4.4332272687432	0.9362527820203677	0.1569590000268901
4.458482867372603	0.9362527820203677	0.15032438943277496
4.484715654748892	0.9362527820203677	0.1446042382411868
4.511771686444731	0.9362527820203677	0.13988096822789362
4.539492186907772	0.9362527820203677	0.13615414532028866
4.567714481218726	0.9362527820203677	0.13334384586088155
4.596272949732473	0.9362527820203677	0.13130781912894846
4.625	0.9362527820203677	0.12986997802121314
4.653727050267527	0.9362527820203677	0.12885486695015386
4.682285518781274	0.9362527820203677	0.12812097573352807
4.710507813092227	0.9362527820203677	0.1275856314681199
4.738228313555268	0.9362527820203677	0.12723584353099957
4.765284345251108	0.9362527820203677	0.1271225740461759
4.791517132627397	0.9362527820203677	0.12733973531170986
4.8167727312568	0.9362527820203677	0.12799283497085648
4.840902931244115	0.9362527820203677	0.12916467974036605
4.863766126980863	0.9362527820203677	0.13088625622873787
4.885228148143311	0.9362527820203677	0.13311962542867772
4.90516304705728	0.9362527820203677	0.13575669875950142
4.923453837809178	0.9362527820203677	0.13863385099335634
4.9399931827658605	0.9362527820203677	0.1415584631529491
4.954684022474541	0.9362527820203677	0.1443406632310084
4.967440145246251	0.9362527820203677	0.14682246371784682
4.978186693080319	0.9362527820203677	0.1488974430306248
4.9868606009608785	0.9362527820203677	0.15051681410485737
4.993410966947456	0.9362527820203677	0.15168143925752645
4.997799350887806	0.9362527820203677	0.15242309119944658
5.0	0.9362527820203677	0.1527810296198676
4.25	0.9480054537873116	0.23975048785293462
4.252200649112194	0.9480054537873116	0.23848061445315807
4.256589033052544	0.9480054537873116	0.2359666771410738
4.2631393990391215	0.9480054537873116	0.23225933979834784
4.271813306919681	0.9480054537873116	0.2274328009288645
4.282559854753749	0.9480054537873116	0.2215840015190906
4.295315977525459	0.9480054537873116	0.21483308578535198
4.3100068172341395	0.9480054537873116	0.20732520391474768
4.326546162190822	0.9480054537873116	0.19923283248095408
4.34483695294272	0.9480054537873116	0.19075692669141614
4.364771851856689	0.9480054537873116	0.18212477010640857
4.386233873019137	0.9480054537873116	0.1735826208596888
4.409097068755885	0.9480054537873116	0.16538224189271217
4.4332272687432	0.9480054537873116	0.15776197552470742
4.458482867372603	0.9480054537873116	0.15092479115237722
4.484715654748892	0.9480054537873116	0.14501718981396017
4.511771686444731	0.9480054537873116	0.14011350474690054
4.539492186907772	0.9480054537873116	0.13620967962891833
4.567714481218726	0.9480054537873116	0.13322900623035325
4.596272949732473	0.9480054537873116	0.13103985124844988
4.625	0.9480054537873116	0.1294826555222238
4.653727050267527	0.9480054537873116	0.1284011381501398
4.682285518781274	0.9480054537873116	0.12767132612468443
4.710507813092227	0.9480054537873116	0.12722217285059909
4.738228313555268	0.9480054537873116	0.12704318775089338
4.765284345251108	0.9480054537873116	0.12717734356775304
4.791517132627397	0.9480054537873116	0.1277009026732274
4.8167727312568	0.9480054537873116	0.12869488677207125
4.840902931244115	0.9480054537873116	0.1302149266510459
4.863766126980863	0.9480054537873116	0.1322666396671117
4.885228148143311	0.9480054537873116	0.13479235734785608
4.90516304705728	0.9480054537873116	0.13767226997801812
4.923453837809178	0.9480054537873116	0.14073954713001602
4.9399931827658605	0.9480054537873116	0.14380561256875046
4.954684022474541	0.9480054537873116	0.14668935446783926
4.967440145246251	0.9480054537873116	0.14924324535838054
4.978186693080319	0.9480054537873116	0.15137032968399403
4.9868606009608785	0.9480054537873116	0.15302854518814452
4.993410966947456	0.9480054537873116	0.15422221546556134
4.997799350887806	0.9480054537873116	0.15498389813430966
5.0	0.9480054537873116	0.15535221787244452
4.25	0.9612369297526578	0.2436441811707139
4.252200649112194	0.9612369297526578	0.2423388211102512
4.256589033052544	0.9612369297526578	0.2397506769439409
4.2631393990391215	0.9612369297526578	0.2359253450550028
4.271813306919681	0.9612369297526578	0.2309324779154633
4.282559854753749	0.9612369297526578	0.22486754896159666
4.295315977525459	0.9612369297526578	0.21785423444640004
4.3100068172341395	0.9612369297526578	0.21004683570970073
4.326546162190822	0.9612369297526578	0.20163163130170833
4.34483695294272	0.9612369297526578	0.1928256644927541
4.364771851856689	0.9612369297526578	0.1838714588565686
4.386233873019137	0.9612369297526578	0.1750266511929165
4.409097068755885	0.9612369297526578	0.1665485273944009
4.4332272687432	0.9612369297526578	0.15867476183436072
4.458482867372603	0.9612369297526578	0.15160297225081806
4.484715654748892	0.9612369297526578	0.14547262641700182
4.511771686444731	0.9612369297526578	0.14035303824521597
4.539492186907772	0.9612369297526578	0.13624048841413258
4.567714481218726	0.9612369297526578	0.1330659451086149
4.596272949732473	0.9612369297526578	0.1307127327920074
4.625	0.9612369297526578	0.12904127730075415
4.653727050267527	0.9612369297526578	0.12791629510427258
4.682285518781274	0.9612369297526578	0.12723097637920774
4.710507813092227	0.9612369297526578	0.12692311515597904
4.738228313555268	0.9612369297526578	0.1269797516028177
4.765284345251108	0.9612369297526578	0.12742938853213043
4.791517132627397	0.9612369297526578	0.128323659915306
4.8167727312568	0.9612369297526578	0.12971278784928256
4.840902931244115	0.9612369297526578	0.13162065100707643
4.863766126980863	0.9612369297526578	0.1340254091797799
4.885228148143311	0.9612369297526578	0.1368503235810182
4.90516304705728	0.9612369297526578	0.13996697742805603
4.923453837809178	0.9612369297526578	0.14321012363315117
4.9399931827658605	0.9612369297526578	0.14640060109274403
4.954684022474541	0.9612369297526578	0.14937086405787825
4.967440145246251	0.9612369297526578	0.15198713788488002
4.978186693080319	0.9612369297526578	0.1541631821676186
4.9868606009608785	0.9612369297526578	0.155862859488268
4.993410966947456	0.9612369297526578	0.1570916042151365
4.997799350887806	0.9612369297526578	0.15787971472526816
5.0	0.9612369297526578	0.15826242498293197
4.25	0.9758695623541764	0.24666040884115945
4.252200649112194	0.9758695623541764	0.24533273786254378
4.256589033052544	0.9758695623541764	0.24269643801092888
4.2631393990391215	0.9758695623541764	0.23879138676958298
4.271813306919681	0.9758695623541764	0.2336816026247003
4.282559854753749	0.9758695623541764	0.22745947622403917
4.295315977525459	0.9758695623541764	0.2202500148841824
4.3100068172341395	0.9758695623541764	0.2122138965311181
4.326546162190822	0.9758695623541764	0.20354796673174633
4.34483695294272	0.9758695623541764	0.19448188980736344
4.364771851856689	0.9758695623541764	0.18527006470973884
4.386233873019137	0.9758695623541764	0.17617864986855933
4.409097068755885	0.9758695623541764	0.1674685212516073
4.4332272687432	0.9758695623541764	0.15937602880038382
4.458482867372603	0.9758695623541764	0.15209426776636048
4.484715654748892	0.9758695623541764	0.14575798873558657
4.511771686444731	0.9758695623541764	0.14043504758166642
4.539492186907772	0.9758695623541764	0.13612639173424046
4.567714481218726	0.9758695623541764	0.13277510808775084
4.596272949732473	0.9758695623541764	0.1302832976795966
4.625	0.9758695623541764	0.1285338776610709
4.653727050267527	0.9758695623541764	0.127413245629912
4.682285518781274	0.9758695623541764	0.12683039450149594
4.710507813092227	0.9758695623541764	0.12672868294086845
4.738228313555268	0.9758695623541764	0.1270879663053476
4.765284345251108	0.9758695623541764	0.12791687331237184
4.791517132627397	0.9758695623541764	0.12923721132032695
4.8167727312568	0.9758695623541764	0.13106428238887002
4.840902931244115	0.9758695623541764	0.13338785148921026
4.863766126980863	0.9758695623541764	0.136158374144021
4.885228148143311	0.9758695623541764	0.13928186979443263
4.90516304705728	0.9758695623541764	0.14262479292335878
4.923453837809178	0.9758695623541764	0.14602788679075554
4.9399931827658605	0.9758695623541764	0.1493258766048186
4.954684022474541	0.9758695623541764	0.15236849210795347
4.967440145246251	0.9758695623541764	0.15503804361007442
4.978186693080319	0.9758695623541764	0.1572596792508274
4.9868606009608785	0.9758695623541764	0.15900230154703918
4.993410966947456	0.9758695623541764	0.16027045610682022
4.997799350887806	0.9758695623541764	0.16108973883511274
5.0	0.9758695623541764	0.1614898379025932
4.25	0.9918174814853513	0.2478836827682751
4.252200649112194	0.9918174814853513	0.24655362724791977
4.256589033052544	0.9918174814853513	0.24390917118272934
4.2631393990391215	0.9918174814853513	0.2399845435080465
4.271813306919681	0.9918174814853513	0.23483774283076936
4.282559854753749	0.9918174814853513	0.2285568136734068
4.295315977525459	0.9918174814853513	0.2212656258351486
4.3100068172341395	0.9918174814853513	0.21312744429086813
4.326546162190822	0.9918174814853513	0.2043447384172968
4.34483695294272	0.9918174814853513	0.1951541498421654
4.364771851856689	0.9918174814853513	0.1858162786964052
4.386233873019137	0.9918174814853513	0.1766008607428785
4.409097068755885	0.9918174814853513	0.16776884208545634
4.4332272687432	0.9918174814853513	0.1595536313748682
4.458482867372603	0.9918174814853513	0.15214424190847858
4.484715654748892	0.9918174814853513	0.145672992910128
4.511771686444731	0.9918174814853513	0.14020986979135178
4.539492186907772	0.9918174814853513	0.13576460580659122
4.567714481218726	0.9918174814853513	0.13229621185026086
4.596272949732473	0.9918174814853513	0.12972830247822695
4.625	0.9918174814853513	0.1279674353907922
4.653727050267527	0.9918174814853513	0.12692106013500895
4.682285518781274	0.9918174814853513	0.12651172740390265
4.710507813092227	0.9918174814853513	0.12668496922180764
4.738228313555268	0.9918174814853513	0.12740958997375454
4.765284345251108	0.9918174814853513	0.12867073772207951
4.791517132627397	0.9918174814853513	0.13045770083571834
4.8167727312568	0.9918174814853513	0.13274953958239474
4.840902931244115	0.9918174814853513	0.13550214047761555
4.863766126980863	0.9918174814853513	0.13863994822152595
4.885228148143311	0.9918174814853513	0.14205454798117273
4.90516304705728	0.9918174814853513	0.14561067978093056
4.923453837809178	0.9918174814853513	0.14915853287023054
4.9399931827658605	0.9918174814853513	0.15254969807400318
4.954684022474541	0.9918174814853513	0.15565330067909078
4.967440145246251	0.9918174814853513	0.15836880311388246
4.978186693080319	0.9918174814853513	0.16063276766839826
4.9868606009608785	0.9918174814853513	0.16241831541514495
4.993410966947456	0.9918174814853513	0.1637277611445492
4.997799350887806	0.9918174814853513	0.16458052376484353
5.0	0.9918174814853513	0.16499951359560305
4.25	1.0089870984153095	0.24671685027016024
4.252200649112194	1.0089870984153095	0.24540806053583736
4.256589033052544	1.0089870984153095	0.24280326925816145
4.2631393990391215	1.0089870984153095	0.2389317471089107
4.271813306919681	1.0089870984153095	0.2338457362198217
4.282559854753749	1.0089870984153095	0.22762810796104974
4.295315977525459	1.0089870984153095	0.22039915320970788
4.3100068172341395	1.0089870984153095	0.21232046024603274
4.326546162190822	1.0089870984153095	0.20359424159317582
4.34483695294272	1.0089870984153095	0.1944572275007718
4.364771851856689	1.0089870984153095	0.185169217766642
4.386233873019137	1.0089870984153095	0.17599739655742686
4.409097068755885	1.0089870984153095	0.16719837373785099
4.4332272687432	1.0089870984153095	0.15900044941807998
4.458482867372603	1.0089870984153095	0.15158868998142608
4.484715654748892	1.0089870984153095	0.14509501854571583
4.511771686444731	1.0089870984153095	0.13959471710781712
4.539492186907772	1.0089870984153095	0.13510965295410515
4.567714481218726	1.0089870984153095	0.13161738041520635
4.596272949732473	1.0089870984153095	0.12906425543912178
4.625	1.0089870984153095	0.12738003722314026
4.653727050267527	1.0089870984153095	0.12649127585231293
4.682285518781274	1.0089870984153095	0.12633113908833807
4.710507813092227	1.0089870984153095	0.12684414845626882
4.738228313555268	1.0089870984153095	0.12798541011192197
4.765284345251108	1.0089870984153095	0.12971510935544145
4.791517132627397	1.0089870984153095	0.13199004053226782
4.8167727312568	1.0089870984153095	0.1347545528614455
4.840902931244115	1.0089870984153095	0.13793337618260534
4.863766126980863	1.0089870984153095	0.14142833027370055
4.885228148143311	1.0089870984153095	0.14512001788887408
4.90516304705728	1.0089870984153095	0.14887445443670208
4.923453837809178	1.0089870984153095	0.1525534515454164
4.9399931827658605	1.0089870984153095	0.1560267022776778
4.954684022474541	1.0089870984153095	0.1591831090251687
4.967440145246251	1.0089870984153095	0.1619390444368912
4.978186693080319	1.0089870984153095	0.1642419088728383
4.9868606009608785	1.0089870984153095	0.1660683932169498
4.993410966947456	1.0089870984153095	0.16741803613245984
4.997799350887806	1.0089870984153095	0.16830371078515266
5.0	1.0089870984153095	0.16874134819748646
4.25	1.0272776550047078	0.24308331276956172
4.252200649112194	1.0272776550047078	0.2418188171024807
4.256589033052544	1.0272776550047078	0.23930048052066719
4.2631393990391215	1.0272776550047078	0.23555367980960404
4.271813306919681	1.0272776550047078	0.23062561207695045
4.282559854753749	1.0272776550047078	0.22459357591761564
4.295315977525459	1.0272776550047078	0.21757217609064203
4.3100068172341395	1.0272776550047078	0.2097172720675032
4.326546162190822	1.0272776550047078	0.2012250469234933
4.34483695294272	1.0272776550047078	0.19232548977763503
4.364771851856689	1.0272776550047078	0.18327067079315068
4.386233873019137	1.0272776550047078	0.17431921670342784
4.409097068755885	1.0272776550047078	0.1657191548591873
4.4332272687432	1.0272776550047078	0.15769163124757052
4.458482867372603	1.0272776550047078	0.150417858924528
4.484715654748892	1.0272776550047078	0.14403105537948774
4.511771686444731	1.0272776550047078	0.13861420944501654
4.539492186907772	1.0272776550047078	0.13420347167176283
4.567714481218726	1.0272776550047078	0.13079599864169347
4.596272949732473	1.0272776550047078	0.12836038976702208
4.625	1.0272776550047078	0.12684756105169276
4.653727050267527	1.0272776550047078	0.12620004453339095
4.682285518781274	1.0272776550047078	0.12635823410662916
4.710507813092227	1.0272776550047078	0.12726289055109477
4.738228313555268	1.0272776550047078	0.12885409566464093
4.765284345251108	1.0272776550047078	0.13106762273707745
4.791517132627397	1.0272776550047078	0.1338302124416165
4.8167727312568	1.0272776550047078	0.1370554135318152
4.840902931244115	1.0272776550047078	0.14064144734702577
4.863766126980863	1.0272776550047078	0.14447204236150032
4.885228148143311	1.0272776550047078	0.14842048039614192
4.90516304705728	1.0272776550047078	0.15235635514982696
4.923453837809178	1.0272776550047078	0.15615392371731257
4.9399931827658605	1.0272776550047078	0.1597005597867017
4.954684022474541	1.0272776550047078	0.16290376536459522
4.967440145246251	1.0272776550047078	0.1656954706778636
4.978186693080319	1.0272776550047078	0.1680328875471868
4.9868606009608785	1.0272776550047078	0.1698958662685949
4.993410966947456	1.0272776550047078	0.17128139828446512
4.997799350887806	1.0272776550047078	0.17219646605442546
5.0	1.0272776550047078	0.17265075570544972
4.25	1.0465818149945596	0.23751151340398016
4.252200649112194	1.0465818149945596	0.2363089928454678
4.256589033052544	1.0465818149945596	0.23391322228026032
4.2631393990391215	1.0465818149945596	0.2303468139524762
4.271813306919681	1.0465818149945596	0.2256528046883091
4.282559854753749	1.0465818149945596	0.21990287427370575
4.295315977525459	1.0465818149945596	0.21320443499962047
4.3100068172341395	1.0465818149945596	0.20570445605053272
4.326546162190822	1.0465818149945596	0.19758849938217213
4.34483695294272	1.0465818149945596	0.18907440090314298
4.364771851856689	1.0465818149945596	0.18040111580140608
4.386233873019137	1.0465818149945596	0.17181421895256802
4.409097068755885	1.0465818149945596	0.1635502009372018
4.4332272687432	1.0465818149945596	0.1558218958425376
4.458482867372603	1.0465818149945596	0.14880709278093357
4.484715654748892	1.0465818149945596	0.14264170039556115
4.511771686444731	1.0465818149945596	0.13741791839960876
4.539492186907772	1.0465818149945596	0.13318693106407306
4.567714481218726	1.0465818149945596	0.1299648764568999
4.596272949732473	1.0465818149945596	0.12774041192521302
4.625	1.0465818149945596	0.1264821576353533
4.653727050267527	1.0465818149945596	0.12614463008040205
4.682285518781274	1.0465818149945596	0.12667187013161818
4.710507813092227	1.0465818149945596	0.1279986690381167
4.738228313555268	1.0465818149945596	0.13004993371876788
4.765284345251108	1.0465818149945596	0.13273917103549773
4.791517132627397	1.0465818149945596	0.1359672283521963
4.8167727312568	1.0465818149945596	0.1396222943704361
4.840902931244115	1.0465818149945596	0.14358179646513014
4.863766126980863	1.0465818149945596	0.1477163324057798
4.885228148143311	1.0465818149945596	0.15189526851733923
4.90516304705728	1.0465818149945596	0.15599323568552356
4.923453837809178	1.0465818149945596	0.1598965375927757
4.9399931827658605	1.0465818149945596	0.16350848324160083
4.954684022474541	1.0465818149945596	0.1667528510627629
4.967440145246251	1.0465818149945596	0.16957502945457684
4.978186693080319	1.0465818149945596	0.1719407819109032
4.9868606009608785	1.0465818149945596	0.17383297476168455
4.993410966947456	1.0465818149945596	0.17524691583334764
4.997799350887806	1.0465818149945596	0.17618513976529482
5.0	1.0465818149945596	0.17665252285836627
4.25	1.0667862938980828	0.23107334766602314
4.252200649112194	1.0667862938980828	0.22994114292314635
4.256589033052544	1.0667862938980828	0.22768521134926673
4.2631393990391215	1.0667862938980828	0.22432631888517135
4.271813306919681	1.0667862938980828	0.21990414363698496
4.282559854753749	1.0667862938980828	0.21448495593609532
4.295315977525459	1.0667862938980828	0.2081682460486788
4.3100068172341395	1.0667862938980828	0.20109033189007394
4.326546162190822	1.0667862938980828	0.1934235728966179
4.34483695294272	1.0667862938980828	0.18537071968842728
4.364771851856689	1.0667862938980828	0.1771549293943472
4.386233873019137	1.0667862938980828	0.1690068437139651
4.409097068755885	1.0667862938980828	0.16115066969962732
4.4332272687432	1.0667862938980828	0.15379131353544084
4.458482867372603	1.0667862938980828	0.14710429261863897
4.484715654748892	1.0667862938980828	0.14122949009827243
4.511771686444731	1.0667862938980828	0.1362689908482529
4.539492186907772	1.0667862938980828	0.13228844853770402
4.567714481218726	1.0667862938980828	0.12932085768543822
4.596272949732473	1.0667862938980828	0.12737135593907367
4.625	1.0667862938980828	0.12642178617549987
4.653727050267527	1.0667862938980828	0.12643414315312557
4.682285518781274	1.0667862938980828	0.12735258675461397
4.710507813092227	1.0667862938980828	0.12910426539596556
4.738228313555268	1.0667862938980828	0.13159961363145486
4.765284345251108	1.0667862938980828	0.1347329705078308
4.791517132627397	1.0667862938980828	0.13838428228033342
4.8167727312568	1.0667862938980828	0.14242234793698338
4.840902931244115	1.0667862938980828	0.1467096356587204
4.863766126980863	1.0667862938980828	0.15110826420807125
4.885228148143311	1.0667862938980828	0.1554864174397698
4.90516304705728	1.0667862938980828	0.15972431747183197
4.923453837809178	1.0667862938980828	0.16371894422555008
4.9399931827658605	1.0667862938980828	0.16738692436479774
4.954684022474541	1.0667862938980828	0.1706653501209352
4.967440145246251	1.0667862938980828	0.17351064079569725
4.978186693080319	1.0667862938980828	0.1758958482100506
4.9868606009608785	1.0667862938980828	0.1778069814154716
4.993410966947456	1.0667862938980828	0.17923897217268808
4.997799350887806	1.0667862938980828	0.18019184190906404
5.0	1.0667862938980828	0.18066750565442838
4.25	1.0877725237991134	0.22518560966437373
4.252200649112194	1.0877725237991134	0.22412046123272542
4.256589033052544	1.0877725237991134	0.22199818462985235
4.2631393990391215	1.0877725237991134	0.21883824613214506
4.271813306919681	1.0877725237991134	0.21467752519875813
4.282559854753749	1.0877725237991134	0.2095772631383703
4.295315977525459	1.0877725237991134	0.2036291242555023
4.3100068172341395	1.0877725237991134	0.1969586262623258
4.326546162190822	1.0877725237991134	0.18972472113051123
4.34483695294272	1.0877725237991134	0.18211510012070956
4.364771851856689	1.0877725237991134	0.17433766691375446
4.386233873019137	1.0877725237991134	0.16660936803686402
4.409097068755885	1.0877725237991134	0.15914402546924108
4.4332272687432	1.0877725237991134	0.1521408945239945
4.458482867372603	1.0877725237991134	0.14577537799735757
4.484715654748892	1.0877725237991134	0.14019276105892167
4.511771686444731	1.0877725237991134	0.13550514660519614
4.539492186907772	1.0877725237991134	0.1317911417536279
4.567714481218726	1.0877725237991134	0.12909741950697023
4.596272949732473	1.0877725237991134	0.1274411390763788
4.625	1.0877725237991134	0.12681235709878913
4.653727050267527	1.0877725237991134	0.12717592711021203
4.682285518781274	1.0877725237991134	0.1284728413550843
4.710507813092227	1.0877725237991134	0.13062137729461817
4.738228313555268	1.0877725237991134	0.13351865443359545
4.765284345251108	1.0877725237991134	0.1370432224067931
4.791517132627397	1.0877725237991134	0.1410590934936156
4.8167727312568	1.0877725237991134	0.14542126932957797
4.840902931244115	1.0877725237991134	0.1499824006932351
4.863766126980863	1.0877725237991134	0.15459987774205208
4.885228148143311	1.0877725237991134	0.15914246894431727
4.90516304705728	1.0877725237991134	0.16349565506036856
4.923453837809178	1.0877725237991134	0.16756502697990008
4.9399931827658605	1.0877725237991134	0.17127746936080485
4.954684022474541	1.0877725237991134	0.17458024207701694
4.967440145246251	1.0877725237991134	0.1774384024063933
4.978186693080319	1.0877725237991134	0.17983121092873103
4.9868606009608785	1.0877725237991134	0.18174820368996816
4.993410966947456	1.0877725237991134	0.18318550936181235
4.997799350887806	1.0877725237991134	0.1841427970037651
5.0	1.0877725237991134	0.18462102893015314
4.25	1.1094173491557848	0.221319211783901
4.252200649112194	1.1094173491557848	0.22030636280733185
4.256589033052544	1.1094173491557848	0.2182883083399666
4.2631393990391215	1.1094173491557848	0.21528338859395657
4.271813306919681	1.1094173491557848	0.21132598601684924
4.282559854753749	1.1094173491557848	0.20647281731393247
4.295315977525459	1.1094173491557848	0.20080855090256863
4.3100068172341395	1.1094173491557848	0.1944492212028072
4.326546162190822	1.1094173491557848	0.187542341914096
4.34483695294272	1.1094173491557848	0.18026328106974757
4.364771851856689	1.1094173491557848	0.1728081925615229
4.386233873019137	1.1094173491557848	0.1653844334173839
4.409097068755885	1.1094173491557848	0.15819979648134405
4.4332272687432	1.1094173491557848	0.15145198118673114
4.458482867372603	1.1094173491557848	0.14531951632268647
4.484715654748892	1.1094173491557848	0.13995491630631685
4.511771686444731	1.1094173491557848	0.1354803232884322
4.539492186907772	1.1094173491557848	0.13198540128187067
4.567714481218726	1.1094173491557848	0.12952692122760553
4.596272949732473	1.1094173491557848	0.12812937054132056
4.625	1.1094173491557848	0.12778603430265056
4.653727050267527	1.1094173491557848	0.12846026428428603
4.682285518781274	1.1094173491557848	0.1300869737078358
4.710507813092227	1.1094173491557848	0.13257465915182595
4.738228313555268	1.1094173491557848	0.13580836943025257
4.765284345251108	1.1094173491557848	0.13965397509210853
4.791517132627397	1.1094173491557848	0.14396385904369335
4.8167727312568	1.1094173491557848	0.1485838162433077
4.840902931244115	1.1094173491557848	0.15336061518532626
4.863766126980863	1.1094173491557848	0.15814943348444346
4.885228148143311	1.1094173491557848	0.16282030493374475
4.90516304705728	1.1094173491557848	0.16726283053934923
4.923453837809178	1.1094173491557848	0.17138868418004702
4.9399931827658605	1.1094173491557848	0.1751318150953609
4.954684022474541	1.1094173491557848	0.17844662289730576
4.967440145246251	1.1094173491557848	0.18130466890064798
4.978186693080319	1.1094173491557848	0.18369063081103412
4.9868606009608785	1.1094173491557848	0.18559818934005382
4.993410966947456	1.1094173491557848	0.18702638272554567
4.997799350887806	1.1094173491557848	0.18797673939988652
5.0	1.1094173491557848	0.18845127426235883
4.25	1.131593749526218	0.2206852078311757
4.252200649112194	1.131593749526218	0.2197009560427949
4.256589033052544	1.131593749526218	0.2177396436612558
4.2631393990391215	1.131593749526218	0.21481843388141014
4.271813306919681	1.131593749526218	0.2109693728537499
4.282559854753749	1.131593749526218	0.20624527250889438
4.295315977525459	1.131593749526218	0.20072515170595076
4.3100068172341395	1.131593749526218	0.19451786966897663
4.326546162190822	1.131593749526218	0.18776291677613752
4.34483695294272	1.131593749526218	0.1806278601426735
4.364771851856689	1.131593749526218	0.17330255122613267
4.386233873019137	1.131593749526218	0.16599075543647585
4.409097068755885	1.131593749526218	0.15890024675988065
4.4332272687432	1.131593749526218	0.1522325582743978
4.458482867372603	1.131593749526218	0.14617348651059514
4.484715654748892	1.131593749526218	0.14088516495370285
4.511771686444731	1.131593749526218	0.13650014016517664
4.539492186907772	1.131593749526218	0.13311750693792998
4.567714481218726	1.131593749526218	0.13080087601048074
4.596272949732473	1.131593749526218	0.12957781196508905
4.625	1.131593749526218	0.12944039543357316
4.653727050267527	1.131593749526218	0.13034669344112232
4.682285518781274	1.131593749526218	0.13222309576023372
4.710507813092227	1.131593749526218	0.13496761727553444
4.738228313555268	1.131593749526218	0.13845431609068076
4.765284345251108	1.131593749526218	0.1425389071732845
4.791517132627397	1.131593749526218	0.14706547477462767
4.8167727312568	1.131593749526218	0.15187395215549812
4.840902931244115	1.131593749526218	0.1568078131911433
4.863766126980863	1.131593749526218	0.16172127597706182
4.885228148143311	1.131593749526218	0.16648530219504765
4.90516304705728	1.131593749526218	0.17099180229144528
4.923453837809178	1.131593749526218	0.17515570215337187
4.9399931827658605	1.131593749526218	0.17891483767982352
4.954684022474541	1.131593749526218	0.1822279496588442
4.967440145246251	1.131593749526218	0.18507128669733883
4.978186693080319	1.131593749526218	0.18743444396293316
4.9868606009608785	1.131593749526218	0.18931605771889984
4.993410966947456	1.131593749526218	0.1907198610242002
4.997799350887806	1.131593749526218	0.19165143057905906
5.0	1.131593749526218	0.19211577450386522
4.25	1.154171584974981	0.2239731569871105
4.252200649112194	1.154171584974981	0.22298936365715716
4.256589033052544	1.154171584974981	0.22102843961454088
4.2631393990391215	1.154171584974981	0.21810633460154483
4.271813306919681	1.154171584974981	0.21425297542599978
4.282559854753749	1.154171584974981	0.20951801436893971
4.295315977525459	1.154171584974981	0.20397637960605539
4.3100068172341395	1.154171584974981	0.1977323649768681
4.326546162190822	1.154171584974981	0.19092122742537357
4.34483695294272	1.154171584974981	0.1837076746159183
4.364771851856689	1.154171584974981	0.1762811342490381
4.386233873019137	1.154171584974981	0.1688481984716833
4.409097068755885	1.154171584974981	0.161623038543589
4.4332272687432	1.154171584974981	0.1548168219615265
4.458482867372603	1.154171584974981	0.14862721180329477
4.484715654748892	1.154171584974981	0.14322890280695827
4.511771686444731	1.154171584974981	0.13876590060972396
4.539492186907772	1.154171584974981	0.1353459477227111
4.567714481218726	1.154171584974981	0.133037210479276
4.596272949732473	1.154171584974981	0.13186711773468895
4.625	1.154171584974981	0.13182311064051438
4.653727050267527	1.154171584974981	0.13285502075418854
4.682285518781274	1.154171584974981	0.13487881499708462
4.710507813092227	1.154171584974981	0.13778149195516928
4.738228313555268	1.154171584974981	0.1414269467962934
4.765284345251108	1.154171584974981	0.14566261598511077
4.791517132627397	1.154171584974981	0.1503266615330914
4.8167727312568	1.154171584974981	0.15525537113485144
4.840902931244115	1.154171584974981	0.16029036320666487
4.863766126980863	1.154171584974981	0.16528512776662724
4.885228148143311	1.154171584974981	0.1701104332043876
4.90516304705728	1.154171584974981	0.17465819939072796
4.923453837809178	1.154171584974981	0.17884357534318254
4.9399931827658605	1.154171584974981	0.18260514389655963
4.954684022474541	1.154171584974981	0.18590337444498367
4.967440145246251	1.154171584974981	0.18871762314144983
4.978186693080319	1.154171584974981	0.19104210945614772
4.9868606009608785	1.154171584974981	0.1928813628438735
4.993410966947456	1.154171584974981	0.19424563270224665
4.997799350887806	1.154171584974981	0.19514670123786548
5.0	1.154171584974981	0.19559445248066248
4.25	1.1770183597859787	0.23120441295402439
4.252200649112194	1.1770183597859787	0.2301940098985923
4.256589033052544	1.1770183597859787	0.22817941675385262
4.2631393990391215	1.1770183597859787	0.22517558586000003
4.271813306919681	1.1770183597859787	0.22121078919086093
4.282559854753749	1.1770183597859787	0.216332385032382
4.295315977525459	1.1770183597859787	0.21061265099668822
4.3100068172341395	1.1770183597859787	0.20415349344869055
4.326546162190822	1.1770183597859787	0.19708896639320755
4.34483695294272	1.1770183597859787	0.18958482678097746
4.364771851856689	1.1770183597859787	0.18183476853361732
4.386233873019137	1.1770183597859787	0.1740534461590548
4.409097068755885	1.1770183597859787	0.16646684573885434
4.4332272687432	1.1770183597859787	0.15930091761294243
4.458482867372603	1.1770183597859787	0.15276960017946511
4.484715654748892	1.1770183597859787	0.14706341236166853
4.511771686444731	1.1770183597859787	0.14233967668115036
4.539492186907772	1.1770183597859787	0.13871518532620006
4.567714481218726	1.1770183597859787	0.13626178770088493
4.596272949732473	1.1770183597859787	0.13500501896335837
4.625	1.1770183597859787	0.13492556265984915
4.653727050267527	1.1770183597859787	0.1359630924097066
4.682285518781274	1.1770183597859787	0.13802189399739856
4.710507813092227	1.1770183597859787	0.14097763397224072
4.738228313555268	1.1770183597859787	0.14468469679734117
4.765284345251108	1.1770183597859787	0.148983627361004
4.791517132627397	1.1770183597859787	0.1537083501846248
4.8167727312568	1.1770183597859787	0.15869295447726528
4.840902931244115	1.1770183597859787	0.1637779096118524
4.863766126980863	1.1770183597859787	0.16881559890243927
4.885228148143311	1.1770183597859787	0.17367503816414545
4.90516304705728	1.1770183597859787	0.1782456010414961
4.923453837809178	1.1770183597859787	0.1824395349618701
4.9399931827658605	1.1770183597859787	0.1861930489765272
4.954684022474541	1.1770183597859787	0.18946580850908323
4.967440145246251	1.1770183597859787	0.19223878855614873
4.978186693080319	1.1770183597859787	0.19451060558192007
4.9868606009608785	1.1770183597859787	0.19629264308751662
4.993410966947456	1.1770183597859787	0.19760347022056546
4.997799350887806	1.1770183597859787	0.1984631880540318
5.0	1.1770183597859787	0.19888839191003965
4.25	1.2	0.24173403108880348
4.252200649112194	1.2	0.24067632987363816
4.256589033052544	1.2	0.23856702107322839
4.2631393990391215	1.2	0.2354206693039673
4.271813306919681	1.2	0.23126470050190562
4.282559854753749	1.2	0.22614511275995117
4.295315977525459	1.2	0.2201325599641729
4.3100068172341395	1.2	0.213327713528448
4.326546162190822	1.2	0.20586479871034
4.34483695294272	1.2	0.19791234919268896
4.364771851856689	1.2	0.18967052512896307
4.386233873019137	1.2	0.1813647687925963
4.409097068755885	1.2	0.17323607511217626
4.4332272687432	1.2	0.16552865723064214
4.458482867372603	1.2	0.158476205568831
4.484715654748892	1.2	0.15228819487153064
4.511771686444731	1.2	0.1471377332288085
4.539492186907772	1.2	0.14315225374135945
4.567714481218726	1.2	0.14040795160077854
4.596272949732473	1.2	0.13892833678978986
4.625	1.2	0.13868670392872337
4.653727050267527	1.2	0.1396118226393719
4.682285518781274	1.2	0.14159581535558866
4.710507813092227	1.2	0.1445030697393659
4.738228313555268	1.2	0.14817913577278338
4.765284345251108	1.2	0.1524588391185213
4.791517132627397	1.2	0.1571732194262118
4.8167727312568	1.2	0.16215527374691843
4.840902931244115	1.2	0.16724475734870176
4.863766126980863	1.2	0.17229240437300813
4.885228148143311	1.2	0.17716386319255817
4.90516304705728	1.2	0.18174343076619903
4.923453837809178	1.2	0.18593739227598235
4.9399931827658605	1.2	0.18967652262834753
4.954684022474541	1.2	0.1929171747487183
4.967440145246251	1.2	0.19564042474496326
4.978186693080319	1.2	0.19784897659857556
4.9868606009608785	1.2	0.19956190702140186
4.993410966947456	1.2	0.2008077691617435
4.997799350887806	1.2	0.20161696445346342
5.0	1.2	0.20201453286087928
4.25	1.2229816402140212	0.2543978790438933
4.252200649112194	1.2229816402140212	0.25328253843667037
4.256589033052544	1.2229816402140212	0.2510584057066515
4.2631393990391215	1.2229816402140212	0.24774063614943498
4.271813306919681	1.2229816402140212	0.24335690240354502
4.282559854753749	1.2229816402140212	0.23795272549167967
4.295315977525459	1.2229816402140212	0.23159754798730275
4.3100068172341395	1.2229816402140212	0.22439063002869242
4.326546162190822	1.2229816402140212	0.21646566837272205
4.34483695294272	1.2229816402140212	0.20799298736112973
4.364771851856689	1.2229816402140212	0.1991782893667488
4.386233873019137	1.2229816402140212	0.190257309367753
4.409097068755885	1.2229816402140212	0.18148627139620488
4.4332272687432	1.2229816402140212	0.17312871529209078
4.458482867372603	1.2229816402140212	0.16543992702804744
4.484715654748892	1.2229816402140212	0.15865072244447134
4.511771686444731	1.2229816402140212	0.15295257609640134
4.539492186907772	1.2229816402140212	0.14848597813002118
4.567714481218726	1.2229816402140212	0.1453334415935922
4.596272949732473	1.2229816402140212	0.14351785054723157
4.625	1.2229816402140212	0.14300598272171558
4.653727050267527	1.2229816402140212	0.14371624009436926
4.682285518781274	1.2229816402140212	0.1455290478509987
4.710507813092227	1.2229816402140212	0.14829815570380953
4.738228313555268	1.2229816402140212	0.1518612313276242
4.765284345251108	1.2229816402140212	0.1560486166345634
4.791517132627397	1.2229816402140212	0.16068978759079694
4.8167727312568	1.2229816402140212	0.16561773702823837
4.840902931244115	1.2229816402140212	0.17067200998651252
4.863766126980863	1.2229816402140212	0.1757013346204647
4.885228148143311	1.2229816402140212	0.1805666641523602
4.90516304705728	1.2229816402140212	0.18514502756255918
4.923453837809178	1.2229816402140212	0.18933401111462958
4.9399931827658605	1.2229816402140212	0.1930561374848932
4.954684022474541	1.2229816402140212	0.19626204924736135
4.967440145246251	1.2229816402140212	0.19893136224197291
4.978186693080319	1.2229816402140212	0.20107036872278544
4.9868606009608785	1.2229816402140212	0.20270637813375783
4.993410966947456	1.2229816402140212	0.20387923857575815
4.997799350887806	1.2229816402140212	0.2046312914197712
5.0	1.2229816402140212	0.20499748597429207
4.25	1.2458284150250192	0.26776601305018144
4.252200649112194	1.2458284150250192	0.2665948458411648
4.256589033052544	1.2458284150250192	0.2642602087871197
4.2631393990391215	1.2458284150250192	0.2607789850002667
4.271813306919681	1.2458284150250192	0.25618023945285506
4.282559854753749	1.2458284150250192	0.25050966869551744
4.295315977525459	1.2458284150250192	0.24383523096308551
4.3100068172341395	1.2458284150250192	0.23625333234236792
4.326546162190822	1.2458284150250192	0.2278945452788892
4.34483695294272	1.2458284150250192	0.21892752044629
4.364771851856689	1.2458284150250192	0.20955966241538515
4.386233873019137	1.2458284150250192	0.2000333744668845
4.409097068755885	1.2458284150250192	0.19061725940394875
4.4332272687432	1.2458284150250192	0.18159251372379412
4.458482867372603	1.2458284150250192	0.1732357051592435
4.484715654748892	1.2458284150250192	0.16579995959533375
4.511771686444731	1.2458284150250192	0.15949708786517705
4.539492186907772	1.2458284150250192	0.15448320455594416
4.567714481218726	1.2458284150250192	0.15084988790601653
4.596272949732473	1.2458284150250192	0.1486219887331661
4.625	1.2458284150250192	0.14776201683188817
4.653727050267527	1.2458284150250192	0.1481798815831699
4.682285518781274	1.2458284150250192	0.1497459056117437
4.710507813092227	1.2458284150250192	0.15230466299620612
4.738228313555268	1.2458284150250192	0.1556873918033328
4.765284345251108	1.2458284150250192	0.15972142646385848
4.791517132627397	1.2458284150250192	0.16423609396555242
4.8167727312568	1.2458284150250192	0.16906554827498727
4.840902931244115	1.2458284150250192	0.17404980488749677
4.863766126980863	1.2458284150250192	0.17903557655549124
4.885228148143311	1.2458284150250192	0.18387832184151354
4.90516304705728	1.2458284150250192	0.1884462672890334
4.923453837809178	1.2458284150250192	0.19262624832016795
4.9399931827658605	1.2458284150250192	0.1963303062038601
4.954684022474541	1.2458284150250192	0.19950135267827476
4.967440145246251	1.2458284150250192	0.20211606948770863
4.978186693080319	1.2458284150250192	0.20418361553651446
4.9868606009608785	1.2458284150250192	0.20573958554640137
4.993410966947456	1.2458284150250192	0.20683578477620532
4.997799350887806	1.2458284150250192	0.20752746250068368
5.0	1.2458284150250192	0.20786039255119249
4.25	1.2684062504737819	0.2804386563808163
4.252200649112194	1.2684062504737819	0.27922496957035
4.256589033052544	1.2684062504737819	0.2768070396739382
4.2631393990391215	1.2684062504737819	0.27320441903968623
4.271813306919681	1.2684062504737819	0.2684484055827208
4.282559854753749	1.2684062504737819	0.2625850849766093
4.295315977525459	1.2684062504737819	0.2556800410316713
4.3100068172341395	1.2684062504737819	0.2478245261255742
4.326546162190822	1.2684062504737819	0.2391422272420129
4.34483695294272	1.2684062504737819	0.22979512711437472
4.364771851856689	1.2684062504737819	0.219986578169525
4.386233873019137	1.2684062504737819	0.20995976729921642
4.409097068755885	1.2684062504737819	0.19999032837203634
4.4332272687432	1.2684062504737819	0.1903728863010682
4.458482867372603	1.2684062504737819	0.18140258053476263
4.484715654748892	1.2684062504737819	0.17335381479532538
4.511771686444731	1.2684062504737819	0.16645929911841834
4.539492186907772	1.2684062504737819	0.160892650212892
4.567714481218726	1.2684062504737819	0.15675730355600176
4.596272949732473	1.2684062504737819	0.15408335216527916
4.625	1.2684062504737819	0.15283241465707226
4.653727050267527	1.2684062504737819	0.1529091055220733
4.682285518781274	1.2684062504737819	0.15417650296784835
4.710507813092227	1.2684062504737819	0.156472468771226
4.738228313555268	1.2684062504737819	0.15962389283854916
4.765284345251108	1.2684062504737819	0.16345683815021458
4.791517132627397	1.2684062504737819	0.16780189609174243
4.8167727312568	1.2684062504737819	0.17249546239240685
4.840902931244115	1.2684062504737819	0.1773787306376753
4.863766126980863	1.2684062504737819	0.18229668329417292
4.885228148143311	1.2684062504737819	0.18709911772957843
4.90516304705728	1.2684062504737819	0.19164485783998364
4.923453837809178	1.2684062504737819	0.19580903291948193
4.9399931827658605	1.2684062504737819	0.19949202642412853
4.954684022474541	1.2684062504737819	0.20262778775359147
4.967440145246251	1.2684062504737819	0.20518894140757102
4.978186693080319	1.2684062504737819	0.20718662345987587
4.9868606009608785	1.2684062504737819	0.20866411959988854
4.993410966947456	1.2684062504737819	0.2096848828456106
4.997799350887806	1.2684062504737819	0.21031697605927108
5.0	1.2684062504737819	0.2106170175572301
4.25	1.290582650844215	0.2913133513970778
4.252200649112194	1.290582650844215	0.29007908284418843
4.256589033052544	1.290582650844215	0.28762198444062875
4.2631393990391215	1.290582650844215	0.28396461677503465
4.271813306919681	1.290582650844215	0.27914065423562856
4.282559854753749	1.290582650844215	0.2731961622900994
4.295315977525459	1.290582650844215	0.2661930314323408
4.3100068172341395	1.290582650844215	0.25821485181838194
4.326546162190822	1.290582650844215	0.24937458983074268
4.34483695294272	1.290582650844215	0.23982244923433588
4.364771851856689	1.290582650844215	0.22975159598288974
4.386233873019137	1.290582650844215	0.21939927698951547
4.409097068755885	1.290582650844215	0.2090414069192705
4.4332272687432	1.290582650844215	0.19897987570430262
4.458482867372603	1.290582650844215	0.18952339289052872
4.484715654748892	1.290582650844215	0.18096425009976105
4.511771686444731	1.290582650844215	0.17355453537041227
4.539492186907772	1.290582650844215	0.16748574230174845
4.567714481218726	1.290582650844215	0.1628752325603732
4.596272949732473	1.290582650844215	0.1597617122769125
4.625	1.290582650844215	0.1581100683098404
4.653727050267527	1.290582650844215	0.1578240202259184
4.682285518781274	1.290582650844215	0.15876354767137493
4.710507813092227	1.290582650844215	0.16076332285968686
4.738228313555268	1.290582650844215	0.16364858747129554
4.765284345251108	1.290582650844215	0.16724598768211965
4.791517132627397	1.290582650844215	0.17138851591405418
4.8167727312568	1.290582650844215	0.17591545049075755
4.840902931244115	1.290582650844215	0.18066955650680636
4.863766126980863	1.290582650844215	0.18549444022779668
4.885228148143311	1.290582650844215	0.19023467104251374
4.90516304705728	1.290582650844215	0.19474018981720065
4.923453837809178	1.290582650844215	0.19887493160551012
4.9399931827658605	1.290582650844215	0.20252796792093195
4.954684022474541	1.290582650844215	0.20562429748109132
4.967440145246251	1.290582650844215	0.208132043743028
4.978186693080319	1.290582650844215	0.21006339111418937
4.9868606009608785	1.290582650844215	0.211467985414118
4.993410966947456	1.290582650844215	0.21241938190167284
4.997799350887806	1.290582650844215	0.2129969525965887
5.0	1.290582650844215	0.21326696650812565
4.25	1.3122274762008865	0.2997625657857086
4.252200649112194	1.3122274762008865	0.2985339631595589
4.256589033052544	1.3122274762008865	0.2960898770000549
4.2631393990391215	1.3122274762008865	0.29245527360140977
4.271813306919681	1.3122274762008865	0.2876653415508866
4.282559854753749	1.3122274762008865	0.28176499470092026
4.295315977525459	1.3122274762008865	0.2748109475284789
4.3100068172341395	1.3122274762008865	0.2668771267997276
4.326546162190822	1.3122274762008865	0.25806302974831097
4.34483695294272	1.3122274762008865	0.24850335459590414
4.364771851856689	1.3122274762008865	0.2383762284583154
4.386233873019137	1.3122274762008865	0.22790700160503838
4.409097068755885	1.3122274762008865	0.21736505992856928
4.4332272687432	1.3122274762008865	0.20705238829618902
4.458482867372603	1.3122274762008865	0.19728441821542617
4.484715654748892	1.3122274762008865	0.18836556661210507
4.511771686444731	1.3122274762008865	0.18056332114943086
4.539492186907772	1.3122274762008865	0.17408534225275138
4.567714481218726	1.3122274762008865	0.16906362994679036
4.596272949732473	1.3122274762008865	0.16554841190831054
4.625	1.3122274762008865	0.1635123750967062
4.653727050267527	1.3122274762008865	0.1628636919119133
4.682285518781274	1.3122274762008865	0.16346453211400402
4.710507813092227	1.3122274762008865	0.16515084862826024
4.738228313555268	1.3122274762008865	0.16774939764685565
4.765284345251108	1.3122274762008865	0.17108913247780994
4.791517132627397	1.3122274762008865	0.17500595743370895
4.8167727312568	1.3122274762008865	0.17934182521672876
4.840902931244115	1.3122274762008865	0.18394075447937533
4.863766126980863	1.3122274762008865	0.1886450953519314
4.885228148143311	1.3122274762008865	0.19329507933392182
4.90516304705728	1.3122274762008865	0.19773344988515265
4.923453837809178	1.3122274762008865	0.2018151444281823
4.9399931827658605	1.3122274762008865	0.20542011959522202
4.954684022474541	1.3122274762008865	0.2084660329830484
4.967440145246251	1.3122274762008865	0.21091703615770852
4.978186693080319	1.3122274762008865	0.2127855618719652
4.9868606009608785	1.3122274762008865	0.2141255670826891
4.993410966947456	1.3122274762008865	0.21501781662664238
4.997799350887806	1.3122274762008865	0.21554989370928931
5.0	1.3122274762008865	0.21579512921266408
4.25	1.3332137061019174	0.30568677702567243
4.252200649112194	1.3332137061019174	0.30448964526527966
4.256589033052544	1.3332137061019174	0.30210919786158474
4.2631393990391215	1.3332137061019174	0.29857110500383505
4.271813306919681	1.3332137061019174	0.2939100849925059
4.282559854753749	1.3332137061019174	0.2881680816101191
4.295315977525459	1.3332137061019174	0.28139527211064513
4.3100068172341395	1.3332137061019174	0.2736550234584234
4.326546162190822	1.3332137061019174	0.26503261876483225
4.34483695294272	1.3332137061019174	0.2556460931357243
4.364771851856689	1.3332137061019174	0.24565631332727905
4.386233873019137	1.3332137061019174	0.23527292136415967
4.409097068755885	1.3332137061019174	0.22475317183790633
4.4332272687432	1.3332137061019174	0.21439200151162674
4.458482867372603	1.3332137061019174	0.2045035905116361
4.484715654748892	1.3332137061019174	0.19539672685550616
4.511771686444731	1.3332137061019174	0.18734792658244206
4.539492186907772	1.3332137061019174	0.18057703347462295
4.567714481218726	1.3332137061019174	0.17522968592692542
4.596272949732473	1.3332137061019174	0.1713696449352184
4.625	1.3332137061019174	0.16898186122232736
4.653727050267527	1.3332137061019174	0.16798485412746128
4.682285518781274	1.3332137061019174	0.16824906897914874
4.710507813092227	1.3332137061019174	0.16961685845505395
4.738228313555268	1.3332137061019174	0.17191984532500626
4.765284345251108	1.3332137061019174	0.17499061161137056
4.791517132627397	1.3332137061019174	0.17866757434591357
4.8167727312568	1.3332137061019174	0.18279400710147056
4.840902931244115	1.3332137061019174	0.18721386037625792
4.863766126980863	1.3332137061019174	0.19176785186776213
4.885228148143311	1.3332137061019174	0.19629301827948337
4.90516304705728	1.3332137061019174	0.20062763400559439
4.923453837809178	1.3332137061019174	0.20462148685105577
4.9399931827658605	1.3332137061019174	0.20814951764216363
4.954684022474541	1.3332137061019174	0.21112536606526436
4.967440145246251	1.3332137061019174	0.21351086722083235
4.978186693080319	1.3332137061019174	0.2153181933584184
4.9868606009608785	1.3332137061019174	0.21660299307550468
4.993410966947456	1.3332137061019174	0.21744911927987415
4.997799350887806	1.3332137061019174	0.21794775862808302
5.0	1.3332137061019174	0.21817537127909994
4.25	1.3534181850054403	0.3094414922167955
4.252200649112194	1.3534181850054403	0.30829705374642663
4.256589033052544	1.3534181850054403	0.30602108772712133
4.2631393990391215	1.3534181850054403	0.30263726475746827
4.271813306919681	1.3534181850054403	0.2981768694465489
4.282559854753749	1.3534181850054403	0.2926765611629203
4.295315977525459	1.3534181850054403	0.2861789889207527
4.3100068172341395	1.3534181850054403	0.2787374925064955
4.326546162190822	1.3534181850054403	0.2704248228902854
4.34483695294272	1.3534181850054403	0.26134430825500604
4.364771851856689	1.3534181850054403	0.2516406423806483
4.386233873019137	1.3534181850054403	0.24150689635271716
4.409097068755885	1.3534181850054403	0.2311846945931372
4.4332272687432	1.3534181850054403	0.2209557401304588
4.458482867372603	1.3534181850054403	0.2111247484162177
4.484715654748892	1.3534181850054403	0.2019958865769109
4.511771686444731	1.3534181850054403	0.19384647974168476
4.539492186907772	1.3534181850054403	0.18690258130326834
4.567714481218726	1.3534181850054403	0.1813207616890755
4.596272949732473	1.3534181850054403	0.17717918501947824
4.625	1.3534181850054403	0.17447902848245397
4.653727050267527	1.3534181850054403	0.17315506679071
4.682285518781274	1.3534181850054403	0.17309236590587299
4.710507813092227	1.3534181850054403	0.1741449838042476
4.738228313555268	1.3534181850054403	0.17615261350786493
4.765284345251108	1.3534181850054403	0.17895218231726231
4.791517132627397	1.3534181850054403	0.18238321579411168
4.8167727312568	1.3534181850054403	0.18628776777433761
4.840902931244115	1.3534181850054403	0.19050734245229242
4.863766126980863	1.3534181850054403	0.1948800349143559
4.885228148143311	1.3534181850054403	0.1992408734207053
4.90516304705728	1.3534181850054403	0.2034271405026591
4.923453837809178	1.3534181850054403	0.20728863826483604
4.9399931827658605	1.3534181850054403	0.2107009814879025
4.954684022474541	1.3534181850054403	0.21357861283091817
4.967440145246251	1.3534181850054403	0.2158837683739121
4.978186693080319	1.3534181850054403	0.21762825426589957
4.9868606009608785	1.3534181850054403	0.21886649314552853
4.993410966947456	1.3534181850054403	0.21968045308016615
4.997799350887806	1.3534181850054403	0.22015920664728203
5.0	1.3534181850054403	0.2203773990093409
4.25	1.3727223449952923	0.3116686265424047
4.252200649112194	1.3727223449952923	0.3105908041937527
4.256589033052544	1.3727223449952923	0.3084451570732127
4.2631393990391215	1.3727223449952923	0.3052500136299966
4.271813306919681	1.3727223449952923	0.3010296878666544
4.282559854753749	1.3727223449952923	0.2958130756549137
4.295315977525459	1.3727223449952923	0.28963484387314414
4.3100068172341395	1.3727223449952923	0.28254023660462574
4.326546162190822	1.3727223449952923	0.27459339191800947
4.34483695294272	1.3727223449952923	0.2658877523738559
4.364771851856689	1.3727223449952923	0.25655606396714914
4.386233873019137	1.3727223449952923	0.24677695293202637
4.409097068755885	1.3727223449952923	0.2367753592434105
4.4332272687432	1.3727223449952923	0.2268151829306728
4.458482867372603	1.3727223449952923	0.21718413186604307
4.484715654748892	1.3727223449952923	0.20817254636703966
4.511771686444731	1.3727223449952923	0.20004945394864607
4.539492186907772	1.3727223449952923	0.19303987943354695
4.567714481218726	1.3727223449952923	0.18730728090941362
4.596272949732473	1.3727223449952923	0.1829439216776417
4.625	1.3727223449952923	0.17997028325176775
4.653727050267527	1.3727223449952923	0.17834270746992473
4.682285518781274	1.3727223449952923	0.17796681545006815
4.710507813092227	1.3727223449952923	0.1787132991824786
4.738228313555268	1.3727223449952923	0.18043264083039653
4.765284345251108	1.3727223449952923	0.18296615885771603
4.791517132627397	1.3727223449952923	0.18615224180908246
4.8167727312568	1.3727223449952923	0.18982827754188425
4.840902931244115	1.3727223449952923	0.19383014174149676
4.863766126980863	1.3727223449952923	0.1979917883711064
4.885228148143311	1.3727223449952923	0.20214729867360823
4.90516304705728	1.3727223449952923	0.20613675851160934
4.923453837809178	1.3727223449952923	0.20981584428351138
4.9399931827658605	1.3727223449952923	0.21306745368254498
4.954684022474541	1.3727223449952923	0.21581259087677135
4.967440145246251	1.3727223449952923	0.21801736692321988
4.978186693080319	1.3727223449952923	0.21969355048403155
4.9868606009608785	1.3727223449952923	0.22089148575183093
4.993410966947456	1.3727223449952923	0.2216860355292146
4.997799350887806	1.3727223449952923	0.22215801934733884
5.0	1.3727223449952923	0.22237490426930603
4.25	1.3910129015846904	0.3130847339347845
4.252200649112194	1.3910129015846904	0.3120792545114971
4.256589033052544	1.3910129015846904	0.31007330512064485
4.2631393990391215	1.3910129015846904	0.30707645585818977
4.271813306919681	1.3910129015846904	0.30310253827335953
4.282559854753749	1.3910129015846904	0.29817045712410145
4.295315977525459	1.3910129015846904	0.2923070409300107
4.3100068172341395	1.3910129015846904	0.2855523960612167
4.326546162190822	1.3910129015846904	0.2779674450300497
4.34483695294272	1.3910129015846904	0.2696424471900903
4.364771851856689	1.3910129015846904	0.2607045923520206
4.386233873019137	1.3910129015846904	0.25132246827271987
4.409097068755885	1.3910129015846904	0.24170547087738908
4.4332272687432	1.3910129015846904	0.23209704028471154
4.458482867372603	1.3910129015846904	0.22276180016363223
4.484715654748892	1.3910129015846904	0.2139679714582293
4.511771686444731	1.3910129015846904	0.20596750136458186
4.539492186907772	1.3910129015846904	0.19897691773914808
4.567714481218726	1.3910129015846904	0.19316183345999383
4.596272949732473	1.3910129015846904	0.1886272970543553
4.625	1.3910129015846904	0.18541499345214257
4.653727050267527	1.3910129015846904	0.18350693977743118
4.682285518781274	1.3910129015846904	0.18283413329572212
4.710507813092227	1.3910129015846904	0.18328787869405977
4.738228313555268	1.3910129015846904	0.18473140855136602
4.765284345251108	1.3910129015846904	0.187009903299077
4.791517132627397	1.3910129015846904	0.1899579399915558
4.8167727312568	1.3910129015846904	0.19340446419861293
4.840902931244115	1.3910129015846904	0.1971762666532974
4.863766126980863	1.3910129015846904	0.2011013960737818
4.885228148143311	1.3910129015846904	0.20501382554348524
4.90516304705728	1.3910129015846904	0.20876005522671842
4.923453837809178	1.3910129015846904	0.21220737963096176
4.9399931827658605	1.3910129015846904	0.21525257396774705
4.954684022474541	1.3910129015846904	0.21782907630661852
4.967440145246251	1.3910129015846904	0.21991059785321457
4.978186693080319	1.3910129015846904	0.22150957275169547
4.9868606009608785	1.3910129015846904	0.22266987370391525
4.993410966947456	1.3910129015846904	0.223454525042037
4.997799350887806	1.3910129015846904	0.22393040196064498
5.0	1.3910129015846904	0.22415277290115593
4.25	1.4081825185146486	0.3142853345134604
4.252200649112194	1.4081825185146486	0.3133505779899302
4.256589033052544	1.4081825185146486	0.3114793370345372
4.2631393990391215	1.4081825185146486	0.30866957995798827
4.271813306919681	1.4081825185146486	0.30492183379788246
4.282559854753749	1.4081825185146486	0.30024345362513705
4.295315977525459	1.4081825185146486	0.29465412460341067
4.3100068172341395	1.4081825185146486	0.28819218675481617
4.326546162190822	1.4081825185146486	0.2809210889456933
4.34483695294272	1.4081825185146486	0.2729350260537374
4.364771851856689	1.4081825185146486	0.2643626800428121
4.386233873019137	1.4081825185146486	0.25536804314234757
4.409097068755885	1.4081825185146486	0.2461475796838223
4.4332272687432	1.4081825185146486	0.23692345755479574
4.458482867372603	1.4081825185146486	0.22793317198997462
4.484715654748892	1.4081825185146486	0.21941647744095458
4.511771686444731	1.4081825185146486	0.2116010118865037
4.539492186907772	1.4081825185146486	0.20468823869628586
4.567714481218726	1.4081825185146486	0.19884128982860333
4.596272949732473	1.4081825185146486	0.19417598052935395
4.625	1.4081825185146486	0.19075575179652823
4.653727050267527	1.4081825185146486	0.18859069868043918
4.682285518781274	1.4081825185146486	0.18764029024271944
4.710507813092227	1.4081825185146486	0.18781899185138018
4.738228313555268	1.4081825185146486	0.18900382670934415
4.765284345251108	1.4081825185146486	0.1910429637816143
4.791517132627397	1.4081825185146486	0.193764637103461
4.8167727312568	1.4081825185146486	0.19698598986760343
4.840902931244115	1.4081825185146486	0.2005216880105446
4.863766126980863	1.4081825185146486	0.20419227607455362
4.885228148143311	1.4081825185146486	0.20783221388262432
4.90516304705728	1.4081825185146486	0.21129735577676867
4.923453837809178	1.4081825185146486	0.21447138757283946
4.9399931827658605	1.4081825185146486	0.21727052398299124
4.954684022474541	1.4081825185146486	0.2196456947041649
4.967440145246251	1.4081825185146486	0.22158158139235812
4.978186693080319	1.4081825185146486	0.2230922239493442
4.9868606009608785	1.4081825185146486	0.22421344079947592
4.993410966947456	1.4081825185146486	0.22499289605003908
4.997799350887806	1.4081825185146486	0.22547915866139231
5.0	1.4081825185146486	0.22571140273955406
4.25	1.4241304376458235	0.3156149878815141
4.252200649112194	1.4241304376458235	0.31474409927732333
4.256589033052544	1.4241304376458235	0.3129927854965274
4.2631393990391215	1.4241304376458235	0.31034571767093067
4.271813306919681	1.4241304376458235	0.3067885620000065
4.282559854753749	1.4241304376458235	0.30231655979793975
4.295315977525459	1.4241304376458235	0.29694336671407495
4.3100068172341395	1.4241304376458235	0.290708649145016
4.326546162190822	1.4241304376458235	0.28368325460975913
4.34483695294272	1.4241304376458235	0.2759712851226435
4.364771851856689	1.4241304376458235	0.2677089750768866
4.386233873019137	1.4241304376458235	0.2590607712696986
4.409097068755885	1.4241304376458235	0.2502133284627057
4.4332272687432	1.4241304376458235	0.24136822351324103
4.458482867372603	1.4241304376458235	0.2327340757455614
4.484715654748892	1.4241304376458235	0.22451851850676685
4.511771686444731	1.4241304376458235	0.21692020496732525
4.539492186907772	1.4241304376458235	0.2101208549549511
4.567714481218726	1.4241304376458235	0.20427732818164251
4.596272949732473	1.4241304376458235	0.19951385524258664
4.625	1.4241304376458235	0.19591482317769623
4.653727050267527	1.4241304376458235	0.19351880258992257
4.682285518781274	1.4241304376458235	0.19231470536420542
4.710507813092227	1.4241304376458235	0.19224097885760535
4.738228313555268	1.4241304376458235	0.19318852327157732
4.765284345251108	1.4241304376458235	0.19500757718943712
4.791517132627397	1.4241304376458235	0.19751822962336518
4.8167727312568	1.4241304376458235	0.20052360923080265
4.840902931244115	1.4241304376458235	0.20382431137444262
4.863766126980863	1.4241304376458235	0.20723236893856364
4.885228148143311	1.4241304376458235	0.21058311858958223
4.90516304705728	1.4241304376458235	0.21374365616753271
4.923453837809178	1.4241304376458235	0.2166171400733364
4.9399931827658605	1.4241304376458235	0.21914286697529278
4.954684022474541	1.4241304376458235	0.22129266875045886
4.967440145246251	1.4241304376458235	0.22306463955273453
4.978186693080319	1.4241304376458235	0.22447542090031675
4.9868606009608785	1.4241304376458235	0.2255522380895564
4.993410966947456	1.4241304376458235	0.22632564285018236
4.997799350887806	1.4241304376458235	0.22682356897633205
5.0	1.4241304376458235	0.22706695859450438
4.25	1.4387630702473422	0.31713032531690516
4.252200649112194	1.4387630702473422	0.3163138641186663
4.256589033052544	1.4387630702473422	0.3146634279368698
4.2631393990391215	1.4387630702473422	0.3121502041312056
4.271813306919681	1.4387630702473422	0.3087450513603415
4.282559854753749	1.4387630702473422	0.3044316808596762
4.295315977525459	1.4387630702473422	0.29921906878764637
4.3100068172341395	1.4387630702473422	0.2931504292424083
4.326546162190822	1.4387630702473422	0.2863070291787329
4.34483695294272	1.4387630702473422	0.2788064463989622
4.364771851856689	1.4387630702473422	0.27079619405191113
4.386233873019137	1.4387630702473422	0.26244460394416147
4.409097068755885	1.4387630702473422	0.2539312298178868
4.4332272687432	1.4387630702473422	0.24543873027254837
4.458482867372603	1.4387630702473422	0.23714734221020028
4.484715654748892	1.4387630702473422	0.22923193804693437
4.511771686444731	1.4387630702473422	0.22186062564689696
4.539492186907772	1.4387630702473422	0.21519322246612918
4.567714481218726	1.4387630702473422	0.2093779154544654
4.596272949732473	1.4387630702473422	0.20454502489338033
4.625	1.4387630702473422	0.2007978538937836
4.653727050267527	1.4387630702473422	0.1982018144451267
4.682285518781274	1.4387630702473422	0.1967740107606422
4.710507813092227	1.4387630702473422	0.19647591687531948
4.738228313555268	1.4387630702473422	0.19721153541542402
4.765284345251108	1.4387630702473422	0.19883248946437787
4.791517132627397	1.4387630702473422	0.20115009298780073
4.8167727312568	1.4387630702473422	0.2039529175436052
4.840902931244115	1.4387630702473422	0.20702711678365024
4.863766126980863	1.4387630702473422	0.2101761142303316
4.885228148143311	1.4387630702473422	0.2132363788176071
4.90516304705728	1.4387630702473422	0.216086879856684
4.923453837809178	1.4387630702473422	0.2186512071438259
4.9399931827658605	1.4387630702473422	0.22089290751615903
4.954684022474541	1.4387630702473422	0.22280593341286423
4.967440145246251	1.4387630702473422	0.22440289748233383
4.978186693080319	1.4387630702473422	0.2257039099863532
4.9868606009608785	1.4387630702473422	0.226728169501413
4.993410966947456	1.4387630702473422	0.2274893932660283
4.997799350887806	1.4387630702473422	0.2279949433283103
5.0	1.4387630702473422	0.22824748500138928
4.25	1.4519945462126884	0.31865488856072577
4.252200649112194	1.4519945462126884	0.31788326380542525
4.256589033052544	1.4519945462126884	0.31631529516911455
4.2631393990391215	1.4519945462126884	0.31391005857235804
4.271813306919681	1.4519945462126884	0.31062528667455586
4.282559854753749	1.4519945462126884	0.30643482782595627
4.295315977525459	1.4519945462126884	0.30134437257540636
4.3100068172341395	1.4519945462126884	0.29540168547210116
4.326546162190822	1.4519945462126884	0.2886991201180268
4.34483695294272	1.4519945462126884	0.28136826784304403
4.364771851856689	1.4519945462126884	0.27356861279504774
4.386233873019137	1.4519945462126884	0.26547347901596213
4.409097068755885	1.4519945462126884	0.25725697831222777
4.4332272687432	1.4519945462126884	0.24908500726168017
4.458482867372603	1.4519945462126884	0.2411118140344874
4.484715654748892	1.4519945462126884	0.2334817249294295
4.511771686444731	1.4519945462126884	0.22633386501770245
4.539492186907772	1.4519945462126884	0.21980665389928214
4.567714481218726	1.4519945462126884	0.21403883017067055
4.596272949732473	1.4519945462126884	0.20916478343012243
4.625	1.4519945462126884	0.20530376985182713
4.653727050267527	1.4519945462126884	0.20254464578011314
4.682285518781274	1.4519945462126884	0.20092947564732927
4.710507813092227	1.4519945462126884	0.2004402399452357
4.738228313555268	1.4519945462126884	0.20099259936974243
4.765284345251108	1.4519945462126884	0.20243928941268977
4.791517132627397	1.4519945462126884	0.2045835628237062
4.8167727312568	1.4519945462126884	0.20720072343736895
4.840902931244115	1.4519945462126884	0.21006383065968218
4.863766126980863	1.4519945462126884	0.21296862331024988
4.885228148143311	1.4519945462126884	0.2157528914505653
4.90516304705728	1.4519945462126884	0.21830686910748492
4.923453837809178	1.4519945462126884	0.22057337298724458
4.9399931827658605	1.4519945462126884	0.222538803936975
4.954684022474541	1.4519945462126884	0.22421813483240677
4.967440145246251	1.4519945462126884	0.22563812139227982
4.978186693080319	1.4519945462126884	0.22682293425617744
4.9868606009608785	1.4519945462126884	0.22778528361869235
4.993410966947456	1.4519945462126884	0.22852425021121944
4.997799350887806	1.4519945462126884	0.22902899825709833
5.0	1.4519945462126884	0.22928591107418234
4.25	1.4637472179796323	0.31989859608795934
4.252200649112194	1.4637472179796323	0.31916371150127176
4.256589033052544	1.4637472179796323	0.3176635662758899
4.2631393990391215	1.4637472179796323	0.3153477739975077
4.271813306919681	1.4637472179796323	0.3121639280707191
4.282559854753749	1.4637472179796323	0.3080784863523861
4.295315977525459	1.4637472179796323	0.30309512542859024
4.3100068172341395	1.4637472179796323	0.29726591875155584
4.326546162190822	1.4637472179796323	0.2906927139378454
4.34483695294272	1.4637472179796323	0.2835187708009511
4.364771851856689	1.4637472179796323	0.27591331451675316
4.386233873019137	1.4637472179796323	0.26805343166921397
4.409097068755885	1.4637472179796323	0.2601082022583685
4.4332272687432	1.4637472179796323	0.25222900462354925
4.458482867372603	1.4637472179796323	0.244547845703339
4.484715654748892	1.4637472179796323	0.23718297197508295
4.511771686444731	1.4637472179796323	0.23024867008827046
4.539492186907772	1.4637472179796323	0.22386476378455988
4.567714481218726	1.4637472179796323	0.21816127980134808
4.596272949732473	1.4637472179796323	0.21327512310457744
4.625	1.4637472179796323	0.2093379997427043
4.653727050267527	1.4637472179796323	0.20645758012070983
4.682285518781274	1.4637472179796323	0.20469621838228358
4.710507813092227	1.4637472179796323	0.2040527540089257
4.738228313555268	1.4637472179796323	0.20445263945015443
4.765284345251108	1.4637472179796323	0.2057498933046237
4.791517132627397	1.4637472179796323	0.2077416100501471
4.8167727312568	1.4637472179796323	0.2101926918169109
4.840902931244115	1.4637472179796323	0.21286592307797267
4.863766126980863	1.4637472179796323	0.21555116896960602
4.885228148143311	1.4637472179796323	0.21808770315869058
4.90516304705728	1.4637472179796323	0.22037540060332392
4.923453837809178	1.4637472179796323	0.22237329828559377
4.9399931827658605	1.4637472179796323	0.22408709136938637
4.954684022474541	1.4637472179796323	0.22554968059542066
4.967440145246251	1.4637472179796323	0.2268002587614835
4.978186693080319	1.4637472179796323	0.22786729162456298
4.9868606009608785	1.4637472179796323	0.228759201641009
4.993410966947456	1.4637472179796323	0.22946407934642404
4.997799350887806	1.4637472179796323	0.22995705354348
5.0	1.4637472179796323	0.23021181638936475
4.25	1.473952116197001	0.3205982199196672
4.252200649112194	1.473952116197001	0.31989406528036296
4.256589033052544	1.473952116197001	0.31845171856438853
4.2631393990391215	1.473952116197001	0.31621470364908394
4.271813306919681	1.473952116197001	0.3131241698405853
4.282559854753749	1.473952116197001	0.3091420238182006
4.295315977525459	1.473952116197001	0.3042709617664588
4.3100068172341395	1.473952116197001	0.29856616276899217
4.326546162190822	1.473952116197001	0.2921357598313968
4.34483695294272	1.473952116197001	0.28513031497712393
4.364771851856689	1.473952116197001	0.27772450862514414
4.386233873019137	1.473952116197001	0.270096269819347
4.409097068755885	1.473952116197001	0.26240905976382983
4.4332272687432	1.473952116197001	0.254801850933238
4.458482867372603	1.473952116197001	0.24738886540823354
4.484715654748892	1.473952116197001	0.24026807160286356
4.511771686444731	1.473952116197001	0.23353468086954826
4.539492186907772	1.473952116197001	0.22729424359095368
4.567714481218726	1.473952116197001	0.2216699125226248
4.596272949732473	1.473952116197001	0.21680005570975924
4.625	1.473952116197001	0.21282522651467387
4.653727050267527	1.473952116197001	0.20986674542817102
4.682285518781274	1.473952116197001	0.20800189532247437
4.710507813092227	1.473952116197001	0.20724218201999017
4.738228313555268	1.473952116197001	0.20752081978091103
4.765284345251108	1.473952116197001	0.20869360037078627
4.791517132627397	1.473952116197001	0.2105541034712075
4.8167727312568	1.473952116197001	0.21286065177825073
4.840902931244115	1.473952116197001	0.2153694584784673
4.863766126980863	1.473952116197001	0.2178668538682218
4.885228148143311	1.473952116197001	0.22019373185334762
4.90516304705728	1.473952116197001	0.22225735462314195
4.923453837809178	1.473952116197001	0.2240288524888752
4.9399931827658605	1.473952116197001	0.22552829271165212
4.954684022474541	1.473952116197001	0.22680212130271504
4.967440145246251	1.473952116197001	0.2278993388935018
4.978186693080319	1.473952116197001	0.2288525771888761
4.9868606009608785	1.473952116197001	0.2296684054583765
4.993410966947456	1.473952116197001	0.230328277693447
4.997799350887806	1.473952116197001	0.23079838053041157
5.0	1.473952116197001	0.2310441573997628
4.25	1.4825493544642556	0.32063261844659113
4.252200649112194	1.4825493544642556	0.31995488994512405
4.256589033052544	1.4825493544642556	0.31856376032889105
4.2631393990391215	1.4825493544642556	0.31640006621837274
4.271813306919681	1.4825493544642556	0.313402183581937
4.282559854753749	1.4825493544642556	0.3095301700283347
4.295315977525459	1.4825493544642556	0.30478648015042104
4.3100068172341395	1.4825493544642556	0.29922772846991147
4.326546162190822	1.4825493544642556	0.2929645099913492
4.34483695294272	1.4825493544642556	0.2861496222244407
4.364771851856689	1.4825493544642556	0.2789582178424868
4.386233873019137	1.4825493544642556	0.27156555170929825
4.409097068755885	1.4825493544642556	0.2641284682329408
4.4332272687432	1.4825493544642556	0.2567754749875115
4.458482867372603	1.4825493544642556	0.24960754580388386
4.484715654748892	1.4825493544642556	0.24270847339785448
4.511771686444731	1.4825493544642556	0.23616061199753388
4.539492186907772	1.4825493544642556	0.23006008619723875
4.567714481218726	1.4825493544642556	0.22452552423855637
4.596272949732473	1.4825493544642556	0.21969613814534894
4.625	1.4825493544642556	0.21571804610227616
4.653727050267527	1.4825493544642556	0.21272126018679166
4.682285518781274	1.4825493544642556	0.21079274794292563
4.710507813092227	1.4825493544642556	0.20995255849182815
4.738228313555268	1.4825493544642556	0.21013970152789116
4.765284345251108	1.4825493544642556	0.21121231730493703
4.791517132627397	1.4825493544642556	0.21296322697130776
4.8167727312568	1.4825493544642556	0.21514811921660637
4.840902931244115	1.4825493544642556	0.2175204390651189
4.863766126980863	1.4825493544642556	0.2198653568217491
4.885228148143311	1.4825493544642556	0.2220254630006779
4.90516304705728	1.4825493544642556	0.22391298154553335
4.923453837809178	1.4825493544642556	0.2255067335431322
4.9399931827658605	1.4825493544642556	0.22683588610026587
4.954684022474541	1.4825493544642556	0.22795566735222694
4.967440145246251	1.4825493544642556	0.22892189289069376
4.978186693080319	1.4825493544642556	0.22977092406659205
4.9868606009608785	1.4825493544642556	0.2305096840199534
4.993410966947456	1.4825493544642556	0.23111719935552405
4.997799350887806	1.4825493544642556	0.2315557324692296
5.0	1.4825493544642556	0.2317868907591925
4.25	1.4894884807687025	0.3200777011809158
4.252200649112194	1.4894884807687025	0.31942281161298336
4.256589033052544	1.4894884807687025	0.31807737964656546
4.2631393990391215	1.4894884807687025	0.3159823208253815
4.271813306919681	1.4894884807687025	0.3130761896567086
4.282559854753749	1.4894884807687025	0.3093193022640615
4.295315977525459	1.4894884807687025	0.3047143132603849
4.3100068172341395	1.4894884807687025	0.29931769250131063
4.326546162190822	1.4894884807687025	0.29323913242101785
4.34483695294272	1.4894884807687025	0.2866293049538718
4.364771851856689	1.4894884807687025	0.27965961378017706
4.386233873019137	1.4894884807687025	0.27249973516363596
4.409097068755885	1.4894884807687025	0.2652991993218469
4.4332272687432	1.4894884807687025	0.2581779064557981
4.458482867372603	1.4894884807687025	0.25122768938788725
4.484715654748892	1.4894884807687025	0.2445236304738868
4.511771686444731	1.4894884807687025	0.23814079993192636
4.539492186907772	1.4894884807687025	0.2321702956929516
4.567714481218726	1.4894884807687025	0.2267284707521322
4.596272949732473	1.4894884807687025	0.22195506534025083
4.625	1.4894884807687025	0.21799912939679972
4.653727050267527	1.4894884807687025	0.21499524875494658
4.682285518781274	1.4894884807687025	0.21303565397234736
4.710507813092227	1.4894884807687025	0.2121454126131565
4.738228313555268	1.4894884807687025	0.2122675923748288
4.765284345251108	1.4894884807687025	0.2132630731895866
4.791517132627397	1.4894884807687025	0.21492614589740305
4.8167727312568	1.4894884807687025	0.217013100771551
4.840902931244115	1.4894884807687025	0.21927773483315904
4.863766126980863	1.4894884807687025	0.22150597272907613
4.885228148143311	1.4894884807687025	0.22354206625500445
4.90516304705728	1.4894884807687025	0.22530103325403464
4.923453837809178	1.4894884807687025	0.22676551790863464
4.9399931827658605	1.4894884807687025	0.22796914780332275
4.954684022474541	1.4894884807687025	0.2289716851019282
4.967440145246251	1.4894884807687025	0.2298329739811646
4.978186693080319	1.4894884807687025	0.23059245708503445
4.9868606009608785	1.4894884807687025	0.2312589924077842
4.993410966947456	1.4894884807687025	0.23181246958566204
4.997799350887806	1.4894884807687025	0.23221524132656038
5.0	1.4894884807687025	0.23242864383970327
4.25	1.4947287735579649	0.31918723333534477
4.252200649112194	1.4947287735579649	0.3185512064827454
4.256589033052544	1.4947287735579649	0.31724451485649696
4.2631393990391215	1.4947287735579649	0.3152098071886904
4.271813306919681	1.4947287735579649	0.31238756066044776
4.282559854753749	1.4947287735579649	0.30873955685801946
4.295315977525459	1.4947287735579649	0.30426883230764223
4.3100068172341395	1.4947287735579649	0.2990306808255798
4.326546162190822	1.4947287735579649	0.29313183499007395
4.34483695294272	1.4947287735579649	0.2867182880210422
4.364771851856689	1.4947287735579649	0.2799553835356199
4.386233873019137	1.4947287735579649	0.2730058953526456
4.409097068755885	1.4947287735579649	0.2660122444681606
4.4332272687432	1.4947287735579649	0.25908763401804985
4.458482867372603	1.4947287735579649	0.25231811730112685
4.484715654748892	1.4947287735579649	0.24577424474124535
4.511771686444731	1.4947287735579649	0.23952793864728206
4.539492186907772	1.4947287735579649	0.2336684981850186
4.567714481218726	1.4947287735579649	0.22831167113125858
4.596272949732473	1.4947287735579649	0.22359757110000447
4.625	1.4947287735579649	0.21967638041122114
4.653727050267527	1.4947287735579649	0.21668438734624443
4.682285518781274	1.4947287735579649	0.21471594780770578
4.710507813092227	1.4947287735579649	0.2137985624087537
4.738228313555268	1.4947287735579649	0.21387793543591888
4.765284345251108	1.4947287735579649	0.2148176739791727
4.791517132627397	1.4947287735579649	0.21641475668742646
4.8167727312568	1.4947287735579649	0.21842798435051608
4.840902931244115	1.4947287735579649	0.22061336563597503
4.863766126980863	1.4947287735579649	0.22275866464780272
4.885228148143311	1.4947287735579649	0.22470960306821247
4.90516304705728	1.4947287735579649	0.22638238950339354
4.923453837809178	1.4947287735579649	0.22776074664936216
4.9399931827658605	1.4947287735579649	0.2288794762855062
4.954684022474541	1.4947287735579649	0.22979980698328223
4.967440145246251	1.4947287735579649	0.2305834699903363
4.978186693080319	1.4947287735579649	0.23127223053156812
4.9868606009608785	1.4947287735579649	0.2318775851095067
4.993410966947456	1.4947287735579649	0.23238213533820987
4.997799350887806	1.4947287735579649	0.23275069731340683
5.0	1.4947287735579649	0.23294648617230138
4.25	1.4982394807102444	0.3183098886969574
4.252200649112194	1.4982394807102444	0.3176875933409579
4.256589033052544	1.4982394807102444	0.3164096100965868
4.2631393990391215	1.4982394807102444	0.3144206936752517
4.271813306919681	1.4982394807102444	0.31166361464014486
4.282559854753749	1.4982394807102444	0.3081018418494573
4.295315977525459	1.4982394807102444	0.3037387759301167
4.3100068172341395	1.4982394807102444	0.2986282867104853
4.326546162190822	1.4982394807102444	0.2928737929379759
4.34483695294272	1.4982394807102444	0.2866163658016045
4.364771851856689	1.4982394807102444	0.28001541101199845
4.386233873019137	1.4982394807102444	0.27322750773000487
4.409097068755885	1.4982394807102444	0.2663893757755933
4.4332272687432	1.4982394807102444	0.2596095904462352
4.458482867372603	1.4982394807102444	0.25297095297154476
4.484715654748892	1.4982394807102444	0.24654213380528084
4.511771686444731	1.4982394807102444	0.24039428911588626
4.539492186907772	1.4982394807102444	0.23461666466147743
4.567714481218726	1.4982394807102444	0.22932526037838988
4.596272949732473	1.4982394807102444	0.22466045586782218
4.625	1.4982394807102444	0.22077260943431232
4.653727050267527	1.4982394807102444	0.21779818495552714
4.682285518781274	1.4982394807102444	0.21583193763836808
4.710507813092227	1.4982394807102444	0.21490224770607264
4.738228313555268	1.4982394807102444	0.2149563571892928
4.765284345251108	1.4982394807102444	0.21586008333150492
4.791517132627397	1.4982394807102444	0.21741310697814548
4.8167727312568	1.4982394807102444	0.21937708138731113
4.840902931244115	1.4982394807102444	0.22151060331519365
4.863766126980863	1.4982394807102444	0.22360339082437644
4.885228148143311	1.4982394807102444	0.22550227223304753
4.90516304705728	1.4982394807102444	0.22712373003085876
4.923453837809178	1.4982394807102444	0.2284511780010355
4.9399931827658605	1.4982394807102444	0.2295189506367928
4.954684022474541	1.4982394807102444	0.2303881352471487
4.967440145246251	1.4982394807102444	0.23112105507698347
4.978186693080319	1.4982394807102444	0.23176100918544754
4.9868606009608785	1.4982394807102444	0.23232190862287305
4.993410966947456	1.4982394807102444	0.23278932025159088
4.997799350887806	1.4982394807102444	0.23313105159747785
5.0	1.4982394807102444	0.2333127456188365
4.25	1.5	0.31777297036993324
4.252200649112194	1.5	0.3171579643708697
4.256589033052544	1.5	0.315895373565772
4.2631393990391215	1.5	0.31393132459318646
4.271813306919681	1.5	0.3112100733342818
4.282559854753749	1.5	0.307696168305825
4.295315977525459	1.5	0.3033932245435933
4.3100068172341395	1.5	0.2983541784574887
4.326546162190822	1.5	0.29268033325017834
4.34483695294272	1.5	0.2865096838782792
4.364771851856689	1.5	0.2799980195417903
4.386233873019137	1.5	0.27329827749508073
4.409097068755885	1.5	0.26654399603850926
4.4332272687432	1.5	0.25984137622552633
4.458482867372603	1.5	0.2532717923893003
4.484715654748892	1.5	0.24690335849195386
4.511771686444731	1.5	0.24080729782449015
4.539492186907772	1.5	0.23507321877408752
4.567714481218726	1.5	0.22981747312058057
4.596272949732473	1.5	0.22518058501886354
4.625	1.5	0.2213128117972474
4.653727050267527	1.5	0.2183503876489414
4.682285518781274	1.5	0.21638792952143013
4.710507813092227	1.5	0.2154540111518876
4.738228313555268	1.5	0.2154965720172385
4.765284345251108	1.5	0.21638266818158777
4.791517132627397	1.5	0.21791363915866546
4.8167727312568	1.5	0.21985296195913281
4.840902931244115	1.5	0.2219609027027967
4.863766126980863	1.5	0.22402840158787596
4.885228148143311	1.5	0.22590288283228402
4.90516304705728	1.5	0.22750079033938947
4.923453837809178	1.5	0.22880503631160046
4.9399931827658605	1.5	0.22984929892928618
4.954684022474541	1.5	0.23069421553210712
4.967440145246251	1.5	0.23140217765959312
4.978186693080319	1.5	0.23201724228223106
4.9868606009608785	1.5	0.23255474399162757
4.993410966947456	1.5	0.23300211754442873
4.997799350887806	1.5	0.23332911661005468
5.0	1.5	0.2335029908966891
