4.25	0.9	0.025522757056669846
4.252200649112194	0.9	0.025365349677634798
4.256589033052544	0.9	0.02505309766718354
4.2631393990391215	0.9	0.024591471152047892
4.271813306919681	0.9	0.02398944763092552
4.282559854753749	0.9	0.023260202975864796
4.295315977525459	0.9	0.022421681001995073
4.3100068172341395	0.9	0.021496817973954776
4.326546162190822	0.9	0.020513229439268834
4.34483695294272	0.9	0.01950223915910362
4.364771851856689	0.9	0.018497235564163276
4.386233873019137	0.9	0.01753146481186288
4.409097068755885	0.9	0.01663549019285997
4.4332272687432	0.9	0.015834641819920756
4.458482867372603	0.9	0.015146826586696967
4.484715654748892	0.9	0.014581051409463025
4.511771686444731	0.9	0.014136928822536346
4.539492186907772	0.9	0.013805292484886291
4.567714481218726	0.9	0.013569873439941918
4.596272949732473	0.9	0.013409807970474887
4.625	0.9	0.013302600023776359
4.653727050267527	0.9	0.013227076859909467
4.682285518781274	0.9	0.01316587590856227
4.710507813092227	0.9	0.013107087335469397
4.738228313555268	0.9	0.013044835639507178
4.765284345251108	0.9	0.012978783786414103
4.791517132627397	0.9	0.012912744155838983
4.8167727312568	0.9	0.01285274014696028
4.840902931244115	0.9	0.012804947294888777
4.863766126980863	0.9	0.01277393605701953
4.885228148143311	0.9	0.012761543313589434
4.90516304705728	0.9	0.012766539246409454
4.923453837809178	0.9	0.012785068374293794
4.9399931827658605	0.9	0.012811671660657258
4.954684022474541	0.9	0.012840579756746892
4.967440145246251	0.9	0.012866930782353472
4.978186693080319	0.9	0.012887615005174552
4.9868606009608785	0.9	0.01290156793233088
4.993410966947456	0.9	0.01290949041437752
4.997799350887806	0.9	0.012913128480628552
5.0	0.9	0.012914357536823344
4.25	0.9017605192897558	0.025531899954710224
4.252200649112194	0.9017605192897558	0.025374770687256378
4.256589033052544	0.9017605192897558	0.02506296076031454
4.2631393990391215	0.9017605192897558	0.02460174490429436
4.271813306919681	0.9017605192897558	0.02399988084921655
4.282559854753749	0.9017605192897558	0.023270365766512664
4.295315977525459	0.9017605192897558	0.022431061865129984
4.3100068172341395	0.9017605192897558	0.02150495173364188
4.326546162190822	0.9017605192897558	0.020519821417527714
4.34483695294272	0.9017605192897558	0.019507250543639675
4.364771851856689	0.9017605192897558	0.018500903691027387
4.386233873019137	0.9017605192897558	0.017534248010046726
4.409097068755885	0.9017605192897558	0.016637945998426225
4.4332272687432	0.9017605192897558	0.01583726498333959
4.458482867372603	0.9017605192897558	0.015149884927391614
4.484715654748892	0.9017605192897558	0.01458446022026212
4.511771686444731	0.9017605192897558	0.014140197382687849
4.539492186907772	0.9017605192897558	0.013807560868738007
4.567714481218726	0.9017605192897558	0.013570037755399469
4.596272949732473	0.9017605192897558	0.013406712080001108
4.625	0.9017605192897558	0.013295256324676258
4.653727050267527	0.9017605192897558	0.013214871347551099
4.682285518781274	0.9017605192897558	0.013148715117049407
4.710507813092227	0.9017605192897558	0.01308545620936201
4.738228313555268	0.9017605192897558	0.013019753283741055
4.765284345251108	0.9017605192897558	0.012951664379647012
4.791517132627397	0.9017605192897558	0.012885188728124603
4.8167727312568	0.9017605192897558	0.012826297665610208
4.840902931244115	0.9017605192897558	0.012780888229927416
4.863766126980863	0.9017605192897558	0.012753077791090766
4.885228148143311	0.9017605192897558	0.012744155699080455
4.90516304705728	0.9017605192897558	0.012752342944913045
4.923453837809178	0.9017605192897558	0.01277332167398565
4.9399931827658605	0.9017605192897558	0.012801326510209366
4.954684022474541	0.9017605192897558	0.012830477302603
4.967440145246251	0.9017605192897558	0.012856002133693503
4.978186693080319	0.9017605192897558	0.012875054420970481
4.9868606009608785	0.9017605192897558	0.012886952205671803
4.993410966947456	0.9017605192897558	0.012892828295751191
4.997799350887806	0.9017605192897558	0.01289483563112452
5.0	0.9017605192897558	0.01289516392574132
4.25	0.9052712264420352	0.025549176333097032
4.252200649112194	0.9052712264420352	0.025392359049682678
4.256589033052544	0.9052712264420352	0.025080990947460004
4.2631393990391215	0.9052712264420352	0.024620038525058188
4.271813306919681	0.9052712264420352	0.02401792168872335
4.282559854753749	0.9052712264420352	0.023287380059142115
4.295315977525459	0.9052712264420352	0.022446190490852974
4.3100068172341395	0.9052712264420352	0.021517469249547058
4.326546162190822	0.9052712264420352	0.020529341235595976
4.34483695294272	0.9052712264420352	0.019513855935507987
4.364771851856689	0.9052712264420352	0.018505160936532716
4.386233873019137	0.9052712264420352	0.017537086970250602
4.409097068755885	0.9052712264420352	0.01664042749913996
4.4332272687432	0.9052712264420352	0.0158402850279075
4.458482867372603	0.9052712264420352	0.015153885059761335
4.484715654748892	0.9052712264420352	0.01458921621637001
4.511771686444731	0.9052712264420352	0.014144743774981226
4.539492186907772	0.9052712264420352	0.013810279818566423
4.567714481218726	0.9052712264420352	0.013568904188236414
4.596272949732473	0.9052712264420352	0.013399651331561813
4.625	0.9052712264420352	0.013280544106877554
4.653727050267527	0.9052712264420352	0.013191494697799646
4.682285518781274	0.9052712264420352	0.013116619585679406
4.710507813092227	0.9052712264420352	0.013045627206183075
4.738228313555268	0.9052712264420352	0.012974112992544012
4.765284345251108	0.9052712264420352	0.012902802459617667
4.791517132627397	0.9052712264420352	0.012835977218426768
4.8167727312568	0.9052712264420352	0.012779461539870631
4.840902931244115	0.9052712264420352	0.012738609123437421
4.863766126980863	0.9052712264420352	0.012716699176049277
4.885228148143311	0.9052712264420352	0.0127140360785002
4.90516304705728	0.9052712264420352	0.012727874670852065
4.923453837809178	0.9052712264420352	0.012753102952568578
4.9399931827658605	0.9052712264420352	0.012783448780193664
4.954684022474541	0.9052712264420352	0.012812873625040688
4.967440145246251	0.9052712264420352	0.012836796440720428
4.978186693080319	0.9052712264420352	0.01285285610315518
4.9868606009608785	0.9052712264420352	0.012861053424558296
4.993410966947456	0.9052712264420352	0.012863279413919869
4.997799350887806	0.9052712264420352	0.012862393875926796
5.0	0.9052712264420352	0.012861128920540053
4.25	0.9105115192312975	0.025573120765309692
4.252200649112194	0.9105115192312975	0.02541621571949247
4.256589033052544	0.9105115192312975	0.02510450623120068
4.2631393990391215	0.9105115192312975	0.024642688118174137
4.271813306919681	0.9105115192312975	0.02403890964288576
4.282559854753749	0.9105115192312975	0.0233057530816173
4.295315977525459	0.9105115192312975	0.02246104305121387
4.3100068172341395	0.9105115192312975	0.021528184799970953
4.326546162190822	0.9105115192312975	0.020535798929167595
4.34483695294272	0.9105115192312975	0.01951653557829137
4.364771851856689	0.9105115192312975	0.018505101371630778
4.386233873019137	0.9105115192312975	0.017535689357420153
4.409097068755885	0.9105115192312975	0.01663913590002644
4.4332272687432	0.9105115192312975	0.01584021174326525
4.458482867372603	0.9105115192312975	0.01515546797131102
4.484715654748892	0.9105115192312975	0.014591994336737269
4.511771686444731	0.9105115192312975	0.01414731484986981
4.539492186907772	0.9105115192312975	0.013810465025756596
4.567714481218726	0.9105115192312975	0.013564098732950478
4.596272949732473	0.9105115192312975	0.01338729693444463
4.625	0.9105115192312975	0.013258630114212598
4.653727050267527	0.9105115192312975	0.013158985665152837
4.682285518781274	0.9105115192312975	0.01307372069815953
4.710507813092227	0.9105115192312975	0.012993831573577459
4.738228313555268	0.9105115192312975	0.012916019142323229
4.765284345251108	0.9105115192312975	0.012841736284049998
4.791517132627397	0.9105115192312975	0.012775490262882478
4.8167727312568	0.9105115192312975	0.012722799205918282
4.840902931244115	0.9105115192312975	0.012688244390577244
4.863766126980863	0.9105115192312975	0.01267401062365442
4.885228148143311	0.9105115192312975	0.01267917811045268
4.90516304705728	0.9105115192312975	0.012699850275125157
4.923453837809178	0.9105115192312975	0.01273001310602978
4.9399931827658605	0.9105115192312975	0.012762864589087597
4.954684022474541	0.9105115192312975	0.012792261777113605
4.967440145246251	0.9105115192312975	0.012813926702514649
4.978186693080319	0.9105115192312975	0.012826129701464118
4.9868606009608785	0.9105115192312975	0.012829709490097067
4.993410966947456	0.9105115192312975	0.012827458756222574
4.997799350887806	0.9105115192312975	0.012823061115399742
5.0	0.9105115192312975	0.012819872525729577
4.25	0.9174506455357443	0.025602688603009304
4.252200649112194	0.9174506455357443	0.02544477465621513
4.256589033052544	0.9174506455357443	0.02513100460601032
4.2631393990391215	0.9174506455357443	0.02466603074493913
4.271813306919681	0.9174506455357443	0.02405802583790366
4.282559854753749	0.9174506455357443	0.023319734477672365
4.295315977525459	0.9174506455357443	0.022469323657131945
4.3100068172341395	0.9174506455357443	0.021530713428361388
4.326546162190822	0.9174506455357443	0.020533145394603505
4.34483695294272	0.9174506455357443	0.019509880700196987
4.364771851856689	0.9174506455357443	0.018496085680229157
4.386233873019137	0.9174506455357443	0.01752613067558272
4.409097068755885	0.9174506455357443	0.01663066259568765
4.4332272687432	0.9174506455357443	0.015833886492515586
4.458482867372603	0.9174506455357443	0.0151514882225085
4.484715654748892	0.9174506455357443	0.014589546240410377
4.511771686444731	0.9174506455357443	0.014144628373217092
4.539492186907772	0.9174506455357443	0.013805075529611218
4.567714481218726	0.9174506455357443	0.013553274254526362
4.596272949732473	0.9174506455357443	0.01336855173402355
4.625	0.9174506455357443	0.013230223053481118
4.653727050267527	0.9174506455357443	0.013120302103744324
4.682285518781274	0.9174506455357443	0.013025458978525289
4.710507813092227	0.9174506455357443	0.012937954713459257
4.738228313555268	0.9174506455357443	0.012855480029088016
4.765284345251108	0.9174506455357443	0.012780029746281637
4.791517132627397	0.9174506455357443	0.012716118091010559
4.8167727312568	0.9174506455357443	0.012668747929286704
4.840902931244115	0.9174506455357443	0.012641568431126482
4.863766126980863	0.9174506455357443	0.012635588187233676
4.885228148143311	0.9174506455357443	0.01264867052040659
4.90516304705728	0.9174506455357443	0.012675856039861468
4.923453837809178	0.9174506455357443	0.012710374251654603
4.9399931827658605	0.9174506455357443	0.0127450609058822
4.954684022474541	0.9174506455357443	0.01277382144641313
4.967440145246251	0.9174506455357443	0.012792788469411022
4.978186693080319	0.9174506455357443	0.012800908596994839
4.9868606009608785	0.9174506455357443	0.012799839803701304
4.993410966947456	0.9174506455357443	0.012793209294720434
4.997799350887806	0.9174506455357443	0.012785434937617567
5.0	0.9174506455357443	0.012780414612384817
4.25	0.926047883802999	0.025638077326278177
4.252200649112194	0.926047883802999	0.025477756767740063
4.256589033052544	0.926047883802999	0.02515936099926179
4.2631393990391215	0.926047883802999	0.02468791455027678
4.271813306919681	0.926047883802999	0.024072135788592925
4.282559854753749	0.926047883802999	0.02332545923253147
4.295315977525459	0.926047883802999	0.02246683130750203
4.3100068172341395	0.926047883802999	0.02152095784296668
4.326546162190822	0.926047883802999	0.02051776721468951
4.34483695294272	0.926047883802999	0.019490996332953796
4.364771851856689	0.926047883802999	0.018475980111857533
4.386233873019137	0.926047883802999	0.017506894228804845
4.409097068755885	0.926047883802999	0.016613831378785367
4.4332272687432	0.926047883802999	0.015820155097756698
4.458482867372603	0.926047883802999	0.015140557291395582
4.484715654748892	0.926047883802999	0.014580146387251346
4.511771686444731	0.926047883802999	0.014134729139755723
4.539492186907772	0.926047883802999	0.013792250319388308
4.567714481218726	0.926047883802999	0.01353515809080407
4.596272949732473	0.926047883802999	0.01334330636518901
4.625	0.926047883802999	0.013196919113337254
4.653727050267527	0.926047883802999	0.013079142467806275
4.682285518781274	0.926047883802999	0.012977798371470341
4.710507813092227	0.926047883802999	0.012886111325009449
4.738228313555268	0.926047883802999	0.0128023763638675
4.765284345251108	0.926047883802999	0.012728733000296618
4.791517132627397	0.926047883802999	0.012669367913991559
4.8167727312568	0.926047883802999	0.012628558139964333
4.840902931244115	0.926047883802999	0.012608970194863432
4.863766126980863	0.926047883802999	0.012610550470015974
4.885228148143311	0.926047883802999	0.012630197051682134
4.90516304705728	0.926047883802999	0.012662224913608688
4.923453837809178	0.926047883802999	0.012699463577096266
4.9399931827658605	0.926047883802999	0.012734695446330666
4.954684022474541	0.926047883802999	0.012762081057197758
4.967440145246251	0.926047883802999	0.012778236013308302
4.978186693080319	0.926047883802999	0.012782717270318433
4.9868606009608785	0.926047883802999	0.012777821287997797
4.993410966947456	0.926047883802999	0.012767759862863291
4.997799350887806	0.926047883802999	0.012757424008642416
5.0	0.926047883802999	0.01275103955361793
4.25	0.9362527820203677	0.02568110117887953
4.252200649112194	0.9362527820203677	0.025516685906293485
4.256589033052544	0.9362527820203677	0.025190599488389327
4.2631393990391215	0.9362527820203677	0.02470879464715603
4.271813306919681	0.9362527820203677	0.024081217992141427
4.282559854753749	0.9362527820203677	0.02332266067730409
4.295315977525459	0.9362527820203677	0.02245336424010631
4.3100068172341395	0.9362527820203677	0.021499087309969266
4.326546162190822	0.9362527820203677	0.020490424156407918
4.34483695294272	0.9362527820203677	0.01946130497366888
4.364771851856689	0.9362527820203677	0.018446773028496753
4.386233873019137	0.9362527820203677	0.01748029182739386
4.409097068755885	0.9362527820203677	0.016590953348543384
4.4332272687432	0.9362527820203677	0.01580101046418784
4.458482867372603	0.9362527820203677	0.015124129904323996
4.484715654748892	0.9362527820203677	0.014564658939151856
4.511771686444731	0.9362527820203677	0.014118037150232812
4.539492186907772	0.9362527820203677	0.01377229400252
4.567714481218726	0.9362527820203677	0.013510389459972518
4.596272949732473	0.9362527820203677	0.013313013786285868
4.625	0.9362527820203677	0.013161391219040306
4.653727050267527	0.9362527820203677	0.013039644241845696
4.682285518781274	0.9362527820203677	0.012936368223269512
4.710507813092227	0.9362527820203677	0.012845221831112846
4.738228313555268	0.9362527820203677	0.012764526153027117
4.765284345251108	0.9362527820203677	0.012696048005753535
4.791517132627397	0.9362527820203677	0.01264328494735421
4.8167727312568	0.9362527820203677	0.012609643983977141
4.840902931244115	0.9362527820203677	0.01259689983233934
4.863766126980863	0.9362527820203677	0.012604235376949866
4.885228148143311	0.9362527820203677	0.012628025875757185
4.90516304705728	0.9362527820203677	0.012662360330154762
4.923453837809178	0.9362527820203677	0.012700134092023332
4.9399931827658605	0.9362527820203677	0.01273442953311253
4.954684022474541	0.9362527820203677	0.012759850198126744
4.967440145246251	0.9362527820203677	0.012773497556121859
4.978186693080319	0.9362527820203677	0.012775371201025716
4.9868606009608785	0.9362527820203677	0.012768111468725241
4.993410966947456	0.9362527820203677	0.012756156507353766
4.997799350887806	0.9362527820203677	0.012744519599471175
5.0	0.9362527820203677	0.012737477412781452
4.25	0.9480054537873116	0.02573486239900687
4.252200649112194	0.9480054537873116	0.025564683835609402
4.256589033052544	0.9480054537873116	0.02522790873504903
4.2631393990391215	0.9480054537873116	0.02473201816022645
4.271813306919681	0.9480054537873116	0.024088910811105854
4.282559854753749	0.9480054537873116	0.023315418518130807
4.295315977525459	0.9480054537873116	0.022433571584035403
4.3100068172341395	0.9480054537873116	0.021470382627808062
4.326546162190822	0.9480054537873116	0.020456990373462016
4.34483695294272	0.9480054537873116	0.019427121666800266
4.364771851856689	0.9480054537873116	0.018414968190158042
4.386233873019137	0.9480054537873116	0.0174527059112544
4.409097068755885	0.9480054537873116	0.016567982576130045
4.4332272687432	0.9480054537873116	0.01578173978921027
4.458482867372603	0.9480054537873116	0.015106710168616396
4.484715654748892	0.9480054537873116	0.014546838561954123
4.511771686444731	0.9480054537873116	0.014097734305854318
4.539492186907772	0.9480054537873116	0.01374809445193429
4.567714481218726	0.9480054537873116	0.013481876892010157
4.596272949732473	0.9480054537873116	0.01328087813785579
4.625	0.9480054537873116	0.01312730734634654
4.653727050267527	0.9480054537873116	0.013005958711867776
4.682285518781274	0.9480054537873116	0.012905666984586322
4.710507813092227	0.9480054537873116	0.012819869844125855
4.738228313555268	0.9480054537873116	0.012746269194514107
4.765284345251108	0.9480054537873116	0.012685748307393207
4.791517132627397	0.9480054537873116	0.01264083102447496
4.8167727312568	0.9480054537873116	0.012614038116017915
4.840902931244115	0.9480054537873116	0.01260649194336418
4.863766126980863	0.9480054537873116	0.012617046309150799
4.885228148143311	0.9480054537873116	0.012642090732070066
4.90516304705728	0.9480054537873116	0.012676025126706224
4.923453837809178	0.9480054537873116	0.0127122547345743
4.9399931827658605	0.9480054537873116	0.012744446881561086
4.954684022474541	0.9480054537873116	0.012767742948697319
4.967440145246251	0.9480054537873116	0.012779639831083954
4.978186693080319	0.9480054537873116	0.012780339046538322
4.9868606009608785	0.9480054537873116	0.01277248881998648
4.993410966947456	0.9480054537873116	0.01276038594582693
4.997799350887806	0.9480054537873116	0.012748828222500737
5.0	0.9480054537873116	0.012741887159903273
4.25	0.9612369297526578	0.02580270584333819
4.252200649112194	0.9612369297526578	0.02562550401020154
4.256589033052544	0.9612369297526578	0.025275811791446553
4.2631393990391215	0.9612369297526578	0.024763148477306453
4.271813306919681	0.9612369297526578	0.024101965526282906
4.282559854753749	0.9612369297526578	0.023311677513754174
4.295315977525459	0.9612369297526578	0.022416453891535643
4.3100068172341395	0.9612369297526578	0.02144463694031097
4.326546162190822	0.9612369297526578	0.020427698617876036
4.34483695294272	0.9612369297526578	0.019398725541651396
4.364771851856689	0.9612369297526578	0.018390513748310123
4.386233873019137	0.9612369297526578	0.017433445532221106
4.409097068755885	0.9612369297526578	0.016553390830740013
4.4332272687432	0.9612369297526578	0.01576990902962628
4.458482867372603	0.9612369297526578	0.01509501335136258
4.484715654748892	0.9612369297526578	0.01453269728461233
4.511771686444731	0.9612369297526578	0.014079318495199358
4.539492186907772	0.9612369297526578	0.013724806798424511
4.567714481218726	0.9612369297526578	0.013454531686422912
4.596272949732473	0.9612369297526578	0.01325155621821371
4.625	0.9612369297526578	0.013098939541005394
4.653727050267527	0.9612369297526578	0.012981744137128406
4.682285518781274	0.9612369297526578	0.012888459383732955
4.710507813092227	0.9612369297526578	0.012811661269590777
4.738228313555268	0.9612369297526578	0.012747869269610725
4.765284345251108	0.9612369297526578	0.012696708271087022
4.791517132627397	0.9612369297526578	0.012659607045595177
4.8167727312568	0.9612369297526578	0.012638340249827589
4.840902931244115	0.9612369297526578	0.012633733127860014
4.863766126980863	0.9612369297526578	0.012644794915773461
4.885228148143311	0.9612369297526578	0.012668440207992692
4.90516304705728	0.9612369297526578	0.012699820550113684
4.923453837809178	0.9612369297526578	0.01273315116948828
4.9399931827658605	0.9612369297526578	0.012762809986650471
4.954684022474541	0.9612369297526578	0.012784431204086566
4.967440145246251	0.9612369297526578	0.012795725304119434
4.978186693080319	0.9612369297526578	0.012796828149435054
4.9868606009608785	0.9612369297526578	0.0127900971410069
4.993410966947456	0.9612369297526578	0.01277940507918438
4.997799350887806	0.9612369297526578	0.012769101650425366
5.0	0.9612369297526578	0.012762890706194224
4.25	0.9758695623541764	0.025886719813541518
4.252200649112194	0.9758695623541764	0.025702044221461648
4.256589033052544	0.9758695623541764	0.025338690714083376
4.2631393990391215	0.9758695623541764	0.024808482867160118
4.271813306919681	0.9758695623541764	0.024128718590476144
4.282559854753749	0.9758695623541764	0.023321624123535944
4.295315977525459	0.9758695623541764	0.02241359559883081
4.3100068172341395	0.9758695623541764	0.021434212803774617
4.326546162190822	0.9758695623541764	0.02041502125826227
4.34483695294272	0.9758695623541764	0.01938810110234704
4.364771851856689	0.9758695623541764	0.018384474350237344
4.386233873019137	0.9758695623541764	0.017432442260049176
4.409097068755885	0.9758695623541764	0.016555984700587716
4.4332272687432	0.9758695623541764	0.015773383513079824
4.458482867372603	0.9758695623541764	0.015096241321124986
4.484715654748892	0.9758695623541764	0.014529047561726856
4.511771686444731	0.9758695623541764	0.01406939131779666
4.539492186907772	0.9758695623541764	0.013708839653991538
4.567714481218726	0.9758695623541764	0.01343440212425975
4.596272949732473	0.9758695623541764	0.013230404648819307
4.625	0.9758695623541764	0.013080519527132507
4.653727050267527	0.9758695623541764	0.012969661533247762
4.682285518781274	0.9758695623541764	0.012885474700921055
4.710507813092227	0.9758695623541764	0.012819202054560426
4.738228313555268	0.9758695623541764	0.012765840880043374
4.765284345251108	0.9758695623541764	0.012723618429781576
4.791517132627397	0.9758695623541764	0.012692950151332186
4.8167727312568	0.9758695623541764	0.012675137182121887
4.840902931244115	0.9758695623541764	0.012671100632648745
4.863766126980863	0.9758695623541764	0.012680427227345342
4.885228148143311	0.9758695623541764	0.012700918643640672
4.90516304705728	0.9758695623541764	0.01272871363520774
4.923453837809178	0.9758695623541764	0.012758915866926745
4.9399931827658605	0.9758695623541764	0.012786542848304626
4.954684022474541	0.9758695623541764	0.012807539849527368
4.967440145246251	0.9758695623541764	0.01281959385238558
4.978186693080319	0.9758695623541764	0.012822538090293033
4.9868606009608785	0.9758695623541764	0.012818243691265685
4.993410966947456	0.9758695623541764	0.0128100251960524
4.997799350887806	0.9758695623541764	0.012801709175358843
5.0	0.9758695623541764	0.012796599639745478
4.25	0.9918174814853513	0.025986262721591415
4.252200649112194	0.9918174814853513	0.025794804438850568
4.256589033052544	0.9918174814853513	0.02541911090272715
4.2631393990391215	0.9918174814853513	0.02487318764501436
4.271813306919681	0.9918174814853513	0.024176996760688605
4.282559854753749	0.9918174814853513	0.023355341752646485
4.295315977525459	0.9918174814853513	0.022436576805597422
4.3100068172341395	0.9918174814853513	0.021451245812761293
4.326546162190822	0.9918174814853513	0.02043072836646701
4.34483695294272	0.9918174814853513	0.01940593415679823
4.364771851856689	0.9918174814853513	0.01840605809803578
4.386233873019137	0.9918174814853513	0.017457397670260163
4.409097068755885	0.9918174814853513	0.016582246318422453
4.4332272687432	0.9918174814853513	0.015797908368337464
4.458482867372603	0.9918174814853513	0.015115919777476542
4.484715654748892	0.9918174814853513	0.014541588450650782
4.511771686444731	0.9918174814853513	0.014073971669752326
4.539492186907772	0.9918174814853513	0.01370637627326371
4.567714481218726	0.9918174814853513	0.013427399494323207
4.596272949732473	0.9918174814853513	0.013222436100114485
4.625	0.9918174814853513	0.01307548125588958
4.653727050267527	0.9918174814853513	0.01297098324832287
4.682285518781274	0.9918174814853513	0.01289546831313047
4.710507813092227	0.9918174814853513	0.01283868478842547
4.738228313555268	0.9918174814853513	0.012794095567312714
4.765284345251108	0.9918174814853513	0.012758671588470242
4.791517132627397	0.9918174814853513	0.012732078294904622
4.8167727312568	0.9918174814853513	0.012715469433244524
4.840902931244115	0.9918174814853513	0.012710178580752997
4.863766126980863	0.9918174814853513	0.012716609012544821
4.885228148143311	0.9918174814853513	0.012733563335265338
4.90516304705728	0.9918174814853513	0.012758139312584026
4.923453837809178	0.9918174814853513	0.012786175310366741
4.9399931827658605	0.9918174814853513	0.012813093024156603
4.954684022474541	0.9918174814853513	0.012834890344022543
4.967440145246251	0.9918174814853513	0.012849006881846555
4.978186693080319	0.9918174814853513	0.012854825967309658
4.9868606009608785	0.9918174814853513	0.012853678577669269
4.993410966947456	0.9918174814853513	0.012848349906861392
4.997799350887806	0.9918174814853513	0.012842222650799354
5.0	0.9918174814853513	0.01283828770999521
4.25	1.0089870984153095	0.02609707424604495
4.252200649112194	1.0089870984153095	0.0259008492044266
4.256589033052544	1.0089870984153095	0.025516508827230677
4.2631393990391215	1.0089870984153095	0.02495962703672349
4.271813306919681	1.0089870984153095	0.024252056206980017
4.282559854753749	1.0089870984153095	0.02342038492074152
4.295315977525459	1.0089870984153095	0.022494256026836534
4.3100068172341395	1.0089870984153095	0.021504743293710805
4.326546162190822	1.0089870984153095	0.020482923802115256
4.34483695294272	1.0089870984153095	0.019458700124428283
4.364771851856689	1.0089870984153095	0.018459847688329725
4.386233873019137	1.0089870984153095	0.017511212616759024
4.409097068755885	1.0089870984153095	0.016633978281507242
4.4332272687432	1.0089870984153095	0.015844955247581914
4.458482867372603	1.0089870984153095	0.015155915318644074
4.484715654748892	1.0089870984153095	0.014573061838013088
4.511771686444731	1.0089870984153095	0.014096778070778646
4.539492186907772	1.0089870984153095	0.013721801607556284
4.567714481218726	1.0089870984153095	0.01343792596836701
4.596272949732473	1.0089870984153095	0.013231237675976067
4.625	1.0089870984153095	0.013085779742925673
4.653727050267527	1.0089870984153095	0.012985421970803976
4.682285518781274	1.0089870984153095	0.012915646785340382
4.710507813092227	1.0089870984153095	0.012864950284699757
4.738228313555268	1.0089870984153095	0.012825619921896158
4.765284345251108	1.0089870984153095	0.01279377218119947
4.791517132627397	1.0089870984153095	0.012768688372940156
4.8167727312568	1.0089870984153095	0.01275163684388877
4.840902931244115	1.0089870984153095	0.012744477757733158
4.863766126980863	1.0089870984153095	0.012748384246550788
4.885228148143311	1.0089870984153095	0.012762970840332854
4.90516304705728	1.0089870984153095	0.012786007042612162
4.923453837809178	1.0089870984153095	0.012813739472931554
4.9399931827658605	1.0089870984153095	0.012841689846733043
4.954684022474541	1.0089870984153095	0.01286567845087069
4.967440145246251	1.0089870984153095	0.012882773777432044
4.978186693080319	1.0089870984153095	0.012891900461166103
4.9868606009608785	1.0089870984153095	0.012893940066814857
4.993410966947456	1.0089870984153095	0.01289130416814331
4.997799350887806	1.0089870984153095	0.012887106920758475
5.0	1.0089870984153095	0.012884174825020758
4.25	1.0272776550047078	0.026211430745730676
4.252200649112194	1.0272776550047078	0.02601375159105896
4.256589033052544	1.0272776550047078	0.02562675378139805
4.2631393990391215	1.0272776550047078	0.025066444410090236
4.271813306919681	1.0272776550047078	0.024355173206656706
4.282559854753749	1.0272776550047078	0.023519954575717327
4.295315977525459	1.0272776550047078	0.022590669578193074
4.3100068172341395	1.0272776550047078	0.02159837820589493
4.326546162190822	1.0272776550047078	0.020573897381478613
4.34483695294272	1.0272776550047078	0.019546698291013832
4.364771851856689	1.0272776550047078	0.018544079331297942
4.386233873019137	1.0272776550047078	0.017590507214259473
4.409097068755885	1.0272776550047078	0.016707006745125208
4.4332272687432	1.0272776550047078	0.015910521216666997
4.458482867372603	1.0272776550047078	0.01521324497536595
4.484715654748892	1.0272776550047078	0.01462201970246335
4.511771686444731	1.0272776550047078	0.014137954219705566
4.539492186907772	1.0272776550047078	0.01375644752826134
4.567714481218726	1.0272776550047078	0.013467753471487473
4.596272949732473	1.0272776550047078	0.013258128333717194
4.625	1.0272776550047078	0.013111472855158861
4.653727050267527	1.0272776550047078	0.013011252187888366
4.682285518781274	1.0272776550047078	0.012942387964725284
4.710507813092227	1.0272776550047078	0.01289279423150013
4.738228313555268	1.0272776550047078	0.012854284963067421
4.765284345251108	1.0272776550047078	0.012822705836765839
4.791517132627397	1.0272776550047078	0.012797308333925289
4.8167727312568	1.0272776550047078	0.012779549533858969
4.840902931244115	1.0272776550047078	0.012771624257815183
4.863766126980863	1.0272776550047078	0.01277508556400975
4.885228148143311	1.0272776550047078	0.012789871817748542
4.90516304705728	1.0272776550047078	0.012813943142931437
4.923453837809178	1.0272776550047078	0.012843566909130178
4.9399931827658605	1.0272776550047078	0.012874123554230682
4.954684022474541	1.0272776550047078	0.012901174339967163
4.967440145246251	1.0272776550047078	0.012921475009753285
4.978186693080319	1.0272776550047078	0.012933647767565231
4.9868606009608785	1.0272776550047078	0.012938329351204602
4.993410966947456	1.0272776550047078	0.012937765421261127
4.997799350887806	1.0272776550047078	0.012934978731539504
5.0	1.0272776550047078	0.01293275736464722
4.25	1.0465818149945596	0.026319541066571223
4.252200649112194	1.0465818149945596	0.02612474793319223
4.256589033052544	1.0465818149945596	0.02574287368205731
4.2631393990391215	1.0465818149945596	0.02518876475120864
4.271813306919681	1.0465818149945596	0.02448333995910713
4.282559854753749	1.0465818149945596	0.02365220594781661
4.295315977525459	1.0465818149945596	0.022724139343926836
4.3100068172341395	1.0465818149945596	0.021729605821667313
4.326546162190822	1.0465818149945596	0.02069942966693823
4.34483695294272	1.0465818149945596	0.0196636530647158
4.364771851856689	1.0465818149945596	0.0186505568004222
4.386233873019137	1.0465818149945596	0.01768577531285097
4.409097068755885	1.0465818149945596	0.01679144143440556
4.4332272687432	1.0465818149945596	0.015985338460062233
4.458482867372603	1.0465818149945596	0.015280104574486161
4.484715654748892	1.0465818149945596	0.014682602942503039
4.511771686444731	1.0465818149945596	0.014193613606623242
4.539492186907772	1.0465818149945596	0.013808000470660232
4.567714481218726	1.0465818149945596	0.013515450599709782
4.596272949732473	1.0465818149945596	0.013301782345298047
4.625	1.0465818149945596	0.013150696516628285
4.653727050267527	1.0465818149945596	0.013045732883806749
4.682285518781274	1.0465818149945596	0.012972124782409548
4.710507813092227	1.0465818149945596	0.012918240532632422
4.738228313555268	1.0465818149945596	0.012876368738686503
4.765284345251108	1.0465818149945596	0.012842733270587815
4.791517132627397	1.0465818149945596	0.012816784136032542
4.8167727312568	1.0465818149945596	0.012799964108629835
4.840902931244115	1.0465818149945596	0.01279425968538617
4.863766126980863	1.0465818149945596	0.012800880894045373
4.885228148143311	1.0465818149945596	0.012819367922069898
4.90516304705728	1.0465818149945596	0.012847304820361593
4.923453837809178	1.0465818149945596	0.012880661436449923
4.9399931827658605	1.0465818149945596	0.012914624909574936
4.954684022474541	1.0465818149945596	0.01294466241636446
4.967440145246251	1.0465818149945596	0.01296750773145023
4.978186693080319	1.0465818149945596	0.012981797263672384
4.9868606009608785	1.0465818149945596	0.012988186470101613
4.993410966947456	1.0465818149945596	0.012988925775719615
4.997799350887806	1.0465818149945596	0.012987025917787741
5.0	1.0465818149945596	0.012985255190037294
4.25	1.0667862938980828	0.02641201608194716
4.252200649112194	1.0667862938980828	0.02622498105127013
4.256589033052544	1.0667862938980828	0.025856901955662467
4.2631393990391215	1.0667862938980828	0.02531957306324264
4.271813306919681	1.0667862938980828	0.024630216277691772
4.282559854753749	1.0667862938980828	0.02381091575856393
4.295315977525459	1.0667862938980828	0.02288785892127797
4.3100068172341395	1.0667862938980828	0.02189037895748053
4.326546162190822	1.0667862938980828	0.020849797948595972
4.34483695294272	1.0667862938980828	0.019798082390906416
4.364771851856689	1.0667862938980828	0.018766346877964333
4.386233873019137	1.0667862938980828	0.017783275826844552
4.409097068755885	1.0667862938980828	0.0168735722045065
4.4332272687432	1.0667862938980828	0.01605657696839723
4.458482867372603	1.0667862938980828	0.015345222029065415
4.484715654748892	1.0667862938980828	0.014745472505862722
4.511771686444731	1.0667862938980828	0.014256374684821825
4.539492186907772	1.0667862938980828	0.013870755250425667
4.567714481218726	1.0667862938980828	0.013576524162074085
4.596272949732473	1.0667862938980828	0.013358434420074552
4.625	1.0667862938980828	0.013200067562418373
4.653727050267527	1.0667862938980828	0.013085764210424613
4.682285518781274	1.0667862938980828	0.0130022188450721
4.710507813092227	1.0667862938980828	0.01293951183560552
4.738228313555268	1.0667862938980828	0.012891452096384084
4.765284345251108	1.0667862938980828	0.012855231863886383
4.791517132627397	1.0667862938980828	0.012830524605600113
4.8167727312568	1.0667862938980828	0.012818259902974869
4.840902931244115	1.0667862938980828	0.012819362138954456
4.863766126980863	1.0667862938980828	0.012833730567126172
4.885228148143311	1.0667862938980828	0.012859668612266409
4.90516304705728	1.0667862938980828	0.012893856020326425
4.923453837809178	1.0667862938980828	0.01293182541522795
4.9399931827658605	1.0667862938980828	0.012968786049706915
4.954684022474541	1.0667862938980828	0.013000560094790637
4.967440145246251	1.0667862938980828	0.013024378736522265
4.978186693080319	1.0667862938980828	0.0130393301456333
4.9868606009608785	1.0667862938980828	0.01304634707272498
4.993410966947456	1.0667862938980828	0.013047743849113698
4.997799350887806	1.0667862938980828	0.01304642994194995
5.0	1.0667862938980828	0.013045010256528647
4.25	1.0877725237991134	0.02648288468576326
4.252200649112194	1.0877725237991134	0.026308352386432508
4.256589033052544	1.0877725237991134	0.025962449373691614
4.2631393990391215	1.0877725237991134	0.02545197099766376
4.271813306919681	1.0877725237991134	0.024788128853600655
4.282559854753749	1.0877725237991134	0.023987359721781804
4.295315977525459	1.0877725237991134	0.02307182556342568
4.3100068172341395	1.0877725237991134	0.022069301937073703
4.326546162190822	1.0877725237991134	0.021012263372842923
4.34483695294272	1.0877725237991134	0.019936139471354957
4.364771851856689	1.0877725237991134	0.018876897710978526
4.386233873019137	1.0877725237991134	0.017868266978893172
4.409097068755885	1.0877725237991134	0.016939013880397966
4.4332272687432	1.0877725237991134	0.016110699577631914
4.458482867372603	1.0877725237991134	0.015396274238573765
4.484715654748892	1.0877725237991134	0.014799724023657009
4.511771686444731	1.0877725237991134	0.014316801976256345
4.539492186907772	1.0877725237991134	0.013936687451089733
4.567714481218726	1.0877725237991134	0.013644266588309159
4.596272949732473	1.0877725237991134	0.013422637957510222
4.625	1.0877725237991134	0.013255437448746209
4.653727050267527	1.0877725237991134	0.013128642427276417
4.682285518781274	1.0877725237991134	0.013031639257529454
4.710507813092227	1.0877725237991134	0.012957491969683889
4.738228313555268	1.0877725237991134	0.012902500565562467
4.765284345251108	1.0877725237991134	0.012865255907337999
4.791517132627397	1.0877725237991134	0.012845464057756387
4.8167727312568	1.0877725237991134	0.01284281862416362
4.840902931244115	1.0877725237991134	0.012856150343280155
4.863766126980863	1.0877725237991134	0.012882994658897634
4.885228148143311	1.0877725237991134	0.012919612423582956
4.90516304705728	1.0877725237991134	0.012961399119579073
4.923453837809178	1.0877725237991134	0.013003543336249338
4.9399931827658605	1.0877725237991134	0.013041757598394273
4.954684022474541	1.0877725237991134	0.013072907205785753
4.967440145246251	1.0877725237991134	0.01309540046724222
4.978186693080319	1.0877725237991134	0.01310926537004775
4.9868606009608785	1.0877725237991134	0.01311590889687215
4.993410966947456	1.0877725237991134	0.013117621382137417
4.997799350887806	1.0877725237991134	0.013116937515570097
5.0	1.0877725237991134	0.013115990141476344
4.25	1.1094173491557848	0.02653237944873504
4.252200649112194	1.1094173491557848	0.026374247168245324
4.256589033052544	1.1094173491557848	0.02605733489930264
4.2631393990391215	1.1094173491557848	0.025581724351915653
4.271813306919681	1.1094173491557848	0.024950594826378864
4.282559854753749	1.1094173491557848	0.024172907501617588
4.295315977525459	1.1094173491557848	0.023265612113263754
4.3100068172341395	1.1094173491557848	0.02225466379608419
4.326546162190822	1.1094173491557848	0.02117439996716378
4.34483695294272	1.1094173491557848	0.020065205470225583
4.364771851856689	1.1094173491557848	0.018969796218620202
4.386233873019137	1.1094173491557848	0.01792877981122093
4.409097068755885	1.1094173491557848	0.016976327902532208
4.4332272687432	1.1094173491557848	0.016136779553769416
4.458482867372603	1.1094173491557848	0.015422794618324938
4.484715654748892	1.1094173491557848	0.01483534280851426
4.511771686444731	1.1094173491557848	0.01436542903905076
4.539492186907772	1.1094173491557848	0.01399710973453517
4.567714481218726	1.1094173491557848	0.013711125488413665
4.596272949732473	1.1094173491557848	0.013488408621191552
4.625	1.1094173491557848	0.01331282445198193
4.653727050267527	1.1094173491557848	0.013172737070267107
4.682285518781274	1.1094173491557848	0.013061289743133794
4.710507813092227	1.1094173491557848	0.012975581283217082
4.738228313555268	1.1094173491557848	0.012915135443693583
4.765284345251108	1.1094173491557848	0.012880157718528261
4.791517132627397	1.1094173491557848	0.01287004288120291
4.8167727312568	1.1094173491557848	0.01288245993910038
4.840902931244115	1.1094173491557848	0.012913145550412381
4.863766126980863	1.1094173491557848	0.012956338600559796
4.885228148143311	1.1094173491557848	0.013005637873967817
4.90516304705728	1.1094173491557848	0.013054993365497179
4.923453837809178	1.1094173491557848	0.01309955658296943
4.9399931827658605	1.1094173491557848	0.013136199068050433
4.954684022474541	1.1094173491557848	0.013163627736995129
4.967440145246251	1.1094173491557848	0.013182141885042159
4.978186693080319	1.1094173491557848	0.013193157783465095
4.9868606009608785	1.1094173491557848	0.013198655849100798
4.993410966947456	1.1094173491557848	0.013200683812784211
4.997799350887806	1.1094173491557848	0.013200994158421268
5.0	1.1094173491557848	0.013200830590640082
4.25	1.131593749526218	0.026568661491665917
4.252200649112194	1.131593749526218	0.026429326251987264
4.256589033052544	1.131593749526218	0.026145508521050312
4.2631393990391215	1.131593749526218	0.02570937408275557
4.271813306919681	1.131593749526218	0.025114665961261252
4.282559854753749	1.131593749526218	0.024361626491251204
4.295315977525459	1.131593749526218	0.023461232243555882
4.3100068172341395	1.131593749526218	0.02243753839935964
4.326546162190822	1.131593749526218	0.021327374665241698
4.34483695294272	1.131593749526218	0.02017727108482206
4.364771851856689	1.131593749526218	0.01903815912111541
4.386233873019137	1.131593749526218	0.017958925529841914
4.409097068755885	1.131593749526218	0.016980164666185554
4.4332272687432	1.131593749526218	0.016129418296269186
4.458482867372603	1.131593749526218	0.015418832343436318
4.484715654748892	1.131593749526218	0.014845593613831313
4.511771686444731	1.131593749526218	0.014394880910906134
4.539492186907772	1.131593749526218	0.014044528623877247
4.567714481218726	1.131593749526218	0.013770282029992913
4.596272949732473	1.131593749526218	0.013550487463620737
4.625	1.131593749526218	0.013369298668772655
4.653727050267527	1.131593749526218	0.013217916509297684
4.682285518781274	1.131593749526218	0.01309389126820856
4.710507813092227	1.131593749526218	0.012998972285533351
4.738228313555268	1.131593749526218	0.012936279602512223
4.765284345251108	1.131593749526218	0.012907638055871388
4.791517132627397	1.131593749526218	0.012911759862580965
4.8167727312568	1.131593749526218	0.012943648288638452
4.840902931244115	1.131593749526218	0.012995220485289108
4.863766126980863	1.131593749526218	0.01305681781570893
4.885228148143311	1.131593749526218	0.013119071334383961
4.90516304705728	1.131593749526218	0.01317455991194874
4.923453837809178	1.131593749526218	0.013218829095026485
4.9399931827658605	1.131593749526218	0.013250576029823432
4.954684022474541	1.131593749526218	0.013271070004447303
4.967440145246251	1.131593749526218	0.013283089153611347
4.978186693080319	1.131593749526218	0.013289754360753744
4.9868606009608785	1.131593749526218	0.013293612418857851
4.993410966947456	1.131593749526218	0.013296184418768014
4.997799350887806	1.131593749526218	0.013298006182753216
5.0	1.131593749526218	0.013299012338470174
4.25	1.154171584974981	0.02660783057960426
4.252200649112194	1.154171584974981	0.026487730401689284
4.256589033052544	1.154171584974981	0.026237608269958006
4.2631393990391215	1.154171584974981	0.025841241126225444
4.271813306919681	1.154171584974981	0.02528239880645575
4.282559854753749	1.154171584974981	0.02455215974287004
4.295315977525459	1.154171584974981	0.023655311295113484
4.3100068172341395	1.154171584974981	0.02261410453451213
4.326546162190822	1.154171584974981	0.0214682764361305
4.34483695294272	1.154171584974981	0.02027116621828325
4.364771851856689	1.154171584974981	0.019082704324754996
4.386233873019137	1.154171584974981	0.017960803277187118
4.409097068755885	1.154171584974981	0.016953045420752755
4.4332272687432	1.154171584974981	0.016090460703964426
4.458482867372603	1.154171584974981	0.015384655486423314
4.484715654748892	1.154171584974981	0.01482873594234322
4.511771686444731	1.154171584974981	0.014401579301712491
4.539492186907772	1.154171584974981	0.014074266129093165
4.567714481218726	1.154171584974981	0.01381707336356527
4.596272949732473	1.154171584974981	0.013605426700656585
4.625	1.154171584974981	0.01342359890746016
4.653727050267527	1.154171584974981	0.013265596493260196
4.682285518781274	1.154171584974981	0.013133417489582303
4.710507813092227	1.154171584974981	0.013033493602293443
4.738228313555268	1.154171584974981	0.012972496980518897
4.765284345251108	1.154171584974981	0.012953720607153572
4.791517132627397	1.154171584974981	0.01297495152336957
4.8167727312568	1.154171584974981	0.013028250941303287
4.840902931244115	1.154171584974981	0.013101488529985442
4.863766126980863	1.154171584974981	0.013181009072772025
4.885228148143311	1.154171584974981	0.01325455897451749
4.90516304705728	1.154171584974981	0.013313618767307174
4.923453837809178	1.154171584974981	0.013354547306753495
4.9399931827658605	1.154171584974981	0.01337834880853471
4.954684022474541	1.154171584974981	0.013389295177047374
4.967440145246251	1.154171584974981	0.013392947835129593
4.978186693080319	1.154171584974981	0.013394241194480511
4.9868606009608785	1.154171584974981	0.013396193461824149
4.993410966947456	1.154171584974981	0.013399545578469894
4.997799350887806	1.154171584974981	0.01340329090816354
5.0	1.154171584974981	0.013405759834835735
4.25	1.1770183597859787	0.026671943838567063
4.252200649112194	1.1770183597859787	0.026569393167894684
4.256589033052544	1.1770183597859787	0.026349797164397705
4.2631393990391215	1.1770183597859787	0.02598890471008864
4.271813306919681	1.1770183597859787	0.025460958416329324
4.282559854753749	1.1770183597859787	0.02474831759428456
4.295315977525459	1.1770183597859787	0.02384994718864223
4.3100068172341395	1.1770183597859787	0.02278653466362012
4.326546162190822	1.1770183597859787	0.021600829486739446
4.34483695294272	1.1770183597859787	0.02035298019640581
4.364771851856689	1.1770183597859787	0.019111869698740423
4.386233873019137	1.1770183597859787	0.017944411007306788
4.409097068755885	1.1770183597859787	0.01690522655058347
4.4332272687432	1.1770183597859787	0.016028990309524142
4.458482867372603	1.1770183597859787	0.015327015713572
4.484715654748892	1.1770183597859787	0.014788614814989772
4.511771686444731	1.1770183597859787	0.014386613055435189
4.539492186907772	1.1770183597859787	0.014085467829223902
4.567714481218726	1.1770183597859787	0.013849933366506358
4.596272949732473	1.1770183597859787	0.01365224480268562
4.625	1.1770183597859787	0.013476323716517457
4.653727050267527	1.1770183597859787	0.013318372010756377
4.682285518781274	1.1770183597859787	0.013184178544977764
4.710507813092227	1.1770183597859787	0.013084260340569465
4.738228313555268	1.1770183597859787	0.013028401129230914
4.765284345251108	1.1770183597859787	0.013021144337595502
4.791517132627397	1.1770183597859787	0.013059379864739856
4.8167727312568	1.1770183597859787	0.013132477424664907
4.840902931244115	1.1770183597859787	0.013224670641076052
4.863766126980863	1.1770183597859787	0.013318795667165999
4.885228148143311	1.1770183597859787	0.013400191034667025
4.90516304705728	1.1770183597859787	0.013459631738769545
4.923453837809178	1.1770183597859787	0.013494553613553695
4.9399931827658605	1.1770183597859787	0.01350838979987424
4.954684022474541	1.1770183597859787	0.01350841134099855
4.967440145246251	1.1770183597859787	0.013502870249771067
4.978186693080319	1.1770183597859787	0.013498375904284285
4.9868606009608785	1.1770183597859787	0.013498272585521382
4.993410966947456	1.1770183597859787	0.013502396142331475
4.997799350887806	1.1770183597859787	0.013508105897190826
5.0	1.1770183597859787	0.013512071201101475
4.25	1.2	0.02678525692988494
4.252200649112194	1.2	0.02669662523178655
4.256589033052544	1.2	0.026500952208258415
4.2631393990391215	1.2	0.02616711537108285
4.271813306919681	1.2	0.025661209035981493
4.282559854753749	1.2	0.024958152970601912
4.295315977525459	1.2	0.02405198671211033
4.3100068172341395	1.2	0.02296217593204982
4.326546162190822	1.2	0.021734249009320958
4.34483695294272	1.2	0.020434487595463978
4.364771851856689	1.2	0.019139853580364168
4.386233873019137	1.2	0.017925477704463
4.409097068755885	1.2	0.0168525807705383
4.4332272687432	1.2	0.01595952408341076
4.458482867372603	1.2	0.015257855229026947
4.484715654748892	1.2	0.014733958073121986
4.511771686444731	1.2	0.014355563094898816
4.539492186907772	1.2	0.014081269836490013
4.567714481218726	1.2	0.013870644331500391
4.596272949732473	1.2	0.013692504120532644
4.625	1.2	0.013529644707221636
4.653727050267527	1.2	0.013379295839986852
4.682285518781274	1.2	0.013249733297650777
4.710507813092227	1.2	0.013154410148833916
4.738228313555268	1.2	0.01310547854226301
4.765284345251108	1.2	0.01310854500720577
4.791517132627397	1.2	0.01315998473229426
4.8167727312568	1.2	0.013247308547008157
4.840902931244115	1.2	0.013352180280533124
4.863766126980863	1.2	0.013454973664846747
4.885228148143311	1.2	0.013539420778210513
4.90516304705728	1.2	0.01359600620447069
4.923453837809178	1.2	0.013623241870124583
4.9399931827658605	1.2	0.013626651513414476
4.954684022474541	1.2	0.013615983780215847
4.967440145246251	1.2	0.013601655626821491
4.978186693080319	1.2	0.013591572198936364
4.9868606009608785	1.2	0.013589252666233774
4.993410966947456	1.2	0.01359370074235006
4.997799350887806	1.2	0.01360086055336975
5.0	1.2	0.01360598618074794
4.25	1.2229816402140212	0.026969379899143754
4.252200649112194	1.2229816402140212	0.026889596970586575
4.256589033052544	1.2229816402140212	0.026708717566864215
4.2631393990391215	1.2229816402140212	0.02639051927326611
4.271813306919681	1.2229816402140212	0.02589504469362819
4.282559854753749	1.2229816402140212	0.02519169019958254
4.295315977525459	1.2229816402140212	0.024270861553642952
4.3100068172341395	1.2229816402140212	0.02315120120054899
4.326546162190822	1.2229816402140212	0.02188049482608308
4.34483695294272	1.2229816402140212	0.020529930448047122
4.364771851856689	1.2229816402140212	0.019183010256052378
4.386233873019137	1.2229816402140212	0.01792169293467017
4.409097068755885	1.2229816402140212	0.016812958562954748
4.4332272687432	1.2229816402140212	0.015898801714888885
4.458482867372603	1.2229816402140212	0.015191741079900425
4.484715654748892	1.2229816402140212	0.014676540106129137
4.511771686444731	1.2229816402140212	0.014317330537907035
4.539492186907772	1.2229816402140212	0.014068101555816868
4.567714481218726	1.2229816402140212	0.01388385863106914
4.596272949732473	1.2229816402140212	0.013729805822798561
4.625	1.2229816402140212	0.013586611535239644
4.653727050267527	1.2229816402140212	0.013450961360274273
4.682285518781274	1.2229816402140212	0.013331860552744344
4.710507813092227	1.2229816402140212	0.013244188240661627
4.738228313555268	1.2229816402140212	0.013201568009966158
4.765284345251108	1.2229816402140212	0.013210589572541844
4.791517132627397	1.2229816402140212	0.013267844408057939
4.8167727312568	1.2229816402140212	0.013360318741707913
4.840902931244115	1.2229816402140212	0.013468696996628848
4.863766126980863	1.2229816402140212	0.013572346988183789
4.885228148143311	1.2229816402140212	0.013654388042720279
4.90516304705728	1.2229816402140212	0.01370535982254019
4.923453837809178	1.2229816402140212	0.013724544962113729
4.9399931827658605	1.2229816402140212	0.013718768698243379
4.954684022474541	1.2229816402140212	0.013699262346067644
4.967440145246251	1.2229816402140212	0.013677709158402142
4.978186693080319	1.2229816402140212	0.013662746108366802
4.9868606009608785	1.2229816402140212	0.013657948751562734
4.993410966947456	1.2229816402140212	0.013661776217241163
4.997799350887806	1.2229816402140212	0.013669285575024876
5.0	1.2229816402140212	0.013674854351060776
4.25	1.2458284150250192	0.027238376966607063
4.252200649112194	1.2458284150250192	0.02716168201410893
4.256589033052544	1.2458284150250192	0.02698526964382752
4.2631393990391215	1.2458284150250192	0.026669908888355433
4.271813306919681	1.2458284150250192	0.02617205985331271
4.282559854753749	1.2458284150250192	0.025457840361378412
4.295315977525459	1.2458284150250192	0.02451551410607186
4.3100068172341395	1.2458284150250192	0.023363319409947635
4.326546162190822	1.2458284150250192	0.022050614170582905
4.34483695294272	1.2458284150250192	0.020651960565578473
4.364771851856689	1.2458284150250192	0.019255491420668208
4.386233873019137	1.2458284150250192	0.017948256945287445
4.409097068755885	1.2458284150250192	0.016801914438814604
4.4332272687432	1.2458284150250192	0.01586194685910222
4.458482867372603	1.2458284150250192	0.015142648475973412
4.484715654748892	1.2458284150250192	0.014628660561351587
4.511771686444731	1.2458284150250192	0.014282260679878315
4.539492186907772	1.2458284150250192	0.014054306334807923
4.567714481218726	1.2458284150250192	0.013896021061086391
4.596272949732473	1.2458284150250192	0.01376883687588527
4.625	1.2458284150250192	0.013650222477908213
4.653727050267527	1.2458284150250192	0.013534607065897765
4.682285518781274	1.2458284150250192	0.013429821699683795
4.710507813092227	1.2458284150250192	0.013350574871727808
4.738228313555268	1.2458284150250192	0.013311085523963605
4.765284345251108	1.2458284150250192	0.013318990656700795
4.791517132627397	1.2458284150250192	0.013372073545540259
4.8167727312568	1.2458284150250192	0.013458419802123785
4.840902931244115	1.2458284150250192	0.013559586999708943
4.863766126980863	1.2458284150250192	0.013655558360016704
4.885228148143311	1.2458284150250192	0.013729854647986494
4.90516304705728	1.2458284150250192	0.013773281768139625
4.923453837809178	1.2458284150250192	0.013785328082134098
4.9399931827658605	1.2458284150250192	0.013773008289755992
4.954684022474541	1.2458284150250192	0.013747732772147588
4.967440145246251	1.2458284150250192	0.013721330226816354
4.978186693080319	1.2458284150250192	0.01370251702322429
4.9868606009608785	1.2458284150250192	0.013694861618824132
4.993410966947456	1.2458284150250192	0.013696735012893325
4.997799350887806	1.2458284150250192	0.013703058198128457
5.0	1.2458284150250192	0.01370807492175678
4.25	1.2684062504737819	0.02759493725177109
4.252200649112194	1.2684062504737819	0.02751573608520904
4.256589033052544	1.2684062504737819	0.02733377836105059
4.2631393990391215	1.2684062504737819	0.02700888345235914
4.271813306919681	1.2684062504737819	0.026496361532055784
4.282559854753749	1.2684062504737819	0.02576126596896382
4.295315977525459	1.2684062504737819	0.02479119268649003
4.3100068172341395	1.2684062504737819	0.023604393041546098
4.326546162190822	1.2684062504737819	0.02225112112173462
4.34483695294272	1.2684062504737819	0.020807790904732094
4.364771851856689	1.2684062504737819	0.01936525335647842
4.386233873019137	1.2684062504737819	0.018013885476147736
4.409097068755885	1.2684062504737819	0.016828877874075755
4.4332272687432	1.2684062504737819	0.01585896155001696
4.458482867372603	1.2684062504737819	0.015120891128523313
4.484715654748892	1.2684062504737819	0.014600557901591945
4.511771686444731	1.2684062504737819	0.014260020748142683
4.539492186907772	1.2684062504737819	0.014048416119216811
4.567714481218726	1.2684062504737819	0.013913956614318263
4.596272949732473	1.2684062504737819	0.013814206702117896
4.625	1.2684062504737819	0.01372249473194939
4.653727050267527	1.2684062504737819	0.013629467985284274
4.682285518781274	1.2684062504737819	0.013540096785513987
4.710507813092227	1.2684062504737819	0.01346753966232877
4.738228313555268	1.2684062504737819	0.013425921921034215
4.765284345251108	1.2684062504737819	0.01342412341732405
4.791517132627397	1.2684062504737819	0.013462154746554761
4.8167727312568	1.2684062504737819	0.013530809569600668
4.840902931244115	1.2684062504737819	0.013614288511409799
4.863766126980863	1.2684062504737819	0.013694679292374796
4.885228148143311	1.2684062504737819	0.013756760182653097
4.90516304705728	1.2684062504737819	0.013791655574879021
4.923453837809178	1.2684062504737819	0.01379835708996915
4.9399931827658605	1.2684062504737819	0.013782856868584955
4.954684022474541	1.2684062504737819	0.013755386389853935
4.967440145246251	1.2684062504737819	0.013726790172054745
4.978186693080319	1.2684062504737819	0.013705241354582669
4.9868606009608785	1.2684062504737819	0.013694294270225189
4.993410966947456	1.2684062504737819	0.013692756989697267
4.997799350887806	1.2684062504737819	0.013696232032882604
5.0	1.2684062504737819	0.013699624182380587
4.25	1.290582650844215	0.028028563252498775
4.252200649112194	1.290582650844215	0.027942231756384384
4.256589033052544	1.290582650844215	0.027746441866528724
4.2631393990391215	1.290582650844215	0.027401750982515335
4.271813306919681	1.290582650844215	0.026864323897241565
4.282559854753749	1.290582650844215	0.026099992854235702
4.295315977525459	1.290582650844215	0.025096943448351564
4.3100068172341395	1.290582650844215	0.023873846745756936
4.326546162190822	1.290582650844215	0.022481366600167845
4.34483695294272	1.290582650844215	0.02099657278179757
4.364771851856689	1.290582650844215	0.019511482248099486
4.386233873019137	1.290582650844215	0.01811831484224499
4.409097068755885	1.290582650844215	0.016894759281682405
4.4332272687432	1.290582650844215	0.015892445638292074
4.458482867372603	1.290582650844215	0.015130963179712029
4.484715654748892	1.290582650844215	0.014598386186920621
4.511771686444731	1.290582650844215	0.014257734308757902
4.539492186907772	1.290582650844215	0.014057481965635376
4.567714481218726	1.290582650844215	0.013943453007119687
4.596272949732473	1.290582650844215	0.013869352029515721
4.625	1.290582650844215	0.013803768349761785
4.653727050267527	1.290582650844215	0.013732550040498287
4.682285518781274	1.290582650844215	0.013656681445582878
4.710507813092227	1.290582650844215	0.013586881179559942
4.738228313555268	1.290582650844215	0.013536804041555635
4.765284345251108	1.290582650844215	0.013516843151262474
4.791517132627397	1.290582650844215	0.013530108006909167
4.8167727312568	1.290582650844215	0.013571360993228088
4.840902931244115	1.290582650844215	0.01362877794409413
4.863766126980863	1.290582650844215	0.013687620423399093
4.885228148143311	1.290582650844215	0.013734471573245867
4.90516304705728	1.290582650844215	0.013760684621225308
4.923453837809178	1.290582650844215	0.013764084130071616
4.9399931827658605	1.290582650844215	0.013748595232461372
4.954684022474541	1.290582650844215	0.013722146003108079
4.967440145246251	1.290582650844215	0.013693688511871834
4.978186693080319	1.290582650844215	0.013670375918432513
4.9868606009608785	1.290582650844215	0.013655780176241068
4.993410966947456	1.290582650844215	0.013649609838183283
4.997799350887806	1.290582650844215	0.013648843304949573
5.0	1.290582650844215	0.013649712764873298
4.25	1.3122274762008865	0.02851629940330624
4.252200649112194	1.3122274762008865	0.02841977912958129
4.256589033052544	1.3122274762008865	0.028204639982342523
4.2631393990391215	1.3122274762008865	0.027833239695873056
4.271813306919681	1.3122274762008865	0.027263881765180728
4.282559854753749	1.3122274762008865	0.02646439798310939
4.295315977525459	1.3122274762008865	0.025424460136868377
4.3100068172341395	1.3122274762008865	0.02416355626501507
4.326546162190822	1.3122274762008865	0.022732606720755548
4.34483695294272	1.3122274762008865	0.02120871192311996
4.364771851856689	1.3122274762008865	0.019684139836302253
4.386233873019137	1.3122274762008865	0.018251982549278067
4.409097068755885	1.3122274762008865	0.01699162545227062
4.4332272687432	1.3122274762008865	0.01595712514390454
4.458482867372603	1.3122274762008865	0.015170821305620958
4.484715654748892	1.3122274762008865	0.014623227893692916
4.511771686444731	1.3122274762008865	0.014278791209166756
4.539492186907772	1.3122274762008865	0.014085826665890509
4.567714481218726	1.3122274762008865	0.01398814945903758
4.596272949732473	1.3122274762008865	0.013935759103159808
4.625	1.3122274762008865	0.013892417228961952
4.653727050267527	1.3122274762008865	0.013838907323657914
4.682285518781274	1.3122274762008865	0.013771912723183295
4.710507813092227	1.3122274762008865	0.013699493118304672
4.738228313555268	1.3122274762008865	0.013634827712204797
4.765284345251108	1.3122274762008865	0.013590084490452702
4.791517132627397	1.3122274762008865	0.013571970231318566
4.8167727312568	1.3122274762008865	0.013579845699312896
4.840902931244115	1.3122274762008865	0.013606471267130783
4.863766126980863	1.3122274762008865	0.013640716736575059
4.885228148143311	1.3122274762008865	0.013671116133493354
4.90516304705728	1.3122274762008865	0.013689069338447797
4.923453837809178	1.3122274762008865	0.013690768800163119
4.9399931827658605	1.3122274762008865	0.013677442497873109
4.954684022474541	1.3122274762008865	0.013654077064112242
4.967440145246251	1.3122274762008865	0.013627238963767037
4.978186693080319	1.3122274762008865	0.013602819449352708
4.9868606009608785	1.3122274762008865	0.013584449150765548
4.993410966947456	1.3122274762008865	0.013573011901662595
4.997799350887806	1.3122274762008865	0.013567257269422673
5.0	1.3122274762008865	0.013565118572750934
4.25	1.3332137061019174	0.02902595332381731
4.252200649112194	1.3332137061019174	0.0289180264666729
4.256589033052544	1.3332137061019174	0.0286812736465823
4.2631393990391215	1.3332137061019174	0.028280174320504847
4.271813306919681	1.3332137061019174	0.02767560195101109
4.282559854753749	1.3332137061019174	0.026837872953138685
4.295315977525459	1.3332137061019174	0.02575861795998572
4.3100068172341395	1.3332137061019174	0.024458533444010565
4.326546162190822	1.3332137061019174	0.02298904435188881
4.34483695294272	1.3332137061019174	0.02142734052879894
4.364771851856689	1.3332137061019174	0.01986578925040775
4.386233873019137	1.3332137061019174	0.018398002039639774
4.409097068755885	1.3332137061019174	0.01710454816547715
4.4332272687432	1.3332137061019174	0.01604130674494989
4.458482867372603	1.3332137061019174	0.015232759556633708
4.484715654748892	1.3332137061019174	0.0146713390485728
4.511771686444731	1.3332137061019174	0.014322564686868853
4.539492186907772	1.3332137061019174	0.014134462480709653
4.567714481218726	1.3332137061019174	0.014048951656710353
4.596272949732473	1.3332137061019174	0.014012663120769847
4.625	1.3332137061019174	0.013985035949228793
4.653727050267527	1.3332137061019174	0.01394238215376658
4.682285518781274	1.3332137061019174	0.013877673986468272
4.710507813092227	1.3332137061019174	0.013796814059011496
4.738228313555268	1.3332137061019174	0.0137128560721593
4.765284345251108	1.3332137061019174	0.013639908853468207
4.791517132627397	1.3332137061019174	0.013588260539042295
4.8167727312568	1.3332137061019174	0.01356170536548866
4.840902931244115	1.3332137061019174	0.01355732815294353
4.863766126980863	1.3332137061019174	0.013567313182616834
4.885228148143311	1.3332137061019174	0.013581873807036772
4.90516304705728	1.3332137061019174	0.013592246899899053
4.923453837809178	1.3332137061019174	0.013592863013212322
4.9399931827658605	1.3332137061019174	0.013582199548223156
4.954684022474541	1.3332137061019174	0.013562304884881157
4.967440145246251	1.3332137061019174	0.013537392132966846
4.978186693080319	1.3332137061019174	0.01351212558721087
4.9868606009608785	1.3332137061019174	0.013490214150577311
4.993410966947456	1.3332137061019174	0.013473714931224944
4.997799350887806	1.3332137061019174	0.013463129915733492
5.0	1.3332137061019174	0.01345806986109816
4.25	1.3534181850054403	0.029521187452996006
4.252200649112194	1.3534181850054403	0.0294023855668347
4.256589033052544	1.3534181850054403	0.029144852008388362
4.2631393990391215	1.3534181850054403	0.028714815571230987
4.271813306919681	1.3534181850054403	0.02807535247915631
4.282559854753749	1.3534181850054403	0.027199060080657995
4.295315977525459	1.3534181850054403	0.026079603211683015
4.3100068172341395	1.3534181850054403	0.02473927135933097
4.326546162190822	1.3534181850054403	0.023230614841840382
4.34483695294272	1.3534181850054403	0.021631606950872
4.364771851856689	1.3534181850054403	0.0200352704586905
4.386233873019137	1.3534181850054403	0.01853595472941529
4.409097068755885	1.3534181850054403	0.01721516489389306
4.4332272687432	1.3534181850054403	0.01612987448046524
4.458482867372603	1.3534181850054403	0.015305614418364642
4.484715654748892	1.3534181850054403	0.01473550093072537
4.511771686444731	1.3534181850054403	0.01438502928905069
4.539492186907772	1.3534181850054403	0.014201241885502595
4.567714481218726	1.3534181850054403	0.01412405457295092
4.596272949732473	1.3534181850054403	0.01409726088947278
4.625	1.3534181850054403	0.01407705035848241
4.653727050267527	1.3534181850054403	0.014036653614380298
4.682285518781274	1.3534181850054403	0.01396674034345123
4.710507813092227	1.3534181850054403	0.01387218307894405
4.738228313555268	1.3534181850054403	0.01376652711700975
4.765284345251108	1.3534181850054403	0.013665826435828993
4.791517132627397	1.3534181850054403	0.013583385927923623
4.8167727312568	1.3534181850054403	0.013526474006044334
4.840902931244115	1.3534181850054403	0.013495401442160557
4.863766126980863	1.3534181850054403	0.013484698060716439
4.885228148143311	1.3534181850054403	0.013485630672144769
4.90516304705728	1.3534181850054403	0.013489097746257029
4.923453837809178	1.3534181850054403	0.013488024053136469
4.9399931827658605	1.3534181850054403	0.013478693311934893
4.954684022474541	1.3534181850054403	0.013460874879119601
4.967440145246251	1.3534181850054403	0.013436984068923786
4.978186693080319	1.3534181850054403	0.013410755399391372
4.9868606009608785	1.3534181850054403	0.013385952437161107
4.993410966947456	1.3534181850054403	0.013365503199847863
4.997799350887806	1.3534181850054403	0.013351208275831762
5.0	1.3534181850054403	0.013343919261330156
4.25	1.3727223449952923	0.02996742329869133
4.252200649112194	1.3727223449952923	0.029839602463480178
4.256589033052544	1.3727223449952923	0.0295644831892015
4.2631393990391215	1.3727223449952923	0.02910917472623452
4.271813306919681	1.3727223449952923	0.028438016145057147
4.282559854753749	1.3727223449952923	0.027525185252469494
4.295315977525459	1.3727223449952923	0.02636616433360882
4.3100068172341395	1.3727223449952923	0.024985202877921463
4.326546162190822	1.3727223449952923	0.02343684628496208
4.34483695294272	1.3727223449952923	0.021800977902233058
4.364771851856689	1.3727223449952923	0.020172314668243537
4.386233873019137	1.3727223449952923	0.018646548159618328
4.409097068755885	1.3727223449952923	0.017306043466382034
4.4332272687432	1.3727223449952923	0.016208043938114258
4.458482867372603	1.3727223449952923	0.01537769527587562
4.484715654748892	1.3727223449952923	0.01480707207064979
4.511771686444731	1.3727223449952923	0.014460049040904891
4.539492186907772	1.3727223449952923	0.014281629900320275
4.567714481218726	1.3727223449952923	0.014209507387184161
4.596272949732473	1.3727223449952923	0.01418534756376818
4.625	1.3727223449952923	0.014163594573386663
4.653727050267527	1.3727223449952923	0.014116361478493962
4.682285518781274	1.3727223449952923	0.014033988020708684
4.710507813092227	1.3727223449952923	0.013921845081415076
4.738228313555268	1.3727223449952923	0.013794713094402946
4.765284345251108	1.3727223449952923	0.013670406102781935
4.791517132627397	1.3727223449952923	0.013564217730866317
4.8167727312568	1.3727223449952923	0.013485307031494196
4.840902931244115	1.3727223449952923	0.013435481238439819
4.863766126980863	1.3727223449952923	0.013410162618048772
4.885228148143311	1.3727223449952923	0.013400820655603798
4.90516304705728	1.3727223449952923	0.013397916727400897
4.923453837809178	1.3727223449952923	0.013393467262379145
4.9399931827658605	1.3727223449952923	0.013382621263595039
4.954684022474541	1.3727223449952923	0.013364050855253466
4.967440145246251	1.3727223449952923	0.013339335226299105
4.978186693080319	1.3727223449952923	0.013311769951802423
4.9868606009608785	1.3727223449952923	0.01328510082859175
4.993410966947456	1.3727223449952923	0.01326257473092042
4.997799350887806	1.3727223449952923	0.013246484713239338
5.0	1.3727223449952923	0.013238155491462511
4.25	1.3910129015846904	0.030337315559753445
4.252200649112194	1.3910129015846904	0.030203002636441767
4.256589033052544	1.3910129015846904	0.029914721600073614
4.2631393990391215	1.3910129015846904	0.0294393969774136
4.271813306919681	1.3910129015846904	0.028741460625120768
4.282559854753749	1.3910129015846904	0.027795763141833324
4.295315977525459	1.3910129015846904	0.026599251322948783
4.3100068172341395	1.3910129015846904	0.025178462686635258
4.326546162190822	1.3910129015846904	0.023590863342043918
4.34483695294272	1.3910129015846904	0.021919494718062534
4.364771851856689	1.3910129015846904	0.0202619463878617
4.386233873019137	1.3910129015846904	0.01871596422369835
4.409097068755885	1.3910129015846904	0.017364734448619735
4.4332272687432	1.3910129015846904	0.01626489717963176
4.458482867372603	1.3910129015846904	0.015439657965375005
4.484715654748892	1.3910129015846904	0.014878169823207837
4.511771686444731	1.3910129015846904	0.014540953571342594
4.539492186907772	1.3910129015846904	0.014369849219443322
4.567714481218726	1.3910129015846904	0.014300135786380792
4.596272949732473	1.3910129015846904	0.014272193938943741
4.625	1.3910129015846904	0.01424043482435698
4.653727050267527	1.3910129015846904	0.014178050003529018
4.682285518781274	1.3910129015846904	0.014077214767522429
4.710507813092227	1.3910129015846904	0.013945422594750203
4.738228313555268	1.3910129015846904	0.013799395798966203
4.765284345251108	1.3910129015846904	0.013658351241600574
4.791517132627397	1.3910129015846904	0.01353826789903656
4.8167727312568	1.3910129015846904	0.013448293093011064
4.840902931244115	1.3910129015846904	0.0133897110317819
4.863766126980863	1.3910129015846904	0.013357188519762616
4.885228148143311	1.3910129015846904	0.013341490541075997
4.90516304705728	1.3910129015846904	0.013332633647621302
4.923453837809178	1.3910129015846904	0.01332253430667466
4.9399931827658605	1.3910129015846904	0.01330654061333056
4.954684022474541	1.3910129015846904	0.013283678394897212
4.967440145246251	1.3910129015846904	0.013255851301990012
4.978186693080319	1.3910129015846904	0.013226492962103674
4.9868606009608785	1.3910129015846904	0.013199222502225404
4.993410966947456	1.3910129015846904	0.013176918798924046
4.997799350887806	1.3910129015846904	0.013161378606999414
5.0	1.3910129015846904	0.01315346318373651
4.25	1.4081825185146486	0.030614666513400644
4.252200649112194	1.4081825185146486	0.03047632994559087
4.256589033052544	1.4081825185146486	0.030179274445591667
4.2631393990391215	1.4081825185146486	0.029689309927095217
4.271813306919681	1.4081825185146486	0.028969938240220712
4.282559854753749	1.4081825185146486	0.027995885251259248
4.295315977525459	1.4081825185146486	0.02676524118100215
4.3100068172341395	1.4081825185146486	0.025307091872420254
4.326546162190822	1.4081825185146486	0.02368258771298419
4.34483695294272	1.4081825185146486	0.021978951242167425
4.364771851856689	1.4081825185146486	0.0202975852692564
4.386233873019137	1.4081825185146486	0.018738807471805796
4.409097068755885	1.4081825185146486	0.017386482977502064
4.4332272687432	1.4081825185146486	0.016295790566088264
4.458482867372603	1.4081825185146486	0.015486573304758704
4.484715654748892	1.4081825185146486	0.014943404241789806
4.511771686444731	1.4081825185146486	0.014621977727086975
4.539492186907772	1.4081825185146486	0.014460086496932518
4.567714481218726	1.4081825185146486	0.014390574198428352
4.596272949732473	1.4081825185146486	0.014353439416574158
4.625	1.4081825185146486	0.014304716763422461
4.653727050267527	1.4081825185146486	0.014220716831169966
4.682285518781274	1.4081825185146486	0.014097399843729581
4.710507813092227	1.4081825185146486	0.013945779481723056
4.738228313555268	1.4081825185146486	0.013785037918552056
4.765284345251108	1.4081825185146486	0.013635322066915652
4.791517132627397	1.4081825185146486	0.013511965528047322
4.8167727312568	1.4081825185146486	0.013422255162147149
4.840902931244115	1.4081825185146486	0.013365042051229032
4.863766126980863	1.4081825185146486	0.013332719788425219
4.885228148143311	1.4081825185146486	0.013314557946812463
4.90516304705728	1.4081825185146486	0.01330019752388541
4.923453837809178	1.4081825185146486	0.013282290557809339
4.9399931827658605	1.4081825185146486	0.013257700405538607
4.954684022474541	1.4081825185146486	0.013227212142833917
4.967440145246251	1.4081825185146486	0.013194163635141766
4.978186693080319	1.4081825185146486	0.013162667309807221
4.9868606009608785	1.4081825185146486	0.01313609675895253
4.993410966947456	1.4081825185146486	0.013116292858367727
4.997799350887806	1.4081825185146486	0.013103601373819227
5.0	1.4081825185146486	0.013097519439298901
4.25	1.4241304376458235	0.03079603330589988
4.252200649112194	1.4241304376458235	0.030655445900047318
4.256589033052544	1.4241304376458235	0.030352857380289314
4.2631393990391215	1.4241304376458235	0.02985245218555042
4.271813306919681	1.4241304376458235	0.02911624856120434
4.282559854753749	1.4241304376458235	0.028118429167048375
4.295315977525459	1.4241304376458235	0.02685807796983364
4.3100068172341395	1.4241304376458235	0.0253669920730909
4.326546162190822	1.4241304376458235	0.023710416940316257
4.34483695294272	1.4241304376458235	0.02198025643629991
4.364771851856689	1.4241304376458235	0.020282109288841135
4.386233873019137	1.4241304376458235	0.018718937659305494
4.409097068755885	1.4241304376458235	0.017374932788909843
4.4332272687432	1.4241304376458235	0.016303038699336945
4.458482867372603	1.4241304376458235	0.015518677321296932
4.484715654748892	1.4241304376458235	0.015000736289338245
4.511771686444731	1.4241304376458235	0.014699213522563134
4.539492186907772	1.4241304376458235	0.014547470537332399
4.567714481218726	1.4241304376458235	0.01447616516036972
4.596272949732473	1.4241304376458235	0.014425794440750686
4.625	1.4241304376458235	0.014355366938218254
4.653727050267527	1.4241304376458235	0.014245846652621564
4.682285518781274	1.4241304376458235	0.014098353956284115
4.710507813092227	1.4241304376458235	0.01392832377022992
4.738228313555268	1.4241304376458235	0.013757617788881531
4.765284345251108	1.4241304376458235	0.013606805086720263
4.791517132627397	1.4241304376458235	0.013489465515123592
4.8167727312568	1.4241304376458235	0.013409584600271106
4.840902931244115	1.4241304376458235	0.01336214738265572
4.863766126980863	1.4241304376458235	0.013336175728438723
4.885228148143311	1.4241304376458235	0.013318910539370872
4.90516304705728	1.4241304376458235	0.013299729380243335
4.923453837809178	1.4241304376458235	0.013272692317888553
4.9399931827658605	1.4241304376458235	0.013237189957327979
4.954684022474541	1.4241304376458235	0.013196826075209533
4.967440145246251	1.4241304376458235	0.01315719776743458
4.978186693080319	1.4241304376458235	0.013123490862087918
4.9868606009608785	1.4241304376458235	0.013098736998460061
4.993410966947456	1.4241304376458235	0.013083236426844957
4.997799350887806	1.4241304376458235	0.013075174011511037
5.0	1.4241304376458235	0.013072015571700788
4.25	1.4387630702473422	0.030889833759444013
4.252200649112194	1.4387630702473422	0.03074767030842725
4.256589033052544	1.4387630702473422	0.03044093759729046
4.2631393990391215	1.4387630702473422	0.02993227049973122
4.271813306919681	1.4387630702473422	0.02918230838755194
4.282559854753749	1.4387630702473422	0.02816480726225093
4.295315977525459	1.4387630702473422	0.02687994438052063
4.3100068172341395	1.4387630702473422	0.025362270995010823
4.326546162190822	1.4387630702473422	0.023681069413437596
4.34483695294272	1.4387630702473422	0.02193272687805538
4.364771851856689	1.4387630702473422	0.02022668071472105
4.386233873019137	1.4387630702473422	0.018668031903473263
4.409097068755885	1.4387630702473422	0.017340691812732584
4.4332272687432	1.4387630702473422	0.016294746078821497
4.458482867372603	1.4387630702473422	0.015540659416138873
4.484715654748892	1.4387630702473422	0.015051292803578921
4.511771686444731	1.4387630702473422	0.01477088621953364
4.539492186907772	1.4387630702473422	0.014628627982321264
4.567714481218726	1.4387630702473422	0.014553547598580392
4.596272949732473	1.4387630702473422	0.014487415532013121
4.625	1.4387630702473422	0.014393075034208735
4.653727050267527	1.4387630702473422	0.014256933802478921
4.682285518781274	1.4387630702473422	0.014085843894444143
4.710507813092227	1.4387630702473422	0.013899906490465927
4.738228313555268	1.4387630702473422	0.013723538788474253
4.765284345251108	1.4387630702473422	0.01357727220744668
4.791517132627397	1.4387630702473422	0.013472239489280696
4.8167727312568	1.4387630702473422	0.013408346394747191
4.840902931244115	1.4387630702473422	0.013376009441315145
4.863766126980863	1.4387630702473422	0.013360389333778647
4.885228148143311	1.4387630702473422	0.013346504664039737
4.90516304705728	1.4387630702473422	0.013323583179248866
4.923453837809178	1.4387630702473422	0.013287454617846103
4.9399931827658605	1.4387630702473422	0.013240534383282359
4.954684022474541	1.4387630702473422	0.01318974362922987
4.967440145246251	1.4387630702473422	0.013143315831813196
4.978186693080319	1.4387630702473422	0.013107685679150518
4.9868606009608785	1.4387630702473422	0.013085497134456059
4.993410966947456	1.4387630702473422	0.013075285636446159
4.997799350887806	1.4387630702473422	0.013072762291661323
5.0	1.4387630702473422	0.013073069515276219
4.25	1.4519945462126884	0.030913338110378323
4.252200649112194	1.4519945462126884	0.030769093035950393
4.256589033052544	1.4519945462126884	0.03045759472823952
4.2631393990391215	1.4519945462126884	0.02994060246709728
4.271813306919681	1.4519945462126884	0.029178150603324498
4.282559854753749	1.4519945462126884	0.028144225713470968
4.295315977525459	1.4519945462126884	0.026840445024061965
4.3100068172341395	1.4519945462126884	0.025304027680737202
4.326546162190822	1.4519945462126884	0.023607753800358105
4.34483695294272	1.4519945462126884	0.02185159030382478
4.364771851856689	1.4519945462126884	0.02014771965842039
4.386233873019137	1.4519945462126884	0.018602318086965334
4.409097068755885	1.4519945462126884	0.017298195642974055
4.4332272687432	1.4519945462126884	0.016282156055654338
4.458482867372603	1.4519945462126884	0.015559746471869597
4.484715654748892	1.4519945462126884	0.015098267523686672
4.511771686444731	1.4519945462126884	0.014836969399530543
4.539492186907772	1.4519945462126884	0.014701757789864716
4.567714481218726	1.4519945462126884	0.014620857485651813
4.596272949732473	1.4519945462126884	0.014537913629474665
4.625	1.4519945462126884	0.014419894216648873
4.653727050267527	1.4519945462126884	0.014258620847573306
4.682285518781274	1.4519945462126884	0.014066392176610274
4.710507813092227	1.4519945462126884	0.013867548601158165
4.738228313555268	1.4519945462126884	0.013688621907672503
4.765284345251108	1.4519945462126884	0.013549759847967885
4.791517132627397	1.4519945462126884	0.013459461286006313
4.8167727312568	1.4519945462126884	0.013413534204259758
4.840902931244115	1.4519945462126884	0.013397937735957708
4.863766126980863	1.4519945462126884	0.013394141639718048
4.885228148143311	1.4519945462126884	0.013385096010183726
4.90516304705728	1.4519945462126884	0.013359958998592249
4.923453837809178	1.4519945462126884	0.013316313291144544
4.9399931827658605	1.4519945462126884	0.013259499412341873
4.954684022474541	1.4519945462126884	0.013199616052025602
4.967440145246251	1.4519945462126884	0.013147407629056312
4.978186693080319	1.4519945462126884	0.013110493441558497
4.9868606009608785	1.4519945462126884	0.013091149983069391
4.993410966947456	1.4519945462126884	0.013086245228546284
4.997799350887806	1.4519945462126884	0.013089156596648329
5.0	1.4519945462126884	0.013092836853430458
4.25	1.4637472179796323	0.03088839690871413
4.252200649112194	1.4637472179796323	0.03074062973477238
4.256589033052544	1.4637472179796323	0.030422139655718227
4.2631393990391215	1.4637472179796323	0.029894934572494536
4.271813306919681	1.4637472179796323	0.029119716783880405
4.282559854753749	1.4637472179796323	0.02807175567042065
4.295315977525459	1.4637472179796323	0.026754621409564482
4.3100068172341395	1.4637472179796323	0.025207993526371483
4.326546162190822	1.4637472179796323	0.023507227638534745
4.34483695294272	1.4637472179796323	0.02175442583664422
4.364771851856689	1.4637472179796323	0.0200628789703157
4.386233873019137	1.4637472179796323	0.018538391274007027
4.409097068755885	1.4637472179796323	0.017261748864847885
4.4332272687432	1.4637472179796323	0.01627627864177938
4.458482867372603	1.4637472179796323	0.015583164350010363
4.484715654748892	1.4637472179796323	0.01514528765514946
4.511771686444731	1.4637472179796323	0.014898338478809208
4.539492186907772	1.4637472179796323	0.014766301781294526
4.567714481218726	1.4637472179796323	0.01467757225713548
4.596272949732473	1.4637472179796323	0.014578053751132258
4.625	1.4637472179796323	0.014438592174278751
4.653727050267527	1.4637472179796323	0.014255670050489338
4.682285518781274	1.4637472179796323	0.01404602128209772
4.710507813092227	1.4637472179796323	0.013837253857395945
4.738228313555268	1.4637472179796323	0.013657347817634443
4.765284345251108	1.4637472179796323	0.013525869256048664
4.791517132627397	1.4637472179796323	0.013448975471615637
4.8167727312568	1.4637472179796323	0.013419042318546903
4.840902931244115	1.4637472179796323	0.013418395218896727
4.863766126980863	1.4637472179796323	0.013425547112332507
4.885228148143311	1.4637472179796323	0.013421816355719941
4.90516304705728	1.4637472179796323	0.013396320151701446
4.923453837809178	1.4637472179796323	0.0133480279380601
4.9399931827658605	1.4637472179796323	0.013284571599869708
4.954684022474541	1.4637472179796323	0.013218524638396928
4.967440145246251	1.4637472179796323	0.013162578813981841
4.978186693080319	1.4637472179796323	0.013125268861337002
4.9868606009608785	1.4637472179796323	0.013108587205309845
4.993410966947456	1.4637472179796323	0.013108117485290722
4.997799350887806	1.4637472179796323	0.013115442515038274
5.0	1.4637472179796323	0.013121832984830871
4.25	1.473952116197001	0.030836984622330227
4.252200649112194	1.473952116197001	0.030683822411537904
4.256589033052544	1.473952116197001	0.030355357350359536
4.2631393990391215	1.473952116197001	0.02981514967838727
4.271813306919681	1.473952116197001	0.02902603258112279
4.282559854753749	1.473952116197001	0.02796574425241634
4.295315977525459	1.473952116197001	0.02664034775088079
4.3100068172341395	1.473952116197001	0.02509167809064404
4.326546162190822	1.473952116197001	0.023396545444040576
4.34483695294272	1.473952116197001	0.021657501447503766
4.364771851856689	1.473952116197001	0.019987103445621393
4.386233873019137	1.473952116197001	0.01848924261158096
4.409097068755885	1.473952116197001	0.017241824960166387
4.4332272687432	1.473952116197001	0.016284738501040362
4.458482867372603	1.473952116197001	0.015615715244700281
4.484715654748892	1.473952116197001	0.015194760312411374
4.511771686444731	1.473952116197001	0.01495577723982045
4.539492186907772	1.473952116197001	0.014822387037876163
4.567714481218726	1.473952116197001	0.014724114685370196
4.596272949732473	1.473952116197001	0.014609274567898883
4.625	1.473952116197001	0.014451940079885166
4.653727050267527	1.473952116197001	0.014252018326762709
4.682285518781274	1.473952116197001	0.014029218255707342
4.710507813092227	1.473952116197001	0.013813137352782185
4.738228313555268	1.473952116197001	0.013632447236738541
4.765284345251108	1.473952116197001	0.013506080653520814
4.791517132627397	1.473952116197001	0.01343849068240118
4.8167727312568	1.473952116197001	0.013419744159482903
4.840902931244115	1.473952116197001	0.013429814312490806
4.863766126980863	1.473952116197001	0.013445340967866927
4.885228148143311	1.473952116197001	0.013446611364142056
4.90516304705728	1.473952116197001	0.013422681325303814
4.923453837809178	1.473952116197001	0.013373307134318318
4.9399931827658605	1.473952116197001	0.013307434102806319
4.954684022474541	1.473952116197001	0.013239051508766211
4.967440145246251	1.473952116197001	0.013181961297695473
4.978186693080319	1.473952116197001	0.013145219345408648
4.9868606009608785	1.473952116197001	0.013130660314549455
4.993410966947456	1.473952116197001	0.013133147635102932
4.997799350887806	1.473952116197001	0.013143258908150062
5.0	1.473952116197001	0.013151323855624175
4.25	1.4825493544642556	0.03077758327488684
4.252200649112194	1.4825493544642556	0.030617348034126246
4.256589033052544	1.4825493544642556	0.030276232385975536
4.2631393990391215	1.4825493544642556	0.029720505016453562
4.271813306919681	1.4825493544642556	0.028916410622760225
4.282559854753749	1.4825493544642556	0.02784516355471977
4.295315977525459	1.4825493544642556	0.02651572329392212
4.3100068172341395	1.4825493544642556	0.024971712733573466
4.326546162190822	1.4825493544642556	0.02329030460740022
4.34483695294272	1.4825493544642556	0.02157293612340653
4.364771851856689	1.4825493544642556	0.01992978726869855
4.386233873019137	1.4825493544642556	0.01846153879586162
4.409097068755885	1.4825493544642556	0.01724261040091277
4.4332272687432	1.4825493544642556	0.016309704434553342
4.458482867372603	1.4825493544642556	0.01565815862446509
4.484715654748892	1.4825493544642556	0.015246697755817972
4.511771686444731	1.4825493544642556	0.015009168408995022
4.539492186907772	1.4825493544642556	0.014870252569435732
4.567714481218726	1.4825493544642556	0.014761372127681709
4.596272949732473	1.4825493544642556	0.014633183330694499
4.625	1.4825493544642556	0.014462127389114903
4.653727050267527	1.4825493544642556	0.014250135639355873
4.682285518781274	1.4825493544642556	0.014018336947902077
4.710507813092227	1.4825493544642556	0.013797024326268937
4.738228313555268	1.4825493544642556	0.013614862514096337
4.765284345251108	1.4825493544642556	0.013490213603589513
4.791517132627397	1.4825493544642556	0.013426607719359853
4.8167727312568	1.4825493544642556	0.013413069685530951
4.840902931244115	1.4825493544642556	0.013428619394253301
4.863766126980863	1.4825493544642556	0.013449179523538357
4.885228148143311	1.4825493544642556	0.013454626471577854
4.90516304705728	1.4825493544642556	0.013433905337699318
4.923453837809178	1.4825493544642556	0.013386895503960316
4.9399931827658605	1.4825493544642556	0.013322798460392686
4.954684022474541	1.4825493544642556	0.013255885883419598
4.967440145246251	1.4825493544642556	0.013200180138408325
4.978186693080319	1.4825493544642556	0.013164842637076103
4.9868606009608785	1.4825493544642556	0.013151687313582473
4.993410966947456	1.4825493544642556	0.013155456735865415
4.997799350887806	1.4825493544642556	0.013166559074687806
5.0	1.4825493544642556	0.013175166430971856
4.25	1.4894884807687025	0.030723116116720905
4.252200649112194	1.4894884807687025	0.030554916367050527
4.256589033052544	1.4894884807687025	0.03019978908516386
4.2631393990391215	1.4894884807687025	0.029627417285733162
4.271813306919681	1.4894884807687025	0.028808212127419176
4.282559854753749	1.4894884807687025	0.027727406453867613
4.295315977525459	1.4894884807687025	0.026396976640010644
4.3100068172341395	1.4894884807687025	0.024861940533062413
4.326546162190822	1.4894884807687025	0.02319898560440566
4.34483695294272	1.4894884807687025	0.021507329864478484
4.364771851856689	1.4894884807687025	0.019893700459572592
4.386233873019137	1.4894884807687025	0.018454818068753157
4.409097068755885	1.4894884807687025	0.01726141593927827
4.4332272687432	1.4894884807687025	0.01634744596174991
4.458482867372603	1.4894884807687025	0.015706841665367118
4.484715654748892	1.4894884807687025	0.015298362603313884
4.511771686444731	1.4894884807687025	0.015057117292980487
4.539492186907772	1.4894884807687025	0.014909842639973483
4.567714481218726	1.4894884807687025	0.014790277204003275
4.596272949732473	1.4894884807687025	0.014651161363270966
4.625	1.4894884807687025	0.01447043932164895
4.653727050267527	1.4894884807687025	0.014250820266222234
4.682285518781274	1.4894884807687025	0.014013545897939982
4.710507813092227	1.4894884807687025	0.013788568316631031
4.738228313555268	1.4894884807687025	0.013604034649555707
4.765284345251108	1.4894884807687025	0.013477864700689195
4.791517132627397	1.4894884807687025	0.013413378274890954
4.8167727312568	1.4894884807687025	0.013399650885247572
4.840902931244115	1.4894884807687025	0.013415926673560086
4.863766126980863	1.4894884807687025	0.013438368819122967
4.885228148143311	1.4894884807687025	0.013446947791656796
4.90516304705728	1.4894884807687025	0.013430448997538503
4.923453837809178	1.4894884807687025	0.013388324371644176
4.9399931827658605	1.4894884807687025	0.013329164078079336
4.954684022474541	1.4894884807687025	0.013266597616426583
4.967440145246251	1.4894884807687025	0.013214145198711865
4.978186693080319	1.4894884807687025	0.013180738256217493
4.9868606009608785	1.4894884807687025	0.013168282921720832
4.993410966947456	1.4894884807687025	0.013171887506236511
4.997799350887806	1.4894884807687025	0.01318246757246356
5.0	1.4894884807687025	0.013190671151994092
4.25	1.4947287735579649	0.030680661936281058
4.252200649112194	1.4947287735579649	0.030504798139291706
4.256589033052544	1.4947287735579649	0.03013630528467377
4.2631393990391215	1.4947287735579649	0.02954833369538407
4.271813306919681	1.4947287735579649	0.028715461516043893
4.282559854753749	1.4947287735579649	0.027626828828850522
4.295315977525459	1.4947287735579649	0.02629717332723978
4.3100068172341395	1.4947287735579649	0.024772521135853875
4.326546162190822	1.4947287735579649	0.02312862094342997
4.34483695294272	1.4947287735579649	0.021462055235052117
4.364771851856689	1.4947287735579649	0.019875837347731327
4.386233873019137	1.4947287735579649	0.018462721259730915
4.409097068755885	1.4947287735579649	0.017290049751910026
4.4332272687432	1.4947287735579649	0.01638960016622901
4.458482867372603	1.4947287735579649	0.015754661869777326
4.484715654748892	1.4947287735579649	0.015344822248441024
4.511771686444731	1.4947287735579649	0.0150971056552739
4.539492186907772	1.4947287735579649	0.01494066749376107
4.567714481218726	1.4947287735579649	0.01481154520361013
4.596272949732473	1.4947287735579649	0.014664158585644913
4.625	1.4947287735579649	0.014477247575722167
4.653727050267527	1.4947287735579649	0.014253445315426218
4.682285518781274	1.4947287735579649	0.014013296349432762
4.710507813092227	1.4947287735579649	0.013785824734257981
4.738228313555268	1.4947287735579649	0.013598419483170752
4.765284345251108	1.4947287735579649	0.013468703178502186
4.791517132627397	1.4947287735579649	0.013400262054444442
4.8167727312568	1.4947287735579649	0.013382899697082284
4.840902931244115	1.4947287735579649	0.013396789345103667
4.863766126980863	1.4947287735579649	0.01341889670791749
4.885228148143311	1.4947287735579649	0.013429581162062517
4.90516304705728	1.4947287735579649	0.013417447306596027
4.923453837809178	1.4947287735579649	0.013381218253704284
4.9399931827658605	1.4947287735579649	0.01332839744005188
4.954684022474541	1.4947287735579649	0.013271467270346407
4.967440145246251	1.4947287735579649	0.013223052780737264
4.978186693080319	1.4947287735579649	0.013191673731334997
4.9868606009608785	1.4947287735579649	0.01317938985582364
4.993410966947456	1.4947287735579649	0.013181938097908054
4.997799350887806	1.4947287735579649	0.013191106249760437
5.0	1.4947287735579649	0.013198359301977994
4.25	1.4982394807102444	0.030652672471447786
4.252200649112194	1.4982394807102444	0.030470753223461867
4.256589033052544	1.4982394807102444	0.030091749907001447
4.2631393990391215	1.4982394807102444	0.029491628929127853
4.271813306919681	1.4982394807102444	0.028648325649836943
4.282559854753749	1.4982394807102444	0.02755408014054206
4.295315977525459	1.4982394807102444	0.026225745111717762
4.3100068172341395	1.4982394807102444	0.024709993545390448
4.326546162190822	1.4982394807102444	0.023081624416581948
4.34483695294272	1.4982394807102444	0.021434920526376335
4.364771851856689	1.4982394807102444	0.01986979465760952
4.386233873019137	1.4982394807102444	0.018475806680886282
4.409097068755885	1.4982394807102444	0.017317699954413887
4.4332272687432	1.4982394807102444	0.016425751953647635
4.458482867372603	1.4982394807102444	0.015793063042239684
4.484715654748892	1.4982394807102444	0.015380229672699199
4.511771686444731	1.4982394807102444	0.015126099423708288
4.539492186907772	1.4982394807102444	0.014961928447037563
4.567714481218726	1.4982394807102444	0.014825592435819282
4.596272949732473	1.4982394807102444	0.014672682839961877
4.625	1.4982394807102444	0.014482269357361747
4.653727050267527	1.4982394807102444	0.014256551054300801
4.682285518781274	1.4982394807102444	0.014015159636273703
4.710507813092227	1.4982394807102444	0.013786119586523753
4.738228313555268	1.4982394807102444	0.013596109765752257
4.765284345251108	1.4982394807102444	0.01346258247928873
4.791517132627397	1.4982394807102444	0.013389551881623888
4.8167727312568	1.4982394807102444	0.013367707525949884
4.840902931244115	1.4982394807102444	0.013378280644479636
4.863766126980863	1.4982394807102444	0.013399128617399048
4.885228148143311	1.4982394807102444	0.013411050869575423
4.90516304705728	1.4982394807102444	0.013402493926942887
4.923453837809178	1.4982394807102444	0.013371458464066727
4.9399931827658605	1.4982394807102444	0.013324361365350234
4.954684022474541	1.4982394807102444	0.013272537757718294
4.967440145246251	1.4982394807102444	0.013227718375562147
4.978186693080319	1.4982394807102444	0.013198011744055738
4.9868606009608785	1.4982394807102444	0.013185629008296921
4.993410966947456	1.4982394807102444	0.013186929930261276
4.997799350887806	1.4982394807102444	0.013194566122162493
5.0	1.4982394807102444	0.013200811208356006
4.25	1.5	0.030639019307068065
4.252200649112194	1.5	0.03045375756138706
4.256589033052544	1.5	0.030068966379766558
4.2631393990391215	1.5	0.02946218754444469
4.271813306919681	1.5	0.028613226972490552
4.282559854753749	1.5	0.02751603855422667
4.295315977525459	1.5	0.026188622767468833
4.3100068172341395	1.5	0.024677966802009982
4.326546162190822	1.5	0.023058286601085803
4.34483695294272	1.5	0.021422534720786954
4.364771851856689	1.5	0.019868866679861385
4.386233873019137	1.5	0.018485063985398474
4.409097068755885	1.5	0.017334459581309154
4.4332272687432	1.5	0.01644656670079373
4.458482867372603	1.5	0.01581447343129243
4.484715654748892	1.5	0.015399434500998366
4.511771686444731	1.5	0.01514139142930588
4.539492186907772	1.5	0.014972812736553194
4.567714481218726	1.5	0.014832593283706454
4.596272949732473	1.5	0.014676925119737554
4.625	1.5	0.014484973096489934
4.653727050267527	1.5	0.014258588923785016
4.682285518781274	1.5	0.014016796791459629
4.710507813092227	1.5	0.01378699382149196
4.738228313555268	1.5	0.013595436165969284
4.765284345251108	1.5	0.013459501975920721
4.791517132627397	1.5	0.013383505193732508
4.8167727312568	1.5	0.013358714459466835
4.840902931244115	1.5	0.01336703841383847
4.863766126980863	1.5	0.01338690056506867
4.885228148143311	1.5	0.013399380982641809
4.90516304705728	1.5	0.013392833963553688
4.923453837809178	1.5	0.01336481863289184
4.9399931827658605	1.5	0.013321086047957533
4.954684022474541	1.5	0.013272268413222462
4.967440145246251	1.5	0.013229548885612065
4.978186693080319	1.5	0.01320078429550526
4.9868606009608785	1.5	0.01318827816142035
4.993410966947456	1.5	0.013188770527986773
4.997799350887806	1.5	0.013195440283528297
5.0	1.5	0.01320105450871463
