0.01549995248105735
0.0008003797278678536
3.125357813390233e-5
-0.00016925123276349891
1.3415901962019297e-6
-7.74756813557774e-5
2.1440229519372978e-5
2.1558878963317538e-5
-0.00508565320973651
-0.0007417907693636623
-0.0004141968451508384
-2.272808086070124e-5
0.00029993635430498156
0.000340948299374428
-5.635067390291865e-6
-0.0002048919114521492
0.004646471680742554
0.0007739663896821032
-0.00014579193207581468
-0.00024750504885363584
-6.839180077840007e-5
5.187434616527668e-6
-5.13490561898784e-5
-1.429373685123708e-5
-0.0025302940502231752
-0.001035281929239623
-0.0002447261738573714
0.00039785227551107616
0.00031319320163899475
-2.5059234897271215e-5
-5.698447272245614e-5
8.660924954026384e-5
0.0008239240178078651
0.0005664478311336815
0.0003766894183575647
-4.130255116941412e-6
-0.0001236251047482594
-6.875049081416208e-5
-1.7339086710149323e-5
2.3278658288509603e-5
0.0001410610607351762
8.810525581052552e-5
-9.03146901013125e-5
-0.00034133667130162597
-0.0001989879201536822
-5.7253933820222844e-5
0.0001338430867583383
5.335793819474821e-5
-0.0005038932003543604
-0.000509487281363249
2.8603947649890936e-5
0.00028010614793723984
-7.722096934836085e-5
-2.0182270193075037e-5
0.0001272313090594943
-9.109265605280949e-6
0.00023045073028384288
0.0003156886352633838
-3.9674825063087275e-5
-4.943183042253574e-5
0.0002017025327906351
7.158791585971775e-5
-0.000165310791663231
-8.376652782308737e-5
