4.25	0.9	0.13891934505808748
4.252200649112194	0.9	0.13813644465602323
4.256589033052544	0.9	0.1365940260927358
4.2631393990391215	0.9	0.13433512314673254
4.271813306919681	0.9	0.13141595881380358
4.282559854753749	0.9	0.12789850883324852
4.295315977525459	0.9	0.12384417786731104
4.3100068172341395	0.9	0.11931048138212244
4.326546162190822	0.9	0.11435193241635924
4.34483695294272	0.9	0.10902527721212617
4.364771851856689	0.9	0.10339803576863406
4.386233873019137	0.9	0.09755825527600917
4.409097068755885	0.9	0.09162273489823106
4.4332272687432	0.9	0.08574091686512109
4.458482867372603	0.9	0.08009223141488754
4.484715654748892	0.9	0.07487586113658828
4.511771686444731	0.9	0.07029344744875489
4.539492186907772	0.9	0.06652689124363799
4.567714481218726	0.9	0.06371475220501631
4.596272949732473	0.9	0.061931508498418004
4.625	0.9	0.06117388345562698
4.653727050267527	0.9	0.061357517434905466
4.682285518781274	0.9	0.06232558081402787
4.710507813092227	0.9	0.0638687760257878
4.738228313555268	0.9	0.06575396968691558
4.765284345251108	0.9	0.06775687803071362
4.791517132627397	0.9	0.06969319655296309
4.8167727312568	0.9	0.07144257626940155
4.840902931244115	0.9	0.07296096157872223
4.863766126980863	0.9	0.07427885145120665
4.885228148143311	0.9	0.0754856584467051
4.90516304705728	0.9	0.07670301695509209
4.923453837809178	0.9	0.07805209614494746
4.9399931827658605	0.9	0.0796212433274074
4.954684022474541	0.9	0.08144033381317797
4.967440145246251	0.9	0.08346698889375223
4.978186693080319	0.9	0.0855875575009879
4.9868606009608785	0.9	0.08763287378074561
4.993410966947456	0.9	0.08940587307511408
4.997799350887806	0.9	0.0907157641902425
5.0	0.9	0.09141210601802818
4.25	0.9017605192897558	0.1386263419672
4.252200649112194	0.9017605192897558	0.13783888204551106
4.256589033052544	0.9017605192897558	0.13628810858138618
4.2631393990391215	0.9017605192897558	0.13401842493216673
4.271813306919681	0.9017605192897558	0.1310877537413722
4.282559854753749	0.9017605192897558	0.12755978042429486
4.295315977525459	0.9017605192897558	0.12349734602575521
4.3100068172341395	0.9017605192897558	0.11895895009911801
4.326546162190822	0.9017605192897558	0.1139995975963604
4.34483695294272	0.9017605192897558	0.10867612644405966
4.364771851856689	0.9017605192897558	0.10305592559808914
4.386233873019137	0.9017605192897558	0.09722688099495116
4.409097068755885	0.9017605192897558	0.0913057350484837
4.4332272687432	0.9017605192897558	0.08544200239103078
4.458482867372603	0.9017605192897558	0.07981521461646375
4.484715654748892	0.9017605192897558	0.07462448812419128
4.511771686444731	0.9017605192897558	0.07007100249348724
4.539492186907772	0.9017605192897558	0.06633562380306784
4.567714481218726	0.9017605192897558	0.06355525288166027
4.596272949732473	0.9017605192897558	0.061802205032235796
4.625	0.9017605192897558	0.061070826162245226
4.653727050267527	0.9017605192897558	0.06127457209622176
4.682285518781274	0.9017605192897558	0.06225505683107612
4.710507813092227	0.9017605192897558	0.06380241110414928
4.738228313555268	0.9017605192897558	0.06568409751308091
4.765284345251108	0.9017605192897558	0.06767754837485183
4.791517132627397	0.9017605192897558	0.06960101479808072
4.8167727312568	0.9017605192897558	0.07133708420963399
4.840902931244115	0.9017605192897558	0.07284448098229174
4.863766126980863	0.9017605192897558	0.07415583180848616
4.885228148143311	0.9017605192897558	0.07536168034260124
4.90516304705728	0.9017605192897558	0.07658367483420205
4.923453837809178	0.9017605192897558	0.07794200093607927
4.9399931827658605	0.9017605192897558	0.07952334317277182
4.954684022474541	0.9017605192897558	0.0813556622159472
4.967440145246251	0.9017605192897558	0.0833948382958827
4.978186693080319	0.9017605192897558	0.08552597244321324
4.9868606009608785	0.9017605192897558	0.08757928853842048
4.993410966947456	0.9017605192897558	0.0893577011613222
4.997799350887806	0.9017605192897558	0.09067078395934251
5.0	0.9017605192897558	0.09136856529406073
4.25	0.9052712264420352	0.13803493175275017
4.252200649112194	0.9052712264420352	0.13723952843008544
4.256589033052544	0.9052712264420352	0.135674087308937
4.2631393990391215	0.9052712264420352	0.133385226362154
4.271813306919681	0.9052712264420352	0.13043368636172872
4.282559854753749	0.9052712264420352	0.12688610939122258
4.295315977525459	0.9052712264420352	0.12280800230021743
4.3100068172341395	0.9052712264420352	0.11825993770170413
4.326546162190822	0.9052712264420352	0.11329827710378079
4.34483695294272	0.9052712264420352	0.10798054972939043
4.364771851856689	0.9052712264420352	0.10237434347376816
4.386233873019137	0.9052712264420352	0.09656746013824354
4.409097068755885	0.9052712264420352	0.09067643103066857
4.4332272687432	0.9052712264420352	0.08485047062656141
4.458482867372603	0.9052712264420352	0.07926862198874941
4.484715654748892	0.9052712264420352	0.07412912234918145
4.511771686444731	0.9052712264420352	0.06963165487784122
4.539492186907772	0.9052712264420352	0.0659548206657138
4.567714481218726	0.9052712264420352	0.06323250057803811
4.596272949732473	0.9052712264420352	0.06153346354818506
4.625	0.9052712264420352	0.060848417015168334
4.653727050267527	0.9052712264420352	0.061087654445764215
4.682285518781274	0.9052712264420352	0.06209068587090796
4.710507813092227	0.9052712264420352	0.06364705417419562
4.738228313555268	0.9052712264420352	0.06552536210409453
4.765284345251108	0.9052712264420352	0.06750580563852279
4.791517132627397	0.9052712264420352	0.06941060356574082
4.8167727312568	0.9052712264420352	0.0711268568264724
4.840902931244115	0.9052712264420352	0.07261758688341242
4.863766126980863	0.9052712264420352	0.07391879556272087
4.885228148143311	0.9052712264420352	0.07512297850706966
4.90516304705728	0.9052712264420352	0.07635211416977537
4.923453837809178	0.9052712264420352	0.07772522583747316
4.9399931827658605	0.9052712264420352	0.07932674801405055
4.954684022474541	0.9052712264420352	0.08118187019763316
4.967440145246251	0.9052712264420352	0.0832437635409884
4.978186693080319	0.9052712264420352	0.0853953449647284
4.9868606009608785	0.9052712264420352	0.08746542749562937
4.993410966947456	0.9052712264420352	0.08925629304886641
4.997799350887806	0.9052712264420352	0.0905774629576007
5.0	0.9052712264420352	0.09127918757537767
4.25	0.9105115192312975	0.1371346946653364
4.252200649112194	0.9105115192312975	0.13633001052569094
4.256589033052544	0.9105115192312975	0.13474716473306694
4.2631393990391215	0.9105115192312975	0.13243495522951484
4.271813306919681	0.9105115192312975	0.12945707957210864
4.282559854753749	0.9105115192312975	0.12588359350929684
4.295315977525459	0.9105115192312975	0.12178352744816721
4.3100068172341395	0.9105115192312975	0.1172207584296826
4.326546162190822	0.9105115192312975	0.1122544569424009
4.34483695294272	0.9105115192312975	0.10694426144371504
4.364771851856689	0.9105115192312975	0.10135904036329178
4.386233873019137	0.9105115192312975	0.09558698485707766
4.409097068755885	0.9105115192312975	0.08974411401247892
4.4332272687432	0.9105115192312975	0.08397825755659301
4.458482867372603	0.9105115192312975	0.07846626431840874
4.484715654748892	0.9105115192312975	0.07340346842276621
4.511771686444731	0.9105115192312975	0.0689860893947472
4.539492186907772	0.9105115192312975	0.0653889109541947
4.567714481218726	0.9105115192312975	0.06274191189769913
4.596272949732473	0.9105115192312975	0.061110195670661165
4.625	0.9105115192312975	0.06048138729975254
4.653727050267527	0.9105115192312975	0.06076361008628791
4.682285518781274	0.9105115192312975	0.061795376615353295
4.710507813092227	0.9105115192312975	0.06336654709817369
4.738228313555268	0.9105115192312975	0.06524734374694974
4.765284345251108	0.9105115192312975	0.0672207040137465
4.791517132627397	0.9105115192312975	0.06911237869730173
4.8167727312568	0.9105115192312975	0.0708133526915879
4.840902931244115	0.9105115192312975	0.07229040263024022
4.863766126980863	0.9105115192312975	0.07358270730593261
4.885228148143311	0.9105115192312975	0.07478501040872856
4.90516304705728	0.9105115192312975	0.07602040566878558
4.923453837809178	0.9105115192312975	0.07740786197481923
4.9399931827658605	0.9105115192312975	0.07903070941744052
4.954684022474541	0.9105115192312975	0.0809122228679909
4.967440145246251	0.9105115192312975	0.08300315605105718
4.978186693080319	0.9105115192312975	0.08518382477311563
4.9868606009608785	0.9105115192312975	0.08728054103036041
4.993410966947456	0.9105115192312975	0.08909340470368558
4.997799350887806	0.9105115192312975	0.0904302193286789
5.0	0.9105115192312975	0.09114006238756484
4.25	0.9174506455357443	0.13591116539228731
4.252200649112194	0.9174506455357443	0.13509825617267496
4.256589033052544	0.9174506455357443	0.13349950127500898
4.2631393990391215	0.9174506455357443	0.13116489682429994
4.271813306919681	0.9174506455357443	0.12816016781536155
4.282559854753749	0.9174506455357443	0.12455835467799314
4.295315977525459	0.9174506455357443	0.12043240698420016
4.3100068172341395	0.9174506455357443	0.11585080637515215
4.326546162190822	0.9174506455357443	0.11087752336534541
4.34483695294272	0.9174506455357443	0.10557651981532179
4.364771851856689	0.9174506455357443	0.10001978049131532
4.386233873019137	0.9174506455357443	0.09429677655893685
4.409097068755885	0.9174506455357443	0.08852259706314365
4.4332272687432	0.9174506455357443	0.08284192034964483
4.458482867372603	0.9174506455357443	0.07742660177631673
4.484715654748892	0.9174506455357443	0.07246584763387104
4.511771686444731	0.9174506455357443	0.06814951161864949
4.539492186907772	0.9174506455357443	0.06464667430039195
4.567714481218726	0.9174506455357443	0.06208299563360888
4.596272949732473	0.9174506455357443	0.06052105027987312
4.625	0.9174506455357443	0.0599477573444926
4.653727050267527	0.9174506455357443	0.06027205160659724
4.682285518781274	0.9174506455357443	0.061334244739629694
4.710507813092227	0.9174506455357443	0.06292638936498723
4.738228313555268	0.9174506455357443	0.0648207953997811
4.765284345251108	0.9174506455357443	0.06680209923342317
4.791517132627397	0.9174506455357443	0.06869733555154646
4.8167727312568	0.9174506455357443	0.07039855033600886
4.840902931244115	0.9174506455357443	0.07187366186648196
4.863766126980863	0.9174506455357443	0.07316334451866775
4.885228148143311	0.9174506455357443	0.0743643043865839
4.90516304705728	0.9174506455357443	0.07560193805373751
4.923453837809178	0.9174506455357443	0.07699749131350346
4.9399931827658605	0.9174506455357443	0.07863601954130017
4.954684022474541	0.9174506455357443	0.08054142809077176
4.967440145246251	0.9174506455357443	0.0826636093399112
4.978186693080319	0.9174506455357443	0.08488041373878738
4.9868606009608785	0.9174506455357443	0.08701432877565272
4.993410966947456	0.9174506455357443	0.08886085395056151
4.997799350887806	0.9174506455357443	0.09022322888757951
5.0	0.9174506455357443	0.09094686990696992
4.25	0.926047883802999	0.1343476727915174
4.252200649112194	0.926047883802999	0.13352973729306844
4.256589033052544	0.926047883802999	0.13192045438006395
4.2631393990391215	0.926047883802999	0.12956934061221942
4.271813306919681	0.926047883802999	0.12654240809005946
4.282559854753749	0.926047883802999	0.12291453074435468
4.295315977525459	0.926047883802999	0.11876250866279404
4.3100068172341395	0.926047883802999	0.11416060862776393
4.326546162190822	0.926047883802999	0.10917979787520983
4.34483695294272	0.926047883802999	0.1038909890428007
4.364771851856689	0.926047883802999	0.09837156049807798
4.386233873019137	0.926047883802999	0.09271343835792388
4.409097068755885	0.926047883802999	0.08703035734496176
4.4332272687432	0.926047883802999	0.08146174243084298
4.458482867372603	0.926047883802999	0.0761710652624189
4.484715654748892	0.926047883802999	0.07133750072199448
4.511771686444731	0.926047883802999	0.06714108442845226
4.539492186907772	0.926047883802999	0.06374309007664987
4.567714481218726	0.926047883802999	0.061264685095112056
4.596272949732473	0.926047883802999	0.059767768055220855
4.625	0.926047883802999	0.05924200087238453
4.653727050267527	0.926047883802999	0.05960131866416549
4.682285518781274	0.926047883802999	0.06069169864409002
4.710507813092227	0.926047883802999	0.06230993963079247
4.738228313555268	0.926047883802999	0.06423102595167567
4.765284345251108	0.926047883802999	0.06623977007034741
4.791517132627397	0.926047883802999	0.06816126731848307
4.8167727312568	0.926047883802999	0.06988455352054483
4.840902931244115	0.926047883802999	0.07137483685005414
4.863766126980863	0.926047883802999	0.07267165163558846
4.885228148143311	0.926047883802999	0.07387290646609332
4.90516304705728	0.926047883802999	0.07510756536280666
4.923453837809178	0.926047883802999	0.07650204389615477
4.9399931827658605	0.926047883802999	0.07814681713141408
4.954684022474541	0.926047883802999	0.08006989060897358
4.967440145246251	0.926047883802999	0.08222259836216295
4.978186693080319	0.926047883802999	0.08448086197166928
4.9868606009608785	0.926047883802999	0.08666201789840304
4.993410966947456	0.926047883802999	0.08855420278471296
4.997799350887806	0.926047883802999	0.08995271890528643
5.0	0.926047883802999	0.09069632415616467
4.25	0.9362527820203677	0.1324282671502802
4.252200649112194	0.9362527820203677	0.13160989396021172
4.256589033052544	0.9362527820203677	0.12999814533785495
4.2631393990391215	0.9362527820203677	0.12764018732973753
4.271813306919681	0.9362527820203677	0.1246002999665018
4.282559854753749	0.9362527820203677	0.1209536930966857
4.295315977525459	0.9362527820203677	0.11678056402152091
4.3100068172341395	0.9362527820203677	0.11216176243008062
4.326546162190822	0.9362527820203677	0.10717711473719689
4.34483695294272	0.9362527820203677	0.10190687123127255
4.364771851856689	0.9362527820203677	0.0964359680394644
4.386233873019137	0.9362527820203677	0.0908599881015125
4.409097068755885	0.9362527820203677	0.08529104031322211
4.4332272687432	0.9362527820203677	0.07986143211776385
4.458482867372603	0.9362527820203677	0.07472312397240789
4.484715654748892	0.9362527820203677	0.07004157716197693
4.511771686444731	0.9362527820203677	0.06598368077798626
4.539492186907772	0.9362527820203677	0.0627007931677852
4.567714481218726	0.9362527820203677	0.0603092863384222
4.596272949732473	0.9362527820203677	0.05887202214198039
4.625	0.9362527820203677	0.058384624777415
4.653727050267527	0.9362527820203677	0.05877005272614441
4.682285518781274	0.9362527820203677	0.0598837823411654
4.710507813092227	0.9362527820203677	0.06153005233991941
4.738228313555268	0.9362527820203677	0.06348741733896834
4.765284345251108	0.9362527820203677	0.06553977168213418
4.791517132627397	0.9362527820203677	0.06750750936032625
4.8167727312568	0.9362527820203677	0.0692729741376797
4.840902931244115	0.9362527820203677	0.070795033195626
4.863766126980863	0.9362527820203677	0.07210943408928172
4.885228148143311	0.9362527820203677	0.0733142727344776
4.90516304705728	0.9362527820203677	0.07454289103208801
4.923453837809178	0.9362527820203677	0.07592920893301162
4.9399931827658605	0.9362527820203677	0.07757227664118947
4.954684022474541	0.9362527820203677	0.07950727323476525
4.967440145246251	0.9362527820203677	0.08168911691798843
4.978186693080319	0.9362527820203677	0.08399245207113805
4.9868606009608785	0.9362527820203677	0.08622850386107882
4.993410966947456	0.9362527820203677	0.088175816534485
4.997799350887806	0.9362527820203677	0.08961895637498822
5.0	0.9362527820203677	0.09038750650279578
4.25	0.9480054537873116	0.1301417127874504
4.252200649112194	0.9480054537873116	0.12932785589424378
4.256589033052544	0.9480054537873116	0.12772269946009887
4.2631393990391215	0.9480054537873116	0.1253696023478179
4.271813306919681	0.9480054537873116	0.12232946602242714
4.282559854753749	0.9480054537873116	0.11867646942491367
4.295315977525459	0.9480054537873116	0.11449350543041097
4.3100068172341395	0.9480054537873116	0.10986815773552334
4.326546162190822	0.9480054537873116	0.10489004680502258
4.34483695294272	0.9480054537873116	0.09965016784595719
4.364771851856689	0.9480054537873116	0.09424242438059358
4.386233873019137	0.9480054537873116	0.08876697021807206
4.409097068755885	0.9480054537873116	0.08333432270397542
4.4332272687432	0.9480054537873116	0.0780686691213227
4.458482867372603	0.9480054537873116	0.07310854205816766
4.484715654748892	0.9480054537873116	0.0686032385096967
4.511771686444731	0.9480054537873116	0.06470406022701604
4.539492186907772	0.9480054537873116	0.06155058785750377
4.567714481218726	0.9480054537873116	0.05925355963135039
4.596272949732473	0.9480054537873116	0.05787719221202359
4.625	0.9480054537873116	0.05742460553554763
4.653727050267527	0.9480054537873116	0.05783009752592736
4.682285518781274	0.9480054537873116	0.05896120455251356
4.710507813092227	0.9480054537873116	0.06063183234276831
4.738228313555268	0.9480054537873116	0.06262552551515084
4.765284345251108	0.9480054537873116	0.06472561874724747
4.791517132627397	0.9480054537873116	0.06674712206788132
4.8167727312568	0.9480054537873116	0.06856423859945401
4.840902931244115	0.9480054537873116	0.07012772483856514
4.863766126980863	0.9480054537873116	0.07146793911258185
4.885228148143311	0.9480054537873116	0.0726821295745914
4.90516304705728	0.9480054537873116	0.0739077589897363
4.923453837809178	0.9480054537873116	0.07528674990848484
4.9399931827658605	0.9480054537873116	0.07692774755490137
4.954684022474541	0.9480054537873116	0.07887428244302852
4.967440145246251	0.9480054537873116	0.08108581255519776
4.978186693080319	0.9480054537873116	0.0834361539775674
4.9868606009608785	0.9480054537873116	0.08573025360392628
4.993410966947456	0.9480054537873116	0.08773637062572394
4.997799350887806	0.9480054537873116	0.0892273701980854
5.0	0.9480054537873116	0.09002275471221009
4.25	0.9612369297526578	0.1274861709868622
4.252200649112194	0.9612369297526578	0.12668115769490695
4.256589033052544	0.9612369297526578	0.12509097613039802
4.2631393990391215	0.9612369297526578	0.12275466312069541
4.271813306919681	0.9612369297526578	0.11972904180825976
4.282559854753749	0.9612369297526578	0.11608646076454181
4.295315977525459	0.9612369297526578	0.11191171518560476
4.3100068172341395	0.9612369297526578	0.10729844907724889
4.326546162190822	0.9612369297526578	0.10234562342739367
4.34483695294272	0.9612369297526578	0.09715480880312488
4.364771851856689	0.9612369297526578	0.09182899525957341
4.386233873019137	0.9612369297526578	0.08647324781912742
4.409097068755885	0.9612369297526578	0.08119691660014554
4.4332272687432	0.9612369297526578	0.0761163915796338
4.458482867372603	0.9612369297526578	0.07135680418665642
4.484715654748892	0.9612369297526578	0.06705086320289043
4.511771686444731	0.9612369297526578	0.06333334253314524
4.539492186907772	0.9612369297526578	0.06033064466978696
4.567714481218726	0.9612369297526578	0.058146201084745
4.596272949732473	0.9612369297526578	0.05684393210627488
4.625	0.9612369297526578	0.056433170996048616
4.653727050267527	0.9612369297526578	0.05685896576952702
4.682285518781274	0.9612369297526578	0.05800123891674133
4.710507813092227	0.9612369297526578	0.05968486104514872
4.738228313555268	0.9612369297526578	0.06170049524327867
4.765284345251108	0.9612369297526578	0.06383354922153177
4.791517132627397	0.9612369297526578	0.0658963312020047
4.8167727312568	0.9612369297526578	0.06775714316346945
4.840902931244115	0.9612369297526578	0.06936000413500688
4.863766126980863	0.9612369297526578	0.07073013115803213
4.885228148143311	0.9612369297526578	0.07196301586363653
4.90516304705728	0.9612369297526578	0.07319838570552475
4.923453837809178	0.9612369297526578	0.0745837703843057
4.9399931827658605	0.9612369297526578	0.07623499359364147
4.954684022474541	0.9612369297526578	0.07820201178286645
4.967440145246251	0.9612369297526578	0.0804477781091079
4.978186693080319	0.9612369297526578	0.0828452954516711
4.9868606009608785	0.9612369297526578	0.08519423540723461
4.993410966947456	0.9612369297526578	0.08725426034289956
4.997799350887806	0.9612369297526578	0.08878844916526626
5.0	0.9612369297526578	0.08960786274517495
4.25	0.9758695623541764	0.12447383935789927
4.252200649112194	0.9758695623541764	0.12368069766355025
4.256589033052544	0.9758695623541764	0.12211201604815769
4.2631393990391215	0.9758695623541764	0.11980321542915993
4.271813306919681	0.9758695623541764	0.11680760360410852
4.282559854753749	0.9758695623541764	0.11319573049903361
4.295315977525459	0.9758695623541764	0.10905354801852503
4.3100068172341395	0.9758695623541764	0.10447924217877806
4.326546162190822	0.9758695623541764	0.09957910725333044
4.34483695294272	0.9758695623541764	0.09446328941794897
4.364771851856689	0.9758695623541764	0.08924243660195297
4.386233873019137	0.9758695623541764	0.08402611581935406
4.409097068755885	0.9758695623541764	0.07892329037694998
4.4332272687432	0.9758695623541764	0.07404432570240899
4.458482867372603	0.9758695623541764	0.0695031711255253
4.484715654748892	0.9758695623541764	0.06541784815330925
4.511771686444731	0.9758695623541764	0.06190741437379026
4.539492186907772	0.9758695623541764	0.05908427360450283
4.567714481218726	0.9758695623541764	0.05704197508126903
4.596272949732473	0.9758695623541764	0.05584019573406483
4.625	0.9758695623541764	0.05549000147296696
4.653727050267527	0.9758695623541764	0.055943282749939136
4.682285518781274	0.9758695623541764	0.057090111279877814
4.710507813092227	0.9758695623541764	0.058766547236367046
4.738228313555268	0.9758695623541764	0.060773304998657705
4.765284345251108	0.9758695623541764	0.06290310063185067
4.791517132627397	0.9758695623541764	0.06497207882194034
4.8167727312568	0.9758695623541764	0.06684910574075618
4.840902931244115	0.9758695623541764	0.06847642968323026
4.863766126980863	0.9758695623541764	0.06987647279305136
4.885228148143311	0.9758695623541764	0.07114216720109985
4.90516304705728	0.9758695623541764	0.07241176243880035
4.923453837809178	0.9758695623541764	0.07383262266837062
4.9399931827658605	0.9758695623541764	0.07552133843814708
4.954684022474541	0.9758695623541764	0.07752876999514509
4.967440145246251	0.9758695623541764	0.0798180156690459
4.978186693080319	0.9758695623541764	0.08226080161852634
4.9868606009608785	0.9758695623541764	0.08465391560589464
4.993410966947456	0.9758695623541764	0.08675290705551308
4.997799350887806	0.9758695623541764	0.0883163557305841
5.0	0.9758695623541764	0.08915149677892308
4.25	0.9918174814853513	0.121134573122206
4.252200649112194	0.9918174814853513	0.12035486640328778
4.256589033052544	0.9918174814853513	0.1188119734479957
4.2631393990391215	0.9918174814853513	0.11653955535396798
4.271813306919681	0.9918174814853513	0.11358917761803311
4.282559854753749	0.9918174814853513	0.11003046161499688
4.295315977525459	0.9918174814853513	0.10594991006462551
4.3100068172341395	0.9918174814853513	0.10144806144529818
4.326546162190822	0.9918174814853513	0.09663520148848408
4.34483695294272	0.9918174814853513	0.09162642703419298
4.364771851856689	0.9918174814853513	0.08653719063020202
4.386233873019137	0.9918174814853513	0.08148038954669588
4.409097068755885	0.9918174814853513	0.07656556603146399
4.4332272687432	0.9918174814853513	0.0718999775160732
4.458482867372603	0.9918174814853513	0.067590427088559
4.484715654748892	0.9918174814853513	0.06374412553329924
4.511771686444731	0.9918174814853513	0.060466756713712454
4.539492186907772	0.9918174814853513	0.05785647308146059
4.567714481218726	0.9918174814853513	0.05599369555103378
4.596272949732473	0.9918174814853513	0.05492806665385943
4.625	0.9918174814853513	0.05466529646232987
4.653727050267527	0.9918174814853513	0.05515749824129734
4.682285518781274	0.9918174814853513	0.05630058006493429
4.710507813092227	0.9918174814853513	0.05794119618257678
4.738228313555268	0.9918174814853513	0.05989380331449647
4.765284345251108	0.9918174814853513	0.061965920553334275
4.791517132627397	0.9918174814853513	0.0639873530308941
4.8167727312568	0.9918174814853513	0.06583754664631743
4.840902931244115	0.9918174814853513	0.06746490278450777
4.863766126980863	0.9918174814853513	0.06889302831286784
4.885228148143311	0.9918174814853513	0.0702113925281128
4.90516304705728	0.9918174814853513	0.07155121451500766
4.923453837809178	0.9918174814853513	0.07305085796675988
4.9399931827658605	0.9918174814853513	0.07481772902809819
4.954684022474541	0.9918174814853513	0.07689494425807651
4.967440145246251	0.9918174814853513	0.0792404612134639
4.978186693080319	0.9918174814853513	0.08172397434937143
4.9868606009608785	0.9918174814853513	0.08414314834062123
4.993410966947456	0.9918174814853513	0.08625650934376289
4.997799350887806	0.9918174814853513	0.0878265187918983
5.0	0.9918174814853513	0.08866391370473747
4.25	1.0089870984153095	0.11751749490986718
4.252200649112194	1.0089870984153095	0.11675169762969129
4.256589033052544	1.0089870984153095	0.11523713695337014
4.2631393990391215	1.0089870984153095	0.11300829619623756
4.271813306919681	1.0089870984153095	0.1101175543314702
4.282559854753749	1.0089870984153095	0.10663505300060866
4.295315977525459	1.0089870984153095	0.10264741011217927
4.3100068172341395	1.0089870984153095	0.09825500536860118
4.326546162190822	1.0089870984153095	0.09356802671167201
4.34483695294272	1.0089870984153095	0.08870192323915474
4.364771851856689	1.0089870984153095	0.08377317530275818
4.386233873019137	1.0089870984153095	0.07889623549644002
4.409097068755885	1.0089870984153095	0.07418209063006373
4.4332272687432	1.0089870984153095	0.0697382464494053
4.458482867372603	1.0089870984153095	0.0656692503093957
4.484715654748892	1.0089870984153095	0.062076393781005816
4.511771686444731	1.0089870984153095	0.05905519293777757
4.539492186907772	1.0089870984153095	0.05668973077858992
4.567714481218726	1.0089870984153095	0.05504390273881407
4.596272949732473	1.0089870984153095	0.05415080564399394
4.625	1.0089870984153095	0.054002609664828116
4.653727050267527	1.0089870984153095	0.05454388384121289
4.682285518781274	1.0089870984153095	0.05567122503930798
4.710507813092227	1.0089870984153095	0.057241065032981875
4.738228313555268	1.0089870984153095	0.05908583217623553
4.765284345251108	1.0089870984153095	0.06103657940901043
4.791517132627397	1.0089870984153095	0.06294826630568598
4.8167727312568	1.0089870984153095	0.06472263291739483
4.840902931244115	1.0089870984153095	0.0663234432802932
4.863766126980863	1.0089870984153095	0.06777998096155662
4.885228148143311	1.0089870984153095	0.06917691106025489
4.90516304705728	1.0089870984153095	0.07063154305048863
4.923453837809178	1.0089870984153095	0.07226248355198021
4.9399931827658605	1.0089870984153095	0.07415594227589038
4.954684022474541	1.0089870984153095	0.07633694822697154
4.967440145246251	1.0089870984153095	0.0787521209316975
4.978186693080319	1.0089870984153095	0.081268468490039
4.9868606009608785	1.0089870984153095	0.08368937556662105
4.993410966947456	1.0089870984153095	0.08578521760692014
4.997799350887806	1.0089870984153095	0.08733273939637788
5.0	1.0089870984153095	0.0881552415546902
4.25	1.0272776550047078	0.11368985028157572
4.252200649112194	1.0272776550047078	0.11293813346398193
4.256589033052544	1.0272776550047078	0.11145386358431177
4.2631393990391215	1.0272776550047078	0.10927497777055002
4.271813306919681	1.0272776550047078	0.10645730878590916
4.282559854753749	1.0272776550047078	0.10307308761700115
4.295315977525459	1.0272776550047078	0.09920875476469256
4.3100068172341395	1.0272776550047078	0.09496215567384951
4.326546162190822	1.0272776550047078	0.09043937547891835
4.34483695294272	1.0272776550047078	0.08575160096014738
4.364771851856689	1.0272776550047078	0.08101240782082583
4.386233873019137	1.0272776550047078	0.07633572008285988
4.409097068755885	1.0272776550047078	0.0718343954389042
4.4332272687432	1.0272776550047078	0.0676190379940167
4.458482867372603	1.0272776550047078	0.06379635336290544
4.484715654748892	1.0272776550047078	0.060466271353611434
4.511771686444731	1.0272776550047078	0.05771725885147144
4.539492186907772	1.0272776550047078	0.055619740562444786
4.567714481218726	1.0272776550047078	0.054218249549684044
4.596272949732473	1.0272776550047078	0.05352366570340366
4.625	1.0272776550047078	0.05350744230660154
4.653727050267527	1.0272776550047078	0.05409985520334828
4.682285518781274	1.0272776550047078	0.055193901654366107
4.710507813092227	1.0272776550047078	0.05665552484261795
4.738228313555268	1.0272776550047078	0.05833949682449844
4.765284345251108	1.0272776550047078	0.06010884298156889
4.791517132627397	1.0272776550047078	0.06185449402026783
4.8167727312568	1.0272776550047078	0.06351125276659618
4.840902931244115	1.0272776550047078	0.06506640013937037
4.863766126980863	1.0272776550047078	0.06655839264575907
4.885228148143311	1.0272776550047078	0.06806496027776784
4.90516304705728	1.0272776550047078	0.06968213861512944
4.923453837809178	1.0272776550047078	0.07149787613292015
4.9399931827658605	1.0272776550047078	0.07356534512901741
4.954684022474541	1.0272776550047078	0.07588155671504822
4.967440145246251	1.0272776550047078	0.0783761519557871
4.978186693080319	1.0272776550047078	0.08091339663641085
4.9868606009608785	1.0272776550047078	0.08330779523901577
4.993410966947456	1.0272776550047078	0.08535090511870912
4.997799350887806	1.0272776550047078	0.08684449514010975
5.0	1.0272776550047078	0.08763370801923456
4.25	1.0465818149945596	0.10973285887836731
4.252200649112194	1.0465818149945596	0.10899602583142327
4.256589033052544	1.0465818149945596	0.10754483794161661
4.2631393990391215	1.0465818149945596	0.10542261753979741
4.271813306919681	1.0465818149945596	0.1026905943919117
4.282559854753749	1.0465818149945596	0.09942424934999278
4.295315977525459	1.0465818149945596	0.09570963048443029
4.3100068172341395	1.0465818149945596	0.09164027017998688
4.326546162190822	1.0465818149945596	0.08731510436572403
4.34483695294272	1.0465818149945596	0.08283745274246354
4.364771851856689	1.0465818149945596	0.07831474099697619
4.386233873019137	1.0465818149945596	0.07385832677894405
4.409097068755885	1.0465818149945596	0.06958261927283554
4.4332272687432	1.0465818149945596	0.0656027195710327
4.458482867372603	1.0465818149945596	0.06203007424216802
4.484715654748892	1.0465818149945596	0.05896609348345429
4.511771686444731	1.0465818149945596	0.05649425346769679
4.539492186907772	1.0465818149945596	0.05467175836762651
4.567714481218726	1.0465818149945596	0.05352224599315763
4.596272949732473	1.0465818149945596	0.05303116273107533
4.625	1.0465818149945596	0.05314523414879242
4.653727050267527	1.0465818149945596	0.05377691005722389
4.682285518781274	1.0465818149945596	0.05481383681564402
4.710507813092227	1.0465818149945596	0.05613244546422874
4.738228313555268	1.0465818149945596	0.05761382963275579
4.765284345251108	1.0465818149945596	0.05915942128770199
4.791517132627397	1.0465818149945596	0.06070372356814286
4.8167727312568	1.0465818149945596	0.0622216259673306
4.840902931244115	1.0465818149945596	0.06372860712005811
4.863766126980863	1.0465818149945596	0.06527331609554071
4.885228148143311	1.0465818149945596	0.06692341212425654
4.90516304705728	1.0465818149945596	0.06874687405647618
4.923453837809178	1.0465818149945596	0.07079199513717989
4.9399931827658605	1.0465818149945596	0.07306973389836269
4.954684022474541	1.0465818149945596	0.07554187293136821
4.967440145246251	1.0465818149945596	0.07811754743684185
4.978186693080319	1.0465818149945596	0.08065928317083666
4.9868606009608785	1.0465818149945596	0.08299798036879717
4.993410966947456	1.0465818149945596	0.08495461484622889
4.997799350887806	1.0465818149945596	0.08636512260161504
5.0	1.0465818149945596	0.0871042517599094
4.25	1.0667862938980828	0.10573494442201546
4.252200649112194	1.0667862938980828	0.10501520300889532
4.256589033052544	1.0667862938980828	0.10360189520557242
4.2631393990391215	1.0667862938980828	0.10154434582949383
4.271813306919681	1.0667862938980828	0.09890978303903956
4.282559854753749	1.0667862938980828	0.09577724395712806
4.295315977525459	1.0667862938980828	0.09223217195279552
4.3100068172341395	1.0667862938980828	0.0883629545532631
4.326546162190822	1.0667862938980828	0.08425998047049449
4.34483695294272	1.0667862938980828	0.08001693183662559
4.364771851856689	1.0667862938980828	0.07573322143505626
4.386233873019137	1.0667862938980828	0.0715159742013511
4.409097068755885	1.0667862938980828	0.0674799019585843
4.4332272687432	1.0667862938980828	0.06374387185310627
4.458482867372603	1.0667862938980828	0.06042382621412358
4.484715654748892	1.0667862938980828	0.05762276297528
4.511771686444731	1.0667862938980828	0.05541945774876066
4.539492186907772	1.0667862938980828	0.05385823642016429
4.567714481218726	1.0667862938980828	0.05294220460455289
4.596272949732473	1.0667862938980828	0.05263185000334967
4.625	1.0667862938980828	0.05284994417413226
4.653727050267527	1.0667862938980828	0.0534923961399647
4.682285518781274	1.0667862938980828	0.054443440518755395
4.710507813092227	1.0667862938980828	0.05559257015444148
4.738228313555268	1.0667862938980828	0.05685017323848872
4.765284345251108	1.0667862938980828	0.058159012788853666
4.791517132627397	1.0667862938980828	0.05949945376450883
4.8167727312568	1.0667862938980828	0.06088753049303185
4.840902931244115	1.0667862938980828	0.06236629709792743
4.863766126980863	1.0667862938980828	0.06399213348048716
4.885228148143311	1.0667862938980828	0.0658185462812204
4.90516304705728	1.0667862938980828	0.06788035703901706
4.923453837809178	1.0667862938980828	0.07018097581105978
4.9399931827658605	1.0667862938980828	0.07268480024031207
4.954684022474541	1.0667862938980828	0.07531582504227442
4.967440145246251	1.0667862938980828	0.07796250119971768
4.978186693080319	1.0667862938980828	0.08048794238952373
4.9868606009608785	1.0667862938980828	0.08274388117685094
4.993410966947456	1.0667862938980828	0.08458639903461156
4.997799350887806	1.0667862938980828	0.08589138934466066
5.0	1.0667862938980828	0.08656790442028466
4.25	1.0877725237991134	0.10178334869773555
4.252200649112194	1.0877725237991134	0.10108464310503837
4.256589033052544	1.0877725237991134	0.09971650609562749
4.2631393990391215	1.0877725237991134	0.09773327158633495
4.271813306919681	1.0877725237991134	0.09520710991971194
4.282559854753749	1.0877725237991134	0.09221984017889867
4.295315977525459	1.0877725237991134	0.088856036623357
4.3100068172341395	1.0877725237991134	0.08519920363813058
4.326546162190822	1.0877725237991134	0.08133174710960178
4.34483695294272	1.0877725237991134	0.07733816870583168
4.364771851856689	1.0877725237991134	0.07330974480923567
4.386233873019137	1.0877725237991134	0.06934828645269007
4.409097068755885	1.0877725237991134	0.06556663730960066
4.4332272687432	1.0877725237991134	0.06208437473209863
4.458482867372603	1.0877725237991134	0.059018537331596524
4.484715654748892	1.0877725237991134	0.056470746799740706
4.511771686444731	1.0877725237991134	0.0545133870620415
4.539492186907772	1.0877725237991134	0.0531781666561916
4.567714481218726	1.0877725237991134	0.052450196261005
4.596272949732473	1.0877725237991134	0.05226966485869857
4.625	1.0877725237991134	0.052541529506569096
4.653727050267527	1.0877725237991134	0.05315175379571783
4.682285518781274	1.0877725237991134	0.053987015501610724
4.710507813092227	1.0877725237991134	0.05495387348448796
4.738228313555268	1.0877725237991134	0.05599338689892632
4.765284345251108	1.0877725237991134	0.057088129204236705
4.791517132627397	1.0877725237991134	0.05826020793040831
4.8167727312568	1.0877725237991134	0.05956088060288975
4.840902931244115	1.0877725237991134	0.0610541661037539
4.863766126980863	1.0877725237991134	0.06279805932078286
4.885228148143311	1.0877725237991134	0.0648272970168959
4.90516304705728	1.0877725237991134	0.0671410525955918
4.923453837809178	1.0877725237991134	0.06969764465853032
4.9399931827658605	1.0877725237991134	0.07241668864779925
4.954684022474541	1.0877725237991134	0.07518753227737102
4.967440145246251	1.0877725237991134	0.0778816770091895
4.978186693080319	1.0877725237991134	0.0803664363724095
4.9868606009608785	1.0877725237991134	0.08251735270249078
4.993410966947456	1.0877725237991134	0.08422772338373846
4.997799350887806	1.0877725237991134	0.08541467207798976
5.0	1.0877725237991134	0.08602219126951718
4.25	1.1094173491557848	0.09795558180811918
4.252200649112194	1.1094173491557848	0.09728332537327972
4.256589033052544	1.1094173491557848	0.0959696839067115
4.2631393990391215	1.1094173491557848	0.09407151916983664
4.271813306919681	1.1094173491557848	0.09166335200019696
4.282559854753749	1.1094173491557848	0.08882799972249164
4.295315977525459	1.1094173491557848	0.0856488370978684
4.3100068172341395	1.1094173491557848	0.08220573709422895
4.326546162190822	1.1094173491557848	0.07857548695767166
4.34483695294272	1.1094173491557848	0.0748359307008329
4.364771851856689	1.1094173491557848	0.07107173633915378
4.386233873019137	1.1094173491557848	0.06737895620852809
4.409097068755885	1.1094173491557848	0.06386569859977713
4.4332272687432	1.1094173491557848	0.060647260003046446
4.458482867372603	1.1094173491557848	0.05783571617701624
4.484715654748892	1.1094173491557848	0.05552577752434639
4.511771686444731	1.1094173491557848	0.053780151289137865
4.539492186907772	1.1094173491557848	0.052618272942808304
4.567714481218726	1.1094173491557848	0.052011838007252946
4.596272949732473	1.1094173491557848	0.05188913733920451
4.625	1.1094173491557848	0.05214811012277387
4.653727050267527	1.1094173491557848	0.05267581408909638
4.682285518781274	1.1094173491557848	0.05337026228623513
4.710507813092227	1.1094173491557848	0.05415977542311352
4.738228313555268	1.1094173491557848	0.055015393313109305
4.765284345251108	1.1094173491557848	0.05595341094272419
4.791517132627397	1.1094173491557848	0.0570273872134117
4.8167727312568	1.1094173491557848	0.058311445157897074
4.840902931244115	1.1094173491557848	0.059878714849658746
4.863766126980863	1.1094173491557848	0.061779850228881425
4.885228148143311	1.1094173491557848	0.0640264140249782
4.90516304705728	1.1094173491557848	0.0665826253100004
4.923453837809178	1.1094173491557848	0.06936685876199059
4.9399931827658605	1.1094173491557848	0.07226193418935291
4.954684022474541	1.1094173491557848	0.07513125105577496
4.967440145246251	1.1094173491557848	0.07783670325835403
4.978186693080319	1.1094173491557848	0.08025430552236693
4.9868606009608785	1.1094173491557848	0.08228451644829103
4.993410966947456	1.1094173491557848	0.08385601012447695
4.997799350887806	1.1094173491557848	0.08492359943590135
5.0	1.1094173491557848	0.0854625879921163
4.25	1.131593749526218	0.09431230356993538
4.252200649112194	1.131593749526218	0.09367252260954195
4.256589033052544	1.131593749526218	0.09242334715893456
4.2631393990391215	1.131593749526218	0.09062073166137397
4.271813306919681	1.131593749526218	0.08833797334763507
4.282559854753749	1.131593749526218	0.08565646248211285
4.295315977525459	1.131593749526218	0.08265801209941445
4.3100068172341395	1.131593749526218	0.07942076722800845
4.326546162190822	1.131593749526218	0.07601944145751395
4.34483695294272	1.131593749526218	0.072529111589566
4.364771851856689	1.131593749526218	0.06903049440538737
4.386233873019137	1.131593749526218	0.06561395824118024
4.409097068755885	1.131593749526218	0.06237972992286174
4.4332272687432	1.131593749526218	0.05943282765404599
4.458482867372603	1.131593749526218	0.05687290061152333
4.484715654748892	1.131593749526218	0.05478091350489232
4.511771686444731	1.131593749526218	0.05320594869619618
4.539492186907772	1.131593749526218	0.05215587574130895
4.567714481218726	1.131593749526218	0.051595052480217216
4.596272949732473	1.131593749526218	0.05145066494636266
4.625	1.131593749526218	0.05162716153227865
4.653727050267527	1.131593749526218	0.05202605513758682
4.682285518781274	1.131593749526218	0.05256675731784646
4.710507813092227	1.131593749526218	0.05320354201448666
4.738228313555268	1.131593749526218	0.05393441810478688
4.765284345251108	1.131593749526218	0.05479949278580333
4.791517132627397	1.131593749526218	0.05586889784417196
4.8167727312568	1.131593749526218	0.057222897639245256
4.840902931244115	1.131593749526218	0.058928740498552616
4.863766126980863	1.131593749526218	0.06101964131373669
4.885228148143311	1.131593749526218	0.06348076769442022
4.90516304705728	1.131593749526218	0.06624537228885741
4.923453837809178	1.131593749526218	0.06920171779978145
4.9399931827658605	1.131593749526218	0.07220882910130398
4.954684022474541	1.131593749526218	0.07511705723654856
4.967440145246251	1.131593749526218	0.07778847738272958
4.978186693080319	1.131593749526218	0.08011249664599922
4.9868606009608785	1.131593749526218	0.08201359183887431
4.993410966947456	1.131593749526218	0.08345038712713922
4.997799350887806	1.131593749526218	0.08440767587337622
5.0	1.131593749526218	0.0848848304104969
4.25	1.154171584974981	0.09089301038122509
4.252200649112194	1.154171584974981	0.09029108045418334
4.256589033052544	1.154171584974981	0.08911495968109984
4.2631393990391215	1.154171584974981	0.08741613180858965
4.271813306919681	1.154171584974981	0.08526297379290121
4.282559854753749	1.154171584974981	0.08273296294825071
4.295315977525459	1.154171584974981	0.07990602967774611
4.3100068172341395	1.154171584974981	0.07686064832765517
4.326546162190822	1.154171584974981	0.07367324919571486
4.34483695294272	1.154171584974981	0.0704203269986958
4.364771851856689	1.154171584974981	0.06718160319630097
4.386233873019137	1.154171584974981	0.06404211193794057
4.409097068755885	1.154171584974981	0.06109130775463238
4.4332272687432	1.154171584974981	0.058418205303391445
4.458482867372603	1.154171584974981	0.05610290845475239
4.484715654748892	1.154171584974981	0.054206268463502974
4.511771686444731	1.154171584974981	0.052760393536074715
4.539492186907772	1.154171584974981	0.05176297309063411
4.567714481218726	1.154171584974981	0.05117773855724535
4.596272949732473	1.154171584974981	0.050941971326719626
4.625	1.154171584974981	0.050980134240316714
4.653727050267527	1.154171584974981	0.051220938614163616
4.682285518781274	1.154171584974981	0.05161396890726262
4.710507813092227	1.154171584974981	0.05214174520346312
4.738228313555268	1.154171584974981	0.05282394009831482
4.765284345251108	1.154171584974981	0.05371222110792821
4.791517132627397	1.154171584974981	0.05487644338335624
4.8167727312568	1.154171584974981	0.05638509768539063
4.840902931244115	1.154171584974981	0.05828444991062902
4.863766126980863	1.154171584974981	0.06058126915333829
4.885228148143311	1.154171584974981	0.06323328153478112
4.90516304705728	1.154171584974981	0.06614967623762828
4.923453837809178	1.154171584974981	0.06920157844621108
4.9399931827658605	1.154171584974981	0.0722400066654495
4.954684022474541	1.154171584974981	0.07511706798402276
4.967440145246251	1.154171584974981	0.0777054712077437
4.978186693080319	1.154171584974981	0.0799120259383466
4.9868606009608785	1.154171584974981	0.08168248385309039
4.993410966947456	1.154171584974981	0.08299741320189463
4.997799350887806	1.154171584974981	0.08386115423155371
5.0	1.154171584974981	0.08428765329600107
4.25	1.1770183597859787	0.08771535074369685
4.252200649112194	1.1770183597859787	0.08715463323204584
4.256589033052544	1.1770183597859787	0.08605660154575911
4.2631393990391215	1.1770183597859787	0.08446549350161314
4.271813306919681	1.1770183597859787	0.08244190268733895
4.282559854753749	1.1770183597859787	0.08005749693964753
4.295315977525459	1.1770183597859787	0.07739013471222661
4.3100068172341395	1.1770183597859787	0.07452029011257288
4.326546162190822	1.1770183597859787	0.07152911979323442
4.34483695294272	1.1770183597859787	0.06849783217390075
4.364771851856689	1.1770183597859787	0.06550748105892924
4.386233873019137	1.1770183597859787	0.06263809476645714
4.409097068755885	1.1770183597859787	0.059966261259887535
4.4332272687432	1.1770183597859787	0.057560877166849
4.458482867372603	1.1770183597859787	0.05547756266965007
4.484715654748892	1.1770183597859787	0.05375299158741309
4.511771686444731	1.1770183597859787	0.05240082584847485
4.539492186907772	1.1770183597859787	0.05141088947178549
4.567714481218726	1.1770183597859787	0.05075262039916816
4.596272949732473	1.1770183597859787	0.05038281377202676
4.625	1.1770183597859787	0.05025647393980322
4.653727050267527	1.1770183597859787	0.0503385574390521
4.682285518781274	1.1770183597859787	0.05061383270219875
4.710507813092227	1.1770183597859787	0.05109221298808538
4.738228313555268	1.1770183597859787	0.05180776936641867
4.765284345251108	1.1770183597859787	0.05281103531395259
4.791517132627397	1.1770183597859787	0.05415584393634354
4.8167727312568	1.1770183597859787	0.05588337987092044
4.840902931244115	1.1770183597859787	0.058006992126989405
4.863766126980863	1.1770183597859787	0.06050134435003012
4.885228148143311	1.1770183597859787	0.0632986248650973
4.90516304705728	1.1770183597859787	0.06629297916248171
4.923453837809178	1.1770183597859787	0.0693524316841655
4.9399931827658605	1.1770183597859787	0.07233580092373995
4.954684022474541	1.1770183597859787	0.07511093020583451
4.967440145246251	1.1770183597859787	0.07757026525358923
4.978186693080319	1.1770183597859787	0.07964049472912461
4.9868606009608785	1.1770183597859787	0.08128446715280396
4.993410966947456	1.1770183597859787	0.082495531349928
4.997799350887806	1.1770183597859787	0.08328632587637515
5.0	1.1770183597859787	0.08367538446429698
4.25	1.2	0.08477813019314971
4.252200649112194	1.2	0.08425886229805117
4.256589033052544	1.2	0.08323864970225474
4.2631393990391215	1.2	0.0817532738800919
4.271813306919681	1.2	0.07985432620112203
4.282559854753749	1.2	0.07760690983203831
4.295315977525459	1.2	0.07508683271695944
4.3100068172341395	1.2	0.07237739897899578
4.326546162190822	1.2	0.06956585752586185
4.34483695294272	1.2	0.0667395398905637
4.364771851856689	1.2	0.06398174795641787
4.386233873019137	1.2	0.06136755075476148
4.409097068755885	1.2	0.05895980294046321
4.4332272687432	1.2	0.0568058602548222
4.458482867372603	1.2	0.05493557348304831
4.484715654748892	1.2	0.05336112570885635
4.511771686444731	1.2	0.052079094547063436
4.539492186907772	1.2	0.05107477092970931
4.567714481218726	1.2	0.05032830092363649
4.596272949732473	1.2	0.04982173612311274
4.625	1.2	0.04954570690953895
4.653727050267527	1.2	0.04950429124154566
4.682285518781274	1.2	0.04971681898082132
4.710507813092227	1.2	0.05021583858376082
4.738228313555268	1.2	0.05104120836943118
4.765284345251108	1.2	0.052231114441878966
4.791517132627397	1.2	0.05381157353384471
4.8167727312568	1.2	0.05578646312965227
4.840902931244115	1.2	0.05813019266844811
4.863766126980863	1.2	0.06078473565400462
4.885228148143311	1.2	0.06366193860540359
4.90516304705728	1.2	0.06665096706350666
4.923453837809178	1.2	0.06962966987991359
4.9399931827658605	1.2	0.07247778791584672
4.954684022474541	1.2	0.07508950840489245
4.967440145246251	1.2	0.07738298489401185
4.978186693080319	1.2	0.07930509371799638
4.9868606009608785	1.2	0.08083074388551638
4.993410966947456	1.2	0.08195726342724143
4.997799350887806	1.2	0.08269547388798111
5.0	1.2	0.0830597807468627
4.25	1.2229816402140212	0.08206727074979163
4.252200649112194	1.2229816402140212	0.08158601194526542
4.256589033052544	1.2229816402140212	0.0806372024445201
4.2631393990391215	1.2229816402140212	0.07924896011659548
4.271813306919681	1.2229816402140212	0.0774647559122276
4.282559854753749	1.2229816402140212	0.07534382362071448
4.295315977525459	1.2229816402140212	0.07296019493963939
4.3100068172341395	1.2229816402140212	0.07039973730060844
4.326546162190822	1.2229816402140212	0.06775502964738067
4.34483695294272	1.2229816402140212	0.06511849335803278
4.364771851856689	1.2229816402140212	0.06257474662681554
4.386233873019137	1.2229816402140212	0.060193516229909934
4.409097068755885	1.2229816402140212	0.05802450766432589
4.4332272687432	1.2229816402140212	0.05609536265038256
4.458482867372603	1.2229816402140212	0.05441326645489651
4.484715654748892	1.2229816402140212	0.05297002686961191
4.511771686444731	1.2229816402140212	0.05174969979641166
4.539492186907772	1.2229816402140212	0.050737257775724534
4.567714481218726	1.2229816402140212	0.049926526136225426
4.596272949732473	1.2229816402140212	0.04932571586462138
4.625	1.2229816402140212	0.04895934573387386
4.653727050267527	1.2229816402140212	0.04886606980316387
4.682285518781274	1.2229816402140212	0.04909275328223243
4.710507813092227	1.2229816402140212	0.04968589227615922
4.738228313555268	1.2229816402140212	0.050681993601251266
4.765284345251108	1.2229816402140212	0.05209871724461656
4.791517132627397	1.2229816402140212	0.053928409413297934
4.8167727312568	1.2229816402140212	0.05613516973443999
4.840902931244115	1.2229816402140212	0.05865591553015931
4.863766126980863	1.2229816402140212	0.061405176127362626
4.885228148143311	1.2229816402140212	0.06428271699056365
4.90516304705728	1.2229816402140212	0.06718267121503806
4.923453837809178	1.2229816402140212	0.07000270564597985
4.9399931827658605	1.2229816402140212	0.07265187152015588
4.954684022474541	1.2229816402140212	0.0750561329199517
4.967440145246251	1.2229816402140212	0.07716104309553987
4.978186693080319	1.2229816402140212	0.07893154910966899
4.9868606009608785	1.2229816402140212	0.08034935899918307
4.993410966947456	1.2229816402140212	0.0814086375568152
4.997799350887806	1.2229816402140212	0.08211097378460827
5.0	1.2229816402140212	0.082460582293961
4.25	1.2458284150250192	0.07956335329328112
4.252200649112194	1.2458284150250192	0.07911315813485906
4.256589033052544	1.2458284150250192	0.07822352778091983
4.2631393990391215	1.2458284150250192	0.07691769839249661
4.271813306919681	1.2458284150250192	0.07523398515931501
4.282559854753749	1.2458284150250192	0.07322788100650862
4.295315977525459	1.2458284150250192	0.07097215737546597
4.3100068172341395	1.2458284150250192	0.06855388189998175
4.326546162190822	1.2458284150250192	0.0660680882310474
4.34483695294272	1.2458284150250192	0.06360883815907734
4.364771851856689	1.2458284150250192	0.061259313861538496
4.386233873019137	1.2458284150250192	0.05908309509563103
4.409097068755885	1.2458284150250192	0.05711873606448667
4.4332272687432	1.2458284150250192	0.05537913315022132
4.458482867372603	1.2458284150250192	0.05385610329797261
4.484715654748892	1.2458284150250192	0.05252933806944587
4.511771686444731	1.2458284150250192	0.05137778448954934
4.539492186907772	1.2458284150250192	0.05039082794868616
4.567714481218726	1.2458284150250192	0.04957660405338947
4.596272949732473	1.2458284150250192	0.04896537476625282
4.625	1.2458284150250192	0.0486070288552135
4.653727050267527	1.2458284150250192	0.04856313272704499
4.682285518781274	1.2458284150250192	0.0488952275136061
4.710507813092227	1.2458284150250192	0.04965192940793388
4.738228313555268	1.2458284150250192	0.05085763637514383
4.765284345251108	1.2458284150250192	0.052505227283163335
4.791517132627397	1.2458284150250192	0.0545541788091551
4.8167727312568	1.2458284150250192	0.05693427390131645
4.840902931244115	1.2458284150250192	0.05955384997648512
4.863766126980863	1.2458284150250192	0.062310632324348914
4.885228148143311	1.2458284150250192	0.06510281905838503
4.90516304705728	1.2458284150250192	0.06783828474328653
4.923453837809178	1.2458284150250192	0.07044045473916766
4.9399931827658605	1.2458284150250192	0.07285035677429472
4.954684022474541	1.2458284150250192	0.07502531101987675
4.967440145246251	1.2458284150250192	0.07693542703813101
4.978186693080319	1.2458284150250192	0.07855937527800774
4.9868606009608785	1.2458284150250192	0.07988075876513026
4.993410966947456	1.2458284150250192	0.08088592147209195
4.997799350887806	1.2458284150250192	0.0815633800617511
5.0	1.2458284150250192	0.08190447353140112
4.25	1.2684062504737819	0.07724905004752182
4.252200649112194	1.2684062504737819	0.0768203561678593
4.256589033052544	1.2684062504737819	0.07597336914109452
4.2631393990391215	1.2684062504737819	0.07473074937539319
4.271813306919681	1.2684062504737819	0.07313021299499951
4.282559854753749	1.2684062504737819	0.07122673049723809
4.295315977525459	1.2684062504737819	0.06909250529106521
4.3100068172341395	1.2684062504737819	0.06681360008788796
4.326546162190822	1.2684062504737819	0.06448302330253668
4.34483695294272	1.2684062504737819	0.06219121345232746
4.364771851856689	1.2684062504737819	0.060015826420539466
4.386233873019137	1.2684062504737819	0.05801322852951946
4.409097068755885	1.2684062504737819	0.05621394139983716
4.4332272687432	1.2684062504737819	0.05462346913796718
4.458482867372603	1.2684062504737819	0.053228651836847884
4.484715654748892	1.2684062504737819	0.052008263152037285
4.511771686444731	1.2684062504737819	0.05094539043427965
4.539492186907772	1.2684062504737819	0.050038538401636204
4.567714481218726	1.2684062504737819	0.04930856970529631
4.596272949732473	1.2684062504737819	0.048799523084792115
4.625	1.2684062504737819	0.04857281314403639
4.653727050267527	1.2684062504737819	0.048695947214237714
4.682285518781274	1.2684062504737819	0.04922827437293254
4.710507813092227	1.2684062504737819	0.05020704983995115
4.738228313555268	1.2684062504737819	0.05163705241491595
4.765284345251108	1.2684062504737819	0.05348614350414535
4.791517132627397	1.2684062504737819	0.05568772392743269
4.8167727312568	1.2684062504737819	0.058149400564314564
4.840902931244115	1.2684062504737819	0.060765741898887615
4.863766126980863	1.2684062504737819	0.06343214089100484
4.885228148143311	1.2684062504737819	0.06605671934866292
4.90516304705728	1.2684062504737819	0.06856789484646839
4.923453837809178	1.2684062504737819	0.07091648009105721
4.9399931827658605	1.2684062504737819	0.07307264322650701
4.954684022474541	1.2684062504737819	0.07501932939009637
4.967440145246251	1.2684062504737819	0.07674449733192987
4.978186693080319	1.2684062504737819	0.07823458281488996
4.9868606009608785	1.2684062504737819	0.07947098460719748
4.993410966947456	1.2684062504737819	0.08043028853346579
4.997799350887806	1.2684062504737819	0.08108773334131687
5.0	1.2684062504737819	0.08142243828239928
4.25	1.290582650844215	0.07511482835229984
4.252200649112194	1.290582650844215	0.07469686802991712
4.256589033052544	1.290582650844215	0.07387401745645772
4.2631393990391215	1.290582650844215	0.07267339108887763
4.271813306919681	1.290582650844215	0.07113741281944932
4.282559854753749	1.290582650844215	0.06932425412003926
4.295315977525459	1.290582650844215	0.06730631308465625
4.3100068172341395	1.290582650844215	0.0651660420411946
4.326546162190822	1.290582650844215	0.06298921093003822
4.34483695294272	1.290582650844215	0.06085657962775836
4.364771851856689	1.290582650844215	0.05883566161546532
4.386233873019137	1.290582650844215	0.05697454646943552
4.409097068755885	1.290582650844215	0.05529947600061716
4.4332272687432	1.290582650844215	0.05381706537781083
4.458482867372603	1.290582650844215	0.05252091426073536
4.484715654748892	1.290582650844215	0.05140116606199003
4.511771686444731	1.290582650844215	0.050454680055977516
4.539492186907772	1.290582650844215	0.049693152261014104
4.567714481218726	1.290582650844215	0.04914688444209222
4.596272949732473	1.290582650844215	0.04886289772130071
4.625	1.290582650844215	0.048897482096321665
4.653727050267527	1.290582650844215	0.04930471078627228
4.682285518781274	1.290582650844215	0.050123548769900404
4.710507813092227	1.290582650844215	0.05136664639765171
4.738228313555268	1.290582650844215	0.05301359238380023
4.765284345251108	1.290582650844215	0.055010370842085564
4.791517132627397	1.290582650844215	0.05727528003694373
4.8167727312568	1.290582650844215	0.05971000681916737
4.840902931244115	1.290582650844215	0.06221331512515387
4.863766126980863	1.290582650844215	0.06469421998866752
4.885228148143311	1.290582650844215	0.06708172994886107
4.90516304705728	1.290582650844215	0.06932918863421995
4.923453837809178	1.290582650844215	0.07141267362667032
4.9399931827658605	1.290582650844215	0.07332443480706774
4.954684022474541	1.290582650844215	0.07506357066056651
4.967440145246251	1.290582650844215	0.07662673249865681
4.978186693080319	1.290582650844215	0.07800146925744747
4.9868606009608785	1.290582650844215	0.07916394629081121
4.993410966947456	1.290582650844215	0.08008144791152307
4.997799350887806	1.290582650844215	0.08071868113233407
5.0	1.290582650844215	0.08104582653159983
4.25	1.3122274762008865	0.07316175743129975
4.252200649112194	1.3122274762008865	0.07274416984670794
4.256589033052544	1.3122274762008865	0.07192763792688038
4.2631393990391215	1.3122274762008865	0.0707485481506775
4.271813306919681	1.3122274762008865	0.06925910614278723
4.282559854753749	1.3122274762008865	0.06752423176749012
4.295315977525459	1.3122274762008865	0.06561723070004934
4.3100068172341395	1.3122274762008865	0.0636144563270004
4.326546162190822	1.3122274762008865	0.06158950733860542
4.34483695294272	1.3122274762008865	0.059607800733584355
4.364771851856689	1.3122274762008865	0.057722496083080554
4.386233873019137	1.3122274762008865	0.05597263649507018
4.409097068755885	1.3122274762008865	0.05438399382650738
4.4332272687432	1.3122274762008865	0.05297252248566239
4.458482867372603	1.3122274762008865	0.0517496736046978
4.484715654748892	1.3122274762008865	0.05072827576116012
4.511771686444731	1.3122274762008865	0.04992741752976061
4.539492186907772	1.3122274762008865	0.049374879374770336
4.567714481218726	1.3122274762008865	0.04910616936326312
4.596272949732473	1.3122274762008865	0.04916002146402998
4.625	1.3122274762008865	0.049571128602849845
4.653727050267527	1.3122274762008865	0.050361671661311655
4.682285518781274	1.3122274762008865	0.051533652691622606
4.710507813092227	1.3122274762008865	0.05306400488101787
4.738228313555268	1.3122274762008865	0.054903912002407566
4.765284345251108	1.3122274762008865	0.05698283712231714
4.791517132627397	1.3122274762008865	0.0592166542484842
4.8167727312568	1.3122274762008865	0.06151827295391176
4.840902931244115	1.3122274762008865	0.06380850502554967
4.863766126980863	1.3122274762008865	0.06602481925699832
4.885228148143311	1.3122274762008865	0.06812610706677631
4.90516304705728	1.3122274762008865	0.07009253019254506
4.923453837809178	1.3122274762008865	0.0719207101658963
4.9399931827658605	1.3122274762008865	0.0736156488491565
4.954684022474541	1.3122274762008865	0.07518155157091912
4.967440145246251	1.3122274762008865	0.07661395694289345
4.978186693080319	1.3122274762008865	0.07789519821586498
4.9868606009608785	1.3122274762008865	0.07899432628019815
4.993410966947456	1.3122274762008865	0.07987144505832049
4.997799350887806	1.3122274762008865	0.08048525221283731
5.0	1.3122274762008865	0.08080174329502769
4.25	1.3332137061019174	0.07140096402258597
4.252200649112194	1.3332137061019174	0.07097523841950217
4.256589033052544	1.3332137061019174	0.07015027490721791
4.2631393990391215	1.3332137061019174	0.06897549689340554
4.271813306919681	1.3332137061019174	0.06751685048158819
4.282559854753749	1.3332137061019174	0.06584876622112397
4.295315977525459	1.3332137061019174	0.06404601555172146
4.3100068172341395	1.3332137061019174	0.062176946609641646
4.326546162190822	1.3332137061019174	0.06029923930102912
4.34483695294272	1.3332137061019174	0.058458741368443715
4.364771851856689	1.3332137061019174	0.056691261303840765
4.386233873019137	1.3332137061019174	0.0550265485627552
4.409097068755885	1.3332137061019174	0.05349322530767941
4.4332272687432	1.3332137061019174	0.05212324634664167
4.458482867372603	1.3332137061019174	0.05095459415298774
4.484715654748892	1.3332137061019174	0.05003133447814222
4.511771686444731	1.3332137061019174	0.04940077381627671
4.539492186907772	1.3332137061019174	0.049108139424579075
4.567714481218726	1.3332137061019174	0.04918979880958791
4.596272949732473	1.3332137061019174	0.04966641942801671
4.625	1.3332137061019174	0.05053755682754321
4.653727050267527	1.3332137061019174	0.05177892932015545
4.682285518781274	1.3332137061019174	0.05334313529072037
4.710507813092227	1.3332137061019174	0.055163898309406045
4.738228313555268	1.3332137061019174	0.05716322368565424
4.765284345251108	1.3332137061019174	0.05926026281603852
4.791517132627397	1.3332137061019174	0.06138032992752722
4.8167727312568	1.3332137061019174	0.06346247241679723
4.840902931244115	1.3332137061019174	0.06546427056389252
4.863766126980863	1.3332137061019174	0.0673630797836593
4.885228148143311	1.3332137061019174	0.06915362044776462
4.90516304705728	1.3332137061019174	0.07084252754616553
4.923453837809178	1.3332137061019174	0.07244105353277212
4.9399931827658605	1.3332137061019174	0.07395745726741414
4.954684022474541	1.3332137061019174	0.0753906438788473
4.967440145246251	1.3332137061019174	0.07672634059147844
4.978186693080319	1.3332137061019174	0.07793656047501984
4.9868606009608785	1.3332137061019174	0.07898242835393976
4.993410966947456	1.3332137061019174	0.07981975759503807
4.997799350887806	1.3332137061019174	0.08040621068010796
5.0	1.3332137061019174	0.08070856109012
4.25	1.3534181850054403	0.06985008234022765
4.252200649112194	1.3534181850054403	0.06941051196879988
4.256589033052544	1.3534181850054403	0.06856701087700415
4.2631393990391215	1.3534181850054403	0.06738420360561696
4.271813306919681	1.3534181850054403	0.06594404786938082
4.282559854753749	1.3534181850054403	0.06433206984566926
4.295315977525459	1.3534181850054403	0.0626248466198407
4.3100068172341395	1.3534181850054403	0.06088170059496672
4.326546162190822	1.3534181850054403	0.059142410345870464
4.34483695294272	1.3534181850054403	0.057431123086181236
4.364771851856689	1.3534181850054403	0.055765000103506775
4.386233873019137	1.3534181850054403	0.054164869562947984
4.409097068755885	1.3534181850054403	0.052664626588956764
4.4332272687432	1.3534181850054403	0.05131644433337779
4.458482867372603	1.3534181850054403	0.05018995424462382
4.484715654748892	1.3534181850054403	0.0493651330238174
4.511771686444731	1.3534181850054403	0.0489202898328013
4.539492186907772	1.3534181850054403	0.04891785715869085
4.567714481218726	1.3534181850054403	0.04939132320686633
4.596272949732473	1.3534181850054403	0.050336450159395064
4.625	1.3534181850054403	0.051708960171541085
4.653727050267527	1.3534181850054403	0.053429390132301545
4.682285518781274	1.3534181850054403	0.05539419009513494
4.710507813092227	1.3534181850054403	0.057490766333465705
4.738228313555268	1.3534181850054403	0.059613368922094415
4.765284345251108	1.3534181850054403	0.061676662140516036
4.791517132627397	1.3534181850054403	0.06362447155803867
4.8167727312568	1.3534181850054403	0.06543237865605028
4.840902931244115	1.3534181850054403	0.06710422213164367
4.863766126980863	1.3534181850054403	0.0686638251562656
4.885228148143311	1.3534181850054403	0.07014411841265997
4.90516304705728	1.3534181850054403	0.07157611273315428
4.923453837809178	1.3534181850054403	0.07297988924740459
4.9399931827658605	1.3534181850054403	0.07435905591654836
4.954684022474541	1.3534181850054403	0.0756991947134774
4.967440145246251	1.3534181850054403	0.07696994246711288
4.978186693080319	1.3534181850054403	0.07812971239412583
4.9868606009608785	1.3534181850054403	0.07913177875355883
4.993410966947456	1.3534181850054403	0.07993050781694755
4.997799350887806	1.3534181850054403	0.08048682392575283
5.0	1.3534181850054403	0.08077239880189581
4.25	1.3727223449952923	0.06852773162616048
4.252200649112194	1.3727223449952923	0.06807169043640227
4.256589033052544	1.3727223449952923	0.06720465924740121
4.2631393990391215	1.3727223449952923	0.06600688967608095
4.271813306919681	1.3727223449952923	0.06457679421213726
4.282559854753749	1.3727223449952923	0.06301131115069697
4.295315977525459	1.3727223449952923	0.06138893698617774
4.3100068172341395	1.3727223449952923	0.059759911344522285
4.326546162190822	1.3727223449952923	0.05814602399090826
4.34483695294272	1.3727223449952923	0.05654980915771664
4.364771851856689	1.3727223449952923	0.05497023784350484
4.386233873019137	1.3727223449952923	0.05342014095836531
4.409097068755885	1.3727223449952923	0.05194001341521084
4.4332272687432	1.3727223449952923	0.05060373013607359
4.458482867372603	1.3727223449952923	0.049513822988848794
4.484715654748892	1.3727223449952923	0.0487867627218512
4.511771686444731	1.3727223449952923	0.04853141937617657
4.539492186907772	1.3727223449952923	0.04882581290129226
4.567714481218726	1.3727223449952923	0.04969789805560704
4.596272949732473	1.3727223449952923	0.05111528582499095
4.625	1.3727223449952923	0.05298670721539307
4.653727050267527	1.3727223449952923	0.05517521955796695
4.682285518781274	1.3727223449952923	0.05752036278894708
4.710507813092227	1.3727223449952923	0.05986440015962836
4.738228313555268	1.3727223449952923	0.06207693038618731
4.765284345251108	1.3727223449952923	0.06407271401023076
4.791517132627397	1.3727223449952923	0.06581932802140171
4.8167727312568	1.3727223449952923	0.067333757631441
4.840902931244115	1.3727223449952923	0.06866959633512393
4.863766126980863	1.3727223449952923	0.06989851367684739
4.885228148143311	1.3727223449952923	0.07109060604110364
4.90516304705728	1.3727223449952923	0.07229800589509582
4.923453837809178	1.3727223449952923	0.0735448482706883
4.9399931827658605	1.3727223449952923	0.07482479986719748
4.954684022474541	1.3727223449952923	0.07610539701440047
4.967440145246251	1.3727223449952923	0.0773369365207242
4.978186693080319	1.3727223449952923	0.07846296942215589
4.9868606009608785	1.3727223449952923	0.07942965480582531
4.993410966947456	1.3727223449952923	0.08019216545971053
4.997799350887806	1.3727223449952923	0.0807176279702761
5.0	1.3727223449952923	0.08098528238568006
4.25	1.3910129015846904	0.06744746524235672
4.252200649112194	1.3910129015846904	0.06697499739359479
4.256589033052544	1.3910129015846904	0.06608390208715438
4.2631393990391215	1.3910129015846904	0.06486902316885362
4.271813306919681	1.3910129015846904	0.06344413931392036
4.282559854753749	1.3910129015846904	0.061916861129623885
4.295315977525459	1.3910129015846904	0.060367539129442524
4.3100068172341395	1.3910129015846904	0.058838085108509984
4.326546162190822	1.3910129015846904	0.057333785465157515
4.34483695294272	1.3910129015846904	0.05583745928999507
4.364771851856689	1.3910129015846904	0.054331722274900705
4.386233873019137	1.3910129015846904	0.05282266564277927
4.409097068755885	1.3910129015846904	0.051357645452713756
4.4332272687432	1.3910129015846904	0.050031298162693735
4.458482867372603	1.3910129015846904	0.04897699168293891
4.484715654748892	1.3910129015846904	0.048344864668105655
4.511771686444731	1.3910129015846904	0.0482713397905293
4.539492186907772	1.3910129015846904	0.048847508501798406
4.567714481218726	1.3910129015846904	0.050094388590347934
4.596272949732473	1.3910129015846904	0.051951574153752116
4.625	1.3910129015846904	0.05428260857368739
4.653727050267527	1.3910129015846904	0.0568963444799059
4.682285518781274	1.3910129015846904	0.05957966685494939
4.710507813092227	1.3910129015846904	0.062134245498842756
4.738228313555268	1.3910129015846904	0.0644091281632196
4.765284345251108	1.3910129015846904	0.0663221665946886
4.791517132627397	1.3910129015846904	0.06786613111899711
4.8167727312568	1.3910129015846904	0.06909913408031033
4.840902931244115	1.3910129015846904	0.07012265845136609
4.863766126980863	1.3910129015846904	0.07105314605551026
4.885228148143311	1.3910129015846904	0.07199411715671264
4.90516304705728	1.3910129015846904	0.07301500788005771
4.923453837809178	1.3910129015846904	0.07414064756927258
4.9399931827658605	1.3910129015846904	0.07535225424221877
4.954684022474541	1.3910129015846904	0.07659786936671208
4.967440145246251	1.3910129015846904	0.0778080699332161
4.978186693080319	1.3910129015846904	0.07891207812131977
4.9868606009608785	1.3910129015846904	0.07985011061915505
4.993410966947456	1.3910129015846904	0.08057962741991716
4.997799350887806	1.3910129015846904	0.08107541359027821
5.0	1.3910129015846904	0.08132542277081985
4.25	1.4081825185146486	0.06661267777968462
4.252200649112194	1.4081825185146486	0.06612556556322353
4.256589033052544	1.4081825185146486	0.06521281978972147
4.2631393990391215	1.4081825185146486	0.06398196870965028
4.271813306919681	1.4081825185146486	0.06256015865478429
4.282559854753749	1.4081825185146486	0.061064313458210576
4.295315977525459	1.4081825185146486	0.059576478731864224
4.3100068172341395	1.4081825185146486	0.05813148161970505
4.326546162190822	1.4081825185146486	0.05672050579978055
4.34483695294272	1.4081825185146486	0.05530956522970042
4.364771851856689	1.4081825185146486	0.05386745429995599
4.386233873019137	1.4081825185146486	0.052394806005901615
4.409097068755885	1.4081825185146486	0.05094525754605064
4.4332272687432	1.4081825185146486	0.04963162296059714
4.458482867372603	1.4081825185146486	0.04861392302867889
4.484715654748892	1.4081825185146486	0.04807106946419231
4.511771686444731	1.4081825185146486	0.04816260371815139
4.539492186907772	1.4081825185146486	0.04898989087253366
4.567714481218726	1.4081825185146486	0.05056673125055114
4.596272949732473	1.4081825185146486	0.052807294456791685
4.625	1.4081825185146486	0.05553512349375171
4.653727050267527	1.4081825185146486	0.05851178276309726
4.682285518781274	1.4081825185146486	0.06147888380534638
4.710507813092227	1.4081825185146486	0.0642039715038451
4.738228313555268	1.4081825185146486	0.06651991550423317
4.765284345251108	1.4081825185146486	0.06834920565037172
4.791517132627397	1.4081825185146486	0.06970839209576096
4.8167727312568	1.4081825185146486	0.07069280054641269
4.840902931244115	1.4081825185146486	0.07144630475299744
4.863766126980863	1.4081825185146486	0.07212416960585231
4.885228148143311	1.4081825185146486	0.07285802413535802
4.90516304705728	1.4081825185146486	0.07373072901660127
4.923453837809178	1.4081825185146486	0.07476574231250745
4.9399931827658605	1.4081825185146486	0.07593151158104915
4.954684022474541	1.4081825185146486	0.07715757886557549
4.967440145246251	1.4081825185146486	0.07835649833547625
4.978186693080319	1.4081825185146486	0.07944494873978802
4.9868606009608785	1.4081825185146486	0.08035862720835382
4.993410966947456	1.4081825185146486	0.08105813819624684
4.997799350887806	1.4081825185146486	0.08152625770768573
5.0	1.4081825185146486	0.08175966301118101
4.25	1.4241304376458235	0.06601363635646595
4.252200649112194	1.4241304376458235	0.0655142378382473
4.256589033052544	1.4241304376458235	0.06458330899026006
4.2631393990391215	1.4241304376458235	0.06333899718414568
4.271813306919681	1.4241304376458235	0.06191966237791649
4.282559854753749	1.4241304376458235	0.060450089712128036
4.295315977525459	1.4241304376458235	0.05901386510333233
4.3100068172341395	1.4241304376458235	0.05764006568538872
4.326546162190822	1.4241304376458235	0.05630829576954102
4.34483695294272	1.4241304376458235	0.05497074023040947
4.364771851856689	1.4241304376458235	0.05358482427352532
4.386233873019137	1.4241304376458235	0.05214671375610533
4.409097068755885	1.4241304376458235	0.05071524721814089
4.4332272687432	1.4241304376458235	0.049418195439910224
4.458482867372603	1.4241304376458235	0.0484374126973838
4.484715654748892	1.4241304376458235	0.04797522725570029
4.511771686444731	1.4241304376458235	0.04820974366678045
4.539492186907772	1.4241304376458235	0.04925012920400921
4.567714481218726	1.4241304376458235	0.0511034740060738
4.596272949732473	1.4241304376458235	0.05366226571293098
4.625	1.4241304376458235	0.05671654725840625
4.653727050267527	1.4241304376458235	0.05998872664047264
4.682285518781274	1.4241304376458235	0.06318337762238209
4.710507813092227	1.4241304376458235	0.06604067876519608
4.738228313555268	1.4241304376458235	0.06838133034272138
4.765284345251108	1.4241304376458235	0.0701330385496635
4.791517132627397	1.4241304376458235	0.07133332985820552
4.8167727312568	1.4241304376458235	0.07210929577187558
4.840902931244115	1.4241304376458235	0.07264033367103828
4.863766126980863	1.4241304376458235	0.07311364866660025
4.885228148143311	1.4241304376458235	0.07368333262046818
4.90516304705728	1.4241304376458235	0.07444209342042417
4.923453837809178	1.4241304376458235	0.07541077571419844
4.9399931827658605	1.4241304376458235	0.07654586056669839
4.954684022474541	1.4241304376458235	0.07776054436907881
4.967440145246251	1.4241304376458235	0.0789519952175068
4.978186693080319	1.4241304376458235	0.08002668376606298
4.9868606009608785	1.4241304376458235	0.08091731721642129
4.993410966947456	1.4241304376458235	0.08158823533443145
4.997799350887806	1.4241304376458235	0.0820300628289853
5.0	1.4241304376458235	0.08224773434887606
4.25	1.4387630702473422	0.06562721719520007
4.252200649112194	1.4387630702473422	0.06511740784713811
4.256589033052544	1.4387630702473422	0.06417108321154318
4.2631393990391215	1.4387630702473422	0.06291542202118275
4.271813306919681	1.4387630702473422	0.06149835570042492
4.282559854753749	1.4387630702473422	0.06005144815365455
4.295315977525459	1.4387630702473422	0.05865975510318455
4.3100068172341395	1.4387630702473422	0.05734767343638616
4.326546162190822	1.4387630702473422	0.056085174515672694
4.34483695294272	1.4387630702473422	0.05481283386723662
4.364771851856689	1.4387630702473422	0.053478419169846705
4.386233873019137	1.4387630702473422	0.052074101679341685
4.409097068755885	1.4387630702473422	0.05066270511532107
4.4332272687432	1.4387630702473422	0.04938405051699576
4.458482867372603	1.4387630702473422	0.04843772549169475
4.484715654748892	1.4387630702473422	0.048045089283780214
4.511771686444731	1.4387630702473422	0.048399251755445426
4.539492186907772	1.4387630702473422	0.04961549424248084
4.567714481218726	1.4387630702473422	0.051695074448104804
4.596272949732473	1.4387630702473422	0.054512392733821545
4.625	1.4387630702473422	0.05782983973057881
4.653727050267527	1.4387630702473422	0.061337770747969214
4.682285518781274	1.4387630702473422	0.06471076634459585
4.710507813092227	1.4387630702473422	0.06766728737106756
4.738228313555268	1.4387630702473422	0.07001906208423025
4.765284345251108	1.4387630702473422	0.07169922002502178
4.791517132627397	1.4387630702473422	0.07276356641359125
4.8167727312568	1.4387630702473422	0.07336602549147038
4.840902931244115	1.4387630702473422	0.073715424723625
4.863766126980863	1.4387630702473422	0.07402487210342588
4.885228148143311	1.4387630702473422	0.07446601792822591
4.90516304705728	1.4387630702473422	0.0751383547138082
4.923453837809178	1.4387630702473422	0.07605911368609843
4.9399931827658605	1.4387630702473422	0.0771736150850972
4.954684022474541	1.4387630702473422	0.07838071469343412
4.967440145246251	1.4387630702473422	0.07956464578873194
4.978186693080319	1.4387630702473422	0.08062388419371641
4.9868606009608785	1.4387630702473422	0.08148967575806301
4.993410966947456	1.4387630702473422	0.0821308083445168
4.997799350887806	1.4387630702473422	0.08254581024051309
5.0	1.4387630702473422	0.08274760350838332
4.25	1.4519945462126884	0.06541924117585671
4.252200649112194	1.4519945462126884	0.06489974432418204
4.256589033052544	1.4519945462126884	0.06393902117569612
4.2631393990391215	1.4519945462126884	0.06267255043636785
4.271813306919681	1.4519945462126884	0.061257100076209776
4.282559854753749	1.4519945462126884	0.059830568693232014
4.295315977525459	1.4519945462126884	0.05847953428408724
4.3100068172341395	1.4519945462126884	0.0572242985826583
4.326546162190822	1.4519945462126884	0.05602615379260587
4.34483695294272	1.4519945462126884	0.05481505711314125
4.364771851856689	1.4519945462126884	0.05352973720574767
4.386233873019137	1.4519945462126884	0.05215825137705152
4.409097068755885	1.4519945462126884	0.05076635205144226
4.4332272687432	1.4519945462126884	0.04950396850958497
4.458482867372603	1.4519945462126884	0.04858591727849924
4.484715654748892	1.4519945462126884	0.04825006270876804
4.511771686444731	1.4519945462126884	0.04870261292941163
4.539492186907772	1.4519945462126884	0.05006425977093578
4.567714481218726	1.4519945462126884	0.052331305009992224
4.596272949732473	1.4519945462126884	0.05536257704936019
4.625	1.4519945462126884	0.058896672037759314
4.653727050267527	1.4519945462126884	0.06259648898661073
4.682285518781274	1.4519945462126884	0.06611116109762918
4.710507813092227	1.4519945462126884	0.06914112114876499
4.738228313555268	1.4519945462126884	0.07149131071070747
4.765284345251108	1.4519945462126884	0.07310061078745982
4.791517132627397	1.4519945462126884	0.07404158713228962
4.8167727312568	1.4519945462126884	0.07449199162309035
4.840902931244115	1.4519945462126884	0.07468620512588754
4.863766126980863	1.4519945462126884	0.07485921657259974
4.885228148143311	1.4519945462126884	0.07519674506065314
4.90516304705728	1.4519945462126884	0.07580260359345069
4.923453837809178	1.4519945462126884	0.07668919937288687
4.9399931827658605	1.4519945462126884	0.07779068656351429
4.954684022474541	1.4519945462126884	0.07899251048155842
4.967440145246251	1.4519945462126884	0.08016744255985124
4.978186693080319	1.4519945462126884	0.08120757747811487
4.9868606009608785	1.4519945462126884	0.08204413766945105
4.993410966947456	1.4519945462126884	0.08265144415404047
4.997799350887806	1.4519945462126884	0.08303662597414495
5.0	1.4519945462126884	0.08322096746852804
4.25	1.4637472179796323	0.06534869433771423
4.252200649112194	1.4637472179796323	0.06481895943104242
4.256589033052544	1.4637472179796323	0.06384281967336428
4.2631393990391215	1.4637472179796323	0.0625642063763734
4.271813306919681	1.4637472179796323	0.0611489200666576
4.282559854753749	1.4637472179796323	0.05974139570175942
4.295315977525459	1.4637472179796323	0.058429894517012484
4.3100068172341395	1.4637472179796323	0.05723069317221908
4.326546162190822	1.4637472179796323	0.05609633681935911
4.34483695294272	1.4637472179796323	0.05494592307093308
4.364771851856689	1.4637472179796323	0.05370871238677568
4.386233873019137	1.4637472179796323	0.05236804527623779
4.409097068755885	1.4637472179796323	0.0509918742660004
4.4332272687432	1.4637472179796323	0.049739463921683116
4.458482867372603	1.4637472179796323	0.04884015093600542
4.484715654748892	1.4637472179796323	0.04854778328172471
4.511771686444731	1.4637472179796323	0.04908145292518127
4.539492186907772	1.4637472179796323	0.05056745080466579
4.567714481218726	1.4637472179796323	0.05299776676645934
4.596272949732473	1.4637472179796323	0.05621674991319766
4.625	1.4637472179796323	0.05994066992437354
4.653727050267527	1.4637472179796323	0.06380667574515429
4.682285518781274	1.4637472179796323	0.06744021050717813
4.710507813092227	1.4637472179796323	0.07052527369485231
4.738228313555268	1.4637472179796323	0.07286124283527826
4.765284345251108	1.4637472179796323	0.07439342761282772
4.791517132627397	1.4637472179796323	0.07521117825169608
4.8167727312568	1.4637472179796323	0.0755154230813758
4.840902931244115	1.4637472179796323	0.07556484222802713
4.863766126980863	1.4637472179796323	0.07561460795255377
4.885228148143311	1.4637472179796323	0.07586259284058434
4.90516304705728	1.4637472179796323	0.07641505685592218
4.923453837809178	1.4637472179796323	0.07727800552091636
4.9399931827658605	1.4637472179796323	0.07837335442534862
4.954684022474541	1.4637472179796323	0.07957270242428735
4.967440145246251	1.4637472179796323	0.08073759184755876
4.978186693080319	1.4637472179796323	0.08175456539969563
4.9868606009608785	1.4637472179796323	0.08255608237644024
4.993410966947456	1.4637472179796323	0.08312345688363183
4.997799350887806	1.4637472179796323	0.08347381858836607
5.0	1.4637472179796323	0.08363790871396781
4.25	1.473952116197001	0.06537274354647069
4.252200649112194	1.473952116197001	0.06483136595218138
4.256589033052544	1.473952116197001	0.06383742840849871
4.2631393990391215	1.473952116197001	0.06254403776310814
4.271813306919681	1.473952116197001	0.061126817279625975
4.282559854753749	1.473952116197001	0.05973734034821756
4.295315977525459	1.473952116197001	0.05846575732028904
4.3100068172341395	1.473952116197001	0.057324030443813845
4.326546162190822	1.473952116197001	0.05625521396482435
4.34483695294272	1.473952116197001	0.05516651848628156
4.364771851856689	1.473952116197001	0.0539766794750681
4.386233873019137	1.473952116197001	0.0526635008457195
4.409097068755885	1.473952116197001	0.05129675620940093
4.4332272687432	1.473952116197001	0.05004519157958026
4.458482867372603	1.473952116197001	0.04915327777473034
4.484715654748892	1.473952116197001	0.048891747570504185
4.511771686444731	1.473952116197001	0.049493515694125655
4.539492186907772	1.473952116197001	0.05109120474504858
4.567714481218726	1.473952116197001	0.0536728526213872
4.596272949732473	1.473952116197001	0.05706827765262989
4.625	1.473952116197001	0.06097105989538863
4.653727050267527	1.473952116197001	0.06499213112150352
4.682285518781274	1.473952116197001	0.06873292454959846
4.710507813092227	1.473952116197001	0.07186104866393789
4.738228313555268	1.473952116197001	0.07417082804016562
4.765284345251108	1.473952116197001	0.07561493714561043
4.791517132627397	1.473952116197001	0.0763006785936017
4.8167727312568	1.473952116197001	0.07645326015685765
4.840902931244115	1.473952116197001	0.07635637830638166
4.863766126980863	1.473952116197001	0.07628546598108608
4.885228148143311	1.473952116197001	0.07644987808234849
4.90516304705728	1.473952116197001	0.0769569798199929
4.923453837809178	1.473952116197001	0.07780461977718524
4.9399931827658605	1.473952116197001	0.07890068500645699
4.954684022474541	1.473952116197001	0.08010151106772904
4.967440145246251	1.473952116197001	0.08125669973216444
4.978186693080319	1.473952116197001	0.08224740388593182
4.9868606009608785	1.473952116197001	0.08300831156196885
4.993410966947456	1.473952116197001	0.08352930158282512
4.997799350887806	1.473952116197001	0.08383925941987085
5.0	1.473952116197001	0.0839798782323918
4.25	1.4825493544642556	0.0654513964844363
4.252200649112194	1.4825493544642556	0.06489691501044532
4.256589033052544	1.4825493544642556	0.0638827031752893
4.2631393990391215	1.4825493544642556	0.06257179059871994
4.271813306919681	1.4825493544642556	0.061150426476081904
4.282559854753749	1.4825493544642556	0.05977790997941257
4.295315977525459	1.4825493544642556	0.05854643724900702
4.3100068172341395	1.4825493544642556	0.05746329187103227
4.326546162190822	1.4825493544642556	0.05646121794636963
4.34483695294272	1.4825493544642556	0.055434472637899614
4.364771851856689	1.4825493544642556	0.05429024566477991
4.386233873019137	1.4825493544642556	0.053000123826327565
4.409097068755885	1.4825493544642556	0.05163557171315358
4.4332272687432	1.4825493544642556	0.05037529920224363
4.458482867372603	1.4825493544642556	0.04947989787592143
4.484715654748892	1.4825493544642556	0.049238223876050896
4.511771686444731	1.4825493544642556	0.04989817744966466
4.539492186907772	1.4825493544642556	0.051599488545521294
4.567714481218726	1.4825493544642556	0.05432642626373175
4.596272949732473	1.4825493544642556	0.05789383023145576
4.625	1.4825493544642556	0.06197165509407563
4.653727050267527	1.4825493544642556	0.06614348009401326
4.682285518781274	1.4825493544642556	0.06998574807349897
4.710507813092227	1.4825493544642556	0.07314917192487384
4.738228313555268	1.4825493544642556	0.07542318939019207
4.765284345251108	1.4825493544642556	0.07676868586274267
4.791517132627397	1.4825493544642556	0.07731225760697148
4.8167727312568	1.4825493544642556	0.07730489456928627
4.840902931244115	1.4825493544642556	0.07705657941517259
4.863766126980863	1.4825493544642556	0.07686369461278786
4.885228148143311	1.4825493544642556	0.07694697984571731
4.90516304705728	1.4825493544642556	0.07741401820714897
4.923453837809178	1.4825493544642556	0.07825302766686942
4.9399931827658605	1.4825493544642556	0.0793561659215271
4.954684022474541	1.4825493544642556	0.08056299781654079
4.967440145246251	1.4825493544642556	0.08171024057149823
4.978186693080319	1.4825493544642556	0.08267349710395112
4.9868606009608785	1.4825493544642556	0.08339031953688741
4.993410966947456	1.4825493544642556	0.08386038235723202
4.997799350887806	1.4825493544642556	0.08412579646656912
5.0	1.4825493544642556	0.084240498609735
4.25	1.4894884807687025	0.06555090198513346
4.252200649112194	1.4894884807687025	0.06498270481750956
4.256589033052544	1.4894884807687025	0.06394709642425978
4.2631393990391215	1.4894884807687025	0.06261719726240442
4.271813306919681	1.4894884807687025	0.061190058425388195
4.282559854753749	1.4894884807687025	0.05983282372940931
4.295315977525459	1.4894884807687025	0.05863974576026074
4.3100068172341395	1.4894884807687025	0.05761331103711407
4.326546162190822	1.4894884807687025	0.05667572315283799
4.34483695294272	1.4894884807687025	0.05570799528492334
4.364771851856689	1.4894884807687025	0.05460549364621037
4.386233873019137	1.4894884807687025	0.05333339724021155
4.409097068755885	1.4894884807687025	0.05196481307195975
4.4332272687432	1.4894884807687025	0.05068852888584304
4.458482867372603	1.4894884807687025	0.049781513866212934
4.484715654748892	1.4894884807687025	0.04955109309022047
4.511771686444731	1.4894884807687025	0.05026051378310498
4.539492186907772	1.4894884807687025	0.05205691996433666
4.567714481218726	1.4894884807687025	0.054921015690321186
4.596272949732473	1.4894884807687025	0.058652750298346434
4.625	1.4894884807687025	0.06289845224432357
4.653727050267527	1.4894884807687025	0.06721431386471227
4.682285518781274	1.4894884807687025	0.07115178632007416
4.710507813092227	1.4894884807687025	0.07434477405000507
4.738228313555268	1.4894884807687025	0.0765780278366328
4.765284345251108	1.4894884807687025	0.07782093865493482
4.791517132627397	1.4894884807687025	0.07821972685166216
4.8167727312568	1.4894884807687025	0.07805144448676246
4.840902931244115	1.4894884807687025	0.0776524993577293
4.863766126980863	1.4894884807687025	0.07734015270737707
4.885228148143311	1.4894884807687025	0.0773462235054305
4.90516304705728	1.4894884807687025	0.07777800226296724
4.923453837809178	1.4894884807687025	0.07861344237370337
4.9399931827658605	1.4894884807687025	0.0797283306380672
4.954684022474541	1.4894884807687025	0.08094493512411564
4.967440145246251	1.4894884807687025	0.08208677769460049
4.978186693080319	1.4894884807687025	0.08302386676288648
4.9868606009608785	1.4894884807687025	0.08369682885714631
4.993410966947456	1.4894884807687025	0.08411552752169874
4.997799350887806	1.4894884807687025	0.084335761045345
5.0	1.4894884807687025	0.08442411183988471
4.25	1.4947287735579649	0.06564545046156156
4.252200649112194	1.4947287735579649	0.06506449550542133
4.256589033052544	1.4947287735579649	0.06400887933942664
4.2631393990391215	1.4947287735579649	0.062660929966036
4.271813306919681	1.4947287735579649	0.061227549634897724
4.282559854753749	1.4947287735579649	0.05988302578301369
4.295315977525459	1.4947287735579649	0.05872346175920506
4.3100068172341395	1.4947287735579649	0.05774693078669722
4.326546162190822	1.4947287735579649	0.05686597635447731
4.34483695294272	1.4947287735579649	0.05594948584792973
4.364771851856689	1.4947287735579649	0.0548820056672785
4.386233873019137	1.4947287735579649	0.05362285469423724
4.409097068755885	1.4947287735579649	0.05224664924369172
4.4332272687432	1.4947287735579649	0.050951409608816896
4.458482867372603	1.4947287735579649	0.05002911049157401
4.484715654748892	1.4947287735579649	0.04980401096445396
4.511771686444731	1.4947287735579649	0.05055345791986525
4.539492186907772	1.4947287735579649	0.05243146545879484
4.567714481218726	1.4947287735579649	0.05541559500197214
4.596272949732473	1.4947287735579649	0.059292323519313565
4.625	1.4947287735579649	0.06368654066498444
4.653727050267527	1.4947287735579649	0.06812957401450359
4.682285518781274	1.4947287735579649	0.07215019995027466
4.710507813092227	1.4947287735579649	0.07536711448198184
4.738228313555268	1.4947287735579649	0.0775609100347634
4.765284345251108	1.4947287735579649	0.07870883248286654
4.791517132627397	1.4947287735579649	0.07897506154886287
4.8167727312568	1.4947287735579649	0.0786604273262126
4.840902931244115	1.4947287735579649	0.07812538118458295
4.863766126980863	1.4947287735579649	0.07770610011225638
4.885228148143311	1.4947287735579649	0.07764431946053331
4.90516304705728	1.4947287735579649	0.07804683161169257
4.923453837809178	1.4947287735579649	0.07888198187090367
4.9399931827658605	1.4947287735579649	0.08001039642415415
4.954684022474541	1.4947287735579649	0.08123838448418537
4.967440145246251	1.4947287735579649	0.08237731701852963
4.978186693080319	1.4947287735579649	0.08329205924907222
4.9868606009608785	1.4947287735579649	0.0839260696702472
4.993410966947456	1.4947287735579649	0.08429858148190081
4.997799350887806	1.4947287735579649	0.08447797346865969
5.0	1.4947287735579649	0.08454244798888175
4.25	1.4982394807102444	0.06571726788139154
4.252200649112194	1.4982394807102444	0.06512638502034104
4.256589033052544	1.4982394807102444	0.0640551489220459
4.2631393990391215	1.4982394807102444	0.06269296743932773
4.271813306919681	1.4982394807102444	0.061254314128960465
4.282559854753749	1.4982394807102444	0.05991896005127195
4.295315977525459	1.4982394807102444	0.05878441566420206
4.3100068172341395	1.4982394807102444	0.057845339404495134
4.326546162190822	1.4982394807102444	0.05700682414210109
4.34483695294272	1.4982394807102444	0.056128414973312335
4.364771851856689	1.4982394807102444	0.05508633063539734
4.386233873019137	1.4982394807102444	0.053835391386335585
4.409097068755885	1.4982394807102444	0.05245139917336311
4.4332272687432	1.4982394807102444	0.051139515001616176
4.458482867372603	1.4982394807102444	0.05020330506958916
4.484715654748892	1.4982394807102444	0.049980107520709846
4.511771686444731	1.4982394807102444	0.050758165945768936
4.539492186907772	1.4982394807102444	0.052696822845072384
4.567714481218726	1.4982394807102444	0.055771256512013014
4.596272949732473	1.4982394807102444	0.05975760623624562
4.625	1.4982394807102444	0.06426429102545772
4.653727050267527	1.4982394807102444	0.06880353277135877
4.682285518781274	1.4982394807102444	0.07288669211323584
4.710507813092227	1.4982394807102444	0.0761208008905594
4.738228313555268	1.4982394807102444	0.07828329497755264
4.765284345251108	1.4982394807102444	0.07935750751972098
4.791517132627397	1.4982394807102444	0.07952147295466006
4.8167727312568	1.4982394807102444	0.07909433700833408
4.840902931244115	1.4982394807102444	0.0784550469593493
4.863766126980863	1.4982394807102444	0.07795430140982566
4.885228148143311	1.4982394807102444	0.0778414041355695
4.90516304705728	1.4982394807102444	0.07822267916526357
4.923453837809178	1.4982394807102444	0.07905898028291379
4.9399931827658605	1.4982394807102444	0.08019916876945479
4.954684022474541	1.4982394807102444	0.08143718638180644
4.967440145246251	1.4982394807102444	0.08257498842788308
4.978186693080319	1.4982394807102444	0.08347344374023188
4.9868606009608785	1.4982394807102444	0.08407817781120366
4.993410966947456	1.4982394807102444	0.08441564246788406
4.997799350887806	1.4982394807102444	0.0845639174175477
5.0	1.4982394807102444	0.08461016780301484
4.25	1.5	0.06575564106488979
4.252200649112194	1.5	0.06515931237970352
4.256589033052544	1.5	0.0640794933400346
4.2631393990391215	1.5	0.06270945008875174
4.271813306919681	1.5	0.06126778110683846
4.282559854753749	1.5	0.05993724266469662
4.295315977525459	1.5	0.058816106618405105
4.3100068172341395	1.5	0.0578971633875947
4.326546162190822	1.5	0.05708143828768055
4.34483695294272	1.5	0.05622337994405625
4.364771851856689	1.5	0.05519466776451651
4.386233873019137	1.5	0.05394767526470406
4.409097068755885	1.5	0.05255886185043087
4.4332272687432	1.5	0.051237296948189105
4.458482867372603	1.5	0.050292884174150405
4.484715654748892	1.5	0.05007011015840799
4.511771686444731	1.5	0.05086317480443027
4.539492186907772	1.5	0.05283433695286974
4.567714481218726	1.5	0.05595748205891933
4.596272949732473	1.5	0.060003115462519976
4.625	1.5	0.06457067595708589
4.653727050267527	1.5	0.06916196844011067
4.682285518781274	1.5	0.07327886018783943
4.710507813092227	1.5	0.07652202943978434
4.738228313555268	1.5	0.07866720128433936
4.765284345251108	1.5	0.07970104119439586
4.791517132627397	1.5	0.0798091516584078
4.8167727312568	1.5	0.0793206761283589
4.840902931244115	1.5	0.0786246520761388
4.863766126980863	1.5	0.07807969307287758
4.885228148143311	1.5	0.07793921741061394
4.90516304705728	1.5	0.07830927311611154
4.923453837809178	1.5	0.07914660253881566
4.9399931827658605	1.5	0.08029362298091851
4.954684022474541	1.5	0.08153750513904066
4.967440145246251	1.5	0.0826750476279915
4.978186693080319	1.5	0.08356492454533257
4.9868606009608785	1.5	0.08415393487518653
4.993410966947456	1.5	0.0844724648575926
4.997799350887806	1.5	0.0846038862499649
5.0	1.5	0.08464025507949846
