-4.897804862027321
68.05730172256584
33.7309721290523
10.035183364713003
-4.881294543507919
6.540282305555966
-11.3286158221685
0.9323928266977767
-0.4556526605577195
335.942167950046
794.6875158225125
670.78054657199
553.517937872652
-25.70138396586817
-44.579193727720785
-46.554537649789
-104.02543831140133
-96.65396260463788
-76.78529211978922
-0.3664066837316713
2.1403282868368603
4.862487334325878
8.931414348246005
10.474090056639868
6.89456969512104
1.5463034007235243
1.4038152333288823
-0.2415209607543976
-0.24346537275531177
-0.680885612042596
0.0021380277004943503
-0.3335665442405491
-0.3783196168109914
0.146877174515286
0.31212852461829044
0.20334136975003286
0.15064752794929254
0.06102566232247763
0.13829801977301617
-0.9435566620487197
-1.7138328032300019
-1.6285492786827125
-0.8807778175338339
-0.5665114985803622
-0.5176246852031604
-0.0005048883475222697
0.0003892848802162744
0.001184572843761632
-0.014156000137299321
-0.008264395113153005
0.005615252544819866
-0.028765059085930047
-0.056895801521274984
-0.042145304911557394
-0.04354164252403331
-0.01706808906190418
-0.02527516661614935
