4.25	0.9	0.03765669519842533
4.252200649112194	0.9	0.037461750562867345
4.256589033052544	0.9	0.0370695362687418
4.2631393990391215	0.9	0.036478097201457206
4.271813306919681	0.9	0.03569035674014698
4.282559854753749	0.9	0.03471893583198316
4.295315977525459	0.9	0.03358960189030656
4.3100068172341395	0.9	0.0323419910775196
4.326546162190822	0.9	0.03102698618993485
4.34483695294272	0.9	0.029701077716575697
4.364771851856689	0.9	0.028418918146716675
4.386233873019137	0.9	0.02722584438960043
4.409097068755885	0.9	0.026152222836831666
4.4332272687432	0.9	0.025211034577173805
4.458482867372603	0.9	0.024399279033684555
4.484715654748892	0.9	0.023702762269549375
4.511771686444731	0.9	0.023102932041181704
4.539492186907772	0.9	0.02258387857943345
4.567714481218726	0.9	0.022137592430102524
4.596272949732473	0.9	0.02176606997188023
4.625	0.9	0.021479747874939743
4.653727050267527	0.9	0.02129278417149161
4.682285518781274	0.9	0.021216598223281816
4.710507813092227	0.9	0.02125358526621583
4.738228313555268	0.9	0.021392891840210086
4.765284345251108	0.9	0.021609582431006583
4.791517132627397	0.9	0.021867597624240512
4.8167727312568	0.9	0.022125856810363085
4.840902931244115	0.9	0.022345983727986775
4.863766126980863	0.9	0.022499673000955824
4.885228148143311	0.9	0.022573797441937854
4.90516304705728	0.9	0.022571956126019168
4.923453837809178	0.9	0.022512115295286312
4.9399931827658605	0.9	0.022421034268481153
4.954684022474541	0.9	0.02232700959176066
4.967440145246251	0.9	0.02225288226056369
4.978186693080319	0.9	0.022211125262584338
4.9868606009608785	0.9	0.02220220307427306
4.993410966947456	0.9	0.022216450929730954
4.997799350887806	0.9	0.02223872728130493
5.0	0.9	0.022254327866805007
4.25	0.9017605192897558	0.03769278664768174
4.252200649112194	0.9017605192897558	0.03749744716549092
4.256589033052544	0.9017605192897558	0.03710468953451956
4.2631393990391215	0.9017605192897558	0.03651298747103669
4.271813306919681	0.9017605192897558	0.03572576126110628
4.282559854753749	0.9017605192897558	0.03475605621476147
4.295315977525459	0.9017605192897558	0.03362985544097792
4.3100068172341395	0.9017605192897558	0.03238670177786787
4.326546162190822	0.9017605192897558	0.03107703665781261
4.34483695294272	0.9017605192897558	0.029756597784166842
4.364771851856689	0.9017605192897558	0.028479085010162962
4.386233873019137	0.9017605192897558	0.027288852577141545
4.409097068755885	0.9017605192897558	0.026215451643549437
4.4332272687432	0.9017605192897558	0.025271401305545078
4.458482867372603	0.9017605192897558	0.024453725846626053
4.484715654748892	0.9017605192897558	0.023748791168115627
4.511771686444731	0.9017605192897558	0.02313908416062503
4.539492186907772	0.9017605192897558	0.022610055926144172
4.567714481218726	0.9017605192897558	0.022155143762712656
4.596272949732473	0.9017605192897558	0.021777604607817132
4.625	0.9017605192897558	0.021488694322521873
4.653727050267527	0.9017605192897558	0.021302764145161867
4.682285518781274	0.9017605192897558	0.021230729316765253
4.710507813092227	0.9017605192897558	0.021273847360039285
4.738228313555268	0.9017605192897558	0.021419687086541715
4.765284345251108	0.9017605192897558	0.021641585787687146
4.791517132627397	0.9017605192897558	0.021901939840672333
4.8167727312568	0.9017605192897558	0.022158615159278715
4.840902931244115	0.9017605192897558	0.02237289143172295
4.863766126980863	0.9017605192897558	0.022516910239306735
4.885228148143311	0.9017605192897558	0.022578706144034576
4.90516304705728	0.9017605192897558	0.02256353296472998
4.923453837809178	0.9017605192897558	0.0224911808798883
4.9399931827658605	0.9017605192897558	0.022390042926369553
4.954684022474541	0.9017605192897558	0.022289539463508007
4.967440145246251	0.9017605192897558	0.02221291344359173
4.978186693080319	0.9017605192897558	0.022172259382952073
4.9868606009608785	0.9017605192897558	0.02216699054413849
4.993410966947456	0.9017605192897558	0.02218596895933584
4.997799350887806	0.9017605192897558	0.022212497142713825
5.0	0.9017605192897558	0.02223058569645719
4.25	0.9052712264420352	0.03774885401412022
4.252200649112194	0.9052712264420352	0.03755243813848075
4.256589033052544	0.9052712264420352	0.037158018941847344
4.2631393990391215	0.9052712264420352	0.03656493029208225
4.271813306919681	0.9052712264420352	0.03577760256107208
4.282559854753749	0.9052712264420352	0.034809971755316936
4.295315977525459	0.9052712264420352	0.03368853100664357
4.3100068172341395	0.9052712264420352	0.032452758272484
4.326546162190822	0.9052712264420352	0.0311523757801911
4.34483695294272	0.9052712264420352	0.02984180929688151
4.364771851856689	0.9052712264420352	0.028573054652023144
4.386233873019137	0.9052712264420352	0.027388678129042034
4.409097068755885	0.9052712264420352	0.02631671801655742
4.4332272687432	0.9052712264420352	0.025368793725425644
4.458482867372603	0.9052712264420352	0.024541887111961255
4.484715654748892	0.9052712264420352	0.02382326979041331
4.511771686444731	0.9052712264420352	0.023197188493519743
4.539492186907772	0.9052712264420352	0.022651433986601514
4.567714481218726	0.9052712264420352	0.02218195116096488
4.596272949732473	0.9052712264420352	0.021794197654254922
4.625	0.9052712264420352	0.021500878460767477
4.653727050267527	0.9052712264420352	0.021316720889513217
4.682285518781274	0.9052712264420352	0.02125181805634642
4.710507813092227	0.9052712264420352	0.0213055148810848
4.738228313555268	0.9052712264420352	0.021462707474128553
4.765284345251108	0.9052712264420352	0.02169379604788581
4.791517132627397	0.9052712264420352	0.02195854191802249
4.8167727312568	0.9052712264420352	0.022213001468897382
4.840902931244115	0.9052712264420352	0.022417842087263516
4.863766126980863	0.9052712264420352	0.022545929424448077
4.885228148143311	0.9052712264420352	0.0225872309611234
4.90516304705728	0.9052712264420352	0.022549769506178013
4.923453837809178	0.9052712264420352	0.022456396230128437
4.9399931827658605	0.9052712264420352	0.02233825368235808
4.954684022474541	0.9052712264420352	0.02222666375370367
4.967440145246251	0.9052712264420352	0.02214556712390576
4.978186693080319	0.9052712264420352	0.0221064530813801
4.9868606009608785	0.9052712264420352	0.022107005353707795
4.993410966947456	0.9052712264420352	0.0221336495457547
4.997799350887806	0.9052712264420352	0.02216710980796328
5.0	0.9052712264420352	0.02218926516963626
4.25	0.9105115192312975	0.037797961274882386
4.252200649112194	0.9105115192312975	0.03759937897137174
4.256589033052544	0.9105115192312975	0.037201348953182965
4.2631393990391215	0.9105115192312975	0.036604480121461065
4.271813306919681	0.9105115192312975	0.035814728124241316
4.282559854753749	0.9105115192312975	0.03484743175485675
4.295315977525459	0.9105115192312975	0.03373000139199187
4.3100068172341395	0.9105115192312975	0.032502073037457196
4.326546162190822	0.9105115192312975	0.031212646995046143
4.34483695294272	0.9105115192312975	0.029914613076785487
4.364771851856689	0.9105115192312975	0.028657865827232343
4.386233873019137	0.9105115192312975	0.02748269394198393
4.409097068755885	0.9105115192312975	0.026415137227187503
4.4332272687432	0.9105115192312975	0.02546552580695382
4.458482867372603	0.9105115192312975	0.024630574840625714
4.484715654748892	0.9105115192312975	0.023898436433631577
4.511771686444731	0.9105115192312975	0.02325528397211218
4.539492186907772	0.9105115192312975	0.022691562366546434
4.567714481218726	0.9105115192312975	0.022206115331816902
4.596272949732473	0.9105115192312975	0.02180698729615098
4.625	0.9105115192312975	0.0215086374208854
4.653727050267527	0.9105115192312975	0.02132633785656192
4.682285518781274	0.9105115192312975	0.021269367269804478
4.710507813092227	0.9105115192312975	0.021335013044828634
4.738228313555268	0.9105115192312975	0.02150523892564202
4.765284345251108	0.9105115192312975	0.021747191383342454
4.791517132627397	0.9105115192312975	0.022017687800344046
4.8167727312568	0.9105115192312975	0.02227073252800791
4.840902931244115	0.9105115192312975	0.022466245864446198
4.863766126980863	0.9105115192312975	0.022577807835984093
4.885228148143311	0.9105115192312975	0.022597426184512378
4.90516304705728	0.9105115192312975	0.0225360873002165
4.923453837809178	0.9105115192312975	0.02241994136440416
4.9399931827658605	0.9105115192312975	0.02228311389291103
4.954684022474541	0.9105115192312975	0.022159014932090007
4.967440145246251	0.9105115192312975	0.022072394123486046
4.978186693080319	0.9105115192312975	0.02203416114421301
4.9868606009608785	0.9105115192312975	0.022040218888256292
4.993410966947456	0.9105115192312975	0.022074452669793753
4.997799350887806	0.9105115192312975	0.02211488556015848
5.0	0.9105115192312975	0.02214115863281308
4.25	0.9174506455357443	0.03781142145984018
4.252200649112194	0.9174506455357443	0.037609318126368925
4.256589033052544	0.9174506455357443	0.03720515527445261
4.2631393990391215	0.9174506455357443	0.036601163209579124
4.271813306919681	0.9174506455357443	0.035805278006171
4.282559854753749	0.9174506455357443	0.03483474217194528
4.295315977525459	0.9174506455357443	0.03371836587635282
4.3100068172341395	0.9174506455357443	0.032496352306621845
4.326546162190822	0.9174506455357443	0.031217276575146537
4.34483695294272	0.9174506455357443	0.029932656178412297
4.364771851856689	0.9174506455357443	0.02869031060372726
4.386233873019137	0.9174506455357443	0.027528147143390677
4.409097068755885	0.9174506455357443	0.02646998715444199
4.4332272687432	0.9174506455357443	0.025524552244797178
4.458482867372603	0.9174506455357443	0.024687891652893704
4.484715654748892	0.9174506455357443	0.02394858264803292
4.511771686444731	0.9174506455357443	0.023294246054386264
4.539492186907772	0.9174506455357443	0.022717521219273566
4.567714481218726	0.9174506455357443	0.022219764652243783
4.596272949732473	0.9174506455357443	0.021811354897580598
4.625	0.9174506455357443	0.021508440908024323
4.653727050267527	0.9174506455357443	0.021327000361319477
4.682285518781274	0.9174506455357443	0.02127588843230136
4.710507813092227	0.9174506455357443	0.021350920626912195
4.738228313555268	0.9174506455357443	0.02153183090548574
4.765284345251108	0.9174506455357443	0.021783220028861582
4.791517132627397	0.9174506455357443	0.022059547861190274
4.8167727312568	0.9174506455357443	0.022313113622601473
4.840902931244115	0.9174506455357443	0.022503115403215694
4.863766126980863	0.9174506455357443	0.02260352480289846
4.885228148143311	0.9174506455357443	0.022607761467054018
4.90516304705728	0.9174506455357443	0.02252894806444849
4.923453837809178	0.9174506455357443	0.022395660543693414
4.9399931827658605	0.9174506455357443	0.022244257744839336
4.954684022474541	0.9174506455357443	0.02210976240282637
4.967440145246251	0.9174506455357443	0.02201763016146788
4.978186693080319	0.9174506455357443	0.021978483495071248
4.9868606009608785	0.9174506455357443	0.021987072271146584
4.993410966947456	0.9174506455357443	0.022025572762973056
4.997799350887806	0.9174506455357443	0.022070164892596073
5.0	0.9174506455357443	0.02209895258087522
4.25	0.926047883802999	0.03776901617305179
4.252200649112194	0.926047883802999	0.03756217667007853
4.256589033052544	0.926047883802999	0.03714955017317265
4.2631393990391215	0.926047883802999	0.036535185244209754
4.271813306919681	0.926047883802999	0.03572928825907372
4.282559854753749	0.926047883802999	0.034751380962259
4.295315977525459	0.926047883802999	0.03363212236845044
4.3100068172341395	0.926047883802999	0.03241278572047946
4.326546162190822	0.926047883802999	0.0311420468081327
4.34483695294272	0.926047883802999	0.02987055489169383
4.364771851856689	0.926047883802999	0.02864447750778526
4.386233873019137	0.926047883802999	0.027499612933913113
4.409097068755885	0.926047883802999	0.026457614596063387
4.4332272687432	0.926047883802999	0.025525365777002162
4.458482867372603	0.926047883802999	0.02469771077110664
4.484715654748892	0.926047883802999	0.023962820279382954
4.511771686444731	0.926047883802999	0.023308710076157764
4.539492186907772	0.926047883802999	0.022729067991087062
4.567714481218726	0.926047883802999	0.022226693547650687
4.596272949732473	0.926047883802999	0.021813492083152596
4.625	0.926047883802999	0.021506925519746544
4.653727050267527	0.926047883802999	0.021323843105371547
4.682285518781274	0.926047883802999	0.021273410586217366
4.710507813092227	0.926047883802999	0.021351194383282313
4.738228313555268	0.926047883802999	0.021536229646049065
4.765284345251108	0.926047883802999	0.02179215437673127
4.791517132627397	0.926047883802999	0.022072418899866907
4.8167727312568	0.926047883802999	0.02232846869775206
4.840902931244115	0.926047883802999	0.022518953881318863
4.863766126980863	0.926047883802999	0.022617677842591607
4.885228148143311	0.926047883802999	0.022618264291065178
4.90516304705728	0.926047883802999	0.02253433447544315
4.923453837809178	0.926047883802999	0.022395133290883638
4.9399931827658605	0.926047883802999	0.02223771857993453
4.954684022474541	0.926047883802999	0.02209771551127498
4.967440145246251	0.926047883802999	0.02200099625927871
4.978186693080319	0.926047883802999	0.021958375305402327
4.9868606009608785	0.926047883802999	0.02196458382406929
4.993410966947456	0.926047883802999	0.022001625873035703
4.997799350887806	0.926047883802999	0.022045439065896514
5.0	0.926047883802999	0.0220739034882126
4.25	0.9362527820203677	0.03766735759058512
4.252200649112194	0.9362527820203677	0.03745525285681323
4.256589033052544	0.9362527820203677	0.03703306879047896
4.2631393990391215	0.9362527820203677	0.03640663017260989
4.271813306919681	0.9362527820203677	0.03558841707683732
4.282559854753749	0.9362527820203677	0.03460033945345065
4.295315977525459	0.9362527820203677	0.0334751709858819
4.3100068172341395	0.9362527820203677	0.032255702435163236
4.326546162190822	0.9362527820203677	0.030991323554840793
4.34483695294272	0.9362527820203677	0.029732531182231972
4.364771851856689	0.9362527820203677	0.028524551563582475
4.386233873019137	0.9362527820203677	0.027401641559730867
4.409097068755885	0.9362527820203677	0.026383567086970674
4.4332272687432	0.9362527820203677	0.025475246295053832
4.458482867372603	0.9362527820203677	0.024669719303093376
4.484715654748892	0.9362527820203677	0.023953692715082967
4.511771686444731	0.9362527820203677	0.02331416639749683
4.539492186907772	0.9362527820203677	0.02274430213330541
4.567714481218726	0.9362527820203677	0.02224685334984871
4.596272949732473	0.9362527820203677	0.021834115379046743
4.625	0.9362527820203677	0.021524312198945142
4.653727050267527	0.9362527820203677	0.021335349215781525
4.682285518781274	0.9362527820203677	0.02127764948775348
4.710507813092227	0.9362527820203677	0.021348125386211756
4.738228313555268	0.9362527820203677	0.021527112223606978
4.765284345251108	0.9362527820203677	0.02177935138185153
4.791517132627397	0.9362527820203677	0.022059048174796408
4.8167727312568	0.9362527820203677	0.022317928013212356
4.840902931244115	0.9362527820203677	0.0225143741008086
4.863766126980863	0.9362527820203677	0.02262138545113979
4.885228148143311	0.9362527820203677	0.02263134816278098
4.90516304705728	0.9362527820203677	0.022556406238883386
4.923453837809178	0.9362527820203677	0.022424343549467887
4.9399931827658605	0.9362527820203677	0.022271045882925253
4.954684022474541	0.9362527820203677	0.022131490054898045
4.967440145246251	0.9362527820203677	0.022031568070103688
4.978186693080319	0.9362527820203677	0.021982799925610676
4.9868606009608785	0.9362527820203677	0.021981187312912796
4.993410966947456	0.9362527820203677	0.0220103297160355
4.997799350887806	0.9362527820203677	0.02204777174165276
5.0	0.9362527820203677	0.022072689618400695
4.25	0.9480054537873116	0.03752383376417635
4.252200649112194	0.9480054537873116	0.03730711488037975
4.256589033052544	0.9480054537873116	0.03687646994775358
4.2631393990391215	0.9480054537873116	0.03623915246139536
4.271813306919681	0.9480054537873116	0.03540953804435051
4.282559854753749	0.9480054537873116	0.03441164794477945
4.295315977525459	0.9480054537873116	0.03328031360308786
4.3100068172341395	0.9480054537873116	0.032060079762468316
4.326546162190822	0.9480054537873116	0.030801584491780554
4.34483695294272	0.9480054537873116	0.029555931139086614
4.364771851856689	0.9480054537873116	0.028368245542258367
4.386233873019137	0.9480054537873116	0.027271979209424282
4.409097068755885	0.9480054537873116	0.02628544841069724
4.4332272687432	0.9480054537873116	0.02541158834924189
4.458482867372603	0.9480054537873116	0.024641078567096946
4.484715654748892	0.9480054537873116	0.02395808439468043
4.511771686444731	0.9480054537873116	0.02334711747000681
4.539492186907772	0.9480054537873116	0.022799164569674152
4.567714481218726	0.9480054537873116	0.02231538331825561
4.596272949732473	0.9480054537873116	0.02190729176376953
4.625	0.9480054537873116	0.021593326220396857
4.653727050267527	0.9480054537873116	0.02139265372082977
4.682285518781274	0.9480054537873116	0.021317922382808836
4.710507813092227	0.9480054537873116	0.02136898823818
4.738228313555268	0.9480054537873116	0.021529461145649416
4.765284345251108	0.9480054537873116	0.02176720602316242
4.791517132627397	0.9480054537873116	0.022038901197998912
4.8167727312568	0.9480054537873116	0.02229766921817491
4.840902931244115	0.9480054537873116	0.022501951879261364
4.863766126980863	0.9480054537873116	0.02262343320278371
4.885228148143311	0.9480054537873116	0.02265202738002559
4.90516304705728	0.9480054537873116	0.02259669157753196
4.923453837809178	0.9480054537873116	0.022481899592183996
4.9399931827658605	0.9480054537873116	0.02234073325043735
4.954684022474541	0.9480054537873116	0.022206412206996345
4.967440145246251	0.9480054537873116	0.022104456534067632
4.978186693080319	0.9480054537873116	0.022047460467564436
4.9868606009608785	0.9480054537873116	0.022033710986355363
4.993410966947456	0.9480054537873116	0.022049816987741597
4.997799350887806	0.9480054537873116	0.022076417215701135
5.0	0.9480054537873116	0.0220952087859426
4.25	0.9612369297526578	0.03737474380861832
4.252200649112194	0.9612369297526578	0.037155475048708746
4.256589033052544	0.9612369297526578	0.03672011803130713
4.2631393990391215	0.9612369297526578	0.0360766895709665
4.271813306919681	0.9612369297526578	0.03524067524948015
4.282559854753749	0.9612369297526578	0.03423749830238252
4.295315977525459	0.9612369297526578	0.033103594340572494
4.3100068172341395	0.9612369297526578	0.03188518218343203
4.326546162190822	0.9612369297526578	0.030634468227147924
4.34483695294272	0.9612369297526578	0.029403808027150334
4.364771851856689	0.9612369297526578	0.02823903863395632
4.386233873019137	0.9612369297526578	0.027173573781116605
4.409097068755885	0.9612369297526578	0.026224791100373533
4.4332272687432	0.9612369297526578	0.025393731298082502
4.458482867372603	0.9612369297526578	0.02466829917045066
4.484715654748892	0.9612369297526578	0.024029228633816804
4.511771686444731	0.9612369297526578	0.023457307879333925
4.539492186907772	0.9612369297526578	0.022939978424238987
4.567714481218726	0.9612369297526578	0.022475543858285686
4.596272949732473	0.9612369297526578	0.022073832854021203
4.625	0.9612369297526578	0.021753102258110488
4.653727050267527	0.9612369297526578	0.02153398908719107
4.682285518781274	0.9612369297526578	0.02143214588699733
4.710507813092227	0.9612369297526578	0.021451591824598985
4.738228313555268	0.9612369297526578	0.02158066528972972
4.765284345251108	0.9612369297526578	0.021791803584939096
4.791517132627397	0.9612369297526578	0.02204537359612424
4.8167727312568	0.9612369297526578	0.02229670176143775
4.840902931244115	0.9612369297526578	0.02250459267363951
4.863766126980863	0.9612369297526578	0.022639216996462503
4.885228148143311	0.9612369297526578	0.022687403494306122
4.90516304705728	0.9612369297526578	0.02265404651562937
4.923453837809178	0.9612369297526578	0.022559356557279142
4.9399931827658605	0.9612369297526578	0.022432762317845807
4.954684022474541	0.9612369297526578	0.022305125513082967
4.967440145246251	0.9612369297526578	0.022201325399587253
4.978186693080319	0.9612369297526578	0.022135105246634288
4.9868606009608785	0.9612369297526578	0.022107398966631654
4.993410966947456	0.9612369297526578	0.022108363580558642
4.997799350887806	0.9612369297526578	0.022122309600767272
5.0	0.9612369297526578	0.02213393376192455
4.25	0.9758695623541764	0.03726780461503484
4.252200649112194	0.9758695623541764	0.037049287910728326
4.256589033052544	0.9758695623541764	0.03661530402534571
4.2631393990391215	0.9758695623541764	0.035973711446331755
4.271813306919681	0.9758695623541764	0.03513998407997214
4.282559854753749	0.9758695623541764	0.03413986653294571
4.295315977525459	0.9758695623541764	0.03301058002735612
4.3100068172341395	0.9758695623541764	0.03179961003926256
4.326546162190822	0.9758695623541764	0.03056077896931158
4.34483695294272	0.9758695623541764	0.02934812968966135
4.364771851856689	0.9758695623541764	0.028208874823645435
4.386233873019137	0.9758695623541764	0.02717707784358524
4.409097068755885	0.9758695623541764	0.026269687100295806
4.4332272687432	0.9758695623541764	0.02548603269494567
4.458482867372603	0.9758695623541764	0.024811043291486784
4.484715654748892	0.9758695623541764	0.02422147248784801
4.511771686444731	0.9758695623541764	0.0236936092300927
4.539492186907772	0.9758695623541764	0.02321051618125542
4.567714481218726	0.9758695623541764	0.022766924953665783
4.596272949732473	0.9758695623541764	0.02237050845729015
4.625	0.9758695623541764	0.022039198610885435
4.653727050267527	0.9758695623541764	0.021795271259532196
4.682285518781274	0.9758695623541764	0.021657794936944075
4.710507813092227	0.9758695623541764	0.021635496512757164
4.738228313555268	0.9758695623541764	0.021722006618290806
4.765284345251108	0.9758695623541764	0.021894830730815978
4.791517132627397	0.9758695623541764	0.022118411243620635
4.8167727312568	0.9758695623541764	0.022350564825897364
4.840902931244115	0.9758695623541764	0.022550689025712257
4.863766126980863	0.9758695623541764	0.022687671915512755
4.885228148143311	0.9758695623541764	0.02274553086053082
4.90516304705728	0.9758695623541764	0.02272542273682082
4.923453837809178	0.9758695623541764	0.022643637094905744
4.9399931827658605	0.9758695623541764	0.022526239702060094
4.954684022474541	0.9758695623541764	0.02240188896309631
4.967440145246251	0.9758695623541764	0.022294772152455834
4.978186693080319	0.9758695623541764	0.022219493353203404
4.9868606009608785	0.9758695623541764	0.022179131847061013
4.993410966947456	0.9758695623541764	0.022166757397406138
4.997799350887806	0.9758695623541764	0.022169703161592887
5.0	0.9758695623541764	0.022175135597650036
4.25	0.9918174814853513	0.03725077471297863
4.252200649112194	0.9918174814853513	0.037036938796433
4.256589033052544	0.9918174814853513	0.036611602786014094
4.2631393990391215	0.9918174814853513	0.035981423990137304
4.271813306919681	0.9918174814853513	0.035160576444499485
4.282559854753749	0.9918174814853513	0.03417384692702023
4.295315977525459	0.9918174814853513	0.03305820508082709
4.3100068172341395	0.9918174814853513	0.031861766458804924
4.326546162190822	0.9918174814853513	0.030639785967342233
4.34483695294272	0.9918174814853513	0.029448206843030036
4.364771851856689	0.9918174814853513	0.028336086695239387
4.386233873019137	0.9918174814853513	0.027338685947107835
4.409097068755885	0.9918174814853513	0.026472983341876977
4.4332272687432	0.9918174814853513	0.02573686156936977
4.458482867372603	0.9918174814853513	0.02511231025105657
4.484715654748892	0.9918174814853513	0.024571960550544482
4.511771686444731	0.9918174814853513	0.024087378089918267
4.539492186907772	0.9918174814853513	0.023637047947348465
4.567714481218726	0.9918174814853513	0.02321203275845699
4.596272949732473	0.9918174814853513	0.02281787153398255
4.625	0.9918174814853513	0.022472263550038035
4.653727050267527	0.9918174814853513	0.022199190240416555
4.682285518781274	0.9918174814853513	0.02202107096306399
4.710507813092227	0.9918174814853513	0.02195107071293073
4.738228313555268	0.9918174814853513	0.02198763691846302
4.765284345251108	0.9918174814853513	0.022112748360849442
4.791517132627397	0.9918174814853513	0.02229437210806152
4.8167727312568	0.9918174814853513	0.022492510803604215
4.840902931244115	0.9918174814853513	0.022667282853829497
4.863766126980863	0.9918174814853513	0.022786963471076258
4.885228148143311	0.9918174814853513	0.02283395922838542
4.90516304705728	0.9918174814853513	0.022807273351183446
4.923453837809178	0.9918174814853513	0.022720976897030332
4.9399931827658605	0.9918174814853513	0.02259926563841711
4.954684022474541	0.9918174814853513	0.022469561566954822
4.967440145246251	0.9918174814853513	0.022355574553678183
4.978186693080319	0.9918174814853513	0.022272157375963685
4.9868606009608785	0.9918174814853513	0.022223201158776438
4.993410966947456	0.9918174814853513	0.022202903493237763
4.997799350887806	0.9918174814853513	0.02219976286693827
5.0	0.9918174814853513	0.02220188959247119
4.25	1.0089870984153095	0.03735907298973326
4.252200649112194	1.0089870984153095	0.037153546186778276
4.256589033052544	1.0089870984153095	0.03674356868675061
4.2631393990391215	1.0089870984153095	0.03613361660167596
4.271813306919681	1.0089870984153095	0.035335345760492416
4.282559854753749	1.0089870984153095	0.03437135907159105
4.295315977525459	1.0089870984153095	0.033277350874623204
4.3100068172341395	1.0089870984153095	0.03210138777437881
4.326546162190822	1.0089870984153095	0.03089987154689569
4.34483695294272	1.0089870984153095	0.02973070961074356
4.364771851856689	1.0089870984153095	0.028645107532919663
4.386233873019137	1.0089870984153095	0.027679930288960694
4.409097068755885	1.0089870984153095	0.026852584733522186
4.4332272687432	1.0089870984153095	0.026159831799398126
4.458482867372603	1.0089870984153095	0.02558097628618848
4.484715654748892	1.0089870984153095	0.025084759070084835
4.511771686444731	1.0089870984153095	0.02463829733757001
4.539492186907772	1.0089870984153095	0.02421585592234064
4.567714481218726	1.0089870984153095	0.023805249816722728
4.596272949732473	1.0089870984153095	0.023410280253786674
4.625	1.0089870984153095	0.023048639656026937
4.653727050267527	1.0089870984153095	0.022745909950500097
4.682285518781274	1.0089870984153095	0.022527305030839263
4.710507813092227	1.0089870984153095	0.022409394795060034
4.738228313555268	1.0089870984153095	0.022394037155034817
4.765284345251108	1.0089870984153095	0.02246613993065057
4.791517132627397	1.0089870984153095	0.022595842049233518
4.8167727312568	1.0089870984153095	0.022744524091173283
4.840902931244115	1.0089870984153095	0.022873051388000252
4.863766126980863	1.0089870984153095	0.02295008857963501
4.885228148143311	1.0089870984153095	0.022958349528712133
4.90516304705728	1.0089870984153095	0.0228972448820811
4.923453837809178	1.0089870984153095	0.022781388612950978
4.9399931827658605	1.0089870984153095	0.022635544144377434
4.954684022474541	1.0089870984153095	0.02248752073632174
4.967440145246251	1.0089870984153095	0.02236101946229395
4.978186693080319	1.0089870984153095	0.02227034973459776
4.9868606009608785	1.0089870984153095	0.02221832664597526
4.993410966947456	1.0089870984153095	0.022197699779198197
4.997799350887806	1.0089870984153095	0.022195434527194097
5.0	1.0089870984153095	0.022198362179217883
4.25	1.0272776550047078	0.037605660903507816
4.252200649112194	1.0272776550047078	0.03741077127590782
4.256589033052544	1.0272776550047078	0.037020402091539915
4.2631393990391215	1.0272776550047078	0.03643612021308426
4.271813306919681	1.0272776550047078	0.03566616052703678
4.282559854753749	1.0272776550047078	0.03473003647205224
4.295315977525459	1.0272776550047078	0.033661412976392524
4.3100068172341395	1.0272776550047078	0.03250780743636318
4.326546162190822	1.0272776550047078	0.03132655521272534
4.34483695294272	1.0272776550047078	0.03017756968207365
4.364771851856689	1.0272776550047078	0.029114427170198815
4.386233873019137	1.0272776550047078	0.02817591795459288
4.409097068755885	1.0272776550047078	0.027380235077534905
4.4332272687432	1.0272776550047078	0.026723393734710863
4.458482867372603	1.0272776550047078	0.02618242895676171
4.484715654748892	1.0272776550047078	0.025722686520379297
4.511771686444731	1.0272776550047078	0.02530743835622888
4.539492186907772	1.0272776550047078	0.02490742079837306
4.567714481218726	1.0272776550047078	0.024507893444639977
4.596272949732473	1.0272776550047078	0.024111457690658714
4.625	1.0272776550047078	0.023735990157231157
4.653727050267527	1.0272776550047078	0.023408338420162864
4.682285518781274	1.0272776550047078	0.02315554565579322
4.710507813092227	1.0272776550047078	0.02299601382233593
4.738228313555268	1.0272776550047078	0.022933008071662615
4.765284345251108	1.0272776550047078	0.022952252008809904
4.791517132627397	1.0272776550047078	0.023024244468023206
4.8167727312568	1.0272776550047078	0.023110650598856107
4.840902931244115	1.0272776550047078	0.02317303204006405
4.863766126980863	1.0272776550047078	0.023181577209824746
4.885228148143311	1.0272776550047078	0.02312153241330402
4.90516304705728	1.0272776550047078	0.022995698384205957
4.923453837809178	1.0272776550047078	0.02282245410447643
4.9399931827658605	1.0272776550047078	0.02262999184278396
4.954684022474541	1.0272776550047078	0.022448454966151245
4.967440145246251	1.0272776550047078	0.02230218762260837
4.978186693080319	1.0272776550047078	0.022204197310037393
4.9868606009608785	1.0272776550047078	0.02215423873337203
4.993410966947456	1.0272776550047078	0.02214085485845681
4.997799350887806	1.0272776550047078	0.022146567980084797
5.0	1.0272776550047078	0.022154525855258768
4.25	1.0465818149945596	0.03797599113931761
4.252200649112194	1.0465818149945596	0.037791998671258216
4.256589033052544	1.0465818149945596	0.03742156821869351
4.2631393990391215	1.0465818149945596	0.03686302323530474
4.271813306919681	1.0465818149945596	0.03612077619339255
4.282559854753749	1.0465818149945596	0.03521087074307418
4.295315977525459	1.0465818149945596	0.034164659816145436
4.3100068172341395	1.0465818149945596	0.03302897374687267
4.326546162190822	1.0465818149945596	0.031862098795599904
4.34483695294272	1.0465818149945596	0.03072610610405343
4.364771851856689	1.0465818149945596	0.029677192565092318
4.386233873019137	1.0465818149945596	0.02875638834451887
4.409097068755885	1.0465818149945596	0.02798303738207052
4.4332272687432	1.0465818149945596	0.027352832915854466
4.458482867372603	1.0465818149945596	0.026841047323198825
4.484715654748892	1.0465818149945596	0.026410241474702074
4.511771686444731	1.0465818149945596	0.026020545507565763
4.539492186907772	1.0465818149945596	0.02563990371919207
4.567714481218726	1.0465818149945596	0.025251671618774917
4.596272949732473	1.0465818149945596	0.0248576531854958
4.625	1.0465818149945596	0.024475886225588103
4.653727050267527	1.0465818149945596	0.02413389341392237
4.682285518781274	1.0465818149945596	0.023859331687315438
4.710507813092227	1.0465818149945596	0.023670660524825686
4.738228313555268	1.0465818149945596	0.023570421934014377
4.765284345251108	1.0465818149945596	0.023542990090650032
4.791517132627397	1.0465818149945596	0.023557409771390057
4.8167727312568	1.0465818149945596	0.023574541835173997
4.840902931244115	1.0465818149945596	0.023556556834017764
4.863766126980863	1.0465818149945596	0.023476187150056237
4.885228148143311	1.0465818149945596	0.023323234303314865
4.90516304705728	1.0465818149945596	0.023106602495558886
4.923453837809178	1.0465818149945596	0.022851372754589882
4.9399931827658605	1.0465818149945596	0.022591796090802158
4.954684022474541	1.0465818149945596	0.022362189355529968
4.967440145246251	1.0465818149945596	0.02218825900944566
4.978186693080319	1.0465818149945596	0.022081210083682586
4.9868606009608785	1.0465818149945596	0.02203617383506366
4.993410966947456	1.0465818149945596	0.02203524489676916
4.997799350887806	1.0465818149945596	0.02205411014993467
5.0	1.0465818149945596	0.0220702466324962
4.25	1.0667862938980828	0.03842961252584602
4.252200649112194	1.0667862938980828	0.038254449283229304
4.256589033052544	1.0667862938980828	0.0378998756081876
4.2631393990391215	1.0667862938980828	0.037361080378038834
4.271813306919681	1.0667862938980828	0.03663881793207113
4.282559854753749	1.0667862938980828	0.035745879778889954
4.295315977525459	1.0667862938980828	0.03471157166138798
4.3100068172341395	1.0667862938980828	0.03358233877487777
4.326546162190822	1.0667862938980828	0.0324177459704232
4.34483695294272	1.0667862938980828	0.03128236716236531
4.364771851856689	1.0667862938980828	0.030235380835622883
4.386233873019137	1.0667862938980828	0.0293204421186266
4.409097068755885	1.0667862938980828	0.028558470534117784
4.4332272687432	1.0667862938980828	0.027945318143941075
4.458482867372603	1.0667862938980828	0.027455038376496783
4.484715654748892	1.0667862938980828	0.027047999043652345
4.511771686444731	1.0667862938980828	0.026681782644971203
4.539492186907772	1.0667862938980828	0.026322058190946112
4.567714481218726	1.0667862938980828	0.02595060970865662
4.596272949732473	1.0667862938980828	0.025568475807326605
4.625	1.0667862938980828	0.02519348652935383
4.653727050267527	1.0667862938980828	0.024853014157785114
4.682285518781274	1.0667862938980828	0.024574061824094787
4.710507813092227	1.0667862938980828	0.024373535352189713
4.738228313555268	1.0667862938980828	0.024251478436899468
4.765284345251108	1.0667862938980828	0.02418921550630201
4.791517132627397	1.0667862938980828	0.024152971128105726
4.8167727312568	1.0667862938980828	0.02410200087499356
4.840902931244115	1.0667862938980828	0.023999002256341686
4.863766126980863	1.0667862938980828	0.02381992794311331
4.885228148143311	1.0667862938980828	0.023560477238148306
4.90516304705728	1.0667862938980828	0.02323745317220956
4.923453837809178	1.0667862938980828	0.022884588313486325
4.9399931827658605	1.0667862938980828	0.022543968396251404
4.954684022474541	1.0667862938980828	0.022255394473335598
4.967440145246251	1.0667862938980828	0.02204658445212305
4.978186693080319	1.0667862938980828	0.021926868318758147
4.9868606009608785	1.0667862938980828	0.02188604792109718
4.993410966947456	1.0667862938980828	0.021898647272136012
4.997799350887806	1.0667862938980828	0.02193227696881497
5.0	1.0667862938980828	0.021957696215443998
4.25	1.0877725237991134	0.03890836577878622
4.252200649112194	1.0877725237991134	0.038738041300293034
4.256589033052544	1.0877725237991134	0.038391604287374245
4.2631393990391215	1.0877725237991134	0.037861592843422415
4.271813306919681	1.0877725237991134	0.03714574344899351
4.282559854753749	1.0877725237991134	0.036254312748500564
4.295315977525459	1.0877725237991134	0.035215279380589604
4.3100068172341395	1.0877725237991134	0.03407537319175048
4.326546162190822	1.0877725237991134	0.03289603435671799
4.34483695294272	1.0877725237991134	0.031744871108563194
4.364771851856689	1.0877725237991134	0.030684539795721243
4.386233873019137	1.0877725237991134	0.02976181847552986
4.409097068755885	1.0877725237991134	0.028999728809270653
4.4332272687432	1.0877725237991134	0.0283948392239543
4.458482867372603	1.0877725237991134	0.027920543076218152
4.484715654748892	1.0877725237991134	0.027535515312992108
4.511771686444731	1.0877725237991134	0.02719515273211727
4.539492186907772	1.0877725237991134	0.02686299103654052
4.567714481218726	1.0877725237991134	0.026519100732775212
4.596272949732473	1.0877725237991134	0.026163299732646465
4.625	1.0877725237991134	0.025812457446194717
4.653727050267527	1.0877725237991134	0.02549280683407079
4.682285518781274	1.0877725237991134	0.025229570396162658
4.710507813092227	1.0877725237991134	0.02503695376192928
4.738228313555268	1.0877725237991134	0.02491145386237892
4.765284345251108	1.0877725237991134	0.024830492954186628
4.791517132627397	1.0877725237991134	0.024756882717560186
4.8167727312568	1.0877725237991134	0.02464796351162171
4.840902931244115	1.0877725237991134	0.024466916995764715
4.863766126980863	1.0877725237991134	0.02419309542205258
4.885228148143311	1.0877725237991134	0.023828436311355092
4.90516304705728	1.0877725237991134	0.023398080202547685
4.923453837809178	1.0877725237991134	0.022944894468458533
4.9399931827658605	1.0877725237991134	0.022519289172383612
4.954684022474541	1.0877725237991134	0.0221670232734068
4.967440145246251	1.0877725237991134	0.021918273717019265
4.978186693080319	1.0877725237991134	0.02178091235685751
4.9868606009608785	1.0877725237991134	0.021739792701264526
4.993410966947456	1.0877725237991134	0.021762203622823773
4.997799350887806	1.0877725237991134	0.021807954377138897
5.0	1.0877725237991134	0.021841283172443715
4.25	1.1094173491557848	0.03934942884424141
4.252200649112194	1.1094173491557848	0.03917907699576836
4.256589033052544	1.1094173491557848	0.03883141605447101
4.2631393990391215	1.1094173491557848	0.038297013787523065
4.271813306919681	1.1094173491557848	0.037571469280106566
4.282559854753749	1.1094173491557848	0.03666345930862331
4.295315977525459	1.1094173491557848	0.03560055496454727
4.3100068172341395	1.1094173491557848	0.03443058622714844
4.326546162190822	1.1094173491557848	0.03321756435749529
4.34483695294272	1.1094173491557848	0.032032739463233935
4.364771851856689	1.1094173491557848	0.030942822523446375
4.386233873019137	1.1094173491557848	0.0299983140974516
4.409097068755885	1.1094173491557848	0.02922498165265882
4.4332272687432	1.1094173491557848	0.028620769061304677
4.458482867372603	1.1094173491557848	0.0281590050450588
4.484715654748892	1.1094173491557848	0.02779709212132029
4.511771686444731	1.1094173491557848	0.027488375110495393
4.539492186907772	1.1094173491557848	0.027194027951510623
4.567714481218726	1.1094173491557848	0.026891807726337577
4.596272949732473	1.1094173491557848	0.02657941059760599
4.625	1.1094173491557848	0.0262716841882884
4.653727050267527	1.1094173491557848	0.025992682382393672
4.682285518781274	1.1094173491557848	0.025765006071427503
4.710507813092227	1.1094173491557848	0.025599644729801408
4.738228313555268	1.1094173491557848	0.025489396615109787
4.765284345251108	1.1094173491557848	0.025407931748798934
4.791517132627397	1.1094173491557848	0.025314950732426133
4.8167727312568	1.1094173491557848	0.02516613363606245
4.840902931244115	1.1094173491557848	0.02492516195609654
4.863766126980863	1.1094173491557848	0.024574435031275637
4.885228148143311	1.1094173491557848	0.024121385504375033
4.90516304705728	1.1094173491557848	0.023598458304328808
4.923453837809178	1.1094173491557848	0.02305653974868936
4.9399931827658605	1.1094173491557848	0.022553432976613424
4.954684022474541	1.1094173491557848	0.022140369395453118
4.967440145246251	1.1094173491557848	0.021850131002143475
4.978186693080319	1.1094173491557848	0.021689964718744893
4.9868606009608785	1.1094173491557848	0.021641197167792694
4.993410966947456	1.1094173491557848	0.021665650926039993
4.997799350887806	1.1094173491557848	0.02171711574768101
5.0	1.1094173491557848	0.021754748882967127
4.25	1.131593749526218	0.03970020231495751
4.252200649112194	1.131593749526218	0.03952555121302179
4.256589033052544	1.131593749526218	0.03916847093118633
4.2631393990391215	1.131593749526218	0.03861818669790893
4.271813306919681	1.131593749526218	0.03786895070628525
4.282559854753749	1.131593749526218	0.03692868387316906
4.295315977525459	1.131593749526218	0.03582530375321695
4.3100068172341395	1.131593749526218	0.03460837513623798
4.326546162190822	1.131593749526218	0.033345009838085964
4.34483695294272	1.131593749526218	0.03211058842185258
4.364771851856689	1.131593749526218	0.030976406918776213
4.386233873019137	1.131593749526218	0.029997321803199077
4.409097068755885	1.131593749526218	0.029202587716455917
4.4332272687432	1.131593749526218	0.028592305384833108
4.458482867372603	1.131593749526218	0.028140428209601415
4.484715654748892	1.131593749526218	0.02780352074966276
4.511771686444731	1.131593749526218	0.027532912076911484
4.539492186907772	1.131593749526218	0.02728697997492153
4.567714481218726	1.131593749526218	0.027040298543936827
4.596272949732473	1.131593749526218	0.026787289235550914
4.625	1.131593749526218	0.026539583705155596
4.653727050267527	1.131593749526218	0.02631809759842865
4.682285518781274	1.131593749526218	0.0261423228629838
4.710507813092227	1.131593749526218	0.026020143793756407
4.738228313555268	1.131593749526218	0.025941337868025646
4.765284345251108	1.131593749526218	0.02587687006898067
4.791517132627397	1.131593749526218	0.025784419563086847
4.8167727312568	1.131593749526218	0.02561875830712007
4.840902931244115	1.131593749526218	0.02534414730011542
4.863766126980863	1.131593749526218	0.02494524487252083
4.885228148143311	1.131593749526218	0.02443333367114567
4.90516304705728	1.131593749526218	0.02384589532998439
4.923453837809178	1.131593749526218	0.023239364186859603
4.9399931827658605	1.131593749526218	0.022676777393109217
4.954684022474541	1.131593749526218	0.022213482930329376
4.967440145246251	1.131593749526218	0.021884661449001353
4.978186693080319	1.131593749526218	0.02169798677650024
4.9868606009608785	1.131593749526218	0.021633400721399014
4.993410966947456	1.131593749526218	0.02165007305069006
4.997799350887806	1.131593749526218	0.021698676305592027
5.0	1.131593749526218	0.021735660137604747
4.25	1.154171584974981	0.03993148845866611
4.252200649112194	1.154171584974981	0.03975038363343108
4.256589033052544	1.154171584974981	0.03937976213753119
4.2631393990391215	1.154171584974981	0.03880782553748783
4.271813306919681	1.154171584974981	0.038027839944818585
4.282559854753749	1.154171584974981	0.037047282715630896
4.295315977525459	1.154171584974981	0.035894626049264244
4.3100068172341395	1.154171584974981	0.034621276689879237
4.326546162190822	1.154171584974981	0.03329751774564704
4.34483695294272	1.154171584974981	0.032003000055795115
4.364771851856689	1.154171584974981	0.030813921162226404
4.386233873019137	1.154171584974981	0.02979005141205513
4.409097068755885	1.154171584974981	0.028964918715147666
4.4332272687432	1.154171584974981	0.02834169044461678
4.458482867372603	1.154171584974981	0.027895799654742075
4.484715654748892	1.154171584974981	0.027583565415676532
4.511771686444731	1.154171584974981	0.02735445580345039
4.539492186907772	1.154171584974981	0.0271636873960114
4.567714481218726	1.154171584974981	0.026981817906749188
4.596272949732473	1.154171584974981	0.026798882421669137
4.625	1.154171584974981	0.02662219948407622
4.653727050267527	1.154171584974981	0.02646878806130639
4.682285518781274	1.154171584974981	0.02635487755201866
4.710507813092227	1.154171584974981	0.026285822527686093
4.738228313555268	1.154171584974981	0.02624961293364676
4.765284345251108	1.154171584974981	0.026216127905043823
4.791517132627397	1.154171584974981	0.026142607536772607
4.8167727312568	1.154171584974981	0.025983983515510622
4.840902931244115	1.154171584974981	0.02570523754406971
4.863766126980863	1.154171584974981	0.02529226978386533
4.885228148143311	1.154171584974981	0.024758064340816316
4.90516304705728	1.154171584974981	0.024142163767805282
4.923453837809178	1.154171584974981	0.02350327829039224
4.9399931827658605	1.154171584974981	0.022906757313116345
4.954684022474541	1.154171584974981	0.022410109591873218
4.967440145246251	1.154171584974981	0.02205036101953704
4.978186693080319	1.154171584974981	0.021836606355323623
4.9868606009608785	1.154171584974981	0.021749750636760462
4.993410966947456	1.154171584974981	0.021749513097991717
4.997799350887806	1.154171584974981	0.02178680549106785
5.0	1.154171584974981	0.021818136312768188
4.25	1.1770183597859787	0.04004574914540496
4.252200649112194	1.1770183597859787	0.039859300384964255
4.256589033052544	1.1770183597859787	0.03947728025306329
4.2631393990391215	1.1770183597859787	0.038886685934047954
4.271813306919681	1.1770183597859787	0.03807947603147578
4.282559854753749	1.1770183597859787	0.03706220144895007
4.295315977525459	1.1770183597859787	0.03586326595751555
4.3100068172341395	1.1770183597859787	0.03453523224660638
4.326546162190822	1.1770183597859787	0.033150933217002784
4.34483695294272	1.1770183597859787	0.0317938838865813
4.364771851856689	1.1770183597859787	0.03054512533960842
4.386233873019137	1.1770183597859787	0.02946970217386947
4.409097068755885	1.1770183597859787	0.028606169516845765
4.4332272687432	1.1770183597859787	0.027961780977321708
4.458482867372603	1.1770183597859787	0.027514525609415707
4.484715654748892	1.1770183597859787	0.027221369927338254
4.511771686444731	1.1770183597859787	0.027030424341811285
4.539492186907772	1.1770183597859787	0.026893748689655144
4.567714481218726	1.1770183597859787	0.026777419024046963
4.596272949732473	1.1770183597859787	0.026666321904812697
4.625	1.1770183597859787	0.026562684067564415
4.653727050267527	1.1770183597859787	0.02647914889290609
4.682285518781274	1.1770183597859787	0.026428766625314584
4.710507813092227	1.1770183597859787	0.026415132359471374
4.738228313555268	1.1770183597859787	0.02642583802345594
4.765284345251108	1.1770183597859787	0.02643141984120218
4.791517132627397	1.1770183597859787	0.026390359161655046
4.8167727312568	1.1770183597859787	0.026258892897234397
4.840902931244115	1.1770183597859787	0.026002924203867326
4.863766126980863	1.1770183597859787	0.02560861680062779
4.885228148143311	1.1770183597859787	0.02508851818689866
4.90516304705728	1.1770183597859787	0.024481226181884946
4.923453837809178	1.1770183597859787	0.02384437090119664
4.9399931827658605	1.1770183597859787	0.02324254260409849
4.954684022474541	1.1770183597859787	0.022733233702466184
4.967440145246251	1.1770183597859787	0.02235447234776561
4.978186693080319	1.1770183597859787	0.022117425175155955
4.9868606009608785	1.1770183597859787	0.022005937804675843
4.993410966947456	1.1770183597859787	0.021983117426320392
4.997799350887806	1.1770183597859787	0.02200315301265106
5.0	1.1770183597859787	0.02202514183256951
4.25	1.2	0.04007834603900087
4.252200649112194	1.2	0.03989132579077203
4.256589033052544	1.2	0.03950707617310566
4.2631393990391215	1.2	0.03891064608255606
4.271813306919681	1.2	0.03809159998733376
4.282559854753749	1.2	0.03705419194336087
4.295315977525459	1.2	0.03582520862185344
4.3100068172341395	1.2	0.034456795891243605
4.326546162190822	1.2	0.03302292844664188
4.34483695294272	1.2	0.03160993560155917
4.364771851856689	1.2	0.030303167581893078
4.386233873019137	1.2	0.029173005550116267
4.409097068755885	1.2	0.028263668415547106
4.4332272687432	1.2	0.027587575899697018
4.458482867372603	1.2	0.027126579477743957
4.484715654748892	1.2	0.02683957054528129
4.511771686444731	1.2	0.026674317019914552
4.539492186907772	1.2	0.026580323199795725
4.567714481218726	1.2	0.0265193416324027
4.596272949732473	1.2	0.026470928920960413
4.625	1.2	0.026431908662844096
4.653727050267527	1.2	0.026410365484701128
4.682285518781274	1.2	0.026416346453079914
4.710507813092227	1.2	0.026452352950122247
4.738228313555268	1.2	0.026506714304876746
4.765284345251108	1.2	0.02655204604547356
4.791517132627397	1.2	0.02654946689437947
4.8167727312568	1.2	0.02645751771489337
4.840902931244115	1.2	0.026243288684287863
4.863766126980863	1.2	0.025892531841624933
4.885228148143311	1.2	0.025415729017133355
4.90516304705728	1.2	0.024848153322464626
4.923453837809178	1.2	0.02424361057425345
4.9399931827658605	1.2	0.023663313700178726
4.954684022474541	1.2	0.023162730037520025
4.967440145246251	1.2	0.022779853680731304
4.978186693080319	1.2	0.02252801299769281
4.9868606009608785	1.2	0.022395114122275118
4.993410966947456	1.2	0.02234947517102991
4.997799350887806	1.2	0.022350605625737693
5.0	1.2	0.022361930834113725
4.25	1.2229816402140212	0.04009129279449932
4.252200649112194	1.2229816402140212	0.039911582120628744
4.256589033052544	1.2229816402140212	0.03954024110718009
4.2631393990391215	1.2229816402140212	0.0389591588165398
4.271813306919681	1.2229816402140212	0.03815378383496556
4.282559854753749	1.2229816402140212	0.03712396494727395
4.295315977525459	1.2229816402140212	0.035892547886360246
4.3100068172341395	1.2229816402140212	0.03450893405882695
4.326546162190822	1.2229816402140212	0.0330461412968923
4.34483695294272	1.2229816402140212	0.03159166733448395
4.364771851856689	1.2229816402140212	0.030234157017999114
4.386233873019137	1.2229816402140212	0.02904904400535682
4.409097068755885	1.2229816402140212	0.02808665388519556
4.4332272687432	1.2229816402140212	0.0273656318806778
4.458482867372603	1.2229816402140212	0.026873168109450372
4.484715654748892	1.2229816402140212	0.026571721047898296
4.511771686444731	1.2229816402140212	0.02641027284101898
4.539492186907772	1.2229816402140212	0.02633704310767837
4.567714481218726	1.2229816402140212	0.02631033672178273
4.596272949732473	1.2229816402140212	0.02630486142448996
4.625	1.2229816402140212	0.02631222493830799
4.653727050267527	1.2229816402140212	0.02633601385443186
4.682285518781274	1.2229816402140212	0.026383388676559743
4.710507813092227	1.2229816402140212	0.026456072135600764
4.738228313555268	1.2229816402140212	0.02654370282735037
4.765284345251108	1.2229816402140212	0.026621756980986913
4.791517132627397	1.2229816402140212	0.026654836459279407
4.8167727312568	1.2229816402140212	0.026604488759288735
4.840902931244115	1.2229816402140212	0.02643933553252879
4.863766126980863	1.2229816402140212	0.02614453994754217
4.885228148143311	1.2229816402140212	0.025727756057571344
4.90516304705728	1.2229816402140212	0.025219646200472363
4.923453837809178	1.2229816402140212	0.0246685597105697
4.9399931827658605	1.2229816402140212	0.02413061088416755
4.954684022474541	1.2229816402140212	0.023657708779534863
4.967440145246251	1.2229816402140212	0.023286700508001367
4.978186693080319	1.2229816402140212	0.023032515987415313
4.9868606009608785	1.2229816402140212	0.022887117346294394
4.993410966947456	1.2229816402140212	0.02282446113666768
4.997799350887806	1.2229816402140212	0.02281002192321046
5.0	1.2229816402140212	0.022812166910063623
4.25	1.2458284150250192	0.04016078365630945
4.252200649112194	1.2458284150250192	0.03999790201151606
4.256589033052544	1.2458284150250192	0.03965776684854729
4.2631393990391215	1.2458284150250192	0.039117673988239336
4.271813306919681	1.2458284150250192	0.038356931363434286
4.282559854753749	1.2458284150250192	0.037368516566280256
4.295315977525459	1.2458284150250192	0.03616862281370281
4.3100068172341395	1.2458284150250192	0.03480117943019694
4.326546162190822	1.2458284150250192	0.03333574830318174
4.34483695294272	1.2458284150250192	0.03185895827485569
4.364771851856689	1.2458284150250192	0.030461364993927008
4.386233873019137	1.2458284150250192	0.02922284584821451
4.409097068755885	1.2458284150250192	0.02820002980665179
4.4332272687432	1.2458284150250192	0.02741872117629088
4.458482867372603	1.2458284150250192	0.026872960031603606
4.484715654748892	1.2458284150250192	0.026530635791816616
4.511771686444731	1.2458284150250192	0.02634390680527875
4.539492186907772	1.2458284150250192	0.026261526633183506
4.567714481218726	1.2458284150250192	0.02623983851525716
4.596272949732473	1.2458284150250192	0.02624974613630292
4.625	1.2458284150250192	0.026278228501077486
4.653727050267527	1.2458284150250192	0.02632457238992909
4.682285518781274	1.2458284150250192	0.0263929910860782
4.710507813092227	1.2458284150250192	0.026484265770504105
4.738228313555268	1.2458284150250192	0.02658922473889421
4.765284345251108	1.2458284150250192	0.026686231007689007
4.791517132627397	1.2458284150250192	0.026743580456365785
4.8167727312568	1.2458284150250192	0.026726194780922412
4.840902931244115	1.2458284150250192	0.026604667610848464
4.863766126980863	1.2458284150250192	0.026363970689706324
4.885228148143311	1.2458284150250192	0.02600916535975102
4.90516304705728	1.2458284150250192	0.025566280599177323
4.923453837809178	1.2458284150250192	0.025077877558118845
4.9399931827658605	1.2458284150250192	0.024594331913106064
4.954684022474541	1.2458284150250192	0.024163095938248877
4.967440145246251	1.2458284150250192	0.023818798618146113
4.978186693080319	1.2458284150250192	0.023576831677167523
4.9868606009608785	1.2458284150250192	0.023432109014364145
4.993410966947456	1.2458284150250192	0.02336324708745916
4.997799350887806	1.2458284150250192	0.023340901296885905
5.0	1.2458284150250192	0.02333783652657488
4.25	1.2684062504737819	0.04036118692030682
4.252200649112194	1.2684062504737819	0.04022419290245908
4.256589033052544	1.2684062504737819	0.039932704982437596
4.2631393990391215	1.2684062504737819	0.039458115673419863
4.271813306919681	1.2684062504737819	0.03877173144846069
4.282559854753749	1.2684062504737819	0.03785737244472231
4.295315977525459	1.2684062504737819	0.036722031962043
4.3100068172341395	1.2684062504737819	0.035401554854439514
4.326546162190822	1.2684062504737819	0.03395958465970352
4.34483695294272	1.2684062504737819	0.03247978376311061
4.364771851856689	1.2684062504737819	0.03105307727596553
4.386233873019137	1.2684062504737819	0.02976294439569729
4.409097068755885	1.2684062504737819	0.02867224803801961
4.4332272687432	1.2684062504737819	0.02781464288844974
4.458482867372603	1.2684062504737819	0.02719237071767027
4.484715654748892	1.2684062504737819	0.026780584714115457
4.511771686444731	1.2684062504737819	0.026536697368125146
4.539492186907772	1.2684062504737819	0.02641205944571552
4.567714481218726	1.2684062504737819	0.026362855792783486
4.596272949732473	1.2684062504737819	0.02635753572544771
4.625	1.2684062504737819	0.026379233806852777
4.653727050267527	1.2684062504737819	0.026423142375352694
4.682285518781274	1.2684062504737819	0.026490238847641286
4.710507813092227	1.2684062504737819	0.02657974627066815
4.738228313555268	1.2684062504737819	0.02668295357080595
4.765284345251108	1.2684062504737819	0.026780492854133656
4.791517132627397	1.2684062504737819	0.0268440371379962
4.8167727312568	1.2684062504737819	0.026841984514938466
4.840902931244115	1.2684062504737819	0.026747445135431615
4.863766126980863	1.2684062504737819	0.026546108351314046
4.885228148143311	1.2684062504737819	0.026241550348624167
4.90516304705728	1.2684062504737819	0.025856248831542642
4.923453837809178	1.2684062504737819	0.025427793252175434
4.9399931827658605	1.2684062504737819	0.025001161375403723
4.954684022474541	1.2684062504737819	0.02461907520395805
4.967440145246251	1.2684062504737819	0.02431302095106501
4.978186693080319	1.2684062504737819	0.02409735270462258
4.9868606009608785	1.2684062504737819	0.023968043100850343
4.993410966947456	1.2684062504737819	0.02390634031436509
4.997799350887806	1.2684062504737819	0.023886210828884927
5.0	1.2684062504737819	0.023883385501477256
4.25	1.290582650844215	0.040748972648456665
4.252200649112194	1.290582650844215	0.040644215877624214
4.256589033052544	1.290582650844215	0.040413656707681524
4.2631393990391215	1.290582650844215	0.04002196005502904
4.271813306919681	1.290582650844215	0.0394312265546233
4.282559854753749	1.290582650844215	0.03861458299336445
4.295315977525459	1.290582650844215	0.037568033034307335
4.3100068172341395	1.290582650844215	0.03631740453134915
4.326546162190822	1.290582650844215	0.03491849026750092
4.34483695294272	1.290582650844215	0.03345021991482358
4.364771851856689	1.290582650844215	0.032002460532831525
4.386233873019137	1.290582650844215	0.030661360909975125
4.409097068755885	1.290582650844215	0.029495696198707455
4.4332272687432	1.290582650844215	0.02854731082122975
4.458482867372603	1.290582650844215	0.02782761837691327
4.484715654748892	1.290582650844215	0.02732052097825253
4.511771686444731	1.290582650844215	0.02699049398503316
4.539492186907772	1.290582650844215	0.026793374842893496
4.567714481218726	1.290582650844215	0.026686902136972786
4.596272949732473	1.290582650844215	0.026638374605640346
4.625	1.290582650844215	0.026627815003513258
4.653727050267527	1.290582650844215	0.026646419815660294
4.682285518781274	1.290582650844215	0.026691447516973485
4.710507813092227	1.290582650844215	0.02675966043797034
4.738228313555268	1.290582650844215	0.026841731065896907
4.765284345251108	1.290582650844215	0.02691959230281272
4.791517132627397	1.290582650844215	0.026967701603423926
4.8167727312568	1.290582650844215	0.02695791223490841
4.840902931244115	1.290582650844215	0.026866482772477433
4.863766126980863	1.290582650844215	0.026681049906487484
4.885228148143311	1.290582650844215	0.026405343658046778
4.90516304705728	1.290582650844215	0.02606004765898766
4.923453837809178	1.290582650844215	0.025679314607491864
4.9399931827658605	1.290582650844215	0.025303712873269303
4.954684022474541	1.290582650844215	0.024971434068697722
4.967440145246251	1.290582650844215	0.02471012499806034
4.978186693080319	1.290582650844215	0.024531563389753968
4.9868606009608785	1.290582650844215	0.024430613676020205
4.993410966947456	1.290582650844215	0.02438869970247889
4.997799350887806	1.290582650844215	0.024380758659580438
5.0	1.290582650844215	0.02438365931529959
4.25	1.3122274762008865	0.041350015464756605
4.252200649112194	1.3122274762008865	0.04127929824276819
4.256589033052544	1.3122274762008865	0.041113263553645224
4.2631393990391215	1.3122274762008865	0.040809796169607775
4.271813306919681	1.3122274762008865	0.04032163543907375
4.282559854753749	1.3122274762008865	0.039610891148246556
4.295315977525459	1.3122274762008865	0.0386620361112089
4.3100068172341395	1.3122274762008865	0.03749010935422729
4.326546162190822	1.3122274762008865	0.036142087239805235
4.34483695294272	1.3122274762008865	0.03469109659571118
4.364771851856689	1.3122274762008865	0.03322490408673376
4.386233873019137	1.3122274762008865	0.03183146746282434
4.409097068755885	1.3122274762008865	0.030584941748629906
4.4332272687432	1.3122274762008865	0.029535265017761474
4.458482867372603	1.3122274762008865	0.028703405775024105
4.484715654748892	1.3122274762008865	0.028082839297023297
4.511771686444731	1.3122274762008865	0.02764624989591249
4.539492186907772	1.3122274762008865	0.027355245388552236
4.567714481218726	1.3122274762008865	0.027170321546051784
4.596272949732473	1.3122274762008865	0.027058539114107143
4.625	1.3122274762008865	0.026997269988785495
4.653727050267527	1.3122274762008865	0.026973648730183566
4.682285518781274	1.3122274762008865	0.026980652260744503
4.710507813092227	1.3122274762008865	0.027011659415098845
4.738228313555268	1.3122274762008865	0.027055663646889036
4.765284345251108	1.3122274762008865	0.027094959837071816
4.791517132627397	1.3122274762008865	0.02710622935452537
4.8167727312568	1.3122274762008865	0.027064790153092634
4.840902931244115	1.3122274762008865	0.026950713770610587
4.863766126980863	1.3122274762008865	0.02675485750866553
4.885228148143311	1.3122274762008865	0.026482810758007465
4.90516304705728	1.3122274762008865	0.02615532209682952
4.923453837809178	1.3122274762008865	0.02580478915220831
4.9399931827658605	1.3122274762008865	0.02546855576466194
4.954684022474541	1.3122274762008865	0.02518072716242978
4.967440145246251	1.3122274762008865	0.024964697044949847
4.978186693080319	1.3122274762008865	0.024828434178060053
4.9868606009608785	1.3122274762008865	0.02476383627056083
4.993410966947456	1.3122274762008865	0.0247503336584647
4.997799350887806	1.3122274762008865	0.02476173511134757
5.0	1.3122274762008865	0.02477439354432177
4.25	1.3332137061019174	0.04215291001924479
4.252200649112194	1.3332137061019174	0.042112552984559765
4.256589033052544	1.3332137061019174	0.04200415026971159
4.2631393990391215	1.3332137061019174	0.04177965425654498
4.271813306919681	1.3332137061019174	0.04138351991632702
4.282559854753749	1.3332137061019174	0.04076795642085983
4.295315977525459	1.3332137061019174	0.03990687211404825
4.3100068172341395	1.3332137061019174	0.03880518106179221
4.326546162190822	1.3332137061019174	0.037501317530779656
4.34483695294272	1.3332137061019174	0.03606248314466514
4.364771851856689	1.3332137061019174	0.03457389545149006
4.386233873019137	1.3332137061019174	0.03312467541936907
4.409097068755885	1.3332137061019174	0.03179367327875718
4.4332272687432	1.3332137061019174	0.03063834861539329
4.458482867372603	1.3332137061019174	0.029688877176204092
4.484715654748892	1.3332137061019174	0.028948233431264455
4.511771686444731	1.3332137061019174	0.028397488175534367
4.539492186907772	1.3332137061019174	0.02800436265424323
4.567714481218726	1.3332137061019174	0.027732490775842177
4.596272949732473	1.3332137061019174	0.027548976515971522
4.625	1.3332137061019174	0.027428608961769494
4.653727050267527	1.3332137061019174	0.02735425541688319
4.682285518781274	1.3332137061019174	0.027314142962324994
4.710507813092227	1.3332137061019174	0.027297618404346385
4.738228313555268	1.3332137061019174	0.027291307602745063
4.765284345251108	1.3332137061019174	0.02727730814479391
4.791517132627397	1.3332137061019174	0.027234257538172494
4.8167727312568	1.3332137061019174	0.02714108082848069
4.840902931244115	1.3332137061019174	0.02698226141161833
4.863766126980863	1.3332137061019174	0.026752891605804824
4.885228148143311	1.3332137061019174	0.02646172440887438
4.90516304705728	1.3332137061019174	0.026130977162355518
4.923453837809178	1.3332137061019174	0.0257925750525082
4.9399931827658605	1.3332137061019174	0.02548158903436009
4.954684022474541	1.3332137061019174	0.025228500519456944
4.967440145246251	1.3332137061019174	0.025052349062922166
4.978186693080319	1.3332137061019174	0.02495665528690966
4.9868606009608785	1.3332137061019174	0.02492929579255388
4.993410966947456	1.3332137061019174	0.024946436909673356
4.997799350887806	1.3332137061019174	0.02497951137318617
5.0	1.3332137061019174	0.025003366084574673
4.25	1.3534181850054403	0.043109577382420904
4.252200649112194	1.3534181850054403	0.043090685013274246
4.256589033052544	1.3534181850054403	0.043023022021270084
4.2631393990391215	1.3534181850054403	0.04285428177719414
4.271813306919681	1.3534181850054403	0.042522855602785334
4.282559854753749	1.3534181850054403	0.04197352803499136
4.295315977525459	1.3534181850054403	0.04117206497833239
4.3100068172341395	1.3534181850054403	0.04011534554650215
4.326546162190822	1.3534181850054403	0.03883481281113535
4.34483695294272	1.3534181850054403	0.03739264360171107
4.364771851856689	1.3534181850054403	0.0358717467365863
4.386233873019137	1.3534181850054403	0.034362067151463636
4.409097068755885	1.3534181850054403	0.032946375700781114
4.4332272687432	1.3534181850054403	0.031688618210125113
4.458482867372603	1.3534181850054403	0.030627052867524842
4.484715654748892	1.3534181850054403	0.02977307926505322
4.511771686444731	1.3534181850054403	0.029115224179499764
4.539492186907772	1.3534181850054403	0.028626576834372426
4.567714481218726	1.3534181850054403	0.02827334636778607
4.596272949732473	1.3534181850054403	0.028022268248790894
4.625	1.3534181850054403	0.02784524604906499
4.653727050267527	1.3534181850054403	0.027720649522174606
4.682285518781274	1.3534181850054403	0.02763177779225897
4.710507813092227	1.3534181850054403	0.027563819478980983
4.738228313555268	1.3534181850054403	0.02750097508949974
4.765284345251108	1.3534181850054403	0.02742518028791951
4.791517132627397	1.3534181850054403	0.027317179802964425
4.8167727312568	1.3534181850054403	0.027159783611515692
4.840902931244115	1.3534181850054403	0.026942285180230063
4.863766126980863	1.3534181850054403	0.026664505484351418
4.885228148143311	1.3534181850054403	0.026338910232535963
4.90516304705728	1.3534181850054403	0.025989742089245076
4.923453837809178	1.3534181850054403	0.025648970241088954
4.9399931827658605	1.3534181850054403	0.025349829863462552
4.954684022474541	1.3534181850054403	0.025119511178528776
4.967440145246251	1.3534181850054403	0.024972919260180224
4.978186693080319	1.3534181850054403	0.024909240809323108
4.9868606009608785	1.3534181850054403	0.024912360345422328
4.993410966947456	1.3534181850054403	0.024955152060518557
4.997799350887806	1.3534181850054403	0.02500661772890141
5.0	1.3534181850054403	0.02504004411339197
4.25	1.3727223449952923	0.0441428646980244
4.252200649112194	1.3727223449952923	0.04413279992505521
4.256589033052544	1.3727223449952923	0.044081784972907496
4.2631393990391215	1.3727223449952923	0.04393547879550819
4.271813306919681	1.3727223449952923	0.04362921567277698
4.282559854753749	1.3727223449952923	0.0431038015897362
4.295315977525459	1.3727223449952923	0.04232036840184905
4.3100068172341395	1.3727223449952923	0.04127096930942201
4.326546162190822	1.3727223449952923	0.03998266424337308
4.34483695294272	1.3727223449952923	0.03851440318178724
4.364771851856689	1.3727223449952923	0.0369476740896655
4.386233873019137	1.3727223449952923	0.035373233056883
4.409097068755885	1.3727223449952923	0.03387696257251668
4.4332272687432	1.3727223449952923	0.032527864837123874
4.458482867372603	1.3727223449952923	0.03137044644287961
4.484715654748892	1.3727223449952923	0.030422522494404018
4.511771686444731	1.3727223449952923	0.02967810524660213
4.539492186907772	1.3727223449952923	0.02911390139705595
4.567714481218726	1.3727223449952923	0.028697298748573213
4.596272949732473	1.3727223449952923	0.02839370176089316
4.625	1.3727223449952923	0.02817162487435995
4.653727050267527	1.3727223449952923	0.028004868071743252
4.682285518781274	1.3727223449952923	0.027872088749097888
4.710507813092227	1.3727223449952923	0.027754854120145743
4.738228313555268	1.3727223449952923	0.027635597789346305
4.765284345251108	1.3727223449952923	0.02749674064361649
4.791517132627397	1.3727223449952923	0.027321651943743662
4.8167727312568	1.3727223449952923	0.027097327961575126
4.840902931244115	1.3727223449952923	0.026817918468267636
4.863766126980863	1.3727223449952923	0.0264877799174436
4.885228148143311	1.3727223449952923	0.02612272772348254
4.90516304705728	1.3727223449952923	0.02574860941596633
4.923453837809178	1.3727223449952923	0.025397095243909238
4.9399931827658605	1.3727223449952923	0.025099450521103052
4.954684022474541	1.3727223449952923	0.024879749249630923
4.967440145246251	1.3727223449952923	0.024749291911134834
4.978186693080319	1.3727223449952923	0.024703793946906166
4.9868606009608785	1.3727223449952923	0.02472425240495771
4.993410966947456	1.3727223449952923	0.024781449694082
4.997799350887806	1.3727223449952923	0.02484307633972382
5.0	1.3727223449952923	0.024881723813992628
4.25	1.3910129015846904	0.04515941811267927
4.252200649112194	1.3910129015846904	0.04514419198931759
4.256589033052544	1.3910129015846904	0.04508308779067631
4.2631393990391215	1.3910129015846904	0.044922086430394484
4.271813306919681	1.3910129015846904	0.044596701227554665
4.282559854753749	1.3910129015846904	0.04404755376122973
4.295315977525459	1.3910129015846904	0.04323512160727494
4.3100068172341395	1.3910129015846904	0.04215041416195697
4.326546162190822	1.3910129015846904	0.0408193392284868
4.34483695294272	1.3910129015846904	0.039300013204353605
4.364771851856689	1.3910129015846904	0.0376738680646574
4.386233873019137	1.3910129015846904	0.036032731135135256
4.409097068755885	1.3910129015846904	0.034464795236718235
4.4332272687432	1.3910129015846904	0.033042411490127224
4.458482867372603	1.3910129015846904	0.03181396783168948
4.484715654748892	1.3910129015846904	0.030800975173244465
4.511771686444731	1.3910129015846904	0.030000188398418833
4.539492186907772	1.3910129015846904	0.029389477224410876
4.567714481218726	1.3910129015846904	0.02893549736738653
4.596272949732473	1.3910129015846904	0.0286011231567183
4.625	1.3910129015846904	0.028351053223638453
4.653727050267527	1.3910129015846904	0.028154812012919143
4.682285518781274	1.3910129015846904	0.027987277028174735
4.710507813092227	1.3910129015846904	0.027827593924123258
4.738228313555268	1.3910129015846904	0.02765769861684873
4.765284345251108	1.3910129015846904	0.027461571842441752
4.791517132627397	1.3910129015846904	0.027225871772070632
4.8167727312568	1.3910129015846904	0.02694190412894918
4.840902931244115	1.3910129015846904	0.02660823346883491
4.863766126980863	1.3910129015846904	0.026232834445501323
4.885228148143311	1.3910129015846904	0.02583366574991524
4.90516304705728	1.3910129015846904	0.025436936087928127
4.923453837809178	1.3910129015846904	0.025073007954948538
4.9399931827658605	1.3910129015846904	0.024770645182842672
4.954684022474541	1.3910129015846904	0.02455091747667872
4.967440145246251	1.3910129015846904	0.024422332838965853
4.978186693080319	1.3910129015846904	0.02437857999113129
4.9868606009608785	1.3910129015846904	0.02439966087431247
4.993410966947456	1.3910129015846904	0.02445633391629227
4.997799350887806	1.3910129015846904	0.02451690714985307
5.0	1.3910129015846904	0.0245547641321601
4.25	1.4081825185146486	0.04606514873485045
4.252200649112194	1.4081825185146486	0.04603219006190497
4.256589033052544	1.4081825185146486	0.04593690182783444
4.2631393990391215	1.4081825185146486	0.04572760499797088
4.271813306919681	1.4081825185146486	0.0453428269433841
4.282559854753749	1.4081825185146486	0.04472643012608254
4.295315977525459	1.4081825185146486	0.0438419628593934
4.3100068172341395	1.4081825185146486	0.04268307910734915
4.326546162190822	1.4081825185146486	0.04127783257900744
4.34483695294272	1.4081825185146486	0.039686080578900086
4.364771851856689	1.4081825185146486	0.03799078019612065
4.386233873019137	1.4081825185146486	0.03628525236402873
4.409097068755885	1.4081825185146486	0.03465923420834514
4.4332272687432	1.4081825185146486	0.03318659100847576
4.458482867372603	1.4081825185146486	0.03191694854655838
4.484715654748892	1.4081825185146486	0.030872428950768065
4.511771686444731	1.4081825185146486	0.03004942669882677
4.539492186907772	1.4081825185146486	0.029424266242329557
4.567714481218726	1.4081825185146486	0.02896089625825803
4.596272949732473	1.4081825185146486	0.028618629375504478
4.625	1.4081825185146486	0.02835830930977174
4.653727050267527	1.4081825185146486	0.028146021892897933
4.682285518781274	1.4081825185146486	0.027954320226399116
4.710507813092227	1.4081825185146486	0.027761653027459053
4.738228313555268	1.4081825185146486	0.027551075384559736
4.765284345251108	1.4081825185146486	0.027309300585046322
4.791517132627397	1.4081825185146486	0.027026767283993593
4.8167727312568	1.4081825185146486	0.02669880300190566
4.840902931244115	1.4081825185146486	0.02632737438763093
4.863766126980863	1.4081825185146486	0.02592252893805298
4.885228148143311	1.4081825185146486	0.025502583091301368
4.90516304705728	1.4081825185146486	0.02509241933177756
4.923453837809178	1.4081825185146486	0.024719826855638456
4.9399931827658605	1.4081825185146486	0.024410477605293992
4.954684022474541	1.4081825185146486	0.024182662447735512
4.967440145246251	1.4081825185146486	0.02404314428317787
4.978186693080319	1.4081825185146486	0.023985326243712763
4.9868606009608785	1.4081825185146486	0.02399040951336545
4.993410966947456	1.4081825185146486	0.024031462017624943
4.997799350887806	1.4081825185146486	0.024079543390259077
5.0	1.4081825185146486	0.02411045278084373
4.25	1.4241304376458235	0.04678028885683896
4.252200649112194	1.4241304376458235	0.04672094531339138
4.256589033052544	1.4241304376458235	0.046574806225332464
4.2631393990391215	1.4241304376458235	0.046293803311415097
4.271813306919681	1.4241304376458235	0.04582135542757281
4.282559854753749	1.4241304376458235	0.04510697666582254
4.295315977525459	1.4241304376458235	0.04412008446978139
4.3100068172341395	1.4241304376458235	0.04285993350869756
4.326546162190822	1.4241304376458235	0.04135953324177642
4.34483695294272	1.4241304376458235	0.03968280250354518
4.364771851856689	1.4241304376458235	0.03791572902376913
4.386233873019137	1.4241304376458235	0.03615357423068807
4.409097068755885	1.4241304376458235	0.03448690558848016
4.4332272687432	1.4241304376458235	0.03298930369844784
4.458482867372603	1.4241304376458235	0.03170900563906548
4.484715654748892	1.4241304376458235	0.030665693669028896
4.511771686444731	1.4241304376458235	0.02985240701046164
4.539492186907772	1.4241304376458235	0.029241456155384687
4.567714481218726	1.4241304376458235	0.0287925094789435
4.596272949732473	1.4241304376458235	0.02846083730447973
4.625	1.4241304376458235	0.028204028655858717
4.653727050267527	1.4241304376458235	0.02798619671495292
4.682285518781274	1.4241304376458235	0.027779530869679447
4.710507813092227	1.4241304376458235	0.02756378965727339
4.738228313555268	1.4241304376458235	0.027324765742427204
4.765284345251108	1.4241304376458235	0.027052800362086675
4.791517132627397	1.4241304376458235	0.02674211153452993
4.8167727312568	1.4241304376458235	0.026391164050417682
4.840902931244115	1.4241304376458235	0.026003744869728736
4.863766126980863	1.4241304376458235	0.025590007372418348
4.885228148143311	1.4241304376458235	0.02516664339063147
4.90516304705728	1.4241304376458235	0.02475556552541698
4.923453837809178	1.4241304376458235	0.02438095992561648
4.9399931827658605	1.4241304376458235	0.024065145730388787
4.954684022474541	1.4241304376458235	0.023824163110845967
4.967440145246251	1.4241304376458235	0.0236642439766919
4.978186693080319	1.4241304376458235	0.02358021016298476
4.9868606009608785	1.4241304376458235	0.023556408456683078
4.993410966947456	1.4241304376458235	0.023570144948231182
4.997799350887806	1.4241304376458235	0.02359690428877181
5.0	1.4241304376458235	0.023616127599116778
4.25	1.4387630702473422	0.047251361788548454
4.252200649112194	1.4387630702473422	0.04716253238378359
4.256589033052544	1.4387630702473422	0.04695944008257234
4.2631393990391215	1.4387630702473422	0.04659790345027332
4.271813306919681	1.4387630702473422	0.04602680527292119
4.282559854753749	1.4387630702473422	0.045202286327817975
4.295315977525459	1.4387630702473422	0.04410104268190505
4.3100068172341395	1.4387630702473422	0.042729686907606625
4.326546162190822	1.4387630702473422	0.04112807303303824
4.34483695294272	1.4387630702473422	0.03936588627375261
4.364771851856689	1.4387630702473422	0.037533316628474436
4.386233873019137	1.4387630702473422	0.035727907571848086
4.409097068755885	1.4387630702473422	0.03404040741575334
4.4332272687432	1.4387630702473422	0.032542503735729054
4.458482867372603	1.4387630702473422	0.03127871623951483
4.484715654748892	1.4387630702473422	0.030263645552091212
4.511771686444731	1.4387630702473422	0.029484514680212664
4.539492186907772	1.4387630702473422	0.028907812812200562
4.567714481218726	1.4387630702473422	0.02848811849153112
4.596272949732473	1.4387630702473422	0.028176983079406765
4.625	1.4387630702473422	0.027930089986311843
4.653727050267527	1.4387630702473422	0.02771162841620523
4.682285518781274	1.4387630702473422	0.027495701330328214
4.710507813092227	1.4387630702473422	0.02726537429550828
4.738228313555268	1.4387630702473422	0.027010462272124596
4.765284345251108	1.4387630702473422	0.026725243981458365
4.791517132627397	1.4387630702473422	0.0264070093098429
4.8167727312568	1.4387630702473422	0.026055812954043633
4.840902931244115	1.4387630702473422	0.025675219123480003
4.863766126980863	1.4387630702473422	0.025273372489016312
4.885228148143311	1.4387630702473422	0.02486355936320322
4.90516304705728	1.4387630702473422	0.024463575308957715
4.923453837809178	1.4387630702473422	0.024093631476636866
4.9399931827658605	1.4387630702473422	0.023773069541558074
4.954684022474541	1.4387630702473422	0.023516634691976502
4.967440145246251	1.4387630702473422	0.023331317143677106
4.978186693080319	1.4387630702473422	0.02321472274345451
4.9868606009608785	1.4387630702473422	0.023155576231948333
4.993410966947456	1.4387630702473422	0.023136395633535
4.997799350887806	1.4387630702473422	0.023137767389368152
5.0	1.4387630702473422	0.02314317979574657
4.25	1.4519945462126884	0.0474582219435352
4.252200649112194	1.4519945462126884	0.04734272280400044
4.256589033052544	1.4519945462126884	0.04708786492253411
4.2631393990391215	1.4519945462126884	0.04665261398248238
4.271813306919681	1.4519945462126884	0.04599053304506843
4.282559854753749	1.4519945462126884	0.04506383360704931
4.295315977525459	1.4519945462126884	0.04385636416826889
4.3100068172341395	1.4519945462126884	0.04238246032398138
4.326546162190822	1.4519945462126884	0.040689568499961415
4.34483695294272	1.4519945462126884	0.03885401454549194
4.364771851856689	1.4519945462126884	0.03697085726434528
4.386233873019137	1.4519945462126884	0.03514006732538981
4.409097068755885	1.4519945462126884	0.033452003330909336
4.4332272687432	1.4519945462126884	0.03197516894560298
4.458482867372603	1.4519945462126884	0.030748560244331775
4.484715654748892	1.4519945462126884	0.02977975028015981
4.511771686444731	1.4519945462126884	0.02904851730244377
4.539492186907772	1.4519945462126884	0.028514639223653687
4.567714481218726	1.4519945462126884	0.028127724657988757
4.596272949732473	1.4519945462126884	0.027836777767752507
4.625	1.4519945462126884	0.027597590322857787
4.653727050267527	1.4519945462126884	0.027376864862583568
4.682285518781274	1.4519945462126884	0.02715294792747971
4.710507813092227	1.4519945462126884	0.02691392021277089
4.738228313555268	1.4519945462126884	0.026654331808363543
4.765284345251108	1.4519945462126884	0.026371974395282948
4.791517132627397	1.4519945462126884	0.026065768575384975
4.8167727312568	1.4519945462126884	0.025735250049506914
4.840902931244115	1.4519945462126884	0.025381469523525296
4.863766126980863	1.4519945462126884	0.025008590292156838
4.885228148143311	1.4519945462126884	0.024625230359811807
4.90516304705728	1.4519945462126884	0.024244709413732298
4.923453837809178	1.4519945462126884	0.023883770482361275
4.9399931827658605	1.4519945462126884	0.02355990726650662
4.954684022474541	1.4519945462126884	0.023287953682875548
4.967440145246251	1.4519945462126884	0.02307691042679956
4.978186693080319	1.4519945462126884	0.022927990326288034
4.9868606009608785	1.4519945462126884	0.02283455415658687
4.993410966947456	1.4519945462126884	0.02278407434441615
4.997799350887806	1.4519945462126884	0.022761667961809718
5.0	1.4519945462126884	0.022754264516840983
4.25	1.4637472179796323	0.04741541898580239
4.252200649112194	1.4637472179796323	0.04728099228477047
4.256589033052544	1.4637472179796323	0.046988985278210424
4.2631393990391215	1.4637472179796323	0.04649996983522144
4.271813306919681	1.4637472179796323	0.04577031055491559
4.282559854753749	1.4637472179796323	0.044766455637273446
4.295315977525459	1.4637472179796323	0.04347794188598743
4.3100068172341395	1.4637472179796323	0.04192591572021453
4.326546162190822	1.4637472179796323	0.04016505267687189
4.34483695294272	1.4637472179796323	0.03827833079825978
4.364771851856689	1.4637472179796323	0.03636578462946889
4.386233873019137	1.4637472179796323	0.03452972714129256
4.409097068755885	1.4637472179796323	0.03285965593231082
4.4332272687432	1.4637472179796323	0.031420003664401945
4.458482867372603	1.4637472179796323	0.03024309759581771
4.484715654748892	1.4637472179796323	0.029328387804522953
4.511771686444731	1.4637472179796323	0.02864753341826444
4.539492186907772	1.4637472179796323	0.028153669793007572
4.567714481218726	1.4637472179796323	0.027792414227568195
4.596272949732473	1.4637472179796323	0.027512055931926845
4.625	1.4637472179796323	0.02727089358783279
4.653727050267527	1.4637472179796323	0.027040646641553506
4.682285518781274	1.4637472179796323	0.026805987653900305
4.710507813092227	1.4637472179796323	0.02656121559981627
4.738228313555268	1.4637472179796323	0.026305670218655843
4.765284345251108	1.4637472179796323	0.026039556822778972
4.791517132627397	1.4637472179796323	0.02576144044866076
4.8167727312568	1.4637472179796323	0.02546794042417237
4.840902931244115	1.4637472179796323	0.02515535155111927
4.863766126980863	1.4637472179796323	0.02482228122353102
4.885228148143311	1.4637472179796323	0.024472102237952223
4.90516304705728	1.4637472179796323	0.024114143979446622
4.923453837809178	1.4637472179796323	0.023763017836996508
4.9399931827658605	1.4637472179796323	0.02343613075981049
4.954684022474541	1.4637472179796323	0.023150068913494554
4.967440145246251	1.4637472179796323	0.022916933251561064
4.978186693080319	1.4637472179796323	0.02274175822298661
4.9868606009608785	1.4637472179796323	0.02262183239418421
4.993410966947456	1.4637472179796323	0.022548165911459993
4.997799350887806	1.4637472179796323	0.022508694179693128
5.0	1.4637472179796323	0.022492273076156317
4.25	1.473952116197001	0.0471682278288519
4.252200649112194	1.473952116197001	0.047025439852372
4.256589033052544	1.473952116197001	0.04671634633484915
4.2631393990391215	1.473952116197001	0.04620118517938643
4.271813306919681	1.473952116197001	0.04543666062813683
4.282559854753749	1.473952116197001	0.0443908833857147
4.295315977525459	1.473952116197001	0.04305676289824766
4.3100068172341395	1.473952116197001	0.041460447897129174
4.326546162190822	1.473952116197001	0.03966262328421979
4.34483695294272	1.473952116197001	0.037752208367614316
4.364771851856689	1.473952116197001	0.03583382197933629
4.386233873019137	1.473952116197001	0.03401183033320192
4.409097068755885	1.473952116197001	0.032374523860370305
4.4332272687432	1.473952116197001	0.03098182113633023
4.458482867372603	1.473952116197001	0.02985893957844608
4.484715654748892	1.473952116197001	0.028996974464874748
4.511771686444731	1.473952116197001	0.02835968664782515
4.539492186907772	1.473952116197001	0.027894430789438804
4.567714481218726	1.473952116197001	0.02754438632348045
4.596272949732473	1.473952116197001	0.027259238458502207
4.625	1.473952116197001	0.027002148745168486
4.653727050267527	1.473952116197001	0.02675202523224342
4.682285518781274	1.473952116197001	0.026501410768779026
4.710507813092227	1.473952116197001	0.026251399430232344
4.738228313555268	1.473952116197001	0.026005591635571673
4.765284345251108	1.473952116197001	0.025765085797448236
4.791517132627397	1.473952116197001	0.025525932270199482
4.8167727312568	1.473952116197001	0.025279549737414315
4.840902931244115	1.473952116197001	0.025015617002663533
4.863766126980863	1.473952116197001	0.024726195760184165
4.885228148143311	1.473952116197001	0.024409520200123574
4.90516304705728	1.473952116197001	0.02407207605677487
4.923453837809178	1.473952116197001	0.023728201160305284
4.9399931827658605	1.473952116197001	0.023397266302534685
4.954684022474541	1.473952116197001	0.02309927737772781
4.967440145246251	1.473952116197001	0.022850238350702236
4.978186693080319	1.473952116197001	0.022658683899532635
4.9868606009608785	1.473952116197001	0.022524418937673343
4.993410966947456	1.473952116197001	0.022439812282781947
4.997799350887806	1.473952116197001	0.022393200734860633
5.0	1.473952116197001	0.022373312432955095
4.25	1.4825493544642556	0.0467845346771792
4.252200649112194	1.4825493544642556	0.046644087356135115
4.256589033052544	1.4825493544642556	0.046338308355419314
4.2631393990391215	1.4825493544642556	0.04582525571182783
4.271813306919681	1.4825493544642556	0.04505956679467866
4.282559854753749	1.4825493544642556	0.04400838882057982
4.295315977525459	1.4825493544642556	0.042665484740501754
4.3100068172341395	1.4825493544642556	0.041059841471722584
4.326546162190822	1.4825493544642556	0.039256477108569394
4.34483695294272	1.4825493544642556	0.03734907919962349
4.364771851856689	1.4825493544642556	0.03544610830013644
4.386233873019137	1.4825493544642556	0.03365356191187932
4.409097068755885	1.4825493544642556	0.03205832904937591
4.4332272687432	1.4825493544642556	0.030715811271005672
4.458482867372603	1.4825493544642556	0.029644336713951135
4.484715654748892	1.4825493544642556	0.028827171228456776
4.511771686444731	1.4825493544642556	0.028221093600233626
4.539492186907772	1.4825493544642556	0.027769021102033126
4.567714481218726	1.4825493544642556	0.027413406769913645
4.596272949732473	1.4825493544642556	0.027107238259062992
4.625	1.4825493544642556	0.026820371301100484
4.653727050267527	1.4825493544642556	0.026540344528902332
4.682285518781274	1.4825493544642556	0.026268341759447766
4.710507813092227	1.4825493544642556	0.026012181113755608
4.738228313555268	1.4825493544642556	0.02577881114260515
4.765284345251108	1.4825493544642556	0.025568659898268002
4.791517132627397	1.4825493544642556	0.02537340028846164
4.8167727312568	1.4825493544642556	0.025177526302638774
4.840902931244115	1.4825493544642556	0.024962936518812432
4.863766126980863	1.4825493544642556	0.024714840371870783
4.885228148143311	1.4825493544642556	0.024426977859989762
4.90516304705728	1.4825493544642556	0.02410444197100736
4.923453837809178	1.4825493544642556	0.02376319815752284
4.9399931827658605	1.4825493544642556	0.023426445998981884
4.954684022474541	1.4825493544642556	0.023118941069147164
4.967440145246251	1.4825493544642556	0.022860999897363624
4.978186693080319	1.4825493544642556	0.022663975586915217
4.9868606009608785	1.4825493544642556	0.022528509650997907
4.993410966947456	1.4825493544642556	0.022445994342940843
4.997799350887806	1.4825493544642556	0.022402690462642635
5.0	1.4825493544642556	0.02238514069489987
4.25	1.4894884807687025	0.046344243292483316
4.252200649112194	1.4894884807687025	0.04621437131271756
4.256589033052544	1.4894884807687025	0.04592769257216537
4.2631393990391215	1.4894884807687025	0.04543879853378939
4.271813306919681	1.4894884807687025	0.044698516791161165
4.282559854753749	1.4894884807687025	0.04367102024721509
4.295315977525459	1.4894884807687025	0.042348846561356346
4.3100068172341395	1.4894884807687025	0.0407618579832961
4.326546162190822	1.4894884807687025	0.03897770669333723
4.34483695294272	1.4894884807687025	0.03709351543026305
4.364771851856689	1.4894884807687025	0.03522067733093909
4.386233873019137	1.4894884807687025	0.033466357579132765
4.409097068755885	1.4894884807687025	0.03191602158107549
4.4332272687432	1.4894884807687025	0.030620951053868067
4.458482867372603	1.4894884807687025	0.029593363463166482
4.484715654748892	1.4894884807687025	0.028809797463788776
4.511771686444731	1.4894884807687025	0.028221390736315848
4.539492186907772	1.4894884807687025	0.027768085360421513
4.567714481218726	1.4894884807687025	0.027393042826834912
4.596272949732473	1.4894884807687025	0.02705379334802367
4.625	1.4894884807687025	0.026727769468853243
4.653727050267527	1.4894884807687025	0.02641153863411328
4.682285518781274	1.4894884807687025	0.026114780092012423
4.710507813092227	1.4894884807687025	0.02585137837717332
4.738228313555268	1.4894884807687025	0.025630590047552023
4.765284345251108	1.4894884807687025	0.025450963005330014
4.791517132627397	1.4894884807687025	0.02529867308305517
4.8167727312568	1.4894884807687025	0.02515051509362942
4.840902931244115	1.4894884807687025	0.0249803715435805
4.863766126980863	1.4894884807687025	0.024766986255454187
4.885228148143311	1.4894884807687025	0.024500561348092136
4.90516304705728	1.4894884807687025	0.0241861360334911
4.923453837809178	1.4894884807687025	0.023842737703188118
4.9399931827658605	1.4894884807687025	0.0234985962212898
4.954684022474541	1.4894884807687025	0.023183889055174035
4.967440145246251	1.4894884807687025	0.022923192699367673
4.978186693080319	1.4894884807687025	0.022729856066546872
4.9868606009608785	1.4894884807687025	0.022603886804477683
4.993410966947456	1.4894884807687025	0.02253385124373137
4.997799350887806	1.4894884807687025	0.022502067000122764
5.0	1.4894884807687025	0.0224913824417815
4.25	1.4947287735579649	0.045927946494818815
4.252200649112194	1.4947287735579649	0.045812549568217405
4.256589033052544	1.4947287735579649	0.04555257927918066
4.2631393990391215	1.4947287735579649	0.045098755152459334
4.271813306919681	1.4947287735579649	0.044397443430012534
4.282559854753749	1.4947287735579649	0.04340892654514077
4.295315977525459	1.4947287735579649	0.04212335576717723
4.3100068172341395	1.4947287735579649	0.040570137280596066
4.326546162190822	1.4947287735579649	0.03881818797614422
4.34483695294272	1.4947287735579649	0.03696683358984275
4.364771851856689	1.4947287735579649	0.03512949228326728
4.386233873019137	1.4947287735579649	0.03341407404129841
4.409097068755885	1.4947287735579649	0.031904775920899776
4.4332272687432	1.4947287735579649	0.030649491812576077
4.458482867372603	1.4947287735579649	0.029655531879192117
4.484715654748892	1.4947287735579649	0.02889418660942333
4.511771686444731	1.4947287735579649	0.028312456101640286
4.539492186907772	1.4947287735579649	0.027848577405520204
4.567714481218726	1.4947287735579649	0.027447244696755163
4.596272949732473	1.4947287735579649	0.02707078507120744
4.625	1.4947287735579649	0.02670388166151832
4.653727050267527	1.4947287735579649	0.026351327115058477
4.682285518781274	1.4947287735579649	0.0260302084028958
4.710507813092227	1.4947287735579649	0.025759345826143126
4.738228313555268	1.4947287735579649	0.02554936840684551
4.765284345251108	1.4947287735579649	0.025396390133931697
4.791517132627397	1.4947287735579649	0.025281017995930848
4.8167727312568	1.4947287735579649	0.025172756579523684
4.840902931244115	1.4947287735579649	0.02503826622701107
4.863766126980863	1.4947287735579649	0.02485083965113111
4.885228148143311	1.4947287735579649	0.024598180848819214
4.90516304705728	1.4947287735579649	0.024286154154758276
4.923453837809178	1.4947287735579649	0.023937424046461143
4.9399931827658605	1.4947287735579649	0.023585443797405455
4.954684022474541	1.4947287735579649	0.02326561631465342
4.967440145246251	1.4947287735579649	0.02300624711835086
4.978186693080319	1.4947287735579649	0.022821915212193997
4.9868606009608785	1.4947287735579649	0.022711115898023812
4.993410966947456	1.4947287735579649	0.022658721581112505
4.997799350887806	1.4947287735579649	0.02264235760838216
5.0	1.4947287735579649	0.022640632011250925
4.25	1.4982394807102444	0.04560637823646374
4.252200649112194	1.4982394807102444	0.045504349388962036
4.256589033052544	1.4982394807102444	0.045269226188094536
4.2631393990391215	1.4982394807102444	0.0448484319475228
4.271813306919681	1.4982394807102444	0.04418445310902424
4.282559854753749	1.4982394807102444	0.04323403446613013
4.295315977525459	1.4982394807102444	0.04198489161988373
4.3100068172341395	1.4982394807102444	0.040465473228354885
4.326546162190822	1.4982394807102444	0.03874510682753703
4.34483695294272	1.4982394807102444	0.03692434489120974
4.364771851856689	1.4982394807102444	0.03511783319612793
4.386233873019137	1.4982394807102444	0.03343389418035395
4.409097068755885	1.4982394807102444	0.03195577392278143
4.4332272687432	1.4982394807102444	0.03072896589200676
4.458482867372603	1.4982394807102444	0.029757366664222667
4.484715654748892	1.4982394807102444	0.02900870176620688
4.511771686444731	1.4982394807102444	0.028427311536680284
4.539492186907772	1.4982394807102444	0.027950627650580737
4.567714481218726	1.4982394807102444	0.02752494643226257
4.596272949732473	1.4982394807102444	0.027116570295775452
4.625	1.4982394807102444	0.026715873216699697
4.653727050267527	1.4982394807102444	0.026333909190606606
4.682285518781274	1.4982394807102444	0.025993240483955047
4.710507813092227	1.4982394807102444	0.02571615256974249
4.738228313555268	1.4982394807102444	0.025513957762759817
4.765284345251108	1.4982394807102444	0.02538055997201261
4.791517132627397	1.4982394807102444	0.025292049008157885
4.8167727312568	1.4982394807102444	0.025212243481928666
4.840902931244115	1.4982394807102444	0.025102347355734436
4.863766126980863	1.4982394807102444	0.024931724195526136
4.885228148143311	1.4982394807102444	0.024686539786677397
4.90516304705728	1.4982394807102444	0.024373724988272994
4.923453837809178	1.4982394807102444	0.024019138561366185
4.9399931827658605	1.4982394807102444	0.023660532509976195
4.954684022474541	1.4982394807102444	0.02333743270215677
4.967440145246251	1.4982394807102444	0.023080909295717638
4.978186693080319	1.4982394807102444	0.022906185012938673
4.9868606009608785	1.4982394807102444	0.022810137218210527
4.993410966947456	1.4982394807102444	0.02277426680452114
4.997799350887806	1.4982394807102444	0.02277207698132192
5.0	1.4982394807102444	0.02277851013754011
4.25	1.5	0.045431763444091874
4.252200649112194	1.5	0.04533766668792411
4.256589033052544	1.5	0.04511733168326651
4.2631393990391215	1.5	0.04471629516660897
4.271813306919681	1.5	0.04407480083145614
4.282559854753749	1.5	0.043147507605521405
4.295315977525459	1.5	0.04192062760088818
4.3100068172341395	1.5	0.040421907261533004
4.326546162190822	1.5	0.03872072876993418
4.34483695294272	1.5	0.03691817102095925
4.364771851856689	1.5	0.0351294479979449
4.386233873019137	1.5	0.03346305823242407
4.409097068755885	1.5	0.03200173852324434
4.4332272687432	1.5	0.030789739722287632
4.458482867372603	1.5	0.029829212008967033
4.484715654748892	1.5	0.02908608563492033
4.511771686444731	1.5	0.02850341297854368
4.539492186907772	1.5	0.02801834051319308
4.567714481218726	1.5	0.027578162743238332
4.596272949732473	1.5	0.02715142842188886
4.625	1.5	0.02673163824601471
4.653727050267527	1.5	0.026333228800423762
4.682285518781274	1.5	0.025981670183882744
4.710507813092227	1.5	0.025701030405889388
4.738228313555268	1.5	0.025502880129017327
4.765284345251108	1.5	0.025379819738071515
4.791517132627397	1.5	0.025305413471229672
4.8167727312568	1.5	0.02524036645047407
4.840902931244115	1.5	0.025142947893891206
4.863766126980863	1.5	0.024980466848449873
4.885228148143311	1.5	0.024738370366190403
4.90516304705728	1.5	0.024424300925900894
4.923453837809178	1.5	0.024065974533543713
4.9399931827658605	1.5	0.023703565367961112
4.954684022474541	1.5	0.023378871860875946
4.967440145246251	1.5	0.023124435295467278
4.978186693080319	1.5	0.022955736224802785
4.9868606009608785	1.5	0.022868634252679043
4.993410966947456	1.5	0.022842636423332945
4.997799350887806	1.5	0.022848849386045443
5.0	1.5	0.02286010022304673
