4.25	0.9	0.03025114122662634
4.252200649112194	0.9	0.03006679411808846
4.256589033052544	0.9	0.029698470996907127
4.2631393990391215	0.9	0.029148183718477327
4.271813306919681	0.9	0.028421771479661552
4.282559854753749	0.9	0.027531384214966866
4.295315977525459	0.9	0.02649752564048006
4.3100068172341395	0.9	0.02534998096403044
4.326546162190822	0.9	0.02412718195990151
4.34483695294272	0.9	0.022873902398946443
4.364771851856689	0.9	0.02163755063519617
4.386233873019137	0.9	0.020463647180373218
4.409097068755885	0.9	0.019391270256926395
4.4332272687432	0.9	0.01844927858207374
4.458482867372603	0.9	0.01765397437212547
4.484715654748892	0.9	0.01700858630762122
4.511771686444731	0.9	0.01650459722567391
4.539492186907772	0.9	0.016124593504914034
4.567714481218726	0.9	0.015846046400316397
4.596272949732473	0.9	0.015645302310264512
4.625	0.9	0.015501079153967763
4.653727050267527	0.9	0.01539692483813915
4.682285518781274	0.9	0.015322347104649605
4.710507813092227	0.9	0.015272610638508368
4.738228313555268	0.9	0.015247453973916568
4.765284345251108	0.9	0.015249154718810741
4.791517132627397	0.9	0.015280438920879741
4.8167727312568	0.9	0.015342687791164341
4.840902931244115	0.9	0.015434765411855985
4.863766126980863	0.9	0.015552613573389417
4.885228148143311	0.9	0.015689578893655274
4.90516304705728	0.9	0.01583729175152622
4.923453837809178	0.9	0.015986831624524547
4.9399931827658605	0.9	0.016129897168595992
4.954684022474541	0.9	0.01625974350666644
4.967440145246251	0.9	0.01637173380817641
4.978186693080319	0.9	0.01646345258153392
4.9868606009608785	0.9	0.01653442116460559
4.993410966947456	0.9	0.016585525267152762
4.997799350887806	0.9	0.01661830232890805
5.0	0.9	0.01663424312746124
4.25	0.9017605192897558	0.030296542088885086
4.252200649112194	0.9017605192897558	0.030114827902967073
4.256589033052544	0.9017605192897558	0.029750915345891058
4.2631393990391215	0.9017605192897558	0.029205319931833833
4.271813306919681	0.9017605192897558	0.02848211783506486
4.282559854753749	0.9017605192897558	0.027591869722787606
4.295315977525459	0.9017605192897558	0.026554060489267176
4.3100068172341395	0.9017605192897558	0.025398282595472686
4.326546162190822	0.9017605192897558	0.02416365552108858
4.34483695294272	0.9017605192897558	0.02289636590300313
4.364771851856689	0.9017605192897558	0.021645639488019848
4.386233873019137	0.9017605192897558	0.02045881706298027
4.409097068755885	0.9017605192897558	0.019376418862071334
4.4332272687432	0.9017605192897558	0.018428098711900574
4.458482867372603	0.9017605192897558	0.017630210025915274
4.484715654748892	0.9017605192897558	0.016985375647213707
4.511771686444731	0.9017605192897558	0.01648405058253783
4.539492186907772	0.9017605192897558	0.016107682541045106
4.567714481218726	0.9017605192897558	0.015832793051395906
4.596272949732473	0.9017605192897558	0.015635177424642138
4.625	0.9017605192897558	0.015493471628129779
4.653727050267527	0.9017605192897558	0.015391534438755882
4.682285518781274	0.9017605192897558	0.015319388069709321
4.710507813092227	0.9017605192897558	0.015272777088654427
4.738228313555268	0.9017605192897558	0.015251672744479442
4.765284345251108	0.9017605192897558	0.015258214797596549
4.791517132627397	0.9017605192897558	0.015294621490303835
4.8167727312568	0.9017605192897558	0.015361517942427808
4.840902931244115	0.9017605192897558	0.015456967999844012
4.863766126980863	0.9017605192897558	0.015576293654140429
4.885228148143311	0.9017605192897558	0.015712580379138294
4.90516304705728	0.9017605192897558	0.0158576358887909
4.923453837809178	0.9017605192897558	0.016003114491917814
4.9399931827658605	0.9017605192897558	0.01614153851657474
4.954684022474541	0.9017605192897558	0.016267023452932114
4.967440145246251	0.9017605192897558	0.016375615677680647
4.978186693080319	0.9017605192897558	0.01646525121387785
4.9868606009608785	0.9017605192897558	0.016535418454020515
4.993410966947456	0.9017605192897558	0.016586646408326706
4.997799350887806	0.9017605192897558	0.01661994423990956
5.0	0.9017605192897558	0.016636297775794406
4.25	0.9052712264420352	0.03037119981094234
4.252200649112194	0.9052712264420352	0.03019347632467406
4.256589033052544	0.9052712264420352	0.02983618480581838
4.2631393990391215	0.9052712264420352	0.029297465078330812
4.271813306919681	0.9052712264420352	0.028578604770916158
4.282559854753749	0.9052712264420352	0.027687670684744817
4.295315977525459	0.9052712264420352	0.026642583488652224
4.3100068172341395	0.9052712264420352	0.02547270634358427
4.326546162190822	0.9052712264420352	0.024218343343771945
4.34483695294272	0.9052712264420352	0.022928019889487207
4.364771851856689	0.9052712264420352	0.02165392921615397
4.386233873019137	0.9052712264420352	0.020446355001746963
4.409097068755885	0.9052712264420352	0.019348119708456256
4.4332272687432	0.9052712264420352	0.018390109023025694
4.458482867372603	0.9052712264420352	0.017588689569605655
4.484715654748892	0.9052712264420352	0.016945430334922684
4.511771686444731	0.9052712264420352	0.01644905709418386
4.539492186907772	0.9052712264420352	0.01607912604976988
4.567714481218726	0.9052712264420352	0.01581059607755977
4.596272949732473	0.9052712264420352	0.015618369366053883
4.625	0.9052712264420352	0.01548096890316692
4.653727050267527	0.9052712264420352	0.015382789742535216
4.682285518781274	0.9052712264420352	0.015314723806835573
4.710507813092227	0.9052712264420352	0.01527332365269209
4.738228313555268	0.9052712264420352	0.015258955091636155
4.765284345251108	0.9052712264420352	0.015273535212630444
4.791517132627397	0.9052712264420352	0.01531844349288379
4.8167727312568	0.9052712264420352	0.015393051265987244
4.840902931244115	0.9052712264420352	0.015494090960917577
4.863766126980863	0.9052712264420352	0.015615847138438927
4.885228148143311	0.9052712264420352	0.01575095770925561
4.90516304705728	0.9052712264420352	0.015891507098976063
4.923453837809178	0.9052712264420352	0.016030086359042094
4.9399931827658605	0.9052712264420352	0.016160572843675617
4.954684022474541	0.9052712264420352	0.01627850823202371
4.967440145246251	0.9052712264420352	0.016381084871374286
4.978186693080319	0.9052712264420352	0.01646684895637666
4.9868606009608785	0.9052712264420352	0.01653527326075567
4.993410966947456	0.9052712264420352	0.016586340585272193
4.997799350887806	0.9052712264420352	0.016620228178399934
5.0	0.9052712264420352	0.016637119549536925
4.25	0.9105115192312975	0.030447181548331363
4.252200649112194	0.9105115192312975	0.030272710404362614
4.256589033052544	0.9105115192312975	0.029920643059074995
4.2631393990391215	0.9105115192312975	0.029386894204197486
4.271813306919681	0.9105115192312975	0.028670166914590397
4.282559854753749	0.9105115192312975	0.02777626808794404
4.295315977525459	0.9105115192312975	0.02672179116476055
4.3100068172341395	0.9105115192312975	0.025536082858105977
4.326546162190822	0.9105115192312975	0.024260796553893207
4.34483695294272	0.9105115192312975	0.02294689516514082
4.364771851856689	0.9105115192312975	0.02164956317074639
4.386233873019137	0.9105115192312975	0.020421976799700654
4.409097068755885	0.9105115192312975	0.019309147044144808
4.4332272687432	0.9105115192312975	0.01834303335609951
4.458482867372603	0.9105115192312975	0.01753983734166554
4.484715654748892	0.9105115192312975	0.016899901527855546
4.511771686444731	0.9105115192312975	0.016410078666823393
4.539492186907772	0.9105115192312975	0.01604793546115386
4.567714481218726	0.9105115192312975	0.01578682419888546
4.596272949732473	0.9105115192312975	0.015600762643291867
4.625	0.9105115192312975	0.01546821181155551
4.653727050267527	0.9105115192312975	0.015374179512554875
4.682285518781274	0.9105115192312975	0.015310509448110588
4.710507813092227	0.9105115192312975	0.015274630805333467
4.738228313555268	0.9105115192312975	0.015267344552504777
4.765284345251108	0.9105115192312975	0.015290349940691138
4.791517132627397	0.9105115192312975	0.015344156974383572
4.8167727312568	0.9105115192312975	0.015426824527869242
4.840902931244115	0.9105115192312975	0.015533679943426314
4.863766126980863	0.9105115192312975	0.01565789718688909
4.885228148143311	0.9105115192312975	0.015791608873851205
4.90516304705728	0.9105115192312975	0.015927145479176827
4.923453837809178	0.9105115192312975	0.016058037741374646
4.9399931827658605	0.9105115192312975	0.016179555379856887
4.954684022474541	0.9105115192312975	0.01628873352635644
4.967440145246251	0.9105115192312975	0.016383999323633054
4.978186693080319	0.9105115192312975	0.016464609080225647
4.9868606009608785	0.9105115192312975	0.016530120290097084
4.993410966947456	0.9105115192312975	0.01658006070545685
4.997799350887806	0.9105115192312975	0.016613850054309622
5.0	0.9105115192312975	0.016630921808832765
4.25	0.9174506455357443	0.03049240757919441
4.252200649112194	0.9174506455357443	0.030318297637404516
4.256589033052544	0.9174506455357443	0.029966375500987782
4.2631393990391215	0.9174506455357443	0.029431577508567387
4.271813306919681	0.9174506455357443	0.028711531109618493
4.282559854753749	0.9174506455357443	0.027811218696993864
4.295315977525459	0.9174506455357443	0.02674695727484152
4.3100068172341395	0.9174506455357443	0.025548528041011244
4.326546162190822	0.9174506455357443	0.024258711466328176
4.34483695294272	0.9174506455357443	0.022930091764947973
4.364771851856689	0.9174506455357443	0.021619639387495625
4.386233873019137	0.9174506455357443	0.020382103960180184
4.409097068755885	0.9174506455357443	0.019263527979359745
4.4332272687432	0.9174506455357443	0.018296161459629673
4.458482867372603	0.9174506455357443	0.017495734303131612
4.484715654748892	0.9174506455357443	0.016861512040533433
4.511771686444731	0.9174506455357443	0.016378954835327482
4.539492186907772	0.9174506455357443	0.01602426497464309
4.567714481218726	0.9174506455357443	0.015769766248392127
4.596272949732473	0.9174506455357443	0.015588978298653671
4.625	0.9174506455357443	0.015460431357851098
4.653727050267527	0.9174506455357443	0.015369648874648263
4.682285518781274	0.9174506455357443	0.015309199949289965
4.710507813092227	0.9174506455357443	0.015277168257456227
4.738228313555268	0.9174506455357443	0.015274694499901388
4.765284345251108	0.9174506455357443	0.015303363341935217
4.791517132627397	0.9174506455357443	0.015363116611654086
4.8167727312568	0.9174506455357443	0.015451128111361788
4.840902931244115	0.9174506455357443	0.015561753788389025
4.863766126980863	0.9174506455357443	0.015687367455856638
4.885228148143311	0.9174506455357443	0.015819685180934108
4.90516304705728	0.9174506455357443	0.015951114511899976
4.923453837809178	0.9174506455357443	0.01607573796767116
4.9399931827658605	0.9174506455357443	0.01618971426529405
4.954684022474541	0.9174506455357443	0.016291091707129262
4.967440145246251	0.9174506455357443	0.01637920840835562
4.978186693080319	0.9174506455357443	0.01645395264376666
4.9868606009608785	0.9174506455357443	0.016515153001396766
4.993410966947456	0.9174506455357443	0.016562275839788088
4.997799350887806	0.9174506455357443	0.0165944674640347
5.0	0.9174506455357443	0.01661084331184516
4.25	0.926047883802999	0.0304797010680213
4.252200649112194	0.926047883802999	0.030301681699451313
4.256589033052544	0.926047883802999	0.029942511326789493
4.2631393990391215	0.926047883802999	0.029398173329067585
4.271813306919681	0.926047883802999	0.028667648163092762
4.282559854753749	0.926047883802999	0.027757362521351085
4.295315977525459	0.926047883802999	0.026684949504870013
4.3100068172341395	0.926047883802999	0.025481192503278408
4.326546162190822	0.926047883802999	0.024189438511292672
4.34483695294272	0.926047883802999	0.02286236091660813
4.364771851856689	0.926047883802999	0.021556580256843056
4.386233873019137	0.926047883802999	0.020326160286732512
4.409097068755885	0.926047883802999	0.019216264032489723
4.4332272687432	0.926047883802999	0.01825822010780332
4.458482867372603	0.926047883802999	0.017466928403067065
4.484715654748892	0.926047883802999	0.01684101075055896
4.511771686444731	0.926047883802999	0.016365517039035857
4.539492186907772	0.926047883802999	0.01601647346916558
4.567714481218726	0.926047883802999	0.015766226471763012
4.596272949732473	0.926047883802999	0.01558846027938278
4.625	0.926047883802999	0.015461948953622181
4.653727050267527	0.926047883802999	0.015372482621580025
4.682285518781274	0.926047883802999	0.01531287690478749
4.710507813092227	0.926047883802999	0.01528141387509261
4.738228313555268	0.926047883802999	0.015279369211723322
4.765284345251108	0.926047883802999	0.015308392445050138
4.791517132627397	0.926047883802999	0.01536841859690038
4.8167727312568	0.926047883802999	0.015456545298948065
4.840902931244115	0.926047883802999	0.01556699036877518
4.863766126980863	0.926047883802999	0.015691942821392565
4.885228148143311	0.926047883802999	0.01582291296267203
4.90516304705728	0.926047883802999	0.015952118039008156
4.923453837809178	0.926047883802999	0.016073509583367254
4.9399931827658605	0.926047883802999	0.016183218881709604
4.954684022474541	0.926047883802999	0.016279405354960443
4.967440145246251	0.926047883802999	0.016361672650937402
4.978186693080319	0.926047883802999	0.01643031838505518
4.9868606009608785	0.926047883802999	0.016485684891416545
4.993410966947456	0.926047883802999	0.016527792523012046
4.997799350887806	0.926047883802999	0.016556303074983868
5.0	0.926047883802999	0.01657072999474207
4.25	0.9362527820203677	0.030395008671631533
4.252200649112194	0.9362527820203677	0.030208827415086847
4.256589033052544	0.9362527820203677	0.02983514518175576
4.2631393990391215	0.9362527820203677	0.02927317571796886
4.271813306919681	0.9362527820203677	0.028525853411681668
4.282559854753749	0.9362527820203677	0.02760344736263049
4.295315977525459	0.9362527820203677	0.026526536884153625
4.3100068172341395	0.9362527820203677	0.025327394641284688
4.326546162190822	0.9362527820203677	0.02404917824193806
4.34483695294272	0.9362527820203677	0.022742841206844357
4.364771851856689	0.9362527820203677	0.021462214463630405
4.386233873019137	0.9362527820203677	0.020258148217154853
4.409097068755885	0.9362527820203677	0.01917283617513153
4.4332272687432	0.9362527820203677	0.018235416686813846
4.458482867372603	0.9362527820203677	0.017459669458478023
4.484715654748892	0.9362527820203677	0.016844172886527835
4.511771686444731	0.9362527820203677	0.01637476693991106
4.539492186907772	0.9362527820203677	0.016028702991074884
4.567714481218726	0.9362527820203677	0.015779559312611366
4.596272949732473	0.9362527820203677	0.015601919906383861
4.625	0.9362527820203677	0.015474959452995632
4.653727050267527	0.9362527820203677	0.01538439870410816
4.682285518781274	0.9362527820203677	0.015322704001030796
4.710507813092227	0.9362527820203677	0.015287798740748485
4.738228313555268	0.9362527820203677	0.015280842553342113
4.765284345251108	0.9362527820203677	0.015303758555181476
4.791517132627397	0.9362527820203677	0.015357138582062248
4.8167727312568	0.9362527820203677	0.015438963574195589
4.840902931244115	0.9362527820203677	0.015544306198542326
4.863766126980863	0.9362527820203677	0.01566591263297559
4.885228148143311	0.9362527820203677	0.01579535848625806
4.90516304705728	0.9362527820203677	0.015924382298177237
4.923453837809178	0.9362527820203677	0.016046026600821644
4.9399931827658605	0.9362527820203677	0.016155335963407243
4.954684022474541	0.9362527820203677	0.016249526516926294
4.967440145246251	0.9362527820203677	0.016327698671780858
4.978186693080319	0.9362527820203677	0.016390270517096815
4.9868606009608785	0.9362527820203677	0.01643834169303758
4.993410966947456	0.9362527820203677	0.016473159966704218
4.997799350887806	0.9362527820203677	0.016495780449734022
5.0	0.9362527820203677	0.016506916558688824
4.25	0.9480054537873116	0.030242734870490378
4.252200649112194	0.9480054537873116	0.030045758977100122
4.256589033052544	0.9480054537873116	0.02965321114949973
4.2631393990391215	0.9480054537873116	0.029069130314423725
4.271813306919681	0.9480054537873116	0.028302282933862388
4.282559854753749	0.9480054537873116	0.027368471703842993
4.295315977525459	0.9480054537873116	0.02629230272000188
4.3100068172341395	0.9480054537873116	0.02510773465189173
4.326546162190822	0.9480054537873116	0.023856990015856193
4.34483695294272	0.9480054537873116	0.022587779300520465
4.364771851856689	0.9480054537873116	0.021349184439075474
4.386233873019137	0.9480054537873116	0.020186874095724387
4.409097068755885	0.9480054537873116	0.019138501942487077
4.4332272687432	0.9480054537873116	0.018230128910890306
4.458482867372603	0.9480054537873116	0.01747431492033133
4.484715654748892	0.9480054537873116	0.0168701918031271
4.511771686444731	0.9480054537873116	0.016405435081768102
4.539492186907772	0.9480054537873116	0.016059687450407964
4.567714481218726	0.9480054537873116	0.015808730743914045
4.596272949732473	0.9480054537873116	0.015628606940155994
4.625	0.9480054537873116	0.015498964399551358
4.653727050267527	0.9480054537873116	0.015405125402338873
4.682285518781274	0.9480054537873116	0.015338676511803716
4.710507813092227	0.9480054537873116	0.015296700666303661
4.738228313555268	0.9480054537873116	0.01528002873672701
4.765284345251108	0.9480054537873116	0.01529103766307252
4.791517132627397	0.9480054537873116	0.015331541113754682
4.8167727312568	0.9480054537873116	0.015401217829954534
4.840902931244115	0.9480054537873116	0.015496839591254093
4.863766126980863	0.9480054537873116	0.015612346805339627
4.885228148143311	0.9480054537873116	0.015739627341812248
4.90516304705728	0.9480054537873116	0.015869723536140815
4.923453837809178	0.9480054537873116	0.01599414316745961
4.9399931827658605	0.9480054537873116	0.01610598028051425
4.954684022474541	0.9480054537873116	0.01620064026970319
4.967440145246251	0.9480054537873116	0.01627607976575789
4.978186693080319	0.9480054537873116	0.016332584045957867
4.9868606009608785	0.9480054537873116	0.01637218901150032
4.993410966947456	0.9480054537873116	0.016397899643590785
4.997799350887806	0.9480054537873116	0.016412863345688915
5.0	0.9480054537873116	0.016419635016572644
4.25	0.9612369297526578	0.03004680571753791
4.252200649112194	0.9612369297526578	0.029839315752227678
4.256589033052544	0.9612369297526578	0.02942867689149605
4.2631393990391215	0.9612369297526578	0.02882411070583383
4.271813306919681	0.9612369297526578	0.02804059777388737
4.282559854753749	0.9612369297526578	0.02709974489827374
4.295315977525459	0.9612369297526578	0.026030229468297576
4.3100068172341395	0.9612369297526578	0.024867454583213454
4.326546162190822	0.9612369297526578	0.023652192514845235
4.34483695294272	0.9612369297526578	0.022428205811476677
4.364771851856689	0.9612369297526578	0.021239067447457967
4.386233873019137	0.9612369297526578	0.02012460104422121
4.409097068755885	0.9612369297526578	0.019117483062819077
4.4332272687432	0.9612369297526578	0.01824056182286057
4.458482867372603	0.9612369297526578	0.017505347689187926
4.484715654748892	0.9612369297526578	0.01691193399680223
4.511771686444731	0.9612369297526578	0.016450358804585206
4.539492186907772	0.9612369297526578	0.016103164397810413
4.567714481218726	0.9612369297526578	0.015848705871787678
4.596272949732473	0.9612369297526578	0.0156646426546961
4.625	0.9612369297526578	0.015531038904997586
4.653727050267527	0.9612369297526578	0.01543259874046236
4.682285518781274	0.9612369297526578	0.015359746705318414
4.710507813092227	0.9612369297526578	0.015308493092329097
4.738228313555268	0.9612369297526578	0.015279250805191146
4.765284345251108	0.9612369297526578	0.015274951226581247
4.791517132627397	0.9612369297526578	0.015298908529375294
4.8167727312568	0.9612369297526578	0.01535289008071844
4.840902931244115	0.9612369297526578	0.015435769600620021
4.863766126980863	0.9612369297526578	0.015542991443259869
4.885228148143311	0.9612369297526578	0.015666892455263228
4.90516304705728	0.9612369297526578	0.015797750296563683
4.923453837809178	0.9612369297526578	0.015925288346150045
4.9399931827658605	0.9612369297526578	0.016040291837007753
4.954684022474541	0.9612369297526578	0.01613598817621893
4.967440145246251	0.9612369297526578	0.016208912068501745
4.978186693080319	0.9612369297526578	0.016259095647119203
4.9868606009608785	0.9612369297526578	0.016289569129975607
4.993410966947456	0.9612369297526578	0.01630529907906917
4.997799350887806	0.9612369297526578	0.01631180200868452
5.0	0.9612369297526578	0.016313730841091927
4.25	0.9758695623541764	0.029847080628392825
4.252200649112194	0.9758695623541764	0.02963280795679058
4.256589033052544	0.9758695623541764	0.029210857185663373
4.2631393990391215	0.9758695623541764	0.028594406066006977
4.271813306919681	0.9758695623541764	0.027803129508494537
4.282559854753749	0.9758695623541764	0.026862927450737224
4.295315977525459	0.9758695623541764	0.025805334334696985
4.3100068172341395	0.9758695623541764	0.024666492349332467
4.326546162190822	0.9758695623541764	0.023485621558945565
4.34483695294272	0.9758695623541764	0.022303001547143
4.364771851856689	0.9758695623541764	0.021157578249626843
4.386233873019137	0.9758695623541764	0.020084407816034072
4.409097068755885	0.9758695623541764	0.019112225754612484
4.4332272687432	0.9758695623541764	0.018261464850188158
4.458482867372603	0.9758695623541764	0.017543025702946344
4.484715654748892	0.9758695623541764	0.01695802496533735
4.511771686444731	0.9758695623541764	0.016498615921912173
4.539492186907772	0.9758695623541764	0.016149813147901284
4.567714481218726	0.9758695623541764	0.015892085898448868
4.596272949732473	0.9758695623541764	0.0157043460366383
4.625	0.9758695623541764	0.0155668756710386
4.653727050267527	0.9758695623541764	0.015463737975897911
4.682285518781274	0.9758695623541764	0.015384297971718797
4.710507813092227	0.9758695623541764	0.015323637077861272
4.738228313555268	0.9758695623541764	0.015281848424994327
4.765284345251108	0.9758695623541764	0.015262410148952065
4.791517132627397	0.9758695623541764	0.015270008408544793
4.8167727312568	0.9758695623541764	0.015308283436337895
4.840902931244115	0.9758695623541764	0.015377977386917725
4.863766126980863	0.9758695623541764	0.015475868868428971
4.885228148143311	0.9758695623541764	0.015594704140813601
4.90516304705728	0.9758695623541764	0.015724115624618642
4.923453837809178	0.9758695623541764	0.015852301852607855
4.9399931827658605	0.9758695623541764	0.0159680769073482
4.954684022474541	0.9758695623541764	0.01606281886350593
4.967440145246251	0.9758695623541764	0.016131873787802828
4.978186693080319	0.9758695623541764	0.01617509879385181
4.9868606009608785	0.9758695623541764	0.016196426098364906
4.993410966947456	0.9758695623541764	0.016202555013011953
4.997799350887806	0.9758695623541764	0.016201078965432804
5.0	0.9758695623541764	0.016198484011402985
4.25	0.9918174814853513	0.029691823591951626
4.252200649112194	0.9918174814853513	0.029477488080565866
4.256589033052544	0.9918174814853513	0.029056127128031503
4.2631393990391215	0.9918174814853513	0.028442145215125586
4.271813306919681	0.9918174814853513	0.02765660085410742
4.282559854753749	0.9918174814853513	0.02672652384559095
4.295315977525459	0.9918174814853513	0.02568396633836406
4.3100068172341395	0.9918174814853513	0.02456476405406037
4.326546162190822	0.9918174814853513	0.02340699595273974
4.34483695294272	0.9918174814853513	0.022249158935895404
4.364771851856689	0.9918174814853513	0.021128120284224814
4.386233873019137	0.9918174814853513	0.020076970150158507
4.409097068755885	0.9918174814853513	0.01912295876647386
4.4332272687432	0.9918174814853513	0.018285751970892876
4.458482867372603	0.9918174814853513	0.01757625619801114
4.484715654748892	0.9918174814853513	0.016996235419190233
4.511771686444731	0.9918174814853513	0.016538861185823768
4.539492186907772	0.9918174814853513	0.016190208799365634
4.567714481218726	0.9918174814853513	0.015931556878816363
4.596272949732473	0.9918174814853513	0.015742194190312083
4.625	0.9918174814853513	0.015602321291978935
4.653727050267527	0.9918174814853513	0.015495586618362728
4.682285518781274	0.9918174814853513	0.015410836426761167
4.710507813092227	0.9918174814853513	0.015342786522335977
4.738228313555268	0.9918174814853513	0.015291521061059576
4.765284345251108	0.9918174814853513	0.015260952101311783
4.791517132627397	0.9918174814853513	0.01525658451662421
4.8167727312568	0.9918174814853513	0.015283076355040719
4.840902931244115	0.9918174814853513	0.015342128762075273
4.863766126980863	0.9918174814853513	0.015431167787225746
4.885228148143311	0.9918174814853513	0.01554310474121001
4.90516304705728	0.9918174814853513	0.01566721911664498
4.923453837809178	0.9918174814853513	0.01579095245702891
4.9399931827658605	0.9918174814853513	0.015902191851913147
4.954684022474541	0.9918174814853513	0.01599150768506544
4.967440145246251	0.9918174814853513	0.016053820145426258
4.978186693080319	0.9918174814853513	0.01608910221777081
4.9868606009608785	0.9918174814853513	0.01610195335019583
4.993410966947456	0.9918174814853513	0.016100144916237322
4.997799350887806	0.9918174814853513	0.016092482730487412
5.0	0.9918174814853513	0.01608649480206873
4.25	1.0089870984153095	0.029627868906075737
4.252200649112194	1.0089870984153095	0.02942176202340887
4.256589033052544	1.0089870984153095	0.029015469983638513
4.2631393990391215	1.0089870984153095	0.028420906892730406
4.271813306919681	1.0089870984153095	0.027656046080488952
4.282559854753749	1.0089870984153095	0.026744850577177175
4.295315977525459	1.0089870984153095	0.025716906751025594
4.3100068172341395	1.0089870984153095	0.024606611740792875
4.326546162190822	1.0089870984153095	0.023451817482056044
4.34483695294272	1.0089870984153095	0.022291921519567628
4.364771851856689	1.0089870984153095	0.021165503855468837
4.386233873019137	1.0089870984153095	0.020107720063121687
4.409097068755885	1.0089870984153095	0.01914775091057724
4.4332272687432	1.0089870984153095	0.018306655950514925
4.458482867372603	1.0089870984153095	0.017595966866240487
4.484715654748892	1.0089870984153095	0.01701727974590991
4.511771686444731	1.0089870984153095	0.01656297056234706
4.539492186907772	1.0089870984153095	0.016217984691871322
4.567714481218726	1.0089870984153095	0.015962469516413398
4.596272949732473	1.0089870984153095	0.015774864396211077
4.625	1.0089870984153095	0.015634967973563875
4.653727050267527	1.0089870984153095	0.015526492742331886
4.682285518781274	1.0089870984153095	0.015438699237145078
4.710507813092227	1.0089870984153095	0.0153668662476488
4.738228313555268	1.0089870984153095	0.015311570186803973
4.765284345251108	1.0089870984153095	0.015276974073231305
4.791517132627397	1.0089870984153095	0.01526851780254511
4.8167727312568	1.0089870984153095	0.015290515225787444
4.840902931244115	1.0089870984153095	0.015344173768255441
4.863766126980863	1.0089870984153095	0.01542645429716969
4.885228148143311	1.0089870984153095	0.015530001723589726
4.90516304705728	1.0089870984153095	0.015644139740650907
4.923453837809178	1.0089870984153095	0.01575668758852328
4.9399931827658605	1.0089870984153095	0.015856174995099018
4.954684022474541	1.0089870984153095	0.0159339445341973
4.967440145246251	1.0089870984153095	0.01598565881925694
4.978186693080319	1.0089870984153095	0.016011867550986773
4.9868606009608785	1.0089870984153095	0.016017505727865183
4.993410966947456	1.0089870984153095	0.01601044021336269
4.997799350887806	1.0089870984153095	0.015999401012633068
5.0	1.0089870984153095	0.015991775499714422
4.25	1.0272776550047078	0.02969065629095096
4.252200649112194	1.0272776550047078	0.02950060498481742
4.256589033052544	1.0272776550047078	0.029122835001553302
4.2631393990391215	1.0272776550047078	0.02856289775168992
4.271813306919681	1.0272776550047078	0.027831064813043566
4.282559854753749	1.0272776550047078	0.026943968628469244
4.295315977525459	1.0272776550047078	0.025925817948195224
4.3100068172341395	1.0272776550047078	0.024808674290641295
4.326546162190822	1.0272776550047078	0.023631456448332464
4.34483695294272	1.0272776550047078	0.02243761070938403
4.364771851856689	1.0272776550047078	0.02127168387932521
4.386233873019137	1.0272776550047078	0.02017529632373603
4.409097068755885	1.0272776550047078	0.019183173771114517
4.4332272687432	1.0272776550047078	0.01831992234025451
4.458482867372603	1.0272776550047078	0.01759811435382592
4.484715654748892	1.0272776550047078	0.017018017613279045
4.511771686444731	1.0272776550047078	0.01656899804403944
4.539492186907772	1.0272776550047078	0.016232318938457935
4.567714481218726	1.0272776550047078	0.01598481287264071
4.596272949732473	1.0272776550047078	0.01580276387454519
4.625	1.0272776550047078	0.01566533223629204
4.653727050267527	1.0272776550047078	0.015556978346960753
4.682285518781274	1.0272776550047078	0.015468564267012697
4.710507813092227	1.0272776550047078	0.015397082846426687
4.738228313555268	1.0272776550047078	0.015344227046083353
4.765284345251108	1.0272776550047078	0.015314214847354282
4.791517132627397	1.0272776550047078	0.015311391386443246
4.8167727312568	1.0272776550047078	0.015338125440282693
4.840902931244115	1.0272776550047078	0.015393411243342014
4.863766126980863	1.0272776550047078	0.015472407709415773
4.885228148143311	1.0272776550047078	0.015566936646607575
4.90516304705728	1.0272776550047078	0.015666763623150535
4.923453837809178	1.0272776550047078	0.015761337780025413
4.9399931827658605	1.0272776550047078	0.0158415950162861
4.954684022474541	1.0272776550047078	0.015901440764113053
4.967440145246251	1.0272776550047078	0.01593861543925525
4.978186693080319	1.0272776550047078	0.01595478547923327
4.9868606009608785	1.0272776550047078	0.01595486541341649
4.993410966947456	1.0272776550047078	0.015945729539033237
4.997799350887806	1.0272776550047078	0.015934587438805204
5.0	1.0272776550047078	0.015927356278834542
4.25	1.0465818149945596	0.029896345573507625
4.252200649112194	1.0465818149945596	0.029727597966580026
4.256589033052544	1.0465818149945596	0.02938707882251631
4.2631393990391215	1.0465818149945596	0.02887088698907782
4.271813306919681	1.0465818149945596	0.028177957379522157
4.282559854753749	1.0465818149945596	0.027314325368246104
4.295315977525459	1.0465818149945596	0.026296744882460435
4.3100068172341395	1.0465818149945596	0.025154579698323076
4.326546162190822	1.0465818149945596	0.02392927454962832
4.34483695294272	1.0465818149945596	0.022671274803663304
4.364771851856689	1.0465818149945596	0.021434863325112085
4.386233873019137	1.0465818149945596	0.020271875707142072
4.409097068755885	1.0465818149945596	0.01922552344589519
4.4332272687432	1.0465818149945596	0.018325538375510077
4.458482867372603	1.0465818149945596	0.01758556017337314
4.484715654748892	1.0465818149945596	0.017003197136131947
4.511771686444731	1.0465818149945596	0.016562619244993637
4.539492186907772	1.0465818149945596	0.016239026750534524
4.567714481218726	1.0465818149945596	0.016003993122802398
4.596272949732473	1.0465818149945596	0.015830577940581663
4.625	1.0465818149945596	0.015697251895481937
4.653727050267527	1.0465818149945596	0.01559002157070791
4.682285518781274	1.0465818149945596	0.015502591262099161
4.710507813092227	1.0465818149945596	0.015434840282943094
4.738228313555268	1.0465818149945596	0.015390225383710963
4.765284345251108	1.0465818149945596	0.015372872706567477
4.791517132627397	1.0465818149945596	0.015385084357316716
4.8167727312568	1.0465818149945596	0.015425782376891246
4.840902931244115	1.0465818149945596	0.015490115395718094
4.863766126980863	1.0465818149945596	0.015570144280026692
4.885228148143311	1.0465818149945596	0.015656279373559966
4.90516304705728	1.0465818149945596	0.015739014303676344
4.923453837809178	1.0465818149945596	0.015810504370881214
4.9399931827658605	1.0465818149945596	0.015865650183493136
4.954684022474541	1.0465818149945596	0.015902522756168925
4.967440145246251	1.0465818149945596	0.015922148552296858
4.978186693080319	1.0465818149945596	0.015927813076041027
4.9868606009608785	1.0465818149945596	0.01592411095905932
4.993410966947456	1.0465818149945596	0.01591596595481911
4.997799350887806	1.0465818149945596	0.015907785370108594
5.0	1.0465818149945596	0.015902832733252742
4.25	1.0667862938980828	0.030237752772817008
4.252200649112194	1.0667862938980828	0.0300913841693891
4.256589033052544	1.0667862938980828	0.02978938317316683
4.2631393990391215	1.0667862938980828	0.02931688220261024
4.271813306919681	1.0667862938980828	0.0286597727894887
4.282559854753749	1.0667862938980828	0.027812099048358917
4.295315977525459	1.0667862938980828	0.026782515991612906
4.3100068172341395	1.0667862938980828	0.025598048022797405
4.326546162190822	1.0667862938980828	0.024304025626607027
4.34483695294272	1.0667862938980828	0.022959998986611677
4.364771851856689	1.0667862938980828	0.021632394406614696
4.386233873019137	1.0667862938980828	0.020385453139932782
4.409097068755885	1.0667862938980828	0.01927238537450298
4.4332272687432	1.0667862938980828	0.01832859652145511
4.458482867372603	1.0667862938980828	0.01756832944765785
4.484715654748892	1.0667862938980828	0.0169852537250412
4.511771686444731	1.0667862938980828	0.016556629810516227
4.539492186907772	1.0667862938980828	0.016249905304172998
4.567714481218726	1.0667862938980828	0.016030142532273323
4.596272949732473	1.0667862938980828	0.015866625589513263
4.625	1.0667862938980828	0.01573733803661776
4.653727050267527	1.0667862938980828	0.015630628941474625
4.682285518781274	1.0667862938980828	0.015544119513956083
4.710507813092227	1.0667862938980828	0.01548155399060599
4.738228313555268	1.0667862938980828	0.015448710029248606
4.765284345251108	1.0667862938980828	0.015449572268490187
4.791517132627397	1.0667862938980828	0.015483744838582517
4.8167727312568	1.0667862938980828	0.015545623807942286
4.840902931244115	1.0667862938980828	0.015625310904914883
4.863766126980863	1.0667862938980828	0.015710778126675158
4.885228148143311	1.0667862938980828	0.015790510093211137
4.90516304705728	1.0667862938980828	0.015855815637101842
4.923453837809178	1.0667862938980828	0.01590219638356005
4.9399931827658605	1.0667862938980828	0.015929508111610396
4.954684022474541	1.0667862938980828	0.015941034171660432
4.967440145246251	1.0667862938980828	0.01594189274605043
4.978186693080319	1.0667862938980828	0.015937338914620902
4.9868606009608785	1.0667862938980828	0.015931472123384912
4.993410966947456	1.0667862938980828	0.01592665383319193
4.997799350887806	1.0667862938980828	0.015923658956387806
5.0	1.0667862938980828	0.015922326717479403
4.25	1.0877725237991134	0.030684995871812684
4.252200649112194	1.0877725237991134	0.030557320280383552
4.256589033052544	1.0877725237991134	0.030286714546349763
4.2631393990391215	1.0877725237991134	0.029847838245079517
4.271813306919681	1.0877725237991134	0.029214262352792245
4.282559854753749	1.0877725237991134	0.028368956487321823
4.295315977525459	1.0877725237991134	0.027313523718156523
4.3100068172341395	1.0877725237991134	0.02607373146578577
4.326546162190822	1.0877725237991134	0.024699794337003155
4.34483695294272	1.0877725237991134	0.023261153729526664
4.364771851856689	1.0877725237991134	0.021836840641637392
4.386233873019137	1.0877725237991134	0.02050356494183686
4.409097068755885	1.0877725237991134	0.01932418750685207
4.4332272687432	1.0877725237991134	0.018339085752340376
4.458482867372603	1.0877725237991134	0.017562172727909293
4.484715654748892	1.0877725237991134	0.016982181283605787
4.511771686444731	1.0877725237991134	0.016568578222558774
4.539492186907772	1.0877725237991134	0.016280443079876524
4.567714481218726	1.0877725237991134	0.016076078725716807
4.596272949732473	1.0877725237991134	0.015921133929864714
4.625	1.0877725237991134	0.015793574667320166
4.653727050267527	1.0877725237991134	0.015684766662260312
4.682285518781274	1.0877725237991134	0.015596965981787957
4.710507813092227	1.0877725237991134	0.015538383793385952
4.738228313555268	1.0877725237991134	0.0155174820305484
4.765284345251108	1.0877725237991134	0.015538168672546052
4.791517132627397	1.0877725237991134	0.015597128877253738
4.8167727312568	1.0877725237991134	0.01568380296692613
4.840902931244115	1.0877725237991134	0.015782725265603842
4.863766126980863	1.0877725237991134	0.015877294629365914
4.885228148143311	1.0877725237991134	0.01595372559168257
4.90516304705728	1.0877725237991134	0.01600399411627448
4.923453837809178	1.0877725237991134	0.016026995423563166
4.9399931827658605	1.0877725237991134	0.016027730661837273
4.954684022474541	1.0877725237991134	0.016014944022011326
4.967440145246251	1.0877725237991134	0.01599806207331471
4.978186693080319	1.0877725237991134	0.01598442495019176
4.9868606009608785	1.0877725237991134	0.015977621207393992
4.993410966947456	1.0877725237991134	0.015977318389567507
4.997799350887806	1.0877725237991134	0.015980464109178742
5.0	1.0877725237991134	0.01598328628449934
4.25	1.1094173491557848	0.03119070459063708
4.252200649112194	1.1094173491557848	0.031073919092751565
4.256589033052544	1.1094173491557848	0.030820458464198827
4.2631393990391215	1.1094173491557848	0.03039695459356602
4.271813306919681	1.1094173491557848	0.029767718126778624
4.282559854753749	1.1094173491557848	0.02890773921957484
4.295315977525459	1.1094173491557848	0.02781413551937647
4.3100068172341395	1.1094173491557848	0.02651302404789855
4.326546162190822	1.1094173491557848	0.025059932092395373
4.34483695294272	1.1094173491557848	0.02353346894194321
4.364771851856689	1.1094173491557848	0.022023641381972686
4.386233873019137	1.1094173491557848	0.02061748950674512
4.409097068755885	1.1094173491557848	0.019385325517790153
4.4332272687432	1.1094173491557848	0.018370639452276523
4.458482867372603	1.1094173491557848	0.017585769509735692
4.484715654748892	1.1094173491557848	0.01701398750826994
4.511771686444731	1.1094173491557848	0.016617103774786018
4.539492186907772	1.1094173491557848	0.016346444587428385
4.567714481218726	1.1094173491557848	0.016154402453479478
4.596272949732473	1.1094173491557848	0.016003841365195406
4.625	1.1094173491557848	0.01587339556924471
4.653727050267527	1.1094173491557848	0.015757898301236334
4.682285518781274	1.1094173491557848	0.015664479400408157
4.710507813092227	1.1094173491557848	0.015605930940452501
4.738228313555268	1.1094173491557848	0.015593494519345179
4.765284345251108	1.1094173491557848	0.015631159377631234
4.791517132627397	1.1094173491557848	0.015712937329429986
4.8167727312568	1.1094173491557848	0.015823607343797196
4.840902931244115	1.1094173491557848	0.01594239195731041
4.863766126980863	1.1094173491557848	0.016048230552544143
4.885228148143311	1.1094173491557848	0.016124959432448325
4.90516304705728	1.1094173491557848	0.016164867127947364
4.923453837809178	1.1094173491557848	0.016169686573601346
4.9399931827658605	1.1094173491557848	0.01614891403155556
4.954684022474541	1.1094173491557848	0.016116150669239875
4.967440145246251	1.1094173491557848	0.016084708846124444
4.978186693080319	1.1094173491557848	0.016063862087860967
4.9868606009608785	1.1094173491557848	0.016056824891188422
4.993410966947456	1.1094173491557848	0.01606093554989372
4.997799350887806	1.1094173491557848	0.016069784754992118
5.0	1.1094173491557848	0.016076416588902805
4.25	1.131593749526218	0.03169867380945219
4.252200649112194	1.131593749526218	0.031582629138493745
4.256589033052544	1.131593749526218	0.03132817867696061
4.2631393990391215	1.131593749526218	0.030897784125409448
4.271813306919681	1.131593749526218	0.030251217151978083
4.282559854753749	1.131593749526218	0.029360074969405996
4.295315977525459	1.131593749526218	0.02822050130703538
4.3100068172341395	1.131593749526218	0.02686072515825826
4.326546162190822	1.131593749526218	0.02534133054117442
4.34483695294272	1.131593749526218	0.02374799531525625
4.364771851856689	1.131593749526218	0.022178312503229984
4.386233873019137	1.131593749526218	0.020725753582967604
4.409097068755885	1.131593749526218	0.019464488600061548
4.4332272687432	1.131593749526218	0.01843849250524013
4.458482867372603	1.131593749526218	0.01765723678856918
4.484715654748892	1.131593749526218	0.017098601882444133
4.511771686444731	1.131593749526218	0.016717889440697544
4.539492186907772	1.131593749526218	0.01646041500076818
4.567714481218726	1.131593749526218	0.01627446273489145
4.596272949732473	1.131593749526218	0.016121532039840736
4.625	1.131593749526218	0.015981720573276664
4.653727050267527	1.131593749526218	0.01585349242929025
4.682285518781274	1.131593749526218	0.015748579763947355
4.710507813092227	1.131593749526218	0.01568396141231545
4.738228313555268	1.131593749526218	0.015673454369549183
4.765284345251108	1.131593749526218	0.015721322510808346
4.791517132627397	1.131593749526218	0.015819533154256653
4.8167727312568	1.131593749526218	0.015949128550364792
4.840902931244115	1.131593749526218	0.01608497222674574
4.863766126980863	1.131593749526218	0.01620221879706211
4.885228148143311	1.131593749526218	0.016282478727281755
4.90516304705728	1.131593749526218	0.0163178815139519
4.923453837809178	1.131593749526218	0.016311979258577962
4.9399931827658605	1.131593749526218	0.01627743482513244
4.954684022474541	1.131593749526218	0.016231397101758256
4.967440145246251	1.131593749526218	0.016190099812658093
4.978186693080319	1.131593749526218	0.016164357067624598
4.9868606009608785	1.131593749526218	0.016157250238484123
4.993410966947456	1.131593749526218	0.01616454349408174
4.997799350887806	1.131593749526218	0.016177475558782444
5.0	1.131593749526218	0.016186831937701766
4.25	1.154171584974981	0.03215414188434021
4.252200649112194	1.154171584974981	0.03202881476617753
4.256589033052544	1.154171584974981	0.03175580252816635
4.2631393990391215	1.154171584974981	0.03129777825934442
4.271813306919681	1.154171584974981	0.03061526420357641
4.282559854753749	1.154171584974981	0.02968147012116604
4.295315977525459	1.154171584974981	0.028495182961139946
4.3100068172341395	1.154171584974981	0.027088209712082593
4.326546162190822	1.154171584974981	0.025525249987450517
4.34483695294272	1.154171584974981	0.023895991129389033
4.364771851856689	1.154171584974981	0.02230117639826503
4.386233873019137	1.154171584974981	0.02083589129199199
4.409097068755885	1.154171584974981	0.01957396708183536
4.4332272687432	1.154171584974981	0.018557061906595163
4.458482867372603	1.154171584974981	0.017790756701023144
4.484715654748892	1.154171584974981	0.017248231454396017
4.511771686444731	1.154171584974981	0.01688023628910059
4.539492186907772	1.154171584974981	0.016628618160219565
4.567714481218726	1.154171584974981	0.0164399654404595
4.596272949732473	1.154171584974981	0.016276137404819778
4.625	1.154171584974981	0.016119459537059556
4.653727050267527	1.154171584974981	0.015971885465602544
4.682285518781274	1.154171584974981	0.015849028297138742
4.710507813092227	1.154171584974981	0.015771221559782316
4.738228313555268	1.154171584974981	0.015754368453642458
4.765284345251108	1.154171584974981	0.015803155783314496
4.791517132627397	1.154171584974981	0.01590834161209104
4.8167727312568	1.154171584974981	0.016048551282548923
4.840902931244115	1.154171584974981	0.016195710726467773
4.863766126980863	1.154171584974981	0.01632227413233554
4.885228148143311	1.154171584974981	0.016408018339088726
4.90516304705728	1.154171584974981	0.0164444538865334
4.923453837809178	1.154171584974981	0.01643572574271139
4.9399931827658605	1.154171584974981	0.01639597797294213
4.954684022474541	1.154171584974981	0.01634420071578471
4.967440145246251	1.154171584974981	0.016298260987058097
4.978186693080319	1.154171584974981	0.016269955895268112
4.9868606009608785	1.154171584974981	0.016262501410444188
4.993410966947456	1.154171584974981	0.016271033641172522
4.997799350887806	1.154171584974981	0.016285722655372092
5.0	1.154171584974981	0.016296285857702777
4.25	1.1770183597859787	0.03251359724954211
4.252200649112194	1.1770183597859787	0.03237162867726047
4.256589033052544	1.1770183597859787	0.03206755565638414
4.2631393990391215	1.1770183597859787	0.03156816062115171
4.271813306919681	1.1770183597859787	0.030839346691347486
4.282559854753749	1.1770183597859787	0.029860178590843212
4.295315977525459	1.1770183597859787	0.028634920261445856
4.3100068172341395	1.1770183597859787	0.027199704868895183
4.326546162190822	1.1770183597859787	0.025621831998770613
4.34483695294272	1.1770183597859787	0.023991568222693552
4.364771851856689	1.1770183597859787	0.022408237211197817
4.386233873019137	1.1770183597859787	0.02096382776413145
4.409097068755885	1.1770183597859787	0.019727954434709122
4.4332272687432	1.1770183597859787	0.01873763149956928
4.458482867372603	1.1770183597859787	0.0179940809208562
4.484715654748892	1.1770183597859787	0.01746702647582167
4.511771686444731	1.1770183597859787	0.017105097423762365
4.539492186907772	1.1770183597859787	0.01684954773385686
4.567714481218726	1.1770183597859787	0.016647841782648602
4.596272949732473	1.1770183597859787	0.016463904679485053
4.625	1.1770183597859787	0.016282883429615234
4.653727050267527	1.1770183597859787	0.016109805300805524
4.682285518781274	1.1770183597859787	0.01596312545208234
4.710507813092227	1.1770183597859787	0.015865401063606805
4.738228313555268	1.1770183597859787	0.01583390291172946
4.765284345251108	1.1770183597859787	0.015873761294365296
4.791517132627397	1.1770183597859787	0.01597534371544418
4.8167727312568	1.1770183597859787	0.016116260809565616
4.840902931244115	1.1770183597859787	0.01626707485791832
4.863766126980863	1.1770183597859787	0.016398809236401177
4.885228148143311	1.1770183597859787	0.01648998003764902
4.90516304705728	1.1770183597859787	0.016531165199372866
4.923453837809178	1.1770183597859787	0.01652597062515563
4.9399931827658605	1.1770183597859787	0.016488374715229955
4.954684022474541	1.1770183597859787	0.016437492798208123
4.967440145246251	1.1770183597859787	0.016391494507116206
4.978186693080319	1.1770183597859787	0.0163625441545888
4.9868606009608785	1.1770183597859787	0.016354201381399144
4.993410966947456	1.1770183597859787	0.016361871296878338
4.997799350887806	1.1770183597859787	0.016375903597890075
5.0	1.1770183597859787	0.016386116854735552
4.25	1.2	0.03275220076427324
4.252200649112194	1.2	0.03259082208133959
4.256589033052544	1.2	0.03225162592833207
4.2631393990391215	1.2	0.031708054453827905
4.271813306919681	1.2	0.03093432174178824
4.282559854753749	1.2	0.02991784528027943
4.295315977525459	1.2	0.028669712455156864
4.3100068172341395	1.2	0.027230135979380284
4.326546162190822	1.2	0.025667123391127332
4.34483695294272	1.2	0.024068331926413493
4.364771851856689	1.2	0.022527840345744815
4.386233873019137	1.2	0.02113088225861474
4.409097068755885	1.2	0.019940111659936435
4.4332272687432	1.2	0.018986581922016868
4.458482867372603	1.2	0.01826742761662658
4.484715654748892	1.2	0.017750566019043044
4.511771686444731	1.2	0.0173850234801471
4.539492186907772	1.2	0.017114183103577662
4.567714481218726	1.2	0.01688866981873622
4.596272949732473	1.2	0.016675862386188775
4.625	1.2	0.016464046352919356
4.653727050267527	1.2	0.01626070043782878
4.682285518781274	1.2	0.01608593514103201
4.710507813092227	1.2	0.015963273594210382
4.738228313555268	1.2	0.015910489191562394
4.765284345251108	1.2	0.015932986707707243
4.791517132627397	1.2	0.016021335343240406
4.8167727312568	1.2	0.016153307089544208
4.840902931244115	1.2	0.01629950553598743
4.863766126980863	1.2	0.016430738416096505
4.885228148143311	1.2	0.01652493120829428
4.90516304705728	1.2	0.016571665873513462
4.923453837809178	1.2	0.01657324102345489
4.9399931827658605	1.2	0.01654222661307703
4.954684022474541	1.2	0.016496503231157075
4.967440145246251	1.2	0.01645344077143395
4.978186693080319	1.2	0.016425006515319845
4.9868606009608785	1.2	0.016415184022720977
4.993410966947456	1.2	0.016420278914739846
4.997799350887806	1.2	0.016431746123252173
5.0	1.2	0.016440388737634613
4.25	1.2229816402140212	0.03286749148965777
4.252200649112194	1.2229816402140212	0.03268930365379175
4.256589033052544	1.2229816402140212	0.032320633940177104
4.2631393990391215	1.2229816402140212	0.031742291959093685
4.271813306919681	1.2229816402140212	0.030937450804576258
4.282559854753749	1.2229816402140212	0.029902112372202236
4.295315977525459	1.2229816402140212	0.02865371792457663
4.3100068172341395	1.2229816402140212	0.027235267926637687
4.326546162190822	1.2229816402140212	0.025713455669716025
4.34483695294272	1.2229816402140212	0.024170872931222095
4.364771851856689	1.2229816402140212	0.02269390036159514
4.386233873019137	1.2229816402140212	0.021359039288711187
4.409097068755885	1.2229816402140212	0.020220875129164106
4.4332272687432	1.2229816402140212	0.019304475726689054
4.458482867372603	1.2229816402140212	0.01860392836259797
4.484715654748892	1.2229816402140212	0.01808720086847489
4.511771686444731	1.2229816402140212	0.017705974779210418
4.539492186907772	1.2229816402140212	0.017407939149964892
4.567714481218726	1.2229816402140212	0.01714854223492513
4.596272949732473	1.2229816402140212	0.016899482086423008
4.625	1.2229816402140212	0.016652177086849167
4.653727050267527	1.2229816402140212	0.016415819411050567
4.682285518781274	1.2229816402140212	0.01621100749651609
4.710507813092227	1.2229816402140212	0.01606101206518361
4.738228313555268	1.2229816402140212	0.015983191526766565
4.765284345251108	1.2229816402140212	0.015982844416439726
4.791517132627397	1.2229816402140212	0.016050965702031874
4.8167727312568	1.2229816402140212	0.016166212885429063
4.840902931244115	1.2229816402140212	0.016300220121283727
4.863766126980863	1.2229816402140212	0.016424543435875235
4.885228148143311	1.2229816402140212	0.0165171953277019
4.90516304705728	1.2229816402140212	0.016566992404308235
4.923453837809178	1.2229816402140212	0.01657468689004511
4.9399931827658605	1.2229816402140212	0.016550842652651478
4.954684022474541	1.2229816402140212	0.016511351992284616
4.967440145246251	1.2229816402140212	0.01647210340956369
4.978186693080319	1.2229816402140212	0.016444440850350444
4.9868606009608785	1.2229816402140212	0.016432687985586458
4.993410966947456	1.2229816402140212	0.016434280812472692
4.997799350887806	1.2229816402140212	0.016442195456624276
5.0	1.2229816402140212	0.01644864267002121
4.25	1.2458284150250192	0.032878868659974615
4.252200649112194	1.2458284150250192	0.03269123446691477
4.256589033052544	1.2458284150250192	0.032307230578142034
4.2631393990391215	1.2458284150250192	0.03171389881753216
4.271813306919681	1.2458284150250192	0.03090176415655094
4.282559854753749	1.2458284150250192	0.02987345434229081
4.295315977525459	1.2458284150250192	0.028650618246560584
4.3100068172341395	1.2458284150250192	0.02727690976020699
4.326546162190822	1.2458284150250192	0.025815804208841234
4.34483695294272	1.2458284150250192	0.024343366307400777
4.364771851856689	1.2458284150250192	0.022937431589087866
4.386233873019137	1.2458284150250192	0.021665638748900918
4.409097068755885	1.2458284150250192	0.020575099018527332
4.4332272687432	1.2458284150250192	0.019686118920293882
4.458482867372603	1.2458284150250192	0.018991403968111154
4.484715654748892	1.2458284150250192	0.018460825276865662
4.511771686444731	1.2458284150250192	0.018050481836832208
4.539492186907772	1.2458284150250192	0.017713787431854026
4.567714481218726	1.2458284150250192	0.01741190488987517
4.596272949732473	1.2458284150250192	0.017121131398704047
4.625	1.2458284150250192	0.01683571410190244
4.653727050267527	1.2458284150250192	0.016565798442512197
4.682285518781274	1.2458284150250192	0.016331452011232987
4.710507813092227	1.2458284150250192	0.016154639881228682
4.738228313555268	1.2458284150250192	0.01605142271364721
4.765284345251108	1.2458284150250192	0.01602642769034091
4.791517132627397	1.2458284150250192	0.01607089420492196
4.8167727312568	1.2458284150250192	0.016164548753389765
4.840902931244115	1.2458284150250192	0.016280514939642336
4.863766126980863	1.2458284150250192	0.01639169968955118
4.885228148143311	1.2458284150250192	0.016476808967739877
4.90516304705728	1.2458284150250192	0.016524387562528987
4.923453837809178	1.2458284150250192	0.016533949878846523
4.9399931827658605	1.2458284150250192	0.016514157801945494
4.954684022474541	1.2458284150250192	0.016478842158528583
4.967440145246251	1.2458284150250192	0.01644221729862228
4.978186693080319	1.2458284150250192	0.01641475918470998
4.9868606009608785	1.2458284150250192	0.016400893948440864
4.993410966947456	1.2458284150250192	0.016398995402225728
4.997799350887806	1.2458284150250192	0.01640342775819587
5.0	1.2458284150250192	0.01640773179013356
4.25	1.2684062504737819	0.03282321628029806
4.252200649112194	1.2684062504737819	0.03263639291989016
4.256589033052544	1.2684062504737819	0.03225621585304769
4.2631393990391215	1.2684062504737819	0.03167346699790667
4.271813306919681	1.2684062504737819	0.03088278169209715
4.282559854753749	1.2684062504737819	0.029889915213586023
4.295315977525459	1.2684062504737819	0.02871747667052925
4.3100068172341395	1.2684062504737819	0.02740721318906826
4.326546162190822	1.2684062504737819	0.02601780547010766
4.34483695294272	1.2684062504737819	0.024618316743918574
4.364771851856689	1.2684062504737819	0.023278604239128923
4.386233873019137	1.2684062504737819	0.022058842208994043
4.409097068755885	1.2684062504737819	0.021000592842066713
4.4332272687432	1.2684062504737819	0.02012151861758044
4.458482867372603	1.2684062504737819	0.01941494743574247
4.484715654748892	1.2684062504737819	0.018854313238348706
4.511771686444731	1.2684062504737819	0.018401311773671415
4.539492186907772	1.2684062504737819	0.01801574029978232
4.567714481218726	1.2684062504737819	0.017664651063219718
4.596272949732473	1.2684062504737819	0.01732871698942858
4.625	1.2684062504737819	0.017004498349001865
4.653727050267527	1.2684062504737819	0.01670239022665929
4.682285518781274	1.2684062504737819	0.016441128438511685
4.710507813092227	1.2684062504737819	0.016240549631655707
4.738228313555268	1.2684062504737819	0.01611463719767236
4.765284345251108	1.2684062504737819	0.016066671721791208
4.791517132627397	1.2684062504737819	0.016087625726660365
4.8167727312568	1.2684062504737819	0.016158002031853608
4.840902931244115	1.2684062504737819	0.016252379515363728
4.863766126980863	1.2684062504737819	0.016345252490193106
4.885228148143311	1.2684062504737819	0.016416500997914092
4.90516304705728	1.2684062504737819	0.0164550534526285
4.923453837809178	1.2684062504737819	0.01645991098568984
4.9399931827658605	1.2684062504737819	0.01643850200350263
4.954684022474541	1.2684062504737819	0.01640308850211552
4.967440145246251	1.2684062504737819	0.016366439619862845
4.978186693080319	1.2684062504737819	0.016338094280866577
4.9868606009608785	1.2684062504737819	0.016322243588555496
4.993410966947456	1.2684062504737819	0.016317682105736798
4.997799350887806	1.2684062504737819	0.016319594484768475
5.0	1.2684062504737819	0.016322372817792183
4.25	1.290582650844215	0.032747766439159796
4.252200649112194	1.290582650844215	0.032572246911043434
4.256589033052544	1.290582650844215	0.032215224660077986
4.2631393990391215	1.290582650844215	0.03166820561427499
4.271813306919681	1.290582650844215	0.03092609902403582
4.282559854753749	1.290582650844215	0.029993796332448065
4.295315977525459	1.290582650844215	0.028891380872985824
4.3100068172341395	1.290582650844215	0.02765624123576927
4.326546162190822	1.290582650844215	0.026341151168518453
4.34483695294272	1.290582650844215	0.025008440931569165
4.364771851856689	1.290582650844215	0.023721433872726617
4.386233873019137	1.290582650844215	0.022535075752984
4.409097068755885	1.290582650844215	0.021487940587355824
4.4332272687432	1.290582650844215	0.020597486625579975
4.458482867372603	1.290582650844215	0.01985964209122786
4.484715654748892	1.290582650844215	0.019252733018792535
4.511771686444731	1.290582650844215	0.018744706062176632
4.539492186907772	1.290582650844215	0.018301823090140616
4.567714481218726	1.290582650844215	0.01789670827556597
4.596272949732473	1.290582650844215	0.017513878479321357
4.625	1.290582650844215	0.01715160467583175
4.653727050267527	1.290582650844215	0.016819935218874083
4.682285518781274	1.290582650844215	0.016535695252666446
4.710507813092227	1.290582650844215	0.016316002816053634
4.738228313555268	1.290582650844215	0.01617213039664116
4.765284345251108	1.290582650844215	0.01610533349385572
4.791517132627397	1.290582650844215	0.016105642837314638
4.8167727312568	1.290582650844215	0.01615376152727339
4.840902931244115	1.290582650844215	0.016225364536375488
4.863766126980863	1.290582650844215	0.016296494305378655
4.885228148143311	1.290582650844215	0.016348535265343984
4.90516304705728	1.290582650844215	0.016371469378536414
4.923453837809178	1.290582650844215	0.01636468017114958
4.9399931827658605	1.290582650844215	0.016335306948644004
4.954684022474541	1.290582650844215	0.01629483694789457
4.967440145246251	1.290582650844215	0.01625506753001674
4.978186693080319	1.290582650844215	0.016224657585133244
4.9868606009608785	1.290582650844215	0.016207210139878706
4.993410966947456	1.290582650844215	0.01620128680212588
4.997799350887806	1.290582650844215	0.016202123658671012
5.0	1.290582650844215	0.016204292947867134
4.25	1.3122274762008865	0.032701738381011765
4.252200649112194	1.3122274762008865	0.032545490875330846
4.256589033052544	1.3122274762008865	0.032226125774410724
4.2631393990391215	1.3122274762008865	0.031733279928040155
4.271813306919681	1.3122274762008865	0.031058875310277092
4.282559854753749	1.3122274762008865	0.030203612842298205
4.295315977525459	1.3122274762008865	0.029182246946276587
4.3100068172341395	1.3122274762008865	0.028025986081131354
4.326546162190822	1.3122274762008865	0.026781100161941664
4.34483695294272	1.3122274762008865	0.02550380983113121
4.364771851856689	1.3122274762008865	0.02425251852888598
4.386233873019137	1.3122274762008865	0.023079162456557223
4.409097068755885	1.3122274762008865	0.022021705909175196
4.4332272687432	1.3122274762008865	0.021099534601656648
4.458482867372603	1.3122274762008865	0.02031277314428732
4.484715654748892	1.3122274762008865	0.019645569810081944
4.511771686444731	1.3122274762008865	0.019072413053231794
4.539492186907772	1.3122274762008865	0.01856582577490472
4.567714481218726	1.3122274762008865	0.018103507508075982
4.596272949732473	1.3122274762008865	0.0176732228263185
4.625	1.3122274762008865	0.01727439247794757
4.653727050267527	1.3122274762008865	0.016916245609945917
4.682285518781274	1.3122274762008865	0.01661329081243007
4.710507813092227	1.3122274762008865	0.016379522489744235
4.738228313555268	1.3122274762008865	0.016223031337013655
4.765284345251108	1.3122274762008865	0.01614248265815569
4.791517132627397	1.3122274762008865	0.016126338579562513
4.8167727312568	1.3122274762008865	0.016154905782935155
4.840902931244115	1.3122274762008865	0.016204514846107562
4.863766126980863	1.3122274762008865	0.016252592274984375
4.885228148143311	1.3122274762008865	0.016282211372990563
4.90516304705728	1.3122274762008865	0.016284934323595915
4.923453837809178	1.3122274762008865	0.016261302927771514
4.9399931827658605	1.3122274762008865	0.016219030612391244
4.954684022474541	1.3122274762008865	0.01616958912676728
4.967440145246251	1.3122274762008865	0.01612428892189045
4.978186693080319	1.3122274762008865	0.01609101637451859
4.9868606009608785	1.3122274762008865	0.016072510554825715
4.993410966947456	1.3122274762008865	0.01606653480781022
4.997799350887806	1.3122274762008865	0.0160676913100524
5.0	1.3122274762008865	0.016070125982310765
4.25	1.3332137061019174	0.032728375267299145
4.252200649112194	1.3332137061019174	0.03259470721492734
4.256589033052544	1.3332137061019174	0.032318852196754774
4.2631393990391215	1.3332137061019174	0.0318872073118772
4.271813306919681	1.3332137061019174	0.031287000901528125
4.282559854753749	1.3332137061019174	0.03051303546778274
4.295315977525459	1.3332137061019174	0.029573351759861317
4.3100068172341395	1.3332137061019174	0.028492165580796463
4.326546162190822	1.3332137061019174	0.027309129312149332
4.34483695294272	1.3332137061019174	0.02607492512483626
4.364771851856689	1.3332137061019174	0.02484415137627075
4.386233873019137	1.3332137061019174	0.02366716464126526
4.409097068755885	1.3332137061019174	0.022582803805434235
4.4332272687432	1.3332137061019174	0.02161368459095178
4.458482867372603	1.3332137061019174	0.020765082151153903
4.484715654748892	1.3332137061019174	0.020027499431043486
4.511771686444731	1.3332137061019174	0.01938209652556281
4.539492186907772	1.3332137061019174	0.01880747391378234
4.567714481218726	1.3332137061019174	0.01828603367560824
4.596272949732473	1.3332137061019174	0.01780834660719601
4.625	1.3332137061019174	0.017374560616707373
4.653727050267527	1.3332137061019174	0.016992721598062237
4.682285518781274	1.3332137061019174	0.016674710504760885
4.710507813092227	1.3332137061019174	0.016431105920206
4.738228313555268	1.3332137061019174	0.016266505052562722
4.765284345251108	1.3332137061019174	0.01617663188002375
4.791517132627397	1.3332137061019174	0.016148001811865653
4.8167727312568	1.3332137061019174	0.01616016548866879
4.840902931244115	1.3332137061019174	0.016189833916863742
4.863766126980863	1.3332137061019174	0.01621569196233074
4.885228148143311	1.3332137061019174	0.016222566515913223
4.90516304705728	1.3332137061019174	0.016203854787876035
4.923453837809178	1.3332137061019174	0.016161654751449706
4.9399931827658605	1.3332137061019174	0.016104709946852615
4.954684022474541	1.3332137061019174	0.016044888392713213
4.967440145246251	1.3332137061019174	0.015993288375455515
4.978186693080319	1.3332137061019174	0.015957103589627323
4.9868606009608785	1.3332137061019174	0.015938087307786765
4.993410966947456	1.3332137061019174	0.015932927752936435
4.997799350887806	1.3332137061019174	0.015935248699808877
5.0	1.3332137061019174	0.01593846150036908
4.25	1.3534181850054403	0.03285874782724871
4.252200649112194	1.3534181850054403	0.032745363031101385
4.256589033052544	1.3534181850054403	0.0325085809077663
4.2631393990391215	1.3534181850054403	0.032131843952656225
4.271813306919681	1.3534181850054403	0.031598057597609
4.282559854753749	1.3534181850054403	0.030896529420192248
4.295315977525459	1.3534181850054403	0.030028973781466805
4.3100068172341395	1.3534181850054403	0.029012950330077343
4.326546162190822	1.3534181850054403	0.027881765586470098
4.34483695294272	1.3534181850054403	0.02668077672843155
4.364771851856689	1.3534181850054403	0.02546095399781369
4.386233873019137	1.3534181850054403	0.024271241909784535
4.409097068755885	1.3534181850054403	0.023151533937235135
4.4332272687432	1.3534181850054403	0.02212787615630919
4.458482867372603	1.3534181850054403	0.02121090495916014
4.484715654748892	1.3534181850054403	0.020397672879939502
4.511771686444731	1.3534181850054403	0.019676155639901913
4.539492186907772	1.3534181850054403	0.019031090536335428
4.567714481218726	1.3534181850054403	0.01844953483725419
4.596272949732473	1.3534181850054403	0.0179247094692605
4.625	1.3534181850054403	0.017457244823914857
4.653727050267527	1.3534181850054403	0.01705370919553053
4.682285518781274	1.3534181850054403	0.016723060793797134
4.710507813092227	1.3534181850054403	0.01647221371957955
4.738228313555268	1.3534181850054403	0.01630210352916854
4.765284345251108	1.3534181850054403	0.016205438037496904
4.791517132627397	1.3534181850054403	0.016166793583663318
4.8167727312568	1.3534181850054403	0.01616502422363926
4.840902931244115	1.3534181850054403	0.016177291231094706
4.863766126980863	1.3534181850054403	0.01618357768233434
4.885228148143311	1.3534181850054403	0.016170445882085903
4.90516304705728	1.3534181850054403	0.016133043804750436
4.923453837809178	1.3534181850054403	0.016074889055254976
4.9399931827658605	1.3534181850054403	0.016005597844637884
4.954684022474541	1.3534181850054403	0.015937295777670134
4.967440145246251	1.3534181850054403	0.015880785387051642
4.978186693080319	1.3534181850054403	0.01584256153504408
4.9868606009608785	1.3534181850054403	0.015823464636105882
4.993410966947456	1.3534181850054403	0.015819239922830537
4.997799350887806	1.3534181850054403	0.01582268789239889
5.0	1.3534181850054403	0.015826620824079828
4.25	1.3727223449952923	0.033108195314521645
4.252200649112194	1.3727223449952923	0.033007699168875006
4.256589033052544	1.3727223449952923	0.03279624962544614
4.2631393990391215	1.3727223449952923	0.03245622748140268
4.271813306919681	1.3727223449952923	0.03196858910736886
4.282559854753749	1.3727223449952923	0.03131956255063454
4.295315977525459	1.3727223449952923	0.03050657384857415
4.3100068172341395	1.3727223449952923	0.029541877234981914
4.326546162190822	1.3727223449952923	0.028452954705305705
4.34483695294272	1.3727223449952923	0.02727957300209818
4.364771851856689	1.3727223449952923	0.026068221971526206
4.386233873019137	1.3727223449952923	0.024865289872671656
4.409097068755885	1.3727223449952923	0.023710598904096165
4.4332272687432	1.3727223449952923	0.022632767713305826
4.458482867372603	1.3727223449952923	0.02164734042496338
4.484715654748892	1.3727223449952923	0.02075787426667524
4.511771686444731	1.3727223449952923	0.019959415209647575
4.539492186907772	1.3727223449952923	0.01924321624192904
4.567714481218726	1.3727223449952923	0.018601312258476523
4.596272949732473	1.3727223449952923	0.01802971041962964
4.625	1.3727223449952923	0.017529430107685647
4.653727050267527	1.3727223449952923	0.017105288722935375
4.682285518781274	1.3727223449952923	0.016762988275618628
4.710507813092227	1.3727223449952923	0.016505529893818878
4.738228313555268	1.3727223449952923	0.01633014342942972
4.765284345251108	1.3727223449952923	0.016226732741807474
4.791517132627397	1.3727223449952923	0.016178367682408403
4.8167727312568	1.3727223449952923	0.016163742948099014
4.840902931244115	1.3727223449952923	0.016160949683090634
4.863766126980863	1.3727223449952923	0.016151531044248706
4.885228148143311	1.3727223449952923	0.01612372034351587
4.90516304705728	1.3727223449952923	0.016074003916540888
4.923453837809178	1.3727223449952923	0.016006634063445553
4.9399931827658605	1.3727223449952923	0.01593129684004871
4.954684022474541	1.3727223449952923	0.01585964703056069
4.967440145246251	1.3727223449952923	0.01580171411899738
4.978186693080319	1.3727223449952923	0.015763179251319915
4.9868606009608785	1.3727223449952923	0.015744231522509228
4.993410966947456	1.3727223449952923	0.015740223179908433
4.997799350887806	1.3727223449952923	0.015743804103095248
5.0	1.3727223449952923	0.015747785393782493
4.25	1.3910129015846904	0.03347566501794947
4.252200649112194	1.3910129015846904	0.033377388119247293
4.256589033052544	1.3910129015846904	0.033171592734973596
4.2631393990391215	1.3910129015846904	0.03284258788996998
4.271813306919681	1.3910129015846904	0.03237311426984204
4.282559854753749	1.3910129015846904	0.031750088387217226
4.295315977525459	1.3910129015846904	0.03096977583140531
4.3100068172341395	1.3910129015846904	0.030041115681322395
4.326546162190822	1.3910129015846904	0.028986393539783266
4.34483695294272	1.3910129015846904	0.027839127544840782
4.364771851856689	1.3910129015846904	0.026639714602721073
4.386233873019137	1.3910129015846904	0.025429906833559644
4.409097068755885	1.3910129015846904	0.02424742078317311
4.4332272687432	1.3910129015846904	0.023121873998633156
4.458482867372603	1.3910129015846904	0.022072836098073274
4.484715654748892	1.3910129015846904	0.021110193646404915
4.511771686444731	1.3910129015846904	0.0202364232734786
4.539492186907772	1.3910129015846904	0.0194499077240867
4.567714481218726	1.3910129015846904	0.018748232056736248
4.596272949732473	1.3910129015846904	0.0181305035009945
4.625	1.3910129015846904	0.01759810521029985
4.653727050267527	1.3910129015846904	0.01715380754347056
4.682285518781274	1.3910129015846904	0.016799669878247044
4.710507813092227	1.3910129015846904	0.016534526639223522
4.738228313555268	1.3910129015846904	0.016351964873389066
4.765284345251108	1.3910129015846904	0.016239541773348187
4.791517132627397	1.3910129015846904	0.016179611731923938
4.8167727312568	1.3910129015846904	0.0161516481147247
4.840902931244115	1.3910129015846904	0.016135497148246865
4.863766126980863	1.3910129015846904	0.01611471922759568
4.885228148143311	1.3910129015846904	0.016079135968814565
4.90516304705728	1.3910129015846904	0.016025917353426546
4.923453837809178	1.3910129015846904	0.015958947523325363
4.9399931827658605	1.3910129015846904	0.015886682244632185
4.954684022474541	1.3910129015846904	0.015819119196531062
4.967440145246251	1.3910129015846904	0.015764728241477247
4.978186693080319	1.3910129015846904	0.01572817064098935
4.9868606009608785	1.3910129015846904	0.01570938273472096
4.993410966947456	1.3910129015846904	0.015704187515306858
4.997799350887806	1.3910129015846904	0.01570614835573726
5.0	1.3910129015846904	0.015709023860556916
4.25	1.4081825185146486	0.033945635308207156
4.252200649112194	1.4081825185146486	0.0338382939039525
4.256589033052544	1.4081825185146486	0.0336173975981118
4.2631393990391215	1.4081825185146486	0.03327244411487827
4.271813306919681	1.4081825185146486	0.032792021913145016
4.282559854753749	1.4081825185146486	0.032167823261369057
4.295315977525459	1.4081825185146486	0.031398324482579155
4.3100068172341395	1.4081825185146486	0.030491261680859437
4.326546162190822	1.4081825185146486	0.029464336400271435
4.34483695294272	1.4081825185146486	0.028344020929005176
4.364771851856689	1.4081825185146486	0.0271627836067102
4.386233873019137	1.4081825185146486	0.02595540586003155
4.409097068755885	1.4081825185146486	0.02475522943192433
4.4332272687432	1.4081825185146486	0.023591120174960747
4.458482867372603	1.4081825185146486	0.02248568843263094
4.484715654748892	1.4081825185146486	0.02145494047195702
4.511771686444731	1.4081825185146486	0.02050915436429134
4.539492186907772	1.4081825185146486	0.01965448050308545
4.567714481218726	1.4081825185146486	0.018894636446225195
4.596272949732473	1.4081825185146486	0.018232124701995846
4.625	1.4081825185146486	0.017668623228233135
4.653727050267527	1.4081825185146486	0.017204509927661333
4.682285518781274	1.4081825185146486	0.016837789318244527
4.710507813092227	1.4081825185146486	0.016562901223459586
4.738228313555268	1.4081825185146486	0.0163699471759152
4.765284345251108	1.4081825185146486	0.0162447563386348
4.791517132627397	1.4081825185146486	0.01616996496243901
4.8167727312568	1.4081825185146486	0.016126976198880986
4.840902931244115	1.4081825185146486	0.016098391628475917
4.863766126980863	1.4081825185146486	0.016070343514729336
4.885228148143311	1.4081825185146486	0.016034155793189245
4.90516304705728	1.4081825185146486	0.015986923614128432
4.923453837809178	1.4081825185146486	0.015930880429217868
4.9399931827658605	1.4081825185146486	0.015871739078656265
4.954684022474541	1.4081825185146486	0.01581645923163496
4.967440145246251	1.4081825185146486	0.01577103297662917
4.978186693080319	1.4081825185146486	0.015738854800012296
4.9868606009608785	1.4081825185146486	0.015720060274371436
4.993410966947456	1.4081825185146486	0.01571193264719522
4.997799350887806	1.4081825185146486	0.01571017041948642
5.0	1.4081825185146486	0.01571056960303964
4.25	1.4241304376458235	0.03449188052538818
4.252200649112194	1.4241304376458235	0.03436636918077272
4.256589033052544	1.4241304376458235	0.034113618989131206
4.2631393990391215	1.4241304376458235	0.033730938662255676
4.271813306919681	1.4241304376458235	0.03321603197141672
4.282559854753749	1.4241304376458235	0.032568653788134706
4.295315977525459	1.4241304376458235	0.03179220466867309
4.3100068172341395	1.4241304376458235	0.03089492550608922
4.326546162190822	1.4241304376458235	0.029890447234759282
4.34483695294272	1.4241304376458235	0.02879759225046515
4.364771851856689	1.4241304376458235	0.02763947845547757
4.386233873019137	1.4241304376458235	0.026442106861933965
4.409097068755885	1.4241304376458235	0.02523269099178127
4.4332272687432	1.4241304376458235	0.024037997611770293
4.458482867372603	1.4241304376458235	0.022882918173220374
4.484715654748892	1.4241304376458235	0.021789398775437202
4.511771686444731	1.4241304376458235	0.02077575279589402
4.539492186907772	1.4241304376458235	0.019856294349407614
4.567714481218726	1.4241304376458235	0.019041184456516654
4.596272949732473	1.4241304376458235	0.018336383591399157
4.625	1.4241304376458235	0.017743647197750876
4.653727050267527	1.4241304376458235	0.017260565353504308
4.682285518781274	1.4241304376458235	0.016880708457087695
4.710507813092227	1.4241304376458235	0.016593973949667593
4.738228313555268	1.4241304376458235	0.016387220292974326
4.765284345251108	1.4241304376458235	0.016245223057821515
4.791517132627397	1.4241304376458235	0.016151907511055007
4.8167727312568	1.4241304376458235	0.016091726195548
4.840902931244115	1.4241304376458235	0.016050985576259492
4.863766126980863	1.4241304376458235	0.016018904934424233
4.885228148143311	1.4241304376458235	0.015988223773507036
4.90516304705728	1.4241304376458235	0.015955256367780963
4.923453837809178	1.4241304376458235	0.015919404737518385
4.9399931827658605	1.4241304376458235	0.015882255928271805
4.954684022474541	1.4241304376458235	0.015846476065768618
4.967440145246251	1.4241304376458235	0.015814749079940155
4.978186693080319	1.4241304376458235	0.015788982439287214
4.9868606009608785	1.4241304376458235	0.01576992223224706
4.993410966947456	1.4241304376458235	0.01575720675172615
4.997799350887806	1.4241304376458235	0.015749771712562033
5.0	1.4241304376458235	0.015746432471798997
4.25	1.4387630702473422	0.03508212542072758
4.252200649112194	1.4387630702473422	0.03493370425745261
4.256589033052544	1.4387630702473422	0.03464031237231377
4.2631393990391215	1.4387630702473422	0.03420831714033626
4.271813306919681	1.4387630702473422	0.033646100691741114
4.282559854753749	1.4387630702473422	0.032963070317080304
4.295315977525459	1.4387630702473422	0.032168895890516865
4.3100068172341395	1.4387630702473422	0.03127322731966075
4.326546162190822	1.4387630702473422	0.030286004430619573
4.34483695294272	1.4387630702473422	0.029218290092588788
4.364771851856689	1.4387630702473422	0.02808338529789839
4.386233873019137	1.4387630702473422	0.026897871356460656
4.409097068755885	1.4387630702473422	0.0256822033194634
4.4332272687432	1.4387630702473422	0.02446055967070679
4.458482867372603	1.4387630702473422	0.023259818287624797
4.484715654748892	1.4387630702473422	0.022107736931027053
4.511771686444731	1.4387630702473422	0.021030615244297342
4.539492186907772	1.4387630702473422	0.02005085350792724
4.567714481218726	1.4387630702473422	0.019184865639173463
4.596272949732473	1.4387630702473422	0.018441739229224187
4.625	1.4387630702473422	0.01782288015960888
4.653727050267527	1.4387630702473422	0.017322672626555232
4.682285518781274	1.4387630702473422	0.016929978477551202
4.710507813092227	1.4387630702473422	0.016630142480120336
4.738228313555268	1.4387630702473422	0.016407098066867833
4.765284345251108	1.4387630702473422	0.016245193753071135
4.791517132627397	1.4387630702473422	0.016130470888590643
4.8167727312568	1.4387630702473422	0.01605128480282537
4.840902931244115	1.4387630702473422	0.015998328799322687
4.863766126980863	1.4387630702473422	0.015964250384876793
4.885228148143311	1.4387630702473422	0.015943111167153405
4.90516304705728	1.4387630702473422	0.015929926217121144
4.923453837809178	1.4387630702473422	0.015920437697844292
4.9399931827658605	1.4387630702473422	0.0159111609925086
4.954684022474541	1.4387630702473422	0.01589962728005537
4.967440145246251	1.4387630702473422	0.01588466917441039
4.978186693080319	1.4387630702473422	0.015866577250318918
4.9868606009608785	1.4387630702473422	0.015846997801501197
4.993410966947456	1.4387630702473422	0.015828529934979525
4.997799350887806	1.4387630702473422	0.015814083655773345
5.0	1.4387630702473422	0.01580614642102324
4.25	1.4519945462126884	0.035682650400736045
4.252200649112194	1.4519945462126884	0.035511955759715545
4.256589033052544	1.4519945462126884	0.035178919093264906
4.2631393990391215	1.4519945462126884	0.03469847996659361
4.271813306919681	1.4519945462126884	0.03408911758279311
4.282559854753749	1.4519945462126884	0.033369356897526244
4.295315977525459	1.4519945462126884	0.03255478472050543
4.3100068172341395	1.4519945462126884	0.03165639047271045
4.326546162190822	1.4519945462126884	0.03068067917884004
4.34483695294272	1.4519945462126884	0.029631511694571098
4.364771851856689	1.4519945462126884	0.028513143076849615
4.386233873019137	1.4519945462126884	0.027333586114760784
4.409097068755885	1.4519945462126884	0.026107316990645665
4.4332272687432	1.4519945462126884	0.024856494117820763
4.458482867372603	1.4519945462126884	0.02361023839699737
4.484715654748892	1.4519945462126884	0.022402022649402838
4.511771686444731	1.4519945462126884	0.0212657068699684
4.539492186907772	1.4519945462126884	0.020231105215984597
4.567714481218726	1.4519945462126884	0.019320089962135696
4.596272949732473	1.4519945462126884	0.01854409909502925
4.625	1.4519945462126884	0.017903558843917002
4.653727050267527	1.4519945462126884	0.017389258019744492
4.682285518781274	1.4519945462126884	0.016985244609886513
4.710507813092227	1.4519945462126884	0.01667247809409455
4.738228313555268	1.4519945462126884	0.01643234659638666
4.765284345251108	1.4519945462126884	0.016249269697502733
4.791517132627397	1.4519945462126884	0.01611191451680456
4.8167727312568	1.4519945462126884	0.016012962265282805
4.840902931244115	1.4519945462126884	0.01594775826015068
4.863766126980863	1.4519945462126884	0.01591245238748121
4.885228148143311	1.4519945462126884	0.015902319543181075
4.90516304705728	1.4519945462126884	0.01591082756333589
4.923453837809178	1.4519945462126884	0.01592973888372949
4.9399931827658605	1.4519945462126884	0.01595018072738291
4.954684022474541	1.4519945462126884	0.01596430316629296
4.967440145246251	1.4519945462126884	0.015966957242589015
4.978186693080319	1.4519945462126884	0.01595681863212715
4.9868606009608785	1.4519945462126884	0.015936553912508804
4.993410966947456	1.4519945462126884	0.015911921574288536
4.997799350887806	1.4519945462126884	0.015890028045945224
5.0	1.4519945462126884	0.01587722114893068
4.25	1.4637472179796323	0.03626210335022593
4.252200649112194	1.4637472179796323	0.03607473158535425
4.256589033052544	1.4637472179796323	0.035712062332751794
4.2631393990391215	1.4637472179796323	0.03519550193503326
4.271813306919681	1.4637472179796323	0.03455104897517699
4.282559854753749	1.4637472179796323	0.03380384265861165
4.295315977525459	1.4637472179796323	0.03297347528568549
4.3100068172341395	1.4637472179796323	0.03207133174788692
4.326546162190822	1.4637472179796323	0.031100661137502796
4.34483695294272	1.4637472179796323	0.030059334846429833
4.364771851856689	1.4637472179796323	0.028944506178161983
4.386233873019137	1.4637472179796323	0.027757859126976796
4.409097068755885	1.4637472179796323	0.026509960992915214
4.4332272687432	1.4637472179796323	0.025222460648424132
4.458482867372603	1.4637472179796323	0.02392743880706543
4.484715654748892	1.4637472179796323	0.02266396515879472
4.511771686444731	1.4637472179796323	0.021472648063970232
4.539492186907772	1.4637472179796323	0.020389480881374378
4.567714481218726	1.4637472179796323	0.019440459800181775
4.596272949732473	1.4637472179796323	0.018638231556781612
4.625	1.4637472179796323	0.017981490728900346
4.653727050267527	1.4637472179796323	0.01745713586528241
4.682285518781274	1.4637472179796323	0.017044504908464264
4.710507813092227	1.4637472179796323	0.01672052601932674
4.738228313555268	1.4637472179796323	0.016464462635071345
4.765284345251108	1.4637472179796323	0.01626113165017641
4.791517132627397	1.4637472179796323	0.016101962832427777
4.8167727312568	1.4637472179796323	0.015983900617436368
4.840902931244115	1.4637472179796323	0.015906745923408502
4.863766126980863	1.4637472179796323	0.015869931299748452
4.885228148143311	1.4637472179796323	0.015869814786709496
4.90516304705728	1.4637472179796323	0.01589835231062814
4.923453837809178	1.4637472179796323	0.015943541756272987
4.9399931827658605	1.4637472179796323	0.01599146715592356
4.954684022474541	1.4637472179796323	0.016029276160484336
4.967440145246251	1.4637472179796323	0.016048141458664206
4.978186693080319	1.4637472179796323	0.016045265615475608
4.9868606009608785	1.4637472179796323	0.01602428111715638
4.993410966947456	1.4637472179796323	0.01599388272428736
4.997799350887806	1.4637472179796323	0.015965061706497932
5.0	1.4637472179796323	0.015947733044968326
4.25	1.473952116197001	0.03679407391305519
4.252200649112194	1.473952116197001	0.03659887563581684
4.256589033052544	1.473952116197001	0.036222497999757186
4.2631393990391215	1.473952116197001	0.03568964411291183
4.271813306919681	1.473952116197001	0.03502994781751244
4.282559854753749	1.473952116197001	0.03427138160895967
4.295315977525459	1.473952116197001	0.03343463554974619
4.3100068172341395	1.473952116197001	0.03253000844388987
4.326546162190822	1.473952116197001	0.03155765967305718
4.34483695294272	1.473952116197001	0.030511142438384528
4.364771851856689	1.473952116197001	0.029383230534085956
4.386233873019137	1.473952116197001	0.028172409439094624
4.409097068755885	1.473952116197001	0.02688820314783158
4.4332272687432	1.473952116197001	0.025553804418497285
4.458482867372603	1.473952116197001	0.024205186504759148
4.484715654748892	1.473952116197001	0.022886805348106193
4.511771686444731	1.473952116197001	0.021644900516622056
4.539492186907772	1.473952116197001	0.020520029456046814
4.567714481218726	1.473952116197001	0.019540657847154082
4.596272949732473	1.473952116197001	0.01871933455738145
4.625	1.473952116197001	0.018052289526503413
4.653727050267527	1.473952116197001	0.017522399339292633
4.682285518781274	1.473952116197001	0.017104612176822066
4.710507813092227	1.473952116197001	0.016772339260805614
4.738228313555268	1.473952116197001	0.01650315360803579
4.765284345251108	1.473952116197001	0.01628242090073903
4.791517132627397	1.473952116197001	0.01610412934309111
4.8167727312568	1.473952116197001	0.015968997174982746
4.840902931244115	1.473952116197001	0.01588068787348468
4.863766126980863	1.473952116197001	0.015841446946938117
4.885228148143311	1.473952116197001	0.01584856405162913
4.90516304705728	1.473952116197001	0.01589274761848427
4.923453837809178	1.473952116197001	0.01595887925092034
4.9399931827658605	1.473952116197001	0.016028878646765183
4.954684022474541	1.473952116197001	0.0160857726429678
4.967440145246251	1.473952116197001	0.016117707149649253
4.978186693080319	1.473952116197001	0.016120666418657423
4.9868606009608785	1.473952116197001	0.01609905677846702
4.993410966947456	1.473952116197001	0.01606395185071486
4.997799350887806	1.473952116197001	0.0160294930429392
5.0	1.473952116197001	0.016008487732493942
4.25	1.4825493544642556	0.03725830800029316
4.252200649112194	1.4825493544642556	0.03706487840829975
4.256589033052544	1.4825493544642556	0.036692074619654576
4.2631393990391215	1.4825493544642556	0.036164496996606225
4.271813306919681	1.4825493544642556	0.03551125928281387
4.282559854753749	1.4825493544642556	0.034759138364568044
4.295315977525459	1.4825493544642556	0.033926845607521086
4.3100068172341395	1.4825493544642556	0.03302205465675415
4.326546162190822	1.4825493544642556	0.03204205530577759
4.34483695294272	1.4825493544642556	0.030977888650235222
4.364771851856689	1.4825493544642556	0.029820835465879214
4.386233873019137	1.4825493544642556	0.02856944972212062
4.409097068755885	1.4825493544642556	0.027235141259502275
4.4332272687432	1.4825493544642556	0.025844669547450426
4.458482867372603	1.4825493544642556	0.02443871786878035
4.484715654748892	1.4825493544642556	0.023066754956970918
4.511771686444731	1.4825493544642556	0.021779377298963842
4.539492186907772	1.4825493544642556	0.020619993369709745
4.567714481218726	1.4825493544642556	0.01961788243253676
4.596272949732473	1.4825493544642556	0.01878429304827394
4.625	1.4825493544642556	0.018112444707385166
4.653727050267527	1.4825493544642556	0.017581281383506783
4.682285518781274	1.4825493544642556	0.017161874463925718
4.710507813092227	1.4825493544642556	0.016824739037246017
4.738228313555268	1.4825493544642556	0.016546175378248807
4.765284345251108	1.4825493544642556	0.01631210545748855
4.791517132627397	1.4825493544642556	0.01611863080196746
4.8167727312568	1.4825493544642556	0.015969474264601036
4.840902931244115	1.4825493544642556	0.01587132080890821
4.863766126980863	1.4825493544642556	0.015828607258438786
4.885228148143311	1.4825493544642556	0.01583938818870925
4.90516304705728	1.4825493544642556	0.015893516377804374
4.923453837809178	1.4825493544642556	0.015973644600680043
4.9399931827658605	1.4825493544642556	0.016058698633021472
4.954684022474541	1.4825493544642556	0.016128738001835858
4.967440145246251	1.4825493544642556	0.016169720289033452
4.978186693080319	1.4825493544642556	0.016176726841748954
4.9868606009608785	1.4825493544642556	0.016154673767762362
4.993410966947456	1.4825493544642556	0.01611628124926713
4.997799350887806	1.4825493544642556	0.01607788533421527
5.0	1.4825493544642556	0.016054312352302588
4.25	1.4894884807687025	0.03764071364026085
4.252200649112194	1.4894884807687025	0.037456778229905154
4.256589033052544	1.4894884807687025	0.03710145078286069
4.2631393990391215	1.4894884807687025	0.03659647966722538
4.271813306919681	1.4894884807687025	0.03596712015290107
4.282559854753749	1.4894884807687025	0.035235755006111265
4.295315977525459	1.4894884807687025	0.034416732399555464
4.3100068172341395	1.4894884807687025	0.03351399472081172
4.326546162190822	1.4894884807687025	0.03252228934715214
4.34483695294272	1.4894884807687025	0.0314317296622918
4.364771851856689	1.4894884807687025	0.030234497686259236
4.386233873019137	1.4894884807687025	0.028931824025990024
4.409097068755885	1.4894884807687025	0.02753923404646031
4.4332272687432	1.4894884807687025	0.026088458477773486
4.458482867372603	1.4894884807687025	0.024625265399078167
4.484715654748892	1.4894884807687025	0.02320354712115096
4.511771686444731	1.4894884807687025	0.021876997329460135
4.539492186907772	1.4894884807687025	0.020690368017033205
4.567714481218726	1.4894884807687025	0.01967242415577745
4.596272949732473	1.4894884807687025	0.018832282336774198
4.625	1.4894884807687025	0.018159946058880615
4.653727050267527	1.4894884807687025	0.01763077278716078
4.682285518781274	1.4894884807687025	0.01721261770842562
4.710507813092227	1.4894884807687025	0.01687376085608235
4.738228313555268	1.4894884807687025	0.016589603389765912
4.765284345251108	1.4894884807687025	0.016346537218372755
4.791517132627397	1.4894884807687025	0.016142223989542723
4.8167727312568	1.4894884807687025	0.01598252777352698
4.840902931244115	1.4894884807687025	0.01587624955828465
4.863766126980863	1.4894884807687025	0.01582936445814517
4.885228148143311	1.4894884807687025	0.015840520303629913
4.90516304705728	1.4894884807687025	0.01589911601919119
4.923453837809178	1.4894884807687025	0.015986476533826694
4.9399931827658605	1.4894884807687025	0.01607971364731127
4.954684022474541	1.4894884807687025	0.016157076261179987
4.967440145246251	1.4894884807687025	0.016203170984289243
4.978186693080319	1.4894884807687025	0.016212490555346213
4.9868606009608785	1.4894884807687025	0.016190199476876572
4.993410966947456	1.4894884807687025	0.016149940068656013
4.997799350887806	1.4894884807687025	0.016109299008550956
5.0	1.4894884807687025	0.016084259467905166
4.25	1.4947287735579649	0.03793249130715406
4.252200649112194	1.4947287735579649	0.03776190694664937
4.256589033052544	1.4947287735579649	0.03743095899653883
4.2631393990391215	1.4947287735579649	0.03695712210365418
4.271813306919681	1.4947287735579649	0.03636010767506718
4.282559854753749	1.4947287735579649	0.03565636168434322
4.295315977525459	1.4947287735579649	0.034854831064482075
4.3100068172341395	1.4947287735579649	0.03395542054783598
4.326546162190822	1.4947287735579649	0.03295079847702339
4.34483695294272	1.4947287735579649	0.03183122885486463
4.364771851856689	1.4947287735579649	0.030591186390554675
4.386233873019137	1.4947287735579649	0.029235916811095018
4.409097068755885	1.4947287735579649	0.027786013026487817
4.4332272687432	1.4947287735579649	0.026278526507876928
4.458482867372603	1.4947287735579649	0.024764009073385346
4.484715654748892	1.4947287735579649	0.023299949105282446
4.511771686444731	1.4947287735579649	0.02194203751883856
4.539492186907772	1.4947287735579649	0.0207353058666953
4.567714481218726	1.4947287735579649	0.01970725289034411
4.596272949732473	1.4947287735579649	0.018864592572302358
4.625	1.4947287735579649	0.0181943441126843
4.653727050267527	1.4947287735579649	0.01766888693467277
4.682285518781274	1.4947287735579649	0.01725361609926582
4.710507813092227	1.4947287735579649	0.016915218434677314
4.738228313555268	1.4947287735579649	0.016628507134293456
4.765284345251108	1.4947287735579649	0.016380216098439256
4.791517132627397	1.4947287735579649	0.016169029617827523
4.8167727312568	1.4947287735579649	0.01600216267085278
4.840902931244115	1.4947287735579649	0.015889725320442305
4.863766126980863	1.4947287735579649	0.01583865294294342
4.885228148143311	1.4947287735579649	0.015848020383266697
4.90516304705728	1.4947287735579649	0.015907085233164173
4.923453837809178	1.4947287735579649	0.015996567722297256
4.9399931827658605	1.4947287735579649	0.016092716157500065
4.954684022474541	1.4947287735579649	0.016172901190734938
4.967440145246251	1.4947287735579649	0.01622105559969968
4.978186693080319	1.4947287735579649	0.016231344088180916
4.9868606009608785	1.4947287735579649	0.01620898305551794
4.993410966947456	1.4947287735579649	0.016167973480288474
4.997799350887806	1.4947287735579649	0.016126414797118863
5.0	1.4947287735579649	0.016100772236789927
4.25	1.4982394807102444	0.03812880110825559
4.252200649112194	1.4982394807102444	0.03797071492391388
4.256589033052544	1.4982394807102444	0.037662528303266135
4.2631393990391215	1.4982394807102444	0.037217634031301884
4.271813306919681	1.4982394807102444	0.03665051841448764
4.282559854753749	1.4982394807102444	0.0359721472471621
4.295315977525459	1.4982394807102444	0.035186642185583955
4.3100068172341395	1.4982394807102444	0.03429050691260852
4.326546162190822	1.4982394807102444	0.033274930711953754
4.34483695294272	1.4982394807102444	0.03213077141680412
4.364771851856689	1.4982394807102444	0.030854966817845914
4.386233873019137	1.4982394807102444	0.02945659477963174
4.409097068755885	1.4982394807102444	0.027960761345368235
4.4332272687432	1.4982394807102444	0.026408971442414945
4.458482867372603	1.4982394807102444	0.024855511348943243
4.484715654748892	1.4982394807102444	0.02336041405207743
4.511771686444731	1.4982394807102444	0.021980504878861346
4.539492186907772	1.4982394807102444	0.020760579173616074
4.567714481218726	1.4982394807102444	0.01972678866933741
4.596272949732473	1.4982394807102444	0.01888379397423031
4.625	1.4982394807102444	0.018216310904467816
4.653727050267527	1.4982394807102444	0.017694584199271945
4.682285518781274	1.4982394807102444	0.017282354653819162
4.710507813092227	1.4982394807102444	0.016945301643851565
4.738228313555268	1.4982394807102444	0.016657894469862728
4.765284345251108	1.4982394807102444	0.01640707905894575
4.791517132627397	1.4982394807102444	0.016192120608292216
4.8167727312568	1.4982394807102444	0.016020969731875785
4.840902931244115	1.4982394807102444	0.015904433265744686
4.863766126980863	1.4982394807102444	0.015849965580241536
4.885228148143311	1.4982394807102444	0.015856914551012517
4.90516304705728	1.4982394807102444	0.015914565528329393
4.923453837809178	1.4982394807102444	0.01600347495096496
4.9399931827658605	1.4982394807102444	0.016099618865194197
4.954684022474541	1.4982394807102444	0.016180074732968862
4.967440145246251	1.4982394807102444	0.01622853263344489
4.978186693080319	1.4982394807102444	0.016239007596109432
4.9868606009608785	1.4982394807102444	0.016216669200097702
4.993410966947456	1.4982394807102444	0.016175555794810142
4.997799350887806	1.4982394807102444	0.016133851107982877
5.0	1.4982394807102444	0.016108108285951953
4.25	1.5	0.038227369738414445
4.252200649112194	1.5	0.03807675195670781
4.256589033052544	1.5	0.037782151803781326
4.2631393990391215	1.5	0.03735450322556634
4.271813306919681	1.5	0.036805161771784514
4.282559854753749	1.5	0.03614183762506196
4.295315977525459	1.5	0.03536582566065698
4.3100068172341395	1.5	0.0344716898371726
4.326546162190822	1.5	0.03344984965807021
4.34483695294272	1.5	0.03229162810820281
4.364771851856689	1.5	0.03099551163292339
4.386233873019137	1.5	0.029572885166589836
4.409097068755885	1.5	0.028051494321196666
4.4332272687432	1.5	0.026475375497739595
4.458482867372603	1.5	0.02490086421454753
4.484715654748892	1.5	0.023389313062583086
4.511771686444731	1.5	0.02199804600583379
4.539492186907772	1.5	0.020771596574796262
4.567714481218726	1.5	0.019735273560474848
4.596272949732473	1.5	0.018892560124824407
4.625	1.5	0.018226917159249022
4.653727050267527	1.5	0.01770747470222996
4.682285518781274	1.5	0.017297144198998252
4.710507813092227	1.5	0.01696112112691571
4.738228313555268	1.5	0.016673718802246967
4.765284345251108	1.5	0.01642198185008706
4.791517132627397	1.5	0.016205428712445537
4.8167727312568	1.5	0.016032318486591
4.840902931244115	1.5	0.01591374377133704
4.863766126980863	1.5	0.01585737551912172
4.885228148143311	1.5	0.01586269390837521
4.90516304705728	1.5	0.015919040857328606
4.923453837809178	1.5	0.01600697462089498
4.9399931827658605	1.5	0.01610244111740178
4.954684022474541	1.5	0.016182473246131354
4.967440145246251	1.5	0.016230711776982973
4.978186693080319	1.5	0.016241120981918836
4.9868606009608785	1.5	0.01621881870494094
4.993410966947456	1.5	0.016177791778858704
4.997799350887806	1.5	0.016136176469340686
5.0	1.5	0.016110488665263437
