-4.852848199573163
-175.48653700672946
-47.28203936958262
18.091342445193845
-5.201513847952831
10.201247083226846
-17.57533466120989
-26.130377611829342
-4.183442111510673
0.20836668911000913
0.08023304424754542
-474.0470571502255
-813.778830256088
-719.8789189715067
-602.5008437630149
-535.4240374548191
-362.83346198373005
-146.9953704982941
-99.86307321575498
-51.77739354063413
-58.547686743124245
-3.461610171036854
59.11752756485762
108.86720046425329
99.09261333994354
79.13495108911403
79.1396530625819
56.48711538945181
24.959080629861997
10.28519005734006
2.1713246183694617
4.629215814994192
-0.5925071600585357
8.049608174524288
12.2882912901149
13.122406087148713
17.653277588514907
12.20739506426596
10.472183915751026
9.479973316916562
9.415976822079582
6.657933290409948
3.164469601090629
1.1447863365897508
-3.743831609928734
-5.306275817748236
-8.036300741663622
-12.140095927793219
-11.518506206369667
-10.046207459277412
-7.708685412673284
-5.557403140170395
-3.3369255710601977
-1.5637984233784705
-0.5635139840934185
-2.0840571038480022
-5.3842899532527
-3.710954288202692
-1.3055750823898016
-0.3435307408163359
0.01788829158008498
0.049616912320694144
0.05998937841606663
0.1376662360292239
0.07861579543906905
0.09313994939614609
2.6182737839218135
5.207042556220407
4.609991921214476
3.9496482852821844
3.1852839071054984
2.343831817051145
1.5828713903651401
1.0095632078556804
0.5403243281274459
0.2533389291120738
0.04861019253032493
-2.1762163945212927
-4.354174744662633
-3.968868393014435
-3.4000220275556026
-2.8739402666563416
-2.026797739100355
-1.3277246550210946
-0.8361957901344501
-0.40967817597258066
-0.19976552612520898
0.018497540815909652
0.18457220519420445
0.3622936350295278
0.3228734693164946
0.28601841878876044
0.2329184556731379
0.1772252326499093
0.12073611025949905
0.08287796320692833
0.044716251183130114
0.022041304079994127
-0.004156582686099711
0.15978879932231183
0.3046095299220762
0.2900371652625038
0.242701683251163
0.197857575546848
0.15373193970905005
0.10877749846845007
0.07178780089203327
0.04288699586703358
0.022511432640381454
0.008306491093585177
0.003598660993850017
0.006438337321112013
0.004112333099777357
0.004298420726790158
0.0016816026060999956
-0.003802776393099249
-0.004592939438808273
-0.0035370195863348307
-0.005568859796697042
-0.0027031681427251222
-0.0025945911652036297
-0.012870387885119204
-0.02536650199769697
-0.024690894600232112
-0.021344966702270107
-0.018317775521130508
-0.01476607161025785
-0.013264976930922505
-0.010046548804007202
-0.008114810216393644
-0.003535166815609263
-0.0022576778994771564
0.000909838089618851
0.0010518576448076645
0.0011048539084548327
-0.004320760887513271
-0.0005725577538604976
-0.006649848907100175
-0.0021871162253231675
-0.002763611460885864
-0.0028073165466608262
-0.0008468780692454483
0.0001805512843638849
