-4.374954502436429
-9.429666216909787
-2.173325579421315
2.0227096628850747
0.18010887152949895
0.09619427395552228
-0.06322326529223014
1.721521830125284
21.754437187563777
4.531921045176599
3.9552107054711514
-17.358419981658557
-0.5101201428422584
-2.5472237233412707
-1.236225139289359
-0.2188581513071411
0.6236201191285143
0.21429236572835544
0.12417552550879227
0.14959964413456686
-0.04488572097634965
0.3556889622769955
0.017043774358022252
-0.012249387042813533
0.029361692327178307
0.027483387064335604
0.05899990135838375
-0.012949385182625657
0.008779004403935907
-0.032487517673709124
0.022635742839783132
0.005688910338338741
