0.018891400298870493
0.0019039386708809153
0.0006558164315386636
-2.8716117287510366e-5
0.00022002933365228297
-2.3226850175832682e-5
-4.128699484024054e-5
0.0001074096468911647
-0.006189593031813389
-0.002565172659369822
-0.0014381038278493802
-0.000359650234041992
-5.658032507760497e-5
0.0002335850189935119
-8.57803270296481e-5
-0.00021478796152608477
0.00515634284842646
9.667095989456144e-5
8.712685435355256e-5
0.0003438545968290198
0.0008256583883653309
-0.00027707807770133104
-0.0002949786631531596
0.00037119257509587837
-0.00206503789061642
0.0008803530496293378
0.0010974301639400084
-4.054760735895116e-5
-0.000652473972284193
0.00022097444276995484
0.00023225556099645348
-0.00033629060251385006
0.0004730940013731832
-0.0007075777306291694
-0.0006944823837686882
-0.0001463999667501966
0.0003533573974868944
0.0002889878832414983
-0.00018375703479389256
-0.00020058251221587425
-4.081469387440193e-5
2.4053123603444383e-5
0.00032741014076837323
0.0002484117057769852
-6.90547905973658e-5
-0.0002517239764516755
0.00016630041060961793
0.0002467322154201708
-0.00031862500667937207
0.00020395122697137652
0.00039134072346264385
-7.545075341119265e-6
-0.00020425245064795475
0.00014637096876587687
-1.097305420483021e-5
-0.00020813168607167936
0.0002117857885971848
-6.313717451049117e-5
-0.0004754803609713525
-0.0001825387910443962
0.00015346404714155294
-0.00016742467918698714
-4.917168501846368e-5
0.00020216838631436835
