0.0643068358210082
-0.0073783665719594355
0.009123838865718254
9.590989740096558e-5
1.0451039703030892e-5
-5.520067993074264e-5
0.00012995990994216913
0.0002698057172663514
4.744366883627813e-5
0.018670645746615686
-0.00024372202438799077
0.001176276313360197
-0.0013399964826649863
-0.001040269807056997
0.0002781856488412483
0.0003294282346053129
0.021766609819861178
-0.014100331685493303
-0.001293451961814036
-0.00138383426408236
0.00018756889994767857
0.0015456936163447757
-0.00038004575068967944
-0.000847314801398387
-0.00481516828906449
-0.0010455118766121913
-0.0074705789370239665
-0.002158323512382232
0.0034197520846898557
0.000976718133558402
-0.0008587654520566963
-0.0004978931315122534
0.0009300249288085973
0.0006544412066277728
-0.001905645641997912
0.003183186800530418
0.0010828426417231862
-0.0017686622058185157
-0.00031495792985717307
0.0007785268645516399
0.0020351470411272485
0.0005409327338932615
0.0044695459435847035
0.0026740297975997285
-0.0010707804094102773
-0.0018909227201041304
0.00040735310643872546
0.000976684821131062
0.0007509635755857864
-0.000696513626030519
0.0018394747180788843
-0.0006386074421794332
-0.0013661350872697438
0.0006813924973185987
0.0003135029563775535
-0.00032401405607967044
-0.0004736226143308918
-0.0013155472063527747
-0.0010269281057006517
-0.001226844534552464
-0.0005553317526713098
0.0011385787503869174
4.1810317430546334e-5
-0.0007100184789105365
