4.25	0.9	0.06586673954750372
4.252200649112194	0.9	0.06545056715802854
4.256589033052544	0.9	0.06461590358885225
4.2631393990391215	0.9	0.06336454530616398
4.271813306919681	0.9	0.06171310153810122
4.282559854753749	0.9	0.05970423977622618
4.295315977525459	0.9	0.05741429671177755
4.3100068172341395	0.9	0.054953835252172845
4.326546162190822	0.9	0.05245953126069457
4.34483695294272	0.9	0.05007813374728589
4.364771851856689	0.9	0.047945515785572476
4.386233873019137	0.9	0.04616539158164609
4.409097068755885	0.9	0.0447926757731365
4.4332272687432	0.9	0.043825570138956764
4.458482867372603	0.9	0.04320849202159297
4.484715654748892	0.9	0.04284540895076146
4.511771686444731	0.9	0.04262067146748051
4.539492186907772	0.9	0.04242267690228705
4.567714481218726	0.9	0.042165097441159795
4.596272949732473	0.9	0.04180110666823416
4.625	0.9	0.041327840690191554
4.653727050267527	0.9	0.04078075182347205
4.682285518781274	0.9	0.04021992390705379
4.710507813092227	0.9	0.03971220796512871
4.738228313555268	0.9	0.039313775479236125
4.765284345251108	0.9	0.039057233623253904
4.791517132627397	0.9	0.038945979442323156
4.8167727312568	0.9	0.038956424031805666
4.840902931244115	0.9	0.03904666161303599
4.863766126980863	0.9	0.03916863441401402
4.885228148143311	0.9	0.039280223146059036
4.90516304705728	0.9	0.03935408014014565
4.923453837809178	0.9	0.03938124133160746
4.9399931827658605	0.9	0.03936920773984508
4.954684022474541	0.9	0.03933578159790367
4.967440145246251	0.9	0.03930102723607712
4.978186693080319	0.9	0.03928002434868887
4.9868606009608785	0.9	0.039278557597487135
4.993410966947456	0.9	0.039292751357967545
4.997799350887806	0.9	0.03931229365318767
5.0	0.9	0.03932573324275611
4.25	0.9017605192897558	0.0658901292267936
4.252200649112194	0.9017605192897558	0.06549260661653784
4.256589033052544	0.9017605192897558	0.06469194776748302
4.2631393990391215	0.9017605192897558	0.06348401927125431
4.271813306919681	0.9017605192897558	0.06187803746050611
4.282559854753749	0.9017605192897558	0.05990923840539655
4.295315977525459	0.9017605192897558	0.05764785592730918
4.3100068172341395	0.9017605192897558	0.05520070122620378
4.326546162190822	0.9017605192897558	0.05270352950374914
4.34483695294272	0.9017605192897558	0.050304870652478385
4.364771851856689	0.9017605192897558	0.04814441597856144
4.386233873019137	0.9017605192897558	0.04633072770122835
4.409097068755885	0.9017605192897558	0.04492350336160472
4.4332272687432	0.9017605192897558	0.04392473599795137
4.458482867372603	0.9017605192897558	0.04328107815379023
4.484715654748892	0.9017605192897558	0.04289706336977234
4.511771686444731	0.9017605192897558	0.04265624770440562
4.539492186907772	0.9017605192897558	0.042445472681722246
4.567714481218726	0.9017605192897558	0.042176791215462986
4.596272949732473	0.9017605192897558	0.04180229261494516
4.625	0.9017605192897558	0.0413189103749486
4.653727050267527	0.9017605192897558	0.040762800369410976
4.682285518781274	0.9017605192897558	0.04019538229883993
4.710507813092227	0.9017605192897558	0.03968500719641525
4.738228313555268	0.9017605192897558	0.039288998149525155
4.765284345251108	0.9017605192897558	0.03904035981198205
4.791517132627397	0.9017605192897558	0.03894194446086532
4.8167727312568	0.9017605192897558	0.03896874819578033
4.840902931244115	0.9017605192897558	0.03907687948179478
4.863766126980863	0.9017605192897558	0.03921615742358099
4.885228148143311	0.9017605192897558	0.03934264567235437
4.90516304705728	0.9017605192897558	0.039427821687727994
4.923453837809178	0.9017605192897558	0.03946233924631594
4.9399931827658605	0.9017605192897558	0.03945405465024439
4.954684022474541	0.9017605192897558	0.03942164065911026
4.967440145246251	0.9017605192897558	0.03938623987821956
4.978186693080319	0.9017605192897558	0.039363921906052556
4.9868606009608785	0.9017605192897558	0.03936116971255506
4.993410966947456	0.9017605192897558	0.03937444697150287
4.997799350887806	0.9017605192897558	0.03939348480620107
5.0	0.9017605192897558	0.039406723856137096
4.25	0.9052712264420352	0.06593010041205292
4.252200649112194	0.9052712264420352	0.06556517145947519
4.256589033052544	0.9052712264420352	0.06482391855558985
4.2631393990391215	0.9052712264420352	0.06369180901295601
4.271813306919681	0.9052712264420352	0.06216510762939866
4.282559854753749	0.9052712264420352	0.06026605490663227
4.295315977525459	0.9052712264420352	0.058054247871340794
4.3100068172341395	0.9052712264420352	0.05563001024681749
4.326546162190822	0.9052712264420352	0.05312758847155652
4.34483695294272	0.9052712264420352	0.05069873535859807
4.364771851856689	0.9052712264420352	0.04848990854394201
4.386233873019137	0.9052712264420352	0.04661819173564697
4.409097068755885	0.9052712264420352	0.04515162574710211
4.4332272687432	0.9052712264420352	0.044098742813229654
4.458482867372603	0.9052712264420352	0.04340995352867991
4.484715654748892	0.9052712264420352	0.042990594555147636
4.511771686444731	0.9052712264420352	0.042722643119218265
4.539492186907772	0.9052712264420352	0.042490062599941515
4.567714481218726	0.9052712264420352	0.04220197745847064
4.596272949732473	0.9052712264420352	0.04180856077047794
4.625	0.9052712264420352	0.0413064481841451
4.653727050267527	0.9052712264420352	0.040733143396259386
4.682285518781274	0.9052712264420352	0.04015255378746323
4.710507813092227	0.9052712264420352	0.039635807755152797
4.738228313555268	0.9052712264420352	0.03924237051721008
4.765284345251108	0.9052712264420352	0.03900602474706789
4.791517132627397	0.9052712264420352	0.03892870115407142
4.8167727312568	0.9052712264420352	0.038982907178820914
4.840902931244115	0.9052712264420352	0.03912123570261949
4.863766126980863	0.9052712264420352	0.0392897422162573
4.885228148143311	0.9052712264420352	0.03944127361114102
4.90516304705728	0.9052712264420352	0.03954523802096526
4.923453837809178	0.9052712264420352	0.03959163390275748
4.9399931827658605	0.9052712264420352	0.039588973630832955
4.954684022474541	0.9052712264420352	0.03955749640084771
4.967440145246251	0.9052712264420352	0.0395202694049018
4.978186693080319	0.9052712264420352	0.0394951153765302
4.9868606009608785	0.9052712264420352	0.03948973810316961
4.993410966947456	0.9052712264420352	0.03950117407106033
4.997799350887806	0.9052712264420352	0.03951919782431848
5.0	0.9052712264420352	0.039532029735642606
4.25	0.9105115192312975	0.06597050508874223
4.252200649112194	0.9105115192312975	0.06564404724532608
4.256589033052544	0.9105115192312975	0.06497288058243786
4.2631393990391215	0.9105115192312975	0.06393015185096569
4.271813306919681	0.9105115192312975	0.062496808795537394
4.282559854753749	0.9105115192312975	0.060679769955188624
4.295315977525459	0.9105115192312975	0.058526161929429776
4.3100068172341395	0.9105115192312975	0.05612880335103278
4.326546162190822	0.9105115192312975	0.05362035659143943
4.34483695294272	0.9105115192312975	0.0511565763084102
4.364771851856689	0.9105115192312975	0.04889205141322476
4.386233873019137	0.9105115192312975	0.046953965171215806
4.409097068755885	0.9105115192312975	0.045420111482987566
4.4332272687432	0.9105115192312975	0.044306505642022875
4.458482867372603	0.9105115192312975	0.043567645507563785
4.484715654748892	0.9105115192312975	0.04310940930261702
4.511771686444731	0.9105115192312975	0.042811517789693394
4.539492186907772	0.9105115192312975	0.04255422925028122
4.567714481218726	0.9105115192312975	0.042243043866917664
4.596272949732473	0.9105115192312975	0.041825871618313436
4.625	0.9105115192312975	0.041299153303060845
4.653727050267527	0.9105115192312975	0.04070225793501191
4.682285518781274	0.9105115192312975	0.04010235961947204
4.710507813092227	0.9105115192312975	0.039574183512445495
4.738228313555268	0.9105115192312975	0.039179972047399494
4.765284345251108	0.9105115192312975	0.03895457031452149
4.791517132627397	0.9105115192312975	0.03889885511242742
4.8167727312568	0.9105115192312975	0.03898234247046102
4.840902931244115	0.9105115192312975	0.03915337585610885
4.863766126980863	0.9105115192312975	0.039353471083021854
4.885228148143311	0.9105115192312975	0.039531624361168985
4.90516304705728	0.9105115192312975	0.03965481387916037
4.923453837809178	0.9105115192312975	0.03971234320045046
4.9399931827658605	0.9105115192312975	0.03971362211644387
4.954684022474541	0.9105115192312975	0.03968087120754939
4.967440145246251	0.9105115192312975	0.039639534245012
4.978186693080319	0.9105115192312975	0.03960955309180036
4.9868606009608785	0.9105115192312975	0.039600057287654485
4.993410966947456	0.9105115192312975	0.039608689228590926
4.997799350887806	0.9105115192312975	0.03962517602642729
5.0	0.9105115192312975	0.03963738522217311
4.25	0.9174506455357443	0.06598233886381248
4.252200649112194	0.9174506455357443	0.06569111018277694
4.256589033052544	0.9174506455357443	0.06508413109576495
4.2631393990391215	0.9174506455357443	0.06412329495731475
4.271813306919681	0.9174506455357443	0.06277559483904317
4.282559854753749	0.9174506455357443	0.06103405034568959
4.295315977525459	0.9174506455357443	0.05893456286890146
4.3100068172341395	0.9174506455357443	0.0565633143789591
4.326546162190822	0.9174506455357443	0.05405174947893984
4.34483695294272	0.9174506455357443	0.05155945569112191
4.364771851856689	0.9174506455357443	0.049248507956592164
4.386233873019137	0.9174506455357443	0.04725520120186716
4.409097068755885	0.9174506455357443	0.04566592959613114
4.4332272687432	0.9174506455357443	0.04450305919809801
4.458482867372603	0.9174506455357443	0.04372422201502201
4.484715654748892	0.9174506455357443	0.04323516993164793
4.511771686444731	0.9174506455357443	0.042913025335418915
4.539492186907772	0.9174506455357443	0.042634302786727155
4.567714481218726	0.9174506455357443	0.04230107103263902
4.596272949732473	0.9174506455357443	0.04185930282832703
4.625	0.9174506455357443	0.04130560290542745
4.653727050267527	0.9174506455357443	0.040681517185319746
4.682285518781274	0.9174506455357443	0.040057704959480835
4.710507813092227	0.9174506455357443	0.039512606111086306
4.738228313555268	0.9174506455357443	0.03911128388672827
4.765284345251108	0.9174506455357443	0.03888966239038559
4.791517132627397	0.9174506455357443	0.0388476070207916
4.8167727312568	0.9174506455357443	0.038951754139050006
4.840902931244115	0.9174506455357443	0.03914640134676472
4.863766126980863	0.9174506455357443	0.03936881691373642
4.885228148143311	0.9174506455357443	0.039564499615658645
4.90516304705728	0.9174506455357443	0.039698367414020316
4.923453837809178	0.9174506455357443	0.039759363828857724
4.9399931827658605	0.9174506455357443	0.0397580492695961
4.954684022474541	0.9174506455357443	0.03971876460108436
4.967440145246251	0.9174506455357443	0.03966934234611165
4.978186693080319	0.9174506455357443	0.03963173850095458
4.9868606009608785	0.9174506455357443	0.03961631524982014
4.993410966947456	0.9174506455357443	0.03962108236547143
4.997799350887806	0.9174506455357443	0.0396354839722073
5.0	0.9174506455357443	0.03964684785356863
4.25	0.926047883802999	0.06592174476438246
4.252200649112194	0.926047883802999	0.06565494251106943
4.256589033052544	0.926047883802999	0.06509262473062205
4.2631393990391215	0.926047883802999	0.06418917565980001
4.271813306919681	0.926047883802999	0.06290230504547598
4.282559854753749	0.926047883802999	0.06121582950836136
4.295315977525459	0.926047883802999	0.059158270545544185
4.3100068172341395	0.926047883802999	0.056811500230950746
4.326546162190822	0.926047883802999	0.05430622135598157
4.34483695294272	0.926047883802999	0.05180453233863231
4.364771851856689	0.926047883802999	0.04947327517330213
4.386233873019137	0.926047883802999	0.04745437840059183
4.409097068755885	0.926047883802999	0.04583931879501234
4.4332272687432	0.926047883802999	0.04465389525520553
4.458482867372603	0.926047883802999	0.04385698494804299
4.484715654748892	0.926047883802999	0.04335350183245586
4.511771686444731	0.926047883802999	0.04301830425567895
4.539492186907772	0.926047883802999	0.042725197970931376
4.567714481218726	0.926047883802999	0.04237410647321443
4.596272949732473	0.926047883802999	0.04191017266031999
4.625	0.926047883802999	0.04133078797792265
4.653727050267527	0.926047883802999	0.040679694687785956
4.682285518781274	0.926047883802999	0.040030530228317256
4.710507813092227	0.926047883802999	0.03946464581283863
4.738228313555268	0.926047883802999	0.039049131409389745
4.765284345251108	0.926047883802999	0.03882049696601493
4.791517132627397	0.926047883802999	0.03877760461575273
4.8167727312568	0.926047883802999	0.0388847836637849
4.840902931244115	0.926047883802999	0.03908334297947148
4.863766126980863	0.926047883802999	0.03930765340393137
4.885228148143311	0.926047883802999	0.039501113034778906
4.90516304705728	0.926047883802999	0.03962778621357114
4.923453837809178	0.926047883802999	0.03967709981153005
4.9399931827658605	0.926047883802999	0.03966116676941496
4.954684022474541	0.926047883802999	0.039606428124225594
4.967440145246251	0.926047883802999	0.039542758402687006
4.978186693080319	0.926047883802999	0.03949358909121366
4.9868606009608785	0.926047883802999	0.03946991994254122
4.993410966947456	0.926047883802999	0.03946958352676211
4.997799350887806	0.926047883802999	0.03948131210647405
5.0	0.926047883802999	0.03949160731424599
4.25	0.9362527820203677	0.06573201859455588
4.252200649112194	0.9362527820203677	0.06547500639984595
4.256589033052544	0.9362527820203677	0.0649311200262975
4.2631393990391215	0.9362527820203677	0.0640526849981523
4.271813306919681	0.9362527820203677	0.06279485800814943
4.282559854753749	0.9362527820203677	0.061138894390734284
4.295315977525459	0.9362527820203677	0.05911118067772118
4.3100068172341395	0.9362527820203677	0.05679215907994554
4.326546162190822	0.9362527820203677	0.0543118722368264
4.34483695294272	0.9362527820203677	0.05183238093174829
4.364771851856689	0.9362527820203677	0.049520813965340034
4.386233873019137	0.9362527820203677	0.047519362991438274
4.409097068755885	0.9362527820203677	0.04591945705782001
4.4332272687432	0.9362527820203677	0.044746399358388804
4.458482867372603	0.9362527820203677	0.04395817764243505
4.484715654748892	0.9362527820203677	0.04345865048817779
4.511771686444731	0.9362527820203677	0.04312178445349809
4.539492186907772	0.9362527820203677	0.04282098420316151
4.567714481218726	0.9362527820203677	0.042456481455711445
4.596272949732473	0.9362527820203677	0.041974470423310914
4.625	0.9362527820203677	0.04137396249772603
4.653727050267527	0.9362527820203677	0.040700543489438294
4.682285518781274	0.9362527820203677	0.04002949171962995
4.710507813092227	0.9362527820203677	0.03944320562932618
4.738228313555268	0.9362527820203677	0.039008984024429254
4.765284345251108	0.9362527820203677	0.03876268247738572
4.791517132627397	0.9362527820203677	0.03870185517866089
4.8167727312568	0.9362527820203677	0.038789264015689905
4.840902931244115	0.9362527820203677	0.038964867464308925
4.863766126980863	0.9362527820203677	0.039162335174533484
4.885228148143311	0.9362527820203677	0.03932528428257122
4.90516304705728	0.9362527820203677	0.03941895361373368
4.923453837809178	0.9362527820203677	0.03943468780946165
4.9399931827658605	0.9362527820203677	0.03938685653965625
4.954684022474541	0.9362527820203677	0.03930400726844723
4.967440145246251	0.9362527820203677	0.03921752655016898
4.978186693080319	0.9362527820203677	0.03915148193682172
4.9868606009608785	0.9362527820203677	0.03911658673391381
4.993410966947456	0.9362527820203677	0.03910966076450651
4.997799350887806	0.9362527820203677	0.03911807728162818
5.0	0.9362527820203677	0.03912708734748499
4.25	0.9480054537873116	0.06535102525871946
4.252200649112194	0.9480054537873116	0.06509016134839467
4.256589033052544	0.9480054537873116	0.06454067702051364
4.2631393990391215	0.9480054537873116	0.06365862700272264
4.271813306919681	0.9480054537873116	0.06240366293472911
4.282559854753749	0.9480054537873116	0.06076125415046979
4.295315977525459	0.9480054537873116	0.0587607127127956
4.3100068172341395	0.9480054537873116	0.056483367462253756
4.326546162190822	0.9480054537873116	0.05405777578328695
4.34483695294272	0.9480054537873116	0.05164229434743598
4.364771851856689	0.9480054537873116	0.04939873135542594
4.386233873019137	0.9480054537873116	0.04746326117687867
4.409097068755885	0.9480054537873116	0.04592163968191711
4.4332272687432	0.9480054537873116	0.04479478584044346
4.458482867372603	0.9480054537873116	0.04403825089954408
4.484715654748892	0.9480054537873116	0.043555653942851234
4.511771686444731	0.9480054537873116	0.043222726200323594
4.539492186907772	0.9480054537873116	0.04291606774315951
4.567714481218726	0.9480054537873116	0.042539721020565614
4.596272949732473	0.9480054537873116	0.042043431620852015
4.625	0.9480054537873116	0.04142875489664985
4.653727050267527	0.9480054537873116	0.040742341271235924
4.682285518781274	0.9480054537873116	0.040058941970782906
4.710507813092227	0.9480054537873116	0.03945908725728563
4.738228313555268	0.9480054537873116	0.039007407472200314
4.765284345251108	0.9480054537873116	0.038736991054447174
4.791517132627397	0.9480054537873116	0.03864323322279354
4.8167727312568	0.9480054537873116	0.0386879090536747
4.840902931244115	0.9480054537873116	0.03881147301401718
4.863766126980863	0.9480054537873116	0.03894957800998446
4.885228148143311	0.9480054537873116	0.03904902187098637
4.90516304705728	0.9480054537873116	0.03907890748512999
4.923453837809178	0.9480054537873116	0.03903449918195109
4.9399931827658605	0.9480054537873116	0.03893352728644401
4.954684022474541	0.9480054537873116	0.038806856639573485
4.967440145246251	0.9480054537873116	0.038686880036802145
4.978186693080319	0.9480054537873116	0.0385973488933468
4.9868606009608785	0.9480054537873116	0.03854757297120269
4.993410966947456	0.9480054537873116	0.03853230598116419
4.997799350887806	0.9480054537873116	0.038536717533031804
5.0	0.9480054537873116	0.038544237536924764
4.25	0.9612369297526578	0.06472361066169886
4.252200649112194	0.9612369297526578	0.06445078542327044
4.256589033052544	0.9612369297526578	0.06388217217627554
4.2631393990391215	0.9612369297526578	0.06298227467303191
4.271813306919681	0.9612369297526578	0.06172083722885348
4.282559854753749	0.9612369297526578	0.06009264806498449
4.295315977525459	0.9612369297526578	0.058133299738758915
4.3100068172341395	0.9612369297526578	0.0559257696834372
4.326546162190822	0.9612369297526578	0.05359506686272162
4.34483695294272	0.9612369297526578	0.05129138137158985
4.364771851856689	0.9612369297526578	0.049165311077692585
4.386233873019137	0.9612369297526578	0.047340974180504175
4.409097068755885	0.9612369297526578	0.04589354235863747
4.4332272687432	0.9612369297526578	0.0448367451321927
4.458482867372603	0.9612369297526578	0.04412345954784091
4.484715654748892	0.9612369297526578	0.04365925411689471
4.511771686444731	0.9612369297526578	0.043325556739278834
4.539492186907772	0.9612369297526578	0.04300679765117399
4.567714481218726	0.9612369297526578	0.04261503162971385
4.596272949732473	0.9612369297526578	0.04210636235393468
4.625	0.9612369297526578	0.04148572649372596
4.653727050267527	0.9612369297526578	0.040799628203831616
4.682285518781274	0.9612369297526578	0.04011943341867169
4.710507813092227	0.9612369297526578	0.039520051736511824
4.738228313555268	0.9612369297526578	0.039059702693748415
4.765284345251108	0.9612369297526578	0.03876581155517647
4.791517132627397	0.9612369297526578	0.03863014852601426
4.8167727312568	0.9612369297526578	0.03861368953063505
4.840902931244115	0.9612369297526578	0.03865907763958328
4.863766126980863	0.9612369297526578	0.0387067010161347
4.885228148143311	0.9612369297526578	0.03870974257785791
4.90516304705728	0.9612369297526578	0.038644212535227276
4.923453837809178	0.9612369297526578	0.038511690924911725
4.9399931827658605	0.9612369297526578	0.03833474191139146
4.954684022474541	0.9612369297526578	0.03814705254973145
4.967440145246251	0.9612369297526578	0.037981704959257144
4.978186693080319	0.9612369297526578	0.03786125944819377
4.9868606009608785	0.9612369297526578	0.03779248529858071
4.993410966947456	0.9612369297526578	0.037766930358091734
4.997799350887806	0.9612369297526578	0.03776660201193459
5.0	0.9612369297526578	0.037772435948841214
4.25	0.9758695623541764	0.06381658899784766
4.252200649112194	0.9758695623541764	0.06353214947720263
4.256589033052544	0.9758695623541764	0.06294662019580081
4.2631393990391215	0.9758695623541764	0.06203552545011175
4.271813306919681	0.9758695623541764	0.06078151797889494
4.282559854753749	0.9758695623541764	0.059190829250065045
4.295315977525459	0.9758695623541764	0.057305953903024356
4.3100068172341395	0.9758695623541764	0.055210172079769
4.326546162190822	0.9758695623541764	0.05302164899421763
4.34483695294272	0.9758695623541764	0.050877678451434774
4.364771851856689	0.9758695623541764	0.048912384345311796
4.386233873019137	0.9758695623541764	0.04723310718324121
4.409097068755885	0.9758695623541764	0.045901251134849275
4.4332272687432	0.9758695623541764	0.04492238951121328
4.458482867372603	0.9758695623541764	0.04424817400689502
4.484715654748892	0.9758695623541764	0.04378966008741181
4.511771686444731	0.9758695623541764	0.04343882349614583
4.539492186907772	0.9758695623541764	0.043093047599252296
4.567714481218726	0.9758695623541764	0.042676724386691484
4.596272949732473	0.9758695623541764	0.042154982434877836
4.625	0.9758695623541764	0.04153667919179276
4.653727050267527	0.9758695623541764	0.040866589943211705
4.682285518781274	0.9758695623541764	0.04020944255815963
4.710507813092227	0.9758695623541764	0.03963037471740136
4.738228313555268	0.9758695623541764	0.039177047148904104
4.765284345251108	0.9758695623541764	0.03886790483655701
4.791517132627397	0.9758695623541764	0.038689190357884116
4.8167727312568	0.9758695623541764	0.038600832514640415
4.840902931244115	0.9758695623541764	0.03854895376654432
4.863766126980863	0.9758695623541764	0.0384811030712641
4.885228148143311	0.9758695623541764	0.038359839870849385
4.90516304705728	0.9758695623541764	0.038171048111817
4.923453837809178	0.9758695623541764	0.03792507797545945
4.9399931827658605	0.9758695623541764	0.037650968942093785
4.954684022474541	0.9758695623541764	0.03738596943256699
4.967440145246251	0.9758695623541764	0.03716378326667218
4.978186693080319	0.9758695623541764	0.037005123588026996
4.9868606009608785	0.9758695623541764	0.03691324160889688
4.993410966947456	0.9758695623541764	0.036875431333198094
4.997799350887806	0.9758695623541764	0.03686961492153723
5.0	0.9758695623541764	0.03687356331661904
4.25	0.9918174814853513	0.06263237855715692
4.252200649112194	0.9918174814853513	0.06234556326827265
4.256589033052544	0.9918174814853513	0.06176166259896117
4.2631393990391215	0.9918174814853513	0.0608671579290304
4.271813306919681	0.9918174814853513	0.05965708677152445
4.282559854753749	0.9918174814853513	0.05814779755124299
4.295315977525459	0.9918174814853513	0.05638633440654386
4.3100068172341395	0.9918174814853513	0.0544529049554332
4.326546162190822	0.9918174814853513	0.05245471543004145
4.34483695294272	0.9918174814853513	0.05051184629342741
4.364771851856689	0.9918174814853513	0.04873812523436201
4.386233873019137	0.9918174814853513	0.04722149364675335
4.409097068755885	0.9918174814853513	0.04600871787969151
4.4332272687432	0.9918174814853513	0.045098350919287995
4.458482867372603	0.9918174814853513	0.04444384308977105
4.484715654748892	0.9918174814853513	0.04396616249910672
4.511771686444731	0.9918174814853513	0.04357289422424729
4.539492186907772	0.9918174814853513	0.04317917974612272
4.567714481218726	0.9918174814853513	0.042725460270709135
4.596272949732473	0.9918174814853513	0.04218789699959396
4.625	0.9918174814853513	0.041579303595446156
4.653727050267527	0.9918174814853513	0.040940906276592366
4.682285518781274	0.9918174814853513	0.04032757834176696
4.710507813092227	0.9918174814853513	0.03979076238039284
4.738228313555268	0.9918174814853513	0.039363696465267946
4.765284345251108	0.9918174814853513	0.03905272441397355
4.791517132627397	0.9918174814853513	0.038836656565458774
4.8167727312568	0.9918174814853513	0.03867387782075034
4.840902931244115	0.9918174814853513	0.0385148064572936
4.863766126980863	0.9918174814853513	0.03831595750767049
4.885228148143311	0.9918174814853513	0.03805160457185897
4.90516304705728	0.9918174814853513	0.03771989816497145
4.923453837809178	0.9918174814853513	0.0373420070703571
4.9399931827658605	0.9918174814853513	0.03695489284497626
4.954684022474541	0.9918174814853513	0.036600117234156154
4.967440145246251	0.9918174814853513	0.03631211615747911
4.978186693080319	0.9918174814853513	0.036109378746319636
4.9868606009608785	0.9918174814853513	0.03599097387914994
4.993410966947456	0.9918174814853513	0.035939185859421734
4.997799350887806	0.9918174814853513	0.035927163364862125
5.0	0.9918174814853513	0.035929001873386754
4.25	1.0089870984153095	0.06121692100928509
4.252200649112194	1.0089870984153095	0.06094362744373428
4.256589033052544	1.0089870984153095	0.06039186644164011
4.2631393990391215	1.0089870984153095	0.059556589476136367
4.271813306919681	1.0089870984153095	0.05844169696996975
4.282559854753749	1.0089870984153095	0.057069360883551475
4.295315977525459	1.0089870984153095	0.0554864690996741
4.3100068172341395	1.0089870984153095	0.05376547889859467
4.326546162190822	1.0089870984153095	0.05199847308347679
4.34483695294272	1.0089870984153095	0.05028514173713745
4.364771851856689	1.0089870984153095	0.04871721944227122
4.386233873019137	1.0089870984153095	0.0473630728480662
4.409097068755885	1.0089870984153095	0.046256310964717495
4.4332272687432	1.0089870984153095	0.04539140727278821
4.458482867372603	1.0089870984153095	0.04472760101231144
4.484715654748892	1.0089870984153095	0.04420024325367633
4.511771686444731	1.0089870984153095	0.043736840095376636
4.539492186907772	1.0089870984153095	0.04327384213998297
4.567714481218726	1.0089870984153095	0.04277006619062123
4.596272949732473	1.0089870984153095	0.04221355837628065
4.625	1.0089870984153095	0.041620467396263135
4.653727050267527	1.0089870984153095	0.041026614158837175
4.682285518781274	1.0089870984153095	0.04047434573507066
4.710507813092227	1.0089870984153095	0.03999843550829729
4.738228313555268	1.0089870984153095	0.039614928732510546
4.765284345251108	1.0089870984153095	0.03931591110772523
4.791517132627397	1.0089870984153095	0.03907146579622365
4.8167727312568	1.0089870984153095	0.03883806404903595
4.840902931244115	1.0089870984153095	0.03857086753691329
4.863766126980863	1.0089870984153095	0.038236390295219656
4.885228148143311	1.0089870984153095	0.037821947585486716
4.90516304705728	1.0089870984153095	0.03733929602000259
4.923453837809178	1.0089870984153095	0.036821553908304015
4.9399931827658605	1.0089870984153095	0.03631439890398234
4.954684022474541	1.0089870984153095	0.03586413139676896
4.967440145246251	1.0089870984153095	0.035506022632036886
4.978186693080319	1.0089870984153095	0.035256212432552725
4.9868606009608785	1.0089870984153095	0.03510934013755084
4.993410966947456	1.0089870984153095	0.03504240395766094
4.997799350887806	1.0089870984153095	0.03502353797660953
5.0	1.0089870984153095	0.03502299137718063
4.25	1.0272776550047078	0.059658423682098546
4.252200649112194	1.0272776550047078	0.059416888025067435
4.256589033052544	1.0272776550047078	0.058931541888307064
4.2631393990391215	1.0272776550047078	0.05820172277327681
4.271813306919681	1.0272776550047078	0.057234794707835296
4.282559854753749	1.0272776550047078	0.056052782183457495
4.295315977525459	1.0272776550047078	0.05469667463591738
4.3100068172341395	1.0272776550047078	0.05322640205324684
4.326546162190822	1.0272776550047078	0.05171567718859777
4.34483695294272	1.0272776550047078	0.05024240097836745
4.364771851856689	1.0272776550047078	0.04887670009147404
4.386233873019137	1.0272776550047078	0.04766950263932299
4.409097068755885	1.0272776550047078	0.046644599868019984
4.4332272687432	1.0272776550047078	0.0457963514001735
4.458482867372603	1.0272776550047078	0.04509376990803835
4.484715654748892	1.0272776550047078	0.0444900523885367
4.511771686444731	1.0272776550047078	0.04393517119347078
4.539492186907772	1.0272776550047078	0.043388308033581846
4.567714481218726	1.0272776550047078	0.04282694909416584
4.596272949732473	1.0272776550047078	0.04225036140670068
4.625	1.0272776550047078	0.04167670000018486
4.653727050267527	1.0272776550047078	0.041134735052804385
4.682285518781274	1.0272776550047078	0.04065265886868754
4.710507813092227	1.0272776550047078	0.04024722566484245
4.738228313555268	1.0272776550047078	0.039916370098264056
4.765284345251108	1.0272776550047078	0.03963746938540214
4.791517132627397	1.0272776550047078	0.039371828104318066
4.8167727312568	1.0272776550047078	0.03907421303022004
4.840902931244115	1.0272776550047078	0.038704834268529345
4.863766126980863	1.0272776550047078	0.03824045769943164
4.885228148143311	1.0272776550047078	0.03768154254387535
4.90516304705728	1.0272776550047078	0.03705337150970829
4.923453837809178	1.0272776550047078	0.03640078349802537
4.9399931827658605	1.0272776550047078	0.03577787528109771
4.954684022474541	1.0272776550047078	0.0352354213021441
4.967440145246251	1.0272776550047078	0.034809385282476936
4.978186693080319	1.0272776550047078	0.03451358949495429
4.9868606009608785	1.0272776550047078	0.03433845237727718
4.993410966947456	1.0272776550047078	0.03425602341649147
4.997799350887806	1.0272776550047078	0.034229803415888285
5.0	1.0272776550047078	0.03422652240971355
4.25	1.0465818149945596	0.05807558397265209
4.252200649112194	1.0465818149945596	0.0578811552939897
4.256589033052544	1.0465818149945596	0.057490458002150045
4.2631393990391215	1.0465818149945596	0.056902731849060674
4.271813306919681	1.0465818149945596	0.05612310248148665
4.282559854753749	1.0465818149945596	0.05516752806273083
4.295315977525459	1.0465818149945596	0.054065971669811606
4.3100068172341395	1.0465818149945596	0.05286232334441767
4.326546162190822	1.0465818149945596	0.051610521097956275
4.34483695294272	1.0465818149945596	0.0503674636637028
4.364771851856689	1.0465818149945596	0.04918432942867032
4.386233873019137	1.0465818149945596	0.0480985042000832
4.409097068755885	1.0465818149945596	0.047128284530615024
4.4332272687432	1.0465818149945596	0.046271851845607996
4.458482867372603	1.0465818149945596	0.04551088065387844
4.484715654748892	1.0465818149945596	0.044817866195468785
4.511771686444731	1.0465818149945596	0.04416519858612181
4.539492186907772	1.0465818149945596	0.04353348373301313
4.567714481218726	1.0465818149945596	0.04291678282698267
4.596272949732473	1.0465818149945596	0.04232328241890474
4.625	1.0465818149945596	0.041771193841306835
4.653727050267527	1.0465818149945596	0.0412810585890454
4.682285518781274	1.0465818149945596	0.04086671482645917
4.710507813092227	1.0465818149945596	0.040527644387329115
4.738228313555268	1.0465818149945596	0.04024512083629094
4.765284345251108	1.0465818149945596	0.0399835808552094
4.791517132627397	1.0465818149945596	0.03969720569957283
4.8167727312568	1.0465818149945596	0.03934021824878628
4.840902931244115	1.0465818149945596	0.038878287798511775
4.863766126980863	1.0465818149945596	0.03829800953214246
4.885228148143311	1.0465818149945596	0.037611824470372715
4.90516304705728	1.0465818149945596	0.03685687888092809
4.923453837809178	1.0465818149945596	0.03608789512163377
4.9399931827658605	1.0465818149945596	0.035365717479232554
4.954684022474541	1.0465818149945596	0.03474437311476356
4.967440145246251	1.0465818149945596	0.034259922877580104
4.978186693080319	1.0465818149945596	0.03392394063771686
4.9868606009608785	1.0465818149945596	0.0337232597402866
4.993410966947456	1.0465818149945596	0.033625977031380976
4.997799350887806	1.0465818149945596	0.03359204916575896
5.0	1.0465818149945596	0.0335855986683773
4.25	1.0667862938980828	0.05659677255521636
4.252200649112194	1.0667862938980828	0.05645724175020894
4.256589033052544	1.0667862938980828	0.05617471685120445
4.2631393990391215	1.0667862938980828	0.05574468923305455
4.271813306919681	1.0667862938980828	0.055165630199527554
4.282559854753749	1.0667862938980828	0.054443253039105834
4.295315977525459	1.0667862938980828	0.05359350759834181
4.3100068172341395	1.0667862938980828	0.0526431423299276
4.326546162190822	1.0667862938980828	0.051627384230824226
4.34483695294272	1.0667862938980828	0.050585166027872004
4.364771851856689	1.0667862938980828	0.049553106141778325
4.386233873019137	1.0667862938980828	0.04855987981495056
4.409097068755885	1.0667862938980828	0.04762256720483741
4.4332272687432	1.0667862938980828	0.046746027217920226
4.458482867372603	1.0667862938980828	0.0459254715280413
4.484715654748892	1.0667862938980828	0.04515145462696551
4.511771686444731	1.0667862938980828	0.04441573934743395
4.539492186907772	1.0667862938980828	0.04371617881560783
4.567714481218726	1.0667862938980828	0.04305898886238615
4.596272949732473	1.0667862938980828	0.042457523573048404
4.625	1.0667862938980828	0.04192771341050534
4.653727050267527	1.0667862938980828	0.041481383771523994
4.682285518781274	1.0667862938980828	0.04111942940362707
4.710507813092227	1.0667862938980828	0.040827038338076695
4.738228313555268	1.0667862938980828	0.04057274509268824
4.765284345251108	1.0667862938980828	0.04031213193628568
4.791517132627397	1.0667862938980828	0.03999573432284051
4.8167727312568	1.0667862938980828	0.039579484112156386
4.840902931244115	1.0667862938980828	0.03903518737719969
4.863766126980863	1.0667862938980828	0.03835833463035999
4.885228148143311	1.0667862938980828	0.03757106541570529
4.90516304705728	1.0667862938980828	0.036719245494090856
4.923453837809178	1.0667862938980828	0.03586408065079364
4.9399931827658605	1.0667862938980828	0.03507010463764159
4.954684022474541	1.0667862938980828	0.03439236049211008
4.967440145246251	1.0667862938980828	0.033865870732176936
4.978186693080319	1.0667862938980828	0.03349997132871048
4.9868606009608785	1.0667862938980828	0.03327888638242618
4.993410966947456	1.0667862938980828	0.03316834723363261
4.997799350887806	1.0667862938980828	0.03312651812083377
5.0	1.0667862938980828	0.033116384626837386
4.25	1.0877725237991134	0.055334392193216016
4.252200649112194	1.0877725237991134	0.05524720868928989
4.256589033052544	1.0877725237991134	0.055066620635243445
4.2631393990391215	1.0877725237991134	0.05478248811065847
4.271813306919681	1.0877725237991134	0.054384668098729196
4.282559854753749	1.0877725237991134	0.05386737287283225
4.295315977525459	1.0877725237991134	0.05323266824329066
4.3100068172341395	1.0877725237991134	0.052492067437196144
4.326546162190822	1.0877725237991134	0.05166574758187872
4.34483695294272	1.0877725237991134	0.05077962750126133
4.364771851856689	1.0877725237991134	0.04986118217920314
4.386233873019137	1.0877725237991134	0.048935236171185004
4.409097068755885	1.0877725237991134	0.048020960800615686
4.4332272687432	1.0877725237991134	0.0471308992946359
4.458482867372603	1.0877725237991134	0.04627217873131363
4.484715654748892	1.0877725237991134	0.045449340440389174
4.511771686444731	1.0877725237991134	0.0446676586116804
4.539492186907772	1.0877725237991134	0.04393560401896567
4.567714481218726	1.0877725237991134	0.0432653290225205
4.596272949732473	1.0877725237991134	0.04267065506225219
4.625	1.0877725237991134	0.0421628678652261
4.653727050267527	1.0877725237991134	0.041745426128448136
4.682285518781274	1.0877725237991134	0.041409217381307435
4.710507813092227	1.0877725237991134	0.04113006786269645
4.738228313555268	1.0877725237991134	0.0408697732332298
4.765284345251108	1.0877725237991134	0.04058105266489405
4.791517132627397	1.0877725237991134	0.040215758176399045
4.8167727312568	1.0877725237991134	0.03973468484659341
4.840902931244115	1.0877725237991134	0.039116710373767634
4.863766126980863	1.0877725237991134	0.03836494211142645
4.885228148143311	1.0877725237991134	0.03750811758850131
4.90516304705728	1.0877725237991134	0.03659657471094692
4.923453837809178	1.0877725237991134	0.03569342186893162
4.9399931827658605	1.0877725237991134	0.03486275990382333
4.954684022474541	1.0877725237991134	0.034157611879585284
4.967440145246251	1.0877725237991134	0.033610376286347346
4.978186693080319	1.0877725237991134	0.03322807088296971
4.9868606009608785	1.0877725237991134	0.032993498479086315
4.993410966947456	1.0877725237991134	0.03287202021310131
4.997799350887806	1.0877725237991134	0.03282223100217136
5.0	1.0877725237991134	0.032807853111878844
4.25	1.1094173491557848	0.054360474311936476
4.252200649112194	1.1094173491557848	0.05431268319882324
4.256589033052544	1.1094173491557848	0.054208141721121594
4.2631393990391215	1.1094173491557848	0.05403135796651145
4.271813306919681	1.1094173491557848	0.053764514127881705
4.282559854753749	1.1094173491557848	0.05339234352478402
4.295315977525459	1.1094173491557848	0.05290641707530938
4.3100068172341395	1.1094173491557848	0.052307779003576915
4.326546162190822	1.1094173491557848	0.05160736055214238
4.34483695294272	1.1094173491557848	0.05082423160101165
4.364771851856689	1.1094173491557848	0.04998233715741708
4.386233873019137	1.1094173491557848	0.04910673749537205
4.409097068755885	1.1094173491557848	0.04822042186295917
4.4332272687432	1.1094173491557848	0.047342487898040964
4.458482867372603	1.1094173491557848	0.046487963886099874
4.484715654748892	1.1094173491557848	0.04566896332007781
4.511771686444731	1.1094173491557848	0.044896389136147664
4.539492186907772	1.1094173491557848	0.044181203396043825
4.567714481218726	1.1094173491557848	0.043534420480657796
4.596272949732473	1.1094173491557848	0.04296543526267296
4.625	1.1094173491557848	0.042478929791557436
4.653727050267527	1.1094173491557848	0.04207121732424461
4.682285518781274	1.1094173491557848	0.04172727947656493
4.710507813092227	1.1094173491557848	0.04141978392107309
4.738228313555268	1.1094173491557848	0.04111099123947297
4.765284345251108	1.1094173491557848	0.040757745946448466
4.791517132627397	1.1094173491557848	0.0403188794580848
4.8167727312568	1.1094173491557848	0.03976357161144074
4.840902931244115	1.1094173491557848	0.03907875467352099
4.863766126980863	1.1094173491557848	0.038273657829440706
4.885228148143311	1.1094173491557848	0.03738011602960095
4.90516304705728	1.1094173491557848	0.036448200376976526
4.923453837809178	1.1094173491557848	0.03553784577992193
4.9399931827658605	1.1094173491557848	0.03470817078939818
4.954684022474541	1.1094173491557848	0.034006831992290966
4.967440145246251	1.1094173491557848	0.0334618448715924
4.978186693080319	1.1094173491557848	0.033077787836411375
4.9868606009608785	1.1094173491557848	0.03283729587550776
4.993410966947456	1.1094173491557848	0.0327074869575235
4.997799350887806	1.1094173491557848	0.032649761945201757
5.0	1.1094173491557848	0.03263058295498198
4.25	1.131593749526218	0.05368990661801106
4.252200649112194	1.131593749526218	0.0536609016096424
4.256589033052544	1.131593749526218	0.05359226057090806
4.2631393990391215	1.131593749526218	0.053465349267544156
4.271813306919681	1.131593749526218	0.05325812995315994
4.282559854753749	1.131593749526218	0.05295059695150331
4.295315977525459	1.131593749526218	0.05252973449232529
4.3100068172341395	1.131593749526218	0.051992850282162856
4.326546162190822	1.131593749526218	0.05134859683805268
4.34483695294272	1.131593749526218	0.050615609709911774
4.364771851856689	1.131593749526218	0.049819293355676475
4.386233873019137	1.131593749526218	0.04898770637607319
4.409097068755885	1.131593749526218	0.04814762858546229
4.4332272687432	1.131593749526218	0.04732170984111995
4.458482867372603	1.131593749526218	0.046527173229376356
4.484715654748892	1.131593749526218	0.04577601204228741
4.511771686444731	1.131593749526218	0.04507614844931599
4.539492186907772	1.131593749526218	0.04443275774113374
4.567714481218726	1.131593749526218	0.04384898591638727
4.596272949732473	1.131593749526218	0.04332559056261642
4.625	1.131593749526218	0.042859517804613584
4.653727050267527	1.131593749526218	0.04244193432303681
4.682285518781274	1.131593749526218	0.04205659308384841
4.710507813092227	1.131593749526218	0.04167949346220697
4.738228313555268	1.131593749526218	0.04128055043851817
4.765284345251108	1.131593749526218	0.040827462453436526
4.791517132627397	1.131593749526218	0.040291301744586464
4.8167727312568	1.131593749526218	0.03965273565213993
4.840902931244115	1.131593749526218	0.038907412555043784
4.863766126980863	1.131593749526218	0.03806904515522902
4.885228148143311	1.131593749526218	0.037169131687805834
4.90516304705728	1.131593749526218	0.03625299339835397
4.923453837809178	1.131593749526218	0.035372697802475594
4.9399931827658605	1.131593749526218	0.03457825209030902
4.954684022474541	1.131593749526218	0.033908967525278916
4.967440145246251	1.131593749526218	0.033386960600818194
4.978186693080319	1.131593749526218	0.03301433007254549
4.9868606009608785	1.131593749526218	0.0327747190218025
4.993410966947456	1.131593749526218	0.03263893507346409
4.997799350887806	1.131593749526218	0.03257331697064968
5.0	1.131593749526218	0.032548852784696956
4.25	1.154171584974981	0.053276274986859065
4.252200649112194	1.154171584974981	0.05324269108600111
4.256589033052544	1.154171584974981	0.05316493459343747
4.2631393990391215	1.154171584974981	0.0530245992984634
4.271813306919681	1.154171584974981	0.052800314335907726
4.282559854753749	1.154171584974981	0.05247347904671763
4.295315977525459	1.154171584974981	0.052033480009858246
4.3100068172341395	1.154171584974981	0.05148114779021025
4.326546162190822	1.154171584974981	0.05082967772395103
4.34483695294272	1.154171584974981	0.05010288587164002
4.364771851856689	1.154171584974981	0.04933132375941554
4.386233873019137	1.154171584974981	0.04854726258842981
4.409097068755885	1.154171584974981	0.04777975796949055
4.4332272687432	1.154171584974981	0.04705088061932471
4.458482867372603	1.154171584974981	0.04637379821211434
4.484715654748892	1.154171584974981	0.045752844034937304
4.511771686444731	1.154171584974981	0.045185171292802306
4.539492186907772	1.154171584974981	0.04466321968127423
4.567714481218726	1.154171584974981	0.04417711159498531
4.596272949732473	1.154171584974981	0.043716266823629425
4.625	1.154171584974981	0.04326991035197032
4.653727050267527	1.154171584974981	0.04282661823015425
4.682285518781274	1.154171584974981	0.04237344778444225
4.710507813092227	1.154171584974981	0.04189539935841698
4.738228313555268	1.154171584974981	0.0413758879713011
4.765284345251108	1.154171584974981	0.04079857900105492
4.791517132627397	1.154171584974981	0.04015045712628206
4.8167727312568	1.154171584974981	0.039425500922476805
4.840902931244115	1.154171584974981	0.03862798579438615
4.863766126980863	1.154171584974981	0.037774357531643266
4.885228148143311	1.154171584974981	0.03689285524798772
4.90516304705728	1.154171584974981	0.036020571672691314
4.923453837809178	1.154171584974981	0.03519829392588304
4.9399931827658605	1.154171584974981	0.03446409270401672
4.954684022474541	1.154171584974981	0.033847044658897145
4.967440145246251	1.154171584974981	0.03336255300928774
4.978186693080319	1.154171584974981	0.03301043322375517
4.9868606009608785	1.154171584974981	0.03277631367065396
4.993410966947456	1.154171584974981	0.0326361137312764
4.997799350887806	1.154171584974981	0.032562603173519215
5.0	1.154171584974981	0.03253251416835368
4.25	1.1770183597859787	0.0530224071195871
4.252200649112194	1.1770183597859787	0.05296388384689827
4.256589033052544	1.1770183597859787	0.05283808561409672
4.2631393990391215	1.1770183597859787	0.05263029212271155
4.271813306919681	1.1770183597859787	0.052324653917900935
4.282559854753749	1.1770183597859787	0.05190982336189118
4.295315977525459	1.1770183597859787	0.051383901299535024
4.3100068172341395	1.1770183597859787	0.05075739216237195
4.326546162190822	1.1770183597859787	0.05005336118886791
4.34483695294272	1.1770183597859787	0.04930468745671117
4.364771851856689	1.1770183597859787	0.048549022444591576
4.386233873019137	1.1770183597859787	0.04782261209885805
4.409097068755885	1.1770183597859787	0.04715438501169445
4.4332272687432	1.1770183597859787	0.04656159729734982
4.458482867372603	1.1770183597859787	0.04604789793459948
4.484715654748892	1.1770183597859787	0.04560405972079591
4.511771686444731	1.1770183597859787	0.04521097937946591
4.539492186907772	1.1770183597859787	0.04484405359644753
4.567714481218726	1.1770183597859787	0.04447780732676416
4.596272949732473	1.1770183597859787	0.04408973041789223
4.625	1.1770183597859787	0.04366262544705946
4.653727050267527	1.1770183597859787	0.04318526910194573
4.682285518781274	1.1770183597859787	0.04265169002911368
4.710507813092227	1.1770183597859787	0.04205972367595718
4.738228313555268	1.1770183597859787	0.04140962323626576
4.765284345251108	1.1770183597859787	0.04070336362871457
4.791517132627397	1.1770183597859787	0.03994492926902902
4.8167727312568	1.1770183597859787	0.039141443041703014
4.840902931244115	1.1770183597859787	0.03830461453257641
4.863766126980863	1.1770183597859787	0.03745178353207194
4.885228148143311	1.1770183597859787	0.03660587870565068
4.90516304705728	1.1770183597859787	0.03579389460252942
4.923453837809178	1.1770183597859787	0.03504393258834926
4.9399931827658605	1.1770183597859787	0.034381321996693054
4.954684022474541	1.1770183597859787	0.03382469339966367
4.967440145246251	1.1770183597859787	0.03338300249848618
4.978186693080319	1.1770183597859787	0.03305435028165242
4.9868606009608785	1.1770183597859787	0.032827041832836516
4.993410966947456	1.1770183597859787	0.03268277442723141
4.997799350887806	1.1770183597859787	0.032601292624004206
5.0	1.1770183597859787	0.03256544579868227
4.25	1.2	0.052804017268028476
4.252200649112194	1.2	0.052708312820857556
4.256589033052544	1.2	0.052511296357658145
4.2631393990391215	1.2	0.05220441412408476
4.271813306919681	1.2	0.05178073155004499
4.282559854753749	1.2	0.05124008850955423
4.295315977525459	1.2	0.050593322137216665
4.3100068172341395	1.2	0.0498642310913471
4.326546162190822	1.2	0.049088505640886175
4.34483695294272	1.2	0.04830961001690892
4.364771851856689	1.2	0.04757237996120737
4.386233873019137	1.2	0.0469156897721961
4.409097068755885	1.2	0.04636579956398664
4.4332272687432	1.2	0.045931853171228026
4.458482867372603	1.2	0.04560450108071514
4.484715654748892	1.2	0.04535790189157603
4.511771686444731	1.2	0.045154594972987086
4.539492186907772	1.2	0.04495212558208174
4.567714481218726	1.2	0.04470998628868289
4.596272949732473	1.2	0.04439547880637955
4.625	1.2	0.043987467521868634
4.653727050267527	1.2	0.043477577016433455
4.682285518781274	1.2	0.042869018692378844
4.710507813092227	1.2	0.04217375072462328
4.738228313555268	1.2	0.041408956316907816
4.765284345251108	1.2	0.040593815356259444
4.791517132627397	1.2	0.03974727437348463
4.8167727312568	1.2	0.03888708928838989
4.840902931244115	1.2	0.03802996277010063
4.863766126980863	1.2	0.03719225814039636
4.885228148143311	1.2	0.03639063804735209
4.90516304705728	1.2	0.035642075507006585
4.923453837809178	1.2	0.034962972648498215
4.9399931827658605	1.2	0.034367498262241565
4.954684022474541	1.2	0.03386559475506257
4.967440145246251	1.2	0.0334612980075387
4.978186693080319	1.2	0.03315199639998273
4.9868606009608785	1.2	0.03292902970445642
4.993410966947456	1.2	0.03277966051403446
4.997799350887806	1.2	0.03269005020068015
5.0	1.2	0.032648558750826985
4.25	1.2229816402140212	0.05250132901194887
4.252200649112194	1.2229816402140212	0.052367427429984015
4.256589033052544	1.2229816402140212	0.05209757314429538
4.2631393990391215	1.2229816402140212	0.05169012669286299
4.271813306919681	1.2229816402140212	0.05114800520213683
4.282559854753749	1.2229816402140212	0.050483162483658556
4.295315977525459	1.2229816402140212	0.04971986238371988
4.3100068172341395	1.2229816402140212	0.04889543798086851
4.326546162190822	1.2229816402140212	0.04805783662085423
4.34483695294272	1.2229816402140212	0.04726007486022902
4.364771851856689	1.2229816402140212	0.046552553653163145
4.386233873019137	1.2229816402140212	0.045974796338214316
4.409097068755885	1.2229816402140212	0.04554840895322897
4.4332272687432	1.2229816402140212	0.0452728597709979
4.458482867372603	1.2229816402140212	0.04512508122881786
4.484715654748892	1.2229816402140212	0.04506306030859064
4.511771686444731	1.2229816402140212	0.04503271034121438
4.539492186907772	1.2229816402140212	0.04497662102406146
4.567714481218726	1.2229816402140212	0.04484292784208132
4.596272949732473	1.2229816402140212	0.04459260107062236
4.625	1.2229816402140212	0.04420389633957565
4.653727050267527	1.2229816402140212	0.04367340774968608
4.682285518781274	1.2229816402140212	0.043013937293339514
4.710507813092227	1.2229816402140212	0.04225004924462901
4.738228313555268	1.2229816402140212	0.041412565283319526
4.765284345251108	1.2229816402140212	0.04053330364520698
4.791517132627397	1.2229816402140212	0.03964109409269507
4.8167727312568	1.2229816402140212	0.03875961160219755
4.840902931244115	1.2229816402140212	0.037907015676789196
4.863766126980863	1.2229816402140212	0.03709691429672406
4.885228148143311	1.2229816402140212	0.036339909113501365
4.90516304705728	1.2229816402140212	0.03564497140201702
4.923453837809178	1.2229816402140212	0.0350201195574679
4.9399931827658605	1.2229816402140212	0.034472227815647634
4.954684022474541	1.2229816402140212	0.034006168336775805
4.967440145246251	1.2229816402140212	0.03362375594744754
4.978186693080319	1.2229816402140212	0.03332304801434528
4.9868606009608785	1.2229816402140212	0.03309843420311043
4.993410966947456	1.2229816402140212	0.03294167930780071
4.997799350887806	1.2229816402140212	0.032843750881535405
5.0	1.2229816402140212	0.03279698224265527
4.25	1.2458284150250192	0.052031164473497246
4.252200649112194	1.2458284150250192	0.05186954798080019
4.256589033052544	1.2458284150250192	0.051547203549254655
4.2631393990391215	1.2458284150250192	0.05106818100506561
4.271813306919681	1.2458284150250192	0.050443436247384454
4.282559854753749	1.2458284150250192	0.04969467549365061
4.295315977525459	1.2458284150250192	0.04885674935037973
4.3100068172341395	1.2458284150250192	0.04797732381175232
4.326546162190822	1.2458284150250192	0.047113220313604875
4.34483695294272	1.2458284150250192	0.0463236978829962
4.364771851856689	1.2458284150250192	0.0456618136751572
4.386233873019137	1.2458284150250192	0.045165611410501405
4.409097068755885	1.2458284150250192	0.04485108119739246
4.4332272687432	1.2458284150250192	0.044708547937531304
4.458482867372603	1.2458284150250192	0.0447034423349147
4.484715654748892	1.2458284150250192	0.04478145944100896
4.511771686444731	1.2458284150250192	0.0448771482374929
4.539492186907772	1.2458284150250192	0.044924237180878984
4.567714481218726	1.2458284150250192	0.044865661171159206
4.596272949732473	1.2458284150250192	0.04466138823774817
4.625	1.2458284150250192	0.04429270309304311
4.653727050267527	1.2458284150250192	0.043762439021856774
4.682285518781274	1.2458284150250192	0.04309154638240676
4.710507813092227	1.2458284150250192	0.042313126738599376
4.738228313555268	1.2458284150250192	0.04146547844005297
4.765284345251108	1.2458284150250192	0.040585715851455886
4.791517132627397	1.2458284150250192	0.0397051703033562
4.8167727312568	1.2458284150250192	0.03884717856669511
4.840902931244115	1.2458284150250192	0.0380271912835578
4.863766126980863	1.2458284150250192	0.03725457052206933
4.885228148143311	1.2458284150250192	0.03653512894528216
4.90516304705728	1.2458284150250192	0.035873450793520514
4.923453837809178	1.2458284150250192	0.03527429575681869
4.9399931827658605	1.2458284150250192	0.034742815660320024
4.954684022474541	1.2458284150250192	0.034283766536727975
4.967440145246251	1.2458284150250192	0.03390023612446911
4.978186693080319	1.2458284150250192	0.033592535520550665
4.9868606009608785	1.2458284150250192	0.0333578003376449
4.993410966947456	1.2458284150250192	0.033190561196280804
4.997799350887806	1.2458284150250192	0.03308417985113113
5.0	1.2458284150250192	0.03303272945210681
4.25	1.2684062504737819	0.05137144117827444
4.252200649112194	1.2684062504737819	0.05120145329475658
4.256589033052544	1.2684062504737819	0.050863830551554065
4.2631393990391215	1.2684062504737819	0.05036544720180655
4.271813306919681	1.2684062504737819	0.04972121385078515
4.282559854753749	1.2684062504737819	0.048957539724792644
4.295315977525459	1.2684062504737819	0.048114181755120805
4.3100068172341395	1.2684062504737819	0.04724323584815268
4.326546162190822	1.2684062504737819	0.04640474222685153
4.34483695294272	1.2684062504737819	0.04565930458839097
4.364771851856689	1.2684062504737819	0.04505900971243547
4.386233873019137	1.2684062504737819	0.04463853350668129
4.409097068755885	1.2684062504737819	0.04440845777614014
4.4332272687432	1.2684062504737819	0.04435244647438642
4.458482867372603	1.2684062504737819	0.04442912392884733
4.484715654748892	1.2684062504737819	0.04457845802193927
4.511771686444731	1.2684062504737819	0.044731438327670105
4.539492186907772	1.2684062504737819	0.04482110622436758
4.567714481218726	1.2684062504737819	0.04479272174512538
4.596272949732473	1.2684062504737819	0.044611101826085985
4.625	1.2684062504737819	0.044263864492185244
4.653727050267527	1.2684062504737819	0.043760278830808824
4.682285518781274	1.2684062504737819	0.043126404967584596
4.710507813092227	1.2684062504737819	0.042397969219310085
4.738228313555268	1.2684062504737819	0.04161278162342788
4.765284345251108	1.2684062504737819	0.040804400914103464
4.791517132627397	1.2684062504737819	0.039998243448376505
4.8167727312568	1.2684062504737819	0.03921057754104228
4.840902931244115	1.2684062504737819	0.0384500579627425
4.863766126980863	1.2684062504737819	0.037720846350867754
4.885228148143311	1.2684062504737819	0.03702607955263211
4.90516304705728	1.2684062504737819	0.03637053828450576
4.923453837809178	1.2684062504737819	0.03576177494453701
4.9399931827658605	1.2684062504737819	0.03520953916021681
4.954684022474541	1.2684062504737819	0.03472391001670833
4.967440145246251	1.2684062504737819	0.034312936606921245
4.978186693080319	1.2684062504737819	0.033980697592881096
4.9868606009608785	1.2684062504737819	0.03372650019991547
4.993410966947456	1.2684062504737819	0.03354552480614971
4.997799350887806	1.2684062504737819	0.03343072329325677
5.0	1.2684062504737819	0.033375358302314945
4.25	1.290582650844215	0.0505715518207546
4.252200649112194	1.290582650844215	0.05041654765976662
4.256589033052544	1.290582650844215	0.050108443907073155
4.2631393990391215	1.290582650844215	0.049653235116284125
4.271813306919681	1.290582650844215	0.04906453542500857
4.282559854753749	1.290582650844215	0.04836702461423581
4.295315977525459	1.290582650844215	0.047598233249828245
4.3100068172341395	1.290582650844215	0.04680743389889081
4.326546162190822	1.290582650844215	0.04605115877445483
4.34483695294272	1.290582650844215	0.04538582189939107
4.364771851856689	1.290582650844215	0.0448588181477436
4.386233873019137	1.290582650844215	0.04450004569030155
4.409097068755885	1.290582650844215	0.04431587891679133
4.4332272687432	1.290582650844215	0.044287164740022644
4.458482867372603	1.290582650844215	0.04437193067548839
4.484715654748892	1.290582650844215	0.04451240106800238
4.511771686444731	1.290582650844215	0.04464489996661473
4.539492186907772	1.290582650844215	0.0447105400081473
4.567714481218726	1.290582650844215	0.04466443241537373
4.596272949732473	1.290582650844215	0.044481544357306245
4.625	1.290582650844215	0.0441581710346789
4.653727050267527	1.290582650844215	0.04370905887090009
4.682285518781274	1.290582650844215	0.04316123495814073
4.710507813092227	1.290582650844215	0.04254630726789433
4.738228313555268	1.290582650844215	0.041893228822411
4.765284345251108	1.290582650844215	0.04122322768434474
4.791517132627397	1.290582650844215	0.040547893230072615
4.8167727312568	1.290582650844215	0.039870486382107315
4.840902931244115	1.290582650844215	0.03918966496557411
4.863766126980863	1.290582650844215	0.038504220094721105
4.885228148143311	1.290582650844215	0.03781725398922956
4.90516304705728	1.290582650844215	0.03713851761206903
4.923453837809178	1.290582650844215	0.03648426433746407
4.9399931827658605	1.290582650844215	0.035874765400184354
4.954684022474541	1.290582650844215	0.03533034031494777
4.967440145246251	1.290582650844215	0.034867178600234534
4.978186693080319	1.290582650844215	0.034494254306432034
4.9868606009608785	1.290582650844215	0.034212267239656806
4.993410966947456	1.290582650844215	0.03401490421510796
4.997799350887806	1.290582650844215	0.03389199743718052
5.0	1.290582650844215	0.033833580961587555
4.25	1.3122274762008865	0.04974540384722537
4.252200649112194	1.3122274762008865	0.049626962506932076
4.256589033052544	1.3122274762008865	0.04938973160130733
4.2631393990391215	1.3122274762008865	0.049035316737194336
4.271813306919681	1.3122274762008865	0.04857103016967252
4.282559854753749	1.3122274762008865	0.04801365265746222
4.295315977525459	1.3122274762008865	0.04739161811151749
4.3100068172341395	1.3122274762008865	0.04674439111881834
4.326546162190822	1.3122274762008865	0.04611857242903041
4.34483695294272	1.3122274762008865	0.04556122694942088
4.364771851856689	1.3122274762008865	0.04511180670105021
4.386233873019137	1.3122274762008865	0.04479457827409794
4.409097068755885	1.3122274762008865	0.04461349257977286
4.4332272687432	1.3122274762008865	0.04455092679656055
4.458482867372603	1.3122274762008865	0.04457080776490437
4.484715654748892	1.3122274762008865	0.04462553447710323
4.511771686444731	1.3122274762008865	0.04466514884008957
4.539492186907772	1.3122274762008865	0.04464662360482802
4.567714481218726	1.3122274762008865	0.044541106267037535
4.596272949732473	1.3122274762008865	0.04433749099227193
4.625	1.3122274762008865	0.044041646760525695
4.653727050267527	1.3122274762008865	0.043671752826180146
4.682285518781274	1.3122274762008865	0.04325118052420541
4.710507813092227	1.3122274762008865	0.0428009489967262
4.738228313555268	1.3122274762008865	0.04233381707891725
4.765284345251108	1.3122274762008865	0.04185155202389042
4.791517132627397	1.3122274762008865	0.041345987796200336
4.8167727312568	1.3122274762008865	0.040803411245822284
4.840902931244115	1.3122274762008865	0.04021089116044563
4.863766126980863	1.3122274762008865	0.039562645635022965
4.885228148143311	1.3122274762008865	0.03886456544104105
4.90516304705728	1.3122274762008865	0.03813556113440432
4.923453837809178	1.3122274762008865	0.037405318613972026
4.9399931827658605	1.3122274762008865	0.03670907001345396
4.954684022474541	1.3122274762008865	0.03608082561587161
4.967440145246251	1.3122274762008865	0.035546933572963825
4.978186693080319	1.3122274762008865	0.03512172284703254
4.9868606009608785	1.3122274762008865	0.03480637728448626
4.993410966947456	1.3122274762008865	0.03459126127643673
4.997799350887806	1.3122274762008865	0.034460935638884124
5.0	1.3122274762008865	0.034400345626453194
4.25	1.3332137061019174	0.04904816264050236
4.252200649112194	1.3332137061019174	0.048980867107673895
4.256589033052544	1.3332137061019174	0.048842493756929437
4.2631393990391215	1.3332137061019174	0.04862791775488017
4.271813306919681	1.3332137061019174	0.04833471598447057
4.282559854753749	1.3332137061019174	0.04796740191934172
4.295315977525459	1.3332137061019174	0.04754029561827146
4.3100068172341395	1.3332137061019174	0.04707781986066063
4.326546162190822	1.3332137061019174	0.04661175318719959
4.34483695294272	1.3332137061019174	0.046175889419240966
4.364771851856689	1.3332137061019174	0.04579937924855469
4.386233873019137	1.3332137061019174	0.04550051232205617
4.409097068755885	1.3332137061019174	0.04528268285140138
4.4332272687432	1.3332137061019174	0.04513375563054883
4.458482867372603	1.3332137061019174	0.04502914893487649
4.484715654748892	1.3332137061019174	0.04493792504710501
4.511771686444731	1.3332137061019174	0.044830319849198184
4.539492186907772	1.3332137061019174	0.044684701379354305
4.567714481218726	1.3332137061019174	0.04449206135931707
4.596272949732473	1.3332137061019174	0.044256795985527585
4.625	1.3332137061019174	0.04399355166824098
4.653727050267527	1.3332137061019174	0.04372101870028054
4.682285518781274	1.3332137061019174	0.04345444072979327
4.710507813092227	1.3332137061019174	0.04319901610533399
4.738228313555268	1.3332137061019174	0.04294617314878934
4.765284345251108	1.3332137061019174	0.04267394612407285
4.791517132627397	1.3332137061019174	0.04235156092331492
4.8167727312568	1.3332137061019174	0.04194716300353607
4.840902931244115	1.3332137061019174	0.04143671036884803
4.863766126980863	1.3332137061019174	0.040811668321297616
4.885228148143311	1.3332137061019174	0.04008339622353707
4.90516304705728	1.3332137061019174	0.03928295051253764
4.923453837809178	1.3332137061019174	0.03845622271952382
4.9399931827658605	1.3332137061019174	0.03765556447390238
4.954684022474541	1.3332137061019174	0.03692998751095513
4.967440145246251	1.3332137061019174	0.03631640806559598
4.978186693080319	1.3332137061019174	0.03583412414899196
4.9868606009608785	1.3332137061019174	0.03548384409232318
4.993410966947456	1.3332137061019174	0.03525136004772761
4.997799350887806	1.3332137061019174	0.03511471350611313
5.0	1.3332137061019174	0.035052771047500715
4.25	1.3534181850054403	0.04864188443093652
4.252200649112194	1.3534181850054403	0.048629997977379893
4.256589033052544	1.3534181850054403	0.04859878794376951
4.2631393990391215	1.3534181850054403	0.048535865417046006
4.271813306919681	1.3534181850054403	0.04842808701541763
4.282559854753749	1.3534181850054403	0.04826615413807176
4.295315977525459	1.3534181850054403	0.04804816958003268
4.3100068172341395	1.3534181850054403	0.047781018752995695
4.326546162190822	1.3534181850054403	0.04747910958770425
4.34483695294272	1.3534181850054403	0.047160826516016344
4.364771851856689	1.3534181850054403	0.04684377910740275
4.386233873019137	1.3534181850054403	0.046540329097143555
4.409097068755885	1.3534181850054403	0.04625482817914732
4.4332272687432	1.3534181850054403	0.04598349581046272
4.458482867372603	1.3534181850054403	0.045717051852833014
4.484715654748892	1.3534181850054403	0.045445332809242685
4.511771686444731	1.3534181850054403	0.04516243261245887
4.539492186907772	1.3534181850054403	0.04487063984522788
4.567714481218726	1.3534181850054403	0.04458169655048192
4.596272949732473	1.3534181850054403	0.044314631231892145
4.625	1.3534181850054403	0.04409042865507645
4.653727050267527	1.3534181850054403	0.043924807212552666
4.682285518781274	1.3534181850054403	0.043821082905459545
4.710507813092227	1.3534181850054403	0.043765281714443154
4.738228313555268	1.3534181850054403	0.04372523389609779
4.765284345251108	1.3534181850054403	0.04365442968368733
4.791517132627397	1.3534181850054403	0.04350017432267362
4.8167727312568	1.3534181850054403	0.0432143815868837
4.840902931244115	1.3534181850054403	0.04276452192695916
4.863766126980863	1.3534181850054403	0.04214203728146571
4.885228148143311	1.3534181850054403	0.04136603204761193
4.90516304705728	1.3534181850054403	0.04048114317415282
4.923453837809178	1.3534181850054403	0.03954991123165395
4.9399931827658605	1.3534181850054403	0.03864135235534385
4.954684022474541	1.3534181850054403	0.0378184032523786
4.967440145246251	1.3534181850054403	0.03712721328894366
4.978186693080319	1.3534181850054403	0.03659079786789
4.9868606009608785	1.3534181850054403	0.036208455868317294
4.993410966947456	1.3534181850054403	0.035960875530784975
4.997799350887806	1.3534181850054403	0.035819393211851736
5.0	1.3534181850054403	0.0357568119583989
4.25	1.3727223449952923	0.048658152099058466
4.252200649112194	1.3727223449952923	0.048694989997528096
4.256589033052544	1.3727223449952923	0.04875838147223475
4.2631393990391215	1.3727223449952923	0.04883008262808826
4.271813306919681	1.3727223449952923	0.048887890932602145
4.282559854753749	1.3727223449952923	0.04891022278969839
4.295315977525459	1.3727223449952923	0.04888005161944008
4.3100068172341395	1.3727223449952923	0.04878724184216468
4.326546162190822	1.3727223449952923	0.04862885341499275
4.34483695294272	1.3727223449952923	0.048407647933237326
4.364771851856689	1.3727223449952923	0.04812959189360675
4.386233873019137	1.3727223449952923	0.047801442842253905
4.409097068755885	1.3727223449952923	0.04742942101953141
4.4332272687432	1.3727223449952923	0.047019531048660135
4.458482867372603	1.3727223449952923	0.046579438530479335
4.484715654748892	1.3727223449952923	0.046121135961875837
4.511771686444731	1.3727223449952923	0.04566317686118575
4.539492186907772	1.3727223449952923	0.04523118705323191
4.567714481218726	1.3727223449952923	0.04485573738170852
4.596272949732473	1.3727223449952923	0.044567406263454165
4.625	1.3727223449952923	0.044389775814413675
4.653727050267527	1.3727223449952923	0.04433192477185928
4.682285518781274	1.3727223449952923	0.04438244415093484
4.710507813092227	1.3727223449952923	0.04450693031329973
4.738228313555268	1.3727223449952923	0.044650269055091195
4.765284345251108	1.3727223449952923	0.04474393881140491
4.791517132627397	1.3727223449952923	0.04471729239549758
4.8167727312568	1.3727223449952923	0.044510656734219015
4.840902931244115	1.3727223449952923	0.04408743281545809
4.863766126980863	1.3727223449952923	0.04344239174405139
4.885228148143311	1.3727223449952923	0.04260408719416169
4.90516304705728	1.3727223449952923	0.04163059191840602
4.923453837809178	1.3727223449952923	0.04059931243485748
4.9399931827658605	1.3727223449952923	0.03959305644132756
4.954684022474541	1.3727223449952923	0.038685455030084824
4.967440145246251	1.3727223449952923	0.037929025527219856
4.978186693080319	1.3727223449952923	0.037348535466956455
4.9868606009608785	1.3727223449952923	0.03694103608698695
4.993410966947456	1.3727223449952923	0.0366822920195032
4.997799350887806	1.3727223449952923	0.03653775524793597
5.0	1.3727223449952923	0.03647511802222525
4.25	1.3910129015846904	0.04916674150937922
4.252200649112194	1.3910129015846904	0.049236802752858876
4.256589033052544	1.3910129015846904	0.04936541375590996
4.2631393990391215	1.3910129015846904	0.04953143011674421
4.271813306919681	1.3910129015846904	0.04970737974581159
4.282559854753749	1.3910129015846904	0.04986342870316116
4.295315977525459	1.3910129015846904	0.04997115874420401
4.3100068172341395	1.3910129015846904	0.05000647529518422
4.326546162190822	1.3910129015846904	0.049951320765016176
4.34483695294272	1.3910129015846904	0.049794289260163715
4.364771851856689	1.3910129015846904	0.04953057924105025
4.386233873019137	1.3910129015846904	0.04916186044096661
4.409097068755885	1.3910129015846904	0.04869651700047186
4.4332272687432	1.3910129015846904	0.04815039411993224
4.458482867372603	1.3910129015846904	0.047547735113804654
4.484715654748892	1.3910129015846904	0.04692161147026691
4.511771686444731	1.3910129015846904	0.046312979049770726
4.539492186907772	1.3910129015846904	0.04576764128968519
4.567714481218726	1.3910129015846904	0.04533087231382167
4.596272949732473	1.3910129015846904	0.045040148947825306
4.625	1.3910129015846904	0.04491717371915009
4.653727050267527	1.3910129015846904	0.04496091593576085
4.682285518781274	1.3910129015846904	0.04514355655781885
4.710507813092227	1.3910129015846904	0.0454108853958426
4.738228313555268	1.3910129015846904	0.04568788701337139
4.765284345251108	1.3910129015846904	0.0458891225507603
4.791517132627397	1.3910129015846904	0.04593233182689776
4.8167727312568	1.3910129015846904	0.045752748156279985
4.840902931244115	1.3910129015846904	0.04531520309975686
4.863766126980863	1.3910129015846904	0.04462135171706631
4.885228148143311	1.3910129015846904	0.0437102600082885
4.90516304705728	1.3910129015846904	0.04265198389774659
4.923453837809178	1.3910129015846904	0.04153531914412483
4.9399931827658605	1.3910129015846904	0.040452241512972234
4.954684022474541	1.3910129015846904	0.03948234927623541
4.967440145246251	1.3910129015846904	0.03868065200064244
4.978186693080319	1.3910129015846904	0.038071289950944644
4.9868606009608785	1.3910129015846904	0.03764838336281564
4.993410966947456	1.3910129015846904	0.037383526663978546
4.997799350887806	1.3910129015846904	0.037237867215147345
5.0	1.3910129015846904	0.03717562906415815
4.25	1.4081825185146486	0.0501579661233582
4.252200649112194	1.4081825185146486	0.05024115553163077
4.256589033052544	1.4081825185146486	0.05039679395625924
4.2631393990391215	1.4081825185146486	0.05060452957880652
4.271813306919681	1.4081825185146486	0.05083647020095887
4.282559854753749	1.4081825185146486	0.05105988152929692
4.295315977525459	1.4081825185146486	0.05124016574859008
4.3100068172341395	1.4081825185146486	0.05134383792899844
4.326546162190822	1.4081825185146486	0.05134134233388476
4.34483695294272	1.4081825185146486	0.051209674071677064
4.364771851856689	1.4081825185146486	0.05093483068155527
4.386233873019137	1.4081825185146486	0.05051407326234027
4.409097068755885	1.4081825185146486	0.04995782969076734
4.4332272687432	1.4081825185146486	0.04929087253488715
4.458482867372603	1.4081825185146486	0.048552236392510134
4.484715654748892	1.4081825185146486	0.04779329839658913
4.511771686444731	1.4081825185146486	0.04707360314671322
4.539492186907772	1.4081825185146486	0.046454387670444054
4.567714481218726	1.4081825185146486	0.04599030136631275
4.596272949732473	1.4081825185146486	0.04572040169013045
4.625	1.4081825185146486	0.04565997845367068
4.653727050267527	1.4081825185146486	0.045794957838691155
4.682285518781274	1.4081825185146486	0.04608044888250557
4.710507813092227	1.4081825185146486	0.04644439490306617
4.738228313555268	1.4081825185146486	0.0467963619039573
4.765284345251108	1.4081825185146486	0.04704041635233814
4.791517132627397	1.4081825185146486	0.04709005947270649
4.8167727312568	1.4081825185146486	0.04688254332276054
4.840902931244115	1.4081825185146486	0.04638978537898045
4.863766126980863	1.4081825185146486	0.045623599580052625
4.885228148143311	1.4081825185146486	0.04463400633231036
4.90516304705728	1.4081825185146486	0.04350076813019374
4.923453837809178	1.4081825185146486	0.04231972134408755
4.9399931827658605	1.4081825185146486	0.04118661078314199
4.954684022474541	1.4081825185146486	0.04018170580085641
4.967440145246251	1.4081825185146486	0.03935833087347004
4.978186693080319	1.4081825185146486	0.0387375906886774
4.9868606009608785	1.4081825185146486	0.03831018952122749
4.993410966947456	1.4081825185146486	0.03804464738215279
4.997799350887806	1.4081825185146486	0.03789977047565712
5.0	1.4081825185146486	0.03783828116138316
4.25	1.4241304376458235	0.05154299402832995
4.252200649112194	1.4241304376458235	0.05161973154478871
4.256589033052544	1.4241304376458235	0.05176508734456995
4.2631393990391215	1.4241304376458235	0.051962952466511975
4.271813306919681	1.4241304376458235	0.052189616795660705
4.282559854753749	1.4241304376458235	0.05241464196760199
4.295315977525459	1.4241304376458235	0.052602476174333536
4.3100068172341395	1.4241304376458235	0.05271501697833362
4.326546162190822	1.4241304376458235	0.052715186856142744
4.34483695294272	1.4241304376458235	0.0525713674873878
4.364771851856689	1.4241304376458235	0.05226227635864555
4.386233873019137	1.4241304376458235	0.05178161573067842
4.409097068755885	1.4241304376458235	0.051141643897213956
4.4332272687432	1.4241304376458235	0.05037477563812301
4.458482867372603	1.4241304376458235	0.04953245972424456
4.484715654748892	1.4241304376458235	0.048680920412891196
4.511771686444731	1.4241304376458235	0.047893857166126874
4.539492186907772	1.4241304376458235	0.04724279587475991
4.567714481218726	1.4241304376458235	0.04678636171558497
4.596272949732473	1.4241304376458235	0.046560167387728564
4.625	1.4241304376458235	0.04656916140022155
4.653727050267527	1.4241304376458235	0.04678408208940452
4.682285518781274	1.4241304376458235	0.04714310427264872
4.710507813092227	1.4241304376458235	0.04755891669141433
4.738228313555268	1.4241304376458235	0.04793047363550671
4.765284345251108	1.4241304376458235	0.048157717342507525
4.791517132627397	1.4241304376458235	0.0481568737985873
4.8167727312568	1.4241304376458235	0.047873653178002365
4.840902931244115	1.4241304376458235	0.04729192964296107
4.863766126980863	1.4241304376458235	0.04643622044683073
4.885228148143311	1.4241304376458235	0.04536740710592564
4.90516304705728	1.4241304376458235	0.044172426685745746
4.923453837809178	1.4241304376458235	0.04294984548586294
4.9399931827658605	1.4241304376458235	0.041794055391593275
4.954684022474541	1.4241304376458235	0.040781115991727845
4.967440145246251	1.4241304376458235	0.039958926376644714
4.978186693080319	1.4241304376458235	0.03934350649589327
4.9868606009608785	1.4241304376458235	0.038921882281541795
4.993410966947456	1.4241304376458235	0.0386606734164912
4.997799350887806	1.4241304376458235	0.0385182795445469
5.0	1.4241304376458235	0.03845781437839168
4.25	1.4387630702473422	0.05317195277392425
4.252200649112194	1.4387630702473422	0.053227776097569075
4.256589033052544	1.4387630702473422	0.05333515686182718
4.2631393990391215	1.4387630702473422	0.053484558064631746
4.271813306919681	1.4387630702473422	0.05365963081517914
4.282559854753749	1.4387630702473422	0.05383594435759513
4.295315977525459	1.4387630702473422	0.053980896405285944
4.3100068172341395	1.4387630702473422	0.05405554055170127
4.326546162190822	1.4387630702473422	0.054018645835389345
4.34483695294272	1.4387630702473422	0.053832724804778874
4.364771851856689	1.4387630702473422	0.0534711673855696
4.386233873019137	1.4387630702473422	0.05292514901019821
4.409097068755885	1.4387630702473422	0.052208771955405436
4.4332272687432	1.4387630702473422	0.05136102511081463
4.458482867372603	1.4387630702473422	0.05044361300887282
4.484715654748892	1.4387630702473422	0.04953443610720086
4.511771686444731	1.4387630702473422	0.048717362739731596
4.539492186907772	1.4387630702473422	0.04806974361831134
4.567714481218726	1.4387630702473422	0.04764970673786732
4.596272949732473	1.4387630702473422	0.04748549607256316
4.625	1.4387630702473422	0.04756891220044644
4.653727050267527	1.4387630702473422	0.047854293524085996
4.682285518781274	1.4387630702473422	0.04826354520631723
4.710507813092227	1.4387630702473422	0.048696648789407306
4.738228313555268	1.4387630702473422	0.049046072880194684
4.765284345251108	1.4387630702473422	0.04921275263808689
4.791517132627397	1.4387630702473422	0.049120965598085806
4.8167727312568	1.4387630702473422	0.048729578764259505
4.840902931244115	1.4387630702473422	0.04803775841429412
4.863766126980863	1.4387630702473422	0.04708420970924601
4.885228148143311	1.4387630702473422	0.04594016708276738
4.90516304705728	1.4387630702473422	0.044697471342456184
4.923453837809178	1.4387630702473422	0.04345393421981583
4.9399931827658605	1.4387630702473422	0.04229864164212543
4.954684022474541	1.4387630702473422	0.04129979839669018
4.967440145246251	1.4387630702473422	0.04049718017984689
4.978186693080319	1.4387630702473422	0.039900339262511395
4.9868606009608785	1.4387630702473422	0.03949258576725095
4.993410966947456	1.4387630702473422	0.039239655420814
4.997799350887806	1.4387630702473422	0.03910109098505724
5.0	1.4387630702473422	0.03904187799369957
4.25	1.4519945462126884	0.05486519145019947
4.252200649112194	1.4519945462126884	0.05489365513384441
4.256589033052544	1.4519945462126884	0.054950500490736714
4.2631393990391215	1.4519945462126884	0.055033436139154984
4.271813306919681	1.4519945462126884	0.05513450720628176
4.282559854753749	1.4519945462126884	0.05523668561959603
4.295315977525459	1.4519945462126884	0.05531204716570821
4.3100068172341395	1.4519945462126884	0.05532278593512591
4.326546162190822	1.4519945462126884	0.05522562233183782
4.34483695294272	1.4519945462126884	0.05497923381339129
4.364771851856689	1.4519945462126884	0.05455341574462097
4.386233873019137	1.4519945462126884	0.05393800872904743
4.409097068755885	1.4519945462126884	0.05314939924849777
4.4332272687432	1.4519945462126884	0.0522326989228807
4.458482867372603	1.4519945462126884	0.0512584926959046
4.484715654748892	1.4519945462126884	0.05031415587106016
4.511771686444731	1.4519945462126884	0.049490929091640205
4.539492186907772	1.4519945462126884	0.04886893834803012
4.567714481218726	1.4519945462126884	0.048502921258320814
4.596272949732473	1.4519945462126884	0.04841143116492034
4.625	1.4519945462126884	0.048571721974106544
4.653727050267527	1.4519945462126884	0.048921482035314746
4.682285518781274	1.4519945462126884	0.04936729901494902
4.710507813092227	1.4519945462126884	0.04979846631557949
4.738228313555268	1.4519945462126884	0.050103744608701185
4.765284345251108	1.4519945462126884	0.05018816587235967
4.791517132627397	1.4519945462126884	0.049987005454782935
4.8167727312568	1.4519945462126884	0.04947462526951211
4.840902931244115	1.4519945462126884	0.048666875993389785
4.863766126980863	1.4519945462126884	0.04761693162352362
4.885228148143311	1.4519945462126884	0.04640558194390838
4.90516304705728	1.4519945462126884	0.04512791464585507
4.923453837809178	1.4519945462126884	0.0438788279636088
4.9399931827658605	1.4519945462126884	0.042739861364479256
4.954684022474541	1.4519945462126884	0.04176944093233792
4.967440145246251	1.4519945462126884	0.04099790903737828
4.978186693080319	1.4519945462126884	0.04042779606072759
4.9868606009608785	1.4519945462126884	0.04003886423373403
4.993410966947456	1.4519945462126884	0.039796665556942765
4.997799350887806	1.4519945462126884	0.039662825540720134
5.0	1.4519945462126884	0.039605059350200006
4.25	1.4637472179796323	0.05644981799176821
4.252200649112194	1.4637472179796323	0.05645301282870335
4.256589033052544	1.4637472179796323	0.056462908316750736
4.2631393990391215	1.4637472179796323	0.05648342329315711
4.271813306919681	1.4637472179796323	0.0565137953362451
4.282559854753749	1.4637472179796323	0.05654335092358684
4.295315977525459	1.4637472179796323	0.056548233231075766
4.3100068172341395	1.4637472179796323	0.05649177910284638
4.326546162190822	1.4637472179796323	0.056329297143852826
4.34483695294272	1.4637472179796323	0.05601676261055336
4.364771851856689	1.4637472179796323	0.05552174065318956
4.386233873019137	1.4637472179796323	0.05483400777532873
4.409097068755885	1.4637472179796323	0.053973106553287596
4.4332272687432	1.4637472179796323	0.0529905338011722
4.458482867372603	1.4637472179796323	0.051965342648385954
4.484715654748892	1.4637472179796323	0.05099339081096717
4.511771686444731	1.4637472179796323	0.050171948162403064
4.539492186907772	1.4637472179796323	0.04958253012626457
4.567714481218726	1.4637472179796323	0.049275367445318866
4.596272949732473	1.4637472179796323	0.04925871921277297
4.625	1.4637472179796323	0.0494953229459995
4.653727050267527	1.4637472179796323	0.04990685680001961
4.682285518781274	1.4637472179796323	0.050385683007135
4.710507813092227	1.4637472179796323	0.05081170327895054
4.738228313555268	1.4637472179796323	0.05107119384504591
4.765284345251108	1.4637472179796323	0.05107419066552832
4.791517132627397	1.4637472179796323	0.050767399076120226
4.8167727312568	1.4637472179796323	0.05014058609636985
4.840902931244115	1.4637472179796323	0.04922573856453034
4.863766126980863	1.4637472179796323	0.04808964050294572
4.885228148143311	1.4637472179796323	0.04682165750393792
4.90516304705728	1.4637472179796323	0.04551920928466296
4.923453837809178	1.4637472179796323	0.0442735726477527
4.9399931827658605	1.4637472179796323	0.04315831592223245
4.954684022474541	1.4637472179796323	0.042221951920121965
4.967440145246251	1.4637472179796323	0.041485495866590893
4.978186693080319	1.4637472179796323	0.04094472123212935
4.9868606009608785	1.4637472179796323	0.040576177300240615
4.993410966947456	1.4637472179796323	0.04034556190277539
4.997799350887806	1.4637472179796323	0.04021685615662601
5.0	1.4637472179796323	0.040160693955866786
4.25	1.473952116197001	0.057792427583393535
4.252200649112194	1.473952116197001	0.057779135271933166
4.256589033052544	1.473952116197001	0.05775835280720948
4.2631393990391215	1.473952116197001	0.05773788732041729
4.271813306919681	1.473952116197001	0.05772127606184071
4.282559854753749	1.473952116197001	0.05770128580742651
4.295315977525459	1.473952116197001	0.0576557035749608
4.3100068172341395	1.473952116197001	0.05754743823947218
4.326546162190822	1.473952116197001	0.05732981014292967
4.34483695294272	1.473952116197001	0.05695641886159986
4.364771851856689	1.473952116197001	0.05639355197693144
4.386233873019137	1.473952116197001	0.05563212934852537
4.409097068755885	1.473952116197001	0.054695954899616636
4.4332272687432	1.473952116197001	0.053643667126570795
4.458482867372603	1.473952116197001	0.05256311676405064
4.484715654748892	1.473952116197001	0.05155864139010263
4.511771686444731	1.473952116197001	0.05073342738200323
4.539492186907772	1.473952116197001	0.05017042198413447
4.567714481218726	1.473952116197001	0.0499157609802578
4.596272949732473	1.473952116197001	0.04996827665261942
4.625	1.473952116197001	0.0502774326784546
4.653727050267527	1.473952116197001	0.05075028057248521
4.682285518781274	1.473952116197001	0.05126615380584849
4.710507813092227	1.473952116197001	0.051696240645282776
4.738228313555268	1.473952116197001	0.05192425223949989
4.765284345251108	1.473952116197001	0.05186431210314919
4.791517132627397	1.473952116197001	0.05147291954269071
4.8167727312568	1.473952116197001	0.05075317839338294
4.840902931244115	1.473952116197001	0.04975110175002819
4.863766126980863	1.473952116197001	0.04854533098834387
4.885228148143311	1.473952116197001	0.047232722395992584
4.90516304705728	1.473952116197001	0.04591275968490196
4.923453837809178	1.473952116197001	0.04467360705910146
4.9399931827658605	1.473952116197001	0.0435819385310608
4.954684022474541	1.473952116197001	0.04267768479633824
4.967440145246251	1.473952116197001	0.041973788789132584
4.978186693080319	1.473952116197001	0.04146018471774902
4.9868606009608785	1.473952116197001	0.04111065982206268
4.993410966947456	1.473952116197001	0.04089106411869828
4.997799350887806	1.473952116197001	0.04076744521657816
5.0	1.473952116197001	0.04071298628536152
4.25	1.4825493544642556	0.05882010167611186
4.252200649112194	1.4825493544642556	0.058802263111413025
4.256589033052544	1.4825493544642556	0.05877310850149058
4.2631393990391215	1.4825493544642556	0.058741482518460154
4.271813306919681	1.4825493544642556	0.05871162731987973
4.282559854753749	1.4825493544642556	0.058676047050329354
4.295315977525459	1.4825493544642556	0.05861095773454903
4.3100068172341395	1.4825493544642556	0.05847654268907325
4.326546162190822	1.4825493544642556	0.058222937317799206
4.34483695294272	1.4825493544642556	0.057801196741435856
4.364771851856689	1.4825493544642556	0.05717691575129106
4.386233873019137	1.4825493544642556	0.056343123408512594
4.409097068755885	1.4825493544642556	0.055328881039058794
4.4332272687432	1.4825493544642556	0.05420076740665701
4.458482867372603	1.4825493544642556	0.053055982281693156
4.484715654748892	1.4825493544642556	0.05200776957955509
4.511771686444731	1.4825493544642556	0.05116576465272802
4.539492186907772	1.4825493544642556	0.05061522528706064
4.567714481218726	1.4825493544642556	0.05039956241903039
4.596272949732473	1.4825493544642556	0.05051001652979675
4.625	1.4825493544642556	0.05088485538094973
4.653727050267527	1.4825493544642556	0.05141844545727552
4.682285518781274	1.4825493544642556	0.0519784518363339
4.710507813092227	1.4825493544642556	0.05242773796459543
4.738228313555268	1.4825493544642556	0.05264664568867875
4.765284345251108	1.4825493544642556	0.05255141387198834
4.791517132627397	1.4825493544642556	0.052105481322698106
4.8167727312568	1.4825493544642556	0.051322045215910994
4.840902931244115	1.4825493544642556	0.05025810392807353
4.863766126980863	1.4825493544642556	0.0490018701341164
4.885228148143311	1.4825493544642556	0.04765654358897243
4.90516304705728	1.4825493544642556	0.0463237916349529
4.923453837809178	1.4825493544642556	0.045089902198002504
4.9399931827658605	1.4825493544642556	0.04401662761207578
4.954684022474541	1.4825493544642556	0.043137519602600094
4.967440145246251	1.4825493544642556	0.04245938380388952
4.978186693080319	1.4825493544642556	0.04196761483388655
4.9868606009608785	1.4825493544642556	0.04163374942581898
4.993410966947456	1.4825493544642556	0.04142359477366254
4.997799350887806	1.4825493544642556	0.04130463318746806
5.0	1.4825493544642556	0.04125188902824904
4.25	1.4894884807687025	0.05952497574324698
4.252200649112194	1.4894884807687025	0.0595135999659353
4.256589033052544	1.4894884807687025	0.059496695441848275
4.2631393990391215	1.4894884807687025	0.059481623871776884
4.271813306919681	1.4894884807687025	0.05947016264982467
4.282559854753749	1.4894884807687025	0.05945129869405463
4.295315977525459	1.4894884807687025	0.059396857419824665
4.3100068172341395	1.4894884807687025	0.059262272555944774
4.326546162190822	1.4894884807687025	0.05899340056347618
4.34483695294272	1.4894884807687025	0.05853849370750549
4.364771851856689	1.4894884807687025	0.057862767281961096
4.386233873019137	1.4894884807687025	0.05696191299397805
4.409097068755885	1.4894884807687025	0.05587075714697839
4.4332272687432	1.4894884807687025	0.05466413058633982
4.458482867372603	1.4894884807687025	0.05344872580574881
4.484715654748892	1.4894884807687025	0.05234685411148945
4.511771686444731	1.4894884807687025	0.05147504729766634
4.539492186907772	1.4894884807687025	0.050921854082998264
4.567714481218726	1.4894884807687025	0.05072959268821375
4.596272949732473	1.4894884807687025	0.050884115641015026
4.625	1.4894884807687025	0.05131497816467659
4.653727050267527	1.4894884807687025	0.05190617215623154
4.682285518781274	1.4894884807687025	0.05251532463171945
4.710507813092227	1.4894884807687025	0.052997494250523594
4.738228313555268	1.4894884807687025	0.05322883181971309
4.765284345251108	1.4894884807687025	0.053125572467596534
4.791517132627397	1.4894884807687025	0.05265500772667566
4.8167727312568	1.4894884807687025	0.0518369247693392
4.840902931244115	1.4894884807687025	0.05073603773719756
4.863766126980863	1.4894884807687025	0.04944769468635276
4.885228148143311	1.4894884807687025	0.04808024684516581
4.90516304705728	1.4894884807687025	0.04673772637320583
4.923453837809178	1.4894884807687025	0.04550592675995047
4.9399931827658605	1.4894884807687025	0.04444384180343419
4.954684022474541	1.4894884807687025	0.04358103764905055
4.967440145246251	1.4894884807687025	0.04292026733226213
4.978186693080319	1.4894884807687025	0.04244376876549413
4.9868606009608785	1.4894884807687025	0.04212135002017974
4.993410966947456	1.4894884807687025	0.04191853102289159
4.997799350887806	1.4894884807687025	0.041803515513316104
5.0	1.4894884807687025	0.0417523810692673
4.25	1.4947287735579649	0.05995208912775145
4.252200649112194	1.4947287735579649	0.05995384118483869
4.256589033052544	1.4947287735579649	0.05996168113534503
4.2631393990391215	1.4947287735579649	0.05998000115057925
4.271813306919681	1.4947287735579649	0.06000629517859049
4.282559854753749	1.4947287735579649	0.0600242475116319
4.295315977525459	1.4947287735579649	0.05999985474635405
4.3100068172341395	1.4947287735579649	0.05988289164354366
4.326546162190822	1.4947287735579649	0.05961456448843602
4.34483695294272	1.4947287735579649	0.059140338650140005
4.364771851856689	1.4947287735579649	0.05842520208254336
4.386233873019137	1.4947287735579649	0.0574675366881659
4.409097068755885	1.4947287735579649	0.05630765903118075
4.4332272687432	1.4947287735579649	0.055028047772195866
4.458482867372603	1.4947287735579649	0.05374409758482199
4.484715654748892	1.4947287735579649	0.05258648952801117
4.511771686444731	1.4947287735579649	0.051678381037228466
4.539492186907772	1.4947287735579649	0.0511120511941025
4.567714481218726	1.4947287735579649	0.050930008900796776
4.596272949732473	1.4947287735579649	0.05111476694001938
4.625	1.4947287735579649	0.05158968215578565
4.653727050267527	1.4947287735579649	0.05223088827980058
4.682285518781274	1.4947287735579649	0.05288796905757658
4.710507813092227	1.4947287735579649	0.05340919549005922
4.738228313555268	1.4947287735579649	0.05366629649492212
4.765284345251108	1.4947287735579649	0.05357401575199019
4.791517132627397	1.4947287735579649	0.053101017726978214
4.8167727312568	1.4947287735579649	0.05227069019533927
4.840902931244115	1.4947287735579649	0.051152553412161496
4.863766126980863	1.4947287735579649	0.0498468195619574
4.885228148143311	1.4947287735579649	0.04846575748062779
4.90516304705728	1.4947287735579649	0.047115719647506014
4.923453837809178	1.4947287735579649	0.04588303115584379
4.9399931827658605	1.4947287735579649	0.04482567878616933
4.954684022474541	1.4947287735579649	0.04397124840023331
4.967440145246251	1.4947287735579649	0.04332022791976381
4.978186693080319	1.4947287735579649	0.04285291608651992
4.9868606009608785	1.4947287735579649	0.042537887347037805
4.993410966947456	1.4947287735579649	0.042340214574835264
4.997799350887806	1.4947287735579649	0.042228253961691845
5.0	1.4947287735579649	0.0421784907896614
4.25	1.4982394807102444	0.06017466377395869
4.252200649112194	1.4982394807102444	0.060190118903262944
4.256589033052544	1.4982394807102444	0.06022376368935451
4.2631393990391215	1.4982394807102444	0.06027691230132178
4.271813306919681	1.4982394807102444	0.060342762160159075
4.282559854753749	1.4982394807102444	0.060399883486765886
4.295315977525459	1.4982394807102444	0.06040888070758106
4.3100068172341395	1.4982394807102444	0.06031450458096326
4.326546162190822	1.4982394807102444	0.060053992237264105
4.34483695294272	1.4982394807102444	0.05957052383581108
4.364771851856689	1.4982394807102444	0.05882894309215026
4.386233873019137	1.4982394807102444	0.057829807072630246
4.409097068755885	1.4982394807102444	0.05661775610949445
4.4332272687432	1.4982394807102444	0.055281210151042565
4.458482867372603	1.4982394807102444	0.05394229190652214
4.484715654748892	1.4982394807102444	0.05273819468801421
4.511771686444731	1.4982394807102444	0.051797371945952034
4.539492186907772	1.4982394807102444	0.051215369309302435
4.567714481218726	1.4982394807102444	0.05103546322370601
4.596272949732473	1.4982394807102444	0.05123840120643069
4.625	1.4982394807102444	0.05174364916111438
4.653727050267527	1.4982394807102444	0.052422087655567724
4.682285518781274	1.4982394807102444	0.053117648093474835
4.710507813092227	1.4982394807102444	0.05367351833962779
4.738228313555268	1.4982394807102444	0.05395769852689238
4.765284345251108	1.4982394807102444	0.05388301832458058
4.791517132627397	1.4982394807102444	0.05341811386353448
4.8167727312568	1.4982394807102444	0.05258793430925631
4.840902931244115	1.4982394807102444	0.051464588155982774
4.863766126980863	1.4982394807102444	0.05015122201116243
4.885228148143311	1.4982394807102444	0.048762746922713276
4.90516304705728	1.4982394807102444	0.04740740170199636
4.923453837809178	1.4982394807102444	0.046172428737894504
4.9399931827658605	1.4982394807102444	0.04511580683443808
4.954684022474541	1.4982394807102444	0.04426443227467533
4.967440145246251	1.4982394807102444	0.04361776682857286
4.978186693080319	1.4982394807102444	0.04315508377531709
4.9868606009608785	1.4982394807102444	0.04284417358184262
4.993410966947456	1.4982394807102444	0.042649665140116255
4.997799350887806	1.4982394807102444	0.042539772106089856
5.0	1.4982394807102444	0.0424910116092872
4.25	1.5	0.06026422705609846
4.252200649112194	1.5	0.060288245154751535
4.256589033052544	1.5	0.060338011207813784
4.2631393990391215	1.5	0.060412922974673544
4.271813306919681	1.5	0.06050353427821569
4.282559854753749	1.5	0.060585315087718306
4.295315977525459	1.5	0.06061565483171638
4.3100068172341395	1.5	0.06053636005985198
4.326546162190822	1.5	0.06028238147081527
4.34483695294272	1.5	0.05979560558108989
4.364771851856689	1.5	0.05904080156005362
4.386233873019137	1.5	0.05801974003350221
4.409097068755885	1.5	0.056779446505352466
4.4332272687432	1.5	0.055411597650568946
4.458482867372603	1.5	0.0540419970756338
4.484715654748892	1.5	0.05281141563992768
4.511771686444731	1.5	0.05185126056369324
4.539492186907772	1.5	0.051258984846667195
4.567714481218726	1.5	0.05107847666243454
4.596272949732473	1.5	0.051289767828774806
4.625	1.5	0.05181046934057649
4.653727050267527	1.5	0.05250883576659859
4.682285518781274	1.5	0.05322587504234027
4.710507813092227	1.5	0.05380204053051011
4.738228313555268	1.5	0.05410319505907583
4.765284345251108	1.5	0.054040888082747277
4.791517132627397	1.5	0.053583408877429684
4.8167727312568	1.5	0.05275619086044407
4.840902931244115	1.5	0.051632418665590235
4.863766126980863	1.5	0.05031659666582529
4.885228148143311	1.5	0.04892496734348784
4.90516304705728	1.5	0.04756683232408678
4.923453837809178	1.5	0.046330091389477704
4.9399931827658605	1.5	0.045272953698104856
4.954684022474541	1.5	0.04442219353767984
4.967440145246251	1.5	0.04377693053216243
4.978186693080319	1.5	0.04331601955617043
4.9868606009608785	1.5	0.0430068724717269
4.993410966947456	1.5	0.042813844371933064
4.997799350887806	1.5	0.04270499113004283
5.0	1.5	0.042656760820699476
