-4.831013441841447
225.58501360286476
80.86710981617206
-23.522152841599276
35.281041221544285
-13.329223626509629
2.6337570998668745
-5.119133396027045
4.0583049706352545
0.5423638545802153
-0.8386843749602594
-0.4076300860040986
336.782874134174
717.1994493168836
671.3587866514233
562.8849306304173
351.9800727476659
223.073688858272
100.69901881376295
52.45155909697815
-81.368065495084
-166.01086896142098
-156.42002527646105
-139.70256923341478
-91.48513665959827
-63.516577432141176
-28.27638173851536
-13.00255135045766
17.75497197918376
32.06102089338952
30.830244198778804
30.921327261898053
18.841829746023848
13.937486163506208
4.803047062367527
1.8929572952537206
-0.6183896845700303
2.4429449341349487
0.5351526699010641
-1.4650735821390828
1.2702958680461942
0.8440610248773253
1.9171764408021703
1.045601312406747
-0.0572141410440519
-2.372221063678357
-1.1119392252202318
-0.24659922122672853
-0.9494986229523716
-0.6195297005390371
-1.01118106880569
-0.574965652564942
-0.06766999267198999
0.05304851028884707
-0.15709003584368186
-0.07665346276633207
-0.04463522706808765
-0.054681971025611106
-0.002268607627559727
-0.003248707621837873
-0.01814742042869384
-0.10672138677598494
-0.053960406237021676
-0.008261926647586697
-0.04462214245991015
0.0258289819429384
-0.022027473806122067
0.006589520403117503
-0.046922739723689155
-0.044110031859952596
-0.11155657369243249
-0.10285268801171281
-0.04502897454975715
-0.07194584263446328
-0.005273839333731119
-0.023104645402938943
-0.026382387404327776
-0.0706917530186546
-0.04510221204315237
-0.05760996903494078
-0.04098918108017051
-0.02399794682914425
-0.015085972770887014
-0.009880932169085482
-0.010109367244653016
-0.017063394033371027
-0.018808491321471093
-0.01795991451962485
-0.012465767676263078
-0.009941839907039462
-0.001820246447481256
0.0009448730773264801
