0.18077520983913606
0.050239312358359045
0.018371102706124975
-0.004813667272570215
-0.005621536365773604
0.00401077381603335
0.0019410160879306793
-0.002540936981868282
-0.027798120859589805
-0.008248870625857052
-0.020735414146686365
0.010368681930723166
0.013157727419754312
-0.008532551254851445
-0.003824156188101528
0.005083222080186761
0.054559686088208686
0.004119227201215857
-0.012903759936619517
-0.006347745230079501
-0.0067787859115949435
0.00589218325525094
0.003139115300701079
-0.003478526902637256
-0.0071299680462746946
0.0030661646502909063
0.0034579333790563014
0.0017708962239733521
-0.0014125463959657294
-0.0024171771478986854
-4.559125430250059e-5
0.0015057667577179888
-0.0029048476113436436
-0.005724006251754637
0.003094640886332799
0.0004906877436076208
3.99029441431389e-5
0.0008893053547548854
-0.0009478556693445952
-9.435070846603747e-6
0.0007869019408447119
-0.0011088038536812195
-3.0403832410668017e-5
-0.0021351635006647053
0.00040204632842377524
0.0001894577132311843
0.00015092087751751075
3.327487464869083e-5
-0.0005986556672161803
0.0007911175423852406
-0.0003681734039999289
0.00040134631984204685
0.0003041688979906634
-0.000602113863861149
0.00015288151210914017
6.634891869505012e-5
-0.0001679760015742645
0.00046026573418226263
0.00012501526748076767
0.0013514462620293703
0.00021748544263935533
-0.00018157443620925217
-0.00018905147761768938
-0.0003048275976368693
