0.04428640029702832
0.002853939504397188
0.003831168858037546
0.002324771853033536
0.000643309399596791
-0.0007408928957754622
-0.0005773742719982685
0.00041480576608411896
-0.007679579497568604
0.002799065147078639
0.0004178513014868016
-0.002188640285881633
-0.0011668512567771482
0.00014675590155373346
0.0008206154709305508
5.6269957376273994e-5
0.0008318101429441421
-0.004078547870067667
0.0037112830881592647
-0.00024424016155932284
-0.0007354796028951337
0.0001234803395062326
-0.00037907286384664357
0.0007866659288763908
-0.0027161105266692597
0.00025214298081974374
-0.0016920184547048228
-0.0005673908570397345
-9.433665733261632e-6
-0.00031060296721194795
-4.54732020456352e-5
0.00027600665587262723
0.0001843059730877381
-0.0022853327793038243
-0.0007782486953174963
-0.0017915698666353412
0.0016038650421504011
0.00279398094929191
-0.0006753460983661745
-0.0015462929407171124
9.593285061539903e-5
0.0014005846256615443
0.00043214431978005804
0.0015102033780677335
0.000592761226804437
-0.0009748620726228262
-0.00015324177951101176
0.0005387567399306231
0.00010464548867659172
0.0008202506921994728
4.1376471441454904e-5
0.0007485465050938425
-0.0005454427283833857
-0.0007566160538874929
0.0004811646664492877
9.179801098052237e-6
0.00038382494213989887
-0.0005280135626561855
6.17924863241282e-5
-0.00041187399877585894
-0.0003742374854761132
0.00011297783739790465
-5.094864632074743e-6
0.00012200553776651778
