-22.337056725178265
0.0020110322799770644
-0.07085096538712084
0.774661045482538
-0.06614148012451654
0.5170253024199519
0.2648201198514074
0.17437764351804927
-0.03462255317284741
0.22305789461318398
0.2922340649538767
0.13867074042129998
0.25193844396336035
0.023335917189811043
-0.0337233532914664
0.11258154410380433
0.14402182600527713
-0.04577950858699995
0.168930811598865
-0.013944000328998655
0.1458709610762657
0.010259038783436347
0.00709097290685956
0.007970284638984143
0.09631412896377031
0.05108620383717609
-0.035366118976318764
0.12176230686790901
-0.043724936688381025
0.1263705123569706
0.02211723548605223
0.06105964041497033
0.042636234154355454
0.003992075517484226
0.09977376551009959
-0.002314481744822779
0.01517171378748986
0.03889242727787028
0.07204998855947586
-0.007462257245487041
0.02809373456373811
0.01946749083458833
0.0022625862003524755
0.014020715754321653
-0.011004829505979762
0.018111211254493085
0.024476918999396875
0.01752682930260778
-0.0017821330844580464
-0.01773128892291627
-0.01716635719282435
0.015746790095735277
-0.018413794761184377
-0.00921151102987286
-0.024593226929868733
-0.007053693731103397
