-9.58945807124876
0.009350561816014551
-0.07515176839894379
0.48406093901644637
-0.0026642965219399605
0.22853721294969098
0.08774165859419233
0.060769199325590786
-0.0014663444028415618
0.0019196295946815464
-0.008387986562664049
0.06195867666879185
0.04805401556349688
-0.008474330166104898
-0.022220992906651336
0.03340378272727875
-0.028908955602290454
-0.012457777084753081
0.03281246685297623
-0.028707839139697298
0.10026498340785933
-0.0008680308885887268
0.017190876436876286
0.01003939172226943
0.006224361837045837
-0.027924285994881438
-0.03881111535305458
0.05106810107902524
-0.07148151552046665
0.04674676196856395
-0.01312076159081085
0.05633812464620475
0.01565164746803859
0.03145736264754009
0.0022148119233860314
-0.0052678213662088825
0.05999203295169821
-0.03204130633161131
-0.04605422367375948
-0.021135544936055507
-0.011409765077510133
0.07568423845349244
-0.06569341951312353
-0.02196116811986199
0.04352063110388557
-0.00454484807767214
0.028630172300929485
0.029003209037055295
-0.0038478090826156433
-0.0002707368635648413
0.037927973339326335
-0.0473379266943724
0.01596038738083829
-0.0249772506908571
-0.025574110037145017
0.0059152394482489745
-0.01725417757585306
-0.0053836928895067285
0.020775415007513964
0.018175312376446057
0.012216969304337839
0.009179500306904792
0.008141538898103961
-0.003917436182583345
0.03999972602945001
-0.060513301027386904
-0.031239486245256305
-0.020169853635530956
0.006696502573528253
-0.03663192385660027
0.022094404830226944
0.007055440599754217
0.017339461496350426
0.014399272413793357
0.008302303762276824
0.03845631739666068
-0.005128329685221878
0.05768173423534801
-0.01648166420069138
-0.016360985632528365
-0.008693939107599554
0.0022992609574558924
-0.006331842627915242
0.011670036505004623
-0.013059889527499048
0.0005293016569551189
-0.00790427146829461
0.009810953396963779
-0.007343841729567969
-0.0019002470010233874
0.026249913876655033
0.013290387602006926
