-32.329538664232295
0.031304341517032055
-0.34274128470889414
0.742052731958685
-0.040064367373489125
0.727644126805881
0.8961052353491377
-0.11915058065433583
0.07579037990882856
0.46657792113015417
1.092944802161595
0.1363620385593343
0.3939521332103257
-0.06169030249915756
-0.012823576801406084
0.38754249042539757
0.4360614886321373
-0.13016251733475237
0.46611752467292106
0.17192245638352255
0.03128342631612034
-0.0033396043000884206
0.2969841749375015
-0.08868527969094486
-0.0347612963769979
0.15531058162737787
0.051640088090112536
0.006346692262081214
0.02424207233585196
0.06378758293859489
0.016777836191819277
