-9.589658371065687
0.009350548021563904
-0.07515258488848453
0.4840642891073894
-0.0026630266508435225
0.22853963393294524
0.08774706738590445
0.060769495242646236
-0.0014660047891123806
0.0019190013518187539
-0.008386704745485155
0.06196053759832701
0.048051823117249814
-0.008473647954296353
-0.0222215354198641
0.03340106754185593
-0.02890888026510278
-0.012460287105868276
0.03281058682940117
-0.02870614227349758
0.10026585558697963
-0.0008675561729126056
0.017191007919533957
0.010039533598978453
0.0062261806494694465
-0.027928193280654726
-0.038811402806921025
0.051067671687310336
-0.07148023290216543
0.046746041346446825
-0.013120084206634042
0.056339493254032896
0.01565015599975481
0.031458065307338516
0.002215411999403221
-0.0052680036493012415
0.05999236339650481
-0.032040947680272984
-0.04605523574461263
-0.021133452482114234
-0.011408759831506007
0.0756864341264317
-0.06569306648298563
-0.021962155367921163
0.04352060993202157
-0.004543726400120585
0.02863049229618489
0.029003827432827377
-0.003847097039417113
-0.0002704010948766119
0.03792707100263074
-0.04733785840484927
0.01595919470463423
-0.024977672516969304
-0.025575384404024962
0.005915496110200225
-0.01725409053860738
-0.005383903946815747
0.02077665268160191
0.018175656144983513
0.01221625163764827
0.009180792478031882
0.008141445058174619
-0.00391753202084898
0.039999969826344364
-0.060513017368410194
-0.03124027641062399
-0.02016982101530926
0.006697668031126847
-0.03663234655359635
0.022095416428367667
0.007055421306370185
0.017340266636956567
0.014400249800094404
0.008302864784496678
0.038457091956750566
-0.005128450219443865
0.057682836782896846
-0.01648139278671253
-0.01636134468848972
-0.008692562124549847
0.002300150137077795
-0.006332037175075696
0.011670756509305087
-0.013060189278128779
0.0005292575156477553
-0.007904488295842175
0.009810862175631789
-0.007343559917922381
-0.0019005490948042537
0.026250638771012164
0.013290540066484115
