-12.920218946953355
0.0052123394994701535
-0.07709156254708342
0.5385928382305346
0.004071295715444984
0.32279415194700184
0.07736596954329014
0.16801424296353684
-0.04403357229487537
-0.02256951159733003
-0.055222822674250396
0.15483233720382283
0.000759180574114219
0.061903503681500015
-0.0256437203289343
0.09755144143689554
-0.028581551934248817
0.062398989448750206
0.045500977464245446
0.07289087478597753
0.10295671951681401
0.07549065786595933
0.00850790409618211
0.02094254092617721
0.024424039871533177
-0.030672754634789117
0.044670687359318936
0.05817014790359548
-0.018206435676752307
0.0564509891084996
0.07197764422756578
0.05260601327514438
0.02441212816017428
0.007479612367926719
-0.015348996122278967
0.0023487169503165714
0.13543783508034163
-0.06517002247128258
0.028665182062869672
0.004406176952561058
0.05298926048183908
0.05526144875670572
-0.02667687081583154
0.02566674238142687
0.03926803651579954
-0.019760439810821498
0.04307683231248175
0.025825926024357713
0.024067428539609203
-0.0169292850100162
0.014690512996823392
0.011998800171447638
-0.006915184663802837
-0.05934876457025973
0.024217735878849168
-0.026880384673621575
0.0002858602238004393
-0.015311573654922049
-0.009610805997134639
0.014636851689505634
0.0038157347068860895
-0.019639590786319664
-0.02327840713096619
0.010283303267763276
-0.014860295202400831
-0.016126808417354803
-0.0001588412285189812
-0.002619013659615221
-0.009779475825930388
-0.004541298514044136
0.05222720754115689
-0.10285625036031244
-0.024257707128930724
-0.03893437008672208
0.018500052673217592
-0.04508826105081514
-0.04613674650511218
0.007755385500168778
0.022276147079530104
-0.0025615645968615638
0.019820191484147535
-0.0053997747749260075
-0.02870625900392425
0.003888835479035793
0.001188161421801756
0.026823456549739496
0.04780253699698402
0.0013873162097312595
0.0049169910495902094
0.03812333579470738
-0.034065200856832505
0.01708204377526781
-0.022383057488483182
0.008095062412024288
-0.03709522306910511
0.003382798671472516
0.01267301539326943
0.007220762129290142
-0.025943597868483437
-0.0169456421589651
-0.005086713869420858
-0.0007249243516821655
-0.028470263439192716
-0.013201744820349795
-0.00848319045231207
0.003691491525194201
-0.008634574122285842
0.029714854463599644
-0.03309524207585813
0.013344437203865389
-0.010567256280993505
-0.049711553692994896
-0.00962593936683756
-0.0005285208875108126
-0.014038178190899153
-0.019175333294340423
-0.006882321910384516
0.0431448098209141
0.002461538718359251
-0.017741316653156793
0.026765949272534468
0.01986544676774704
0.0044564908017255015
-0.012036061992205128
-0.013705712596585689
0.0035547660342407274
-0.017190827868035056
-0.0031279397936933816
-0.011344564352429264
-0.010207688199278288
-0.0023856085329809393
0.0031690075925512643
-0.016392573794906985
-0.0067196841416965365
0.0028838420108079524
-0.003736186904768747
-0.013135554804511626
-0.0123710320748014
-0.0003332127825169673
0.019403069933824915
0.0024387922807945312
