-22.33705335384802
0.002011057816159304
-0.0708506856692628
0.7746610857824979
-0.06614156673056579
0.5170256637146154
0.2648199464101293
0.1743780076080472
-0.03462250786879331
0.22305761392757756
0.2922339853650451
0.1386710118102604
0.2519385424700047
0.02333579419501292
-0.033723204556917054
0.11258173251032512
0.14402189076139926
-0.04577941102715716
0.1689309982304322
-0.013944157520892817
0.14587057145082666
0.01025895826003259
0.007090926425072171
0.00797031903353839
0.0963137836718412
0.05108634559201926
-0.03536613304452519
0.12176241938162219
-0.04372507662474554
0.1263701187024388
0.02211710811205774
0.06105945073347738
0.04263619465348818
0.003992073112450145
0.09977381155524874
-0.002314209630840261
0.015171561074194156
0.03889253340840239
0.07204979584240319
-0.0074622719329404605
0.028093570779029832
0.019467418572748085
0.0022625200184983344
0.014020622571618404
-0.011004613207528885
0.018111207079255835
0.02447691893484575
0.017526930488628245
-0.0017819569306260362
-0.0177311608362705
-0.017166261680640973
0.015746738602917965
-0.018413733751440484
-0.009211449028854768
-0.02459311302892249
-0.007053648333215609
