-32.33270706160338
0.03133058719519774
-0.34305969071888714
0.7417435777933982
-0.03989266739577165
0.7273777301143856
0.8962600753631937
-0.11935996718011778
0.07583595291009859
0.4666141372834126
1.0930706835117556
0.1363444495048402
0.39386718478806604
-0.061707613176394165
-0.012830565971248518
0.3879614885055742
0.43619092841530976
-0.13022761217846524
0.4662706343136782
0.17190681819226364
0.03131972410481565
-0.003362380468272887
0.29732094983090074
-0.08871911625784494
-0.03472771107022402
0.15525328185259518
0.05157649599078828
0.006344428324117336
0.024241482334874415
0.06377729692599646
0.016769839186008665
