-42.52081068728103
-10.577221749186242
1.2412249702467715
3.2861543269076616
-2.7901130824508003
0.3644063312454701
-0.9268164521441257
0.8717490545695289
1.6962127714604442
-0.35230619652544326
-0.16975628721759287
-0.11767560076075904
-40.864370670571326
127.69554176085933
-145.3463022892054
139.05477997571722
69.02788298372133
5.26214331679047
-12.37973187351613
17.684086726195677
-11.667083133542572
-4.894549865032835
-0.43804118869917685
-0.3782796473465271
-1.3554124720522869
-1.1069913076944344
-0.4322708838760151
-0.17034145227659053
-0.8231340960598342
-0.21637228350036222
-0.2972204697867351
-0.2962800826784248
-0.06635749286226462
0.924130286029082
-0.37090042736203055
0.3544397602553679
-0.014603237071187235
1.7727140309806806
0.2379231752787502
3.069236619848531
3.748550371171091
5.205297362800074
0.13818804304640062
1.4505819604846744
0.48983753187225676
-0.5542706002478685
-0.3422381944749703
-0.2872848841164208
-0.6657795258609813
-0.8304469723656493
-0.3358788181856043
-0.1954345854395926
-0.10785467678336565
-0.05800688988895212
-0.24049074253648986
-0.020167839727470653
-0.01367505056070808
0.041937212650685965
0.11282878190502416
0.2063613753631583
0.12908872982276975
-0.04850981763498187
