0.12736821771739276
-0.024616627454809668
0.025946391275436773
-0.014759034413332286
4.006716967398222e-6
0.008000293507842529
-0.008002959086071976
0.0034198417358839305
0.051272475125288625
-0.028527754902724446
0.03317374508346844
-0.022976860589794843
0.002962474223225274
0.01337792606449661
-0.02173139847104146
0.01272047841349532
0.03289151945231487
-0.03864750266185389
0.03504854915985275
-0.012694329019039228
-0.010777480396932342
0.02049627313223679
-0.018127298820695373
0.007926911909196194
-0.0023330240671685354
-0.015651476474649956
0.015368623999414695
-0.011901919070006697
0.010486401482534961
-0.009221460677619057
0.005944275393096495
-0.0019763429286708306
-0.004473547550635544
0.0005927113357736366
0.0005533283680076753
-0.005309990455053147
0.010437424387678036
-0.010172048629870178
0.003858690379586632
0.00022725957544621043
-0.0023132019254645687
0.0007861179489227076
-3.890462248093938e-6
-0.0014490133101463405
0.004648233648210056
-0.008380741027427438
0.013355882379311214
-0.008576399426853953
-0.00015882331088213052
-0.003364814753200117
0.0187642398428327
-0.03323058158582748
0.03454339313317917
-0.023350189641087087
0.00992786104640262
-0.002103665857265459
0.007240420498416766
-0.01566543074302069
0.02390809436836253
-0.02419638185332394
0.014250640781517276
-0.0013000379877876659
-0.008876527196901282
0.006814945355633026
