-7491.7310290561745
-626.5482781176141
-1.0966166542618542e6
203126.40724214012
409109.2473542459
-146278.28438327886
-88890.01402547571
-11599.736091316085
7959.253979522457
879.7372711152829
107.43675760386712
38.36796096240277
9.40843093304264
1.1296427233643416
172412.25312907575
137699.0579399829
59797.95487205155
5008.792209772914
7937.323441027909
10719.914005274435
-358.7877367383285
-391.971728957178
-59.748469347126374
4.776381633144009
0.2808536803458507
-231869.04635590382
-111123.88138563489
-36775.15806313603
-6872.882940937433
-380.4296482195229
-129.49721300138617
-67.70642477818842
3.9789417803595284
1498.4720646048806
590.7237333107449
144.79112298753716
-60.13325382248541
-26.972981108583642
-0.3093932229100969
-34711.65049687385
-13839.116340325112
-4476.090529005207
-795.3217684065961
-6.61441990016547
-119.04600264811025
-81.56986249912894
-0.4628148604807792
968.7493596814343
1472.0094879453513
319.08915834834147
51.15670234875297
-836.8769799010701
-65.4518013658711
-59.97441759959113
-416450.63144085964
-403563.5050868008
-97411.6041895499
-13387.570901023804
-1607.3059207163365
13155.81284479565
7173.186173448675
943.8020710847325
-37158.603038228954
-17833.61386349638
-251.57250294910114
133.62497814782597
-990.8127564967665
44.111545227840395
59.53066617457709
-7.715723853251506
-0.7246536812993204
3596.0857581764794
6828.443075557284
4334.747022005747
745.2095598512421
42.7957226162831
-41.397938525263875
-3201.8168069585595
-480.84019095021125
18.80036890813347
-1.9643607659564999
-20390.437636084458
-6416.648832502695
-332.2458408710091
-223.53865706563786
46.373052809589474
-246.86676803001376
111.15717664125543
-14184.497266802337
-27157.399320384826
-13069.633449432104
-1099.116723540979
-352.21399721971284
-941.5580349694818
-1317.6754798373072
-1239.9540202852952
15.317238879021337
-1530.6518634315607
-245.34376234739267
-299.18824950495053
-161.72195618630388
-7518.691686932182
-100.14200207150861
-398.69791063272226
1.0032648776479844
-1561.8352937802142
-413.9467498675553
106.54517540904627
25074.43448490546
12768.132695266508
619.9223560151454
647.9143067605592
592.1388210190529
-1756.8217890154397
930.2310726901937
309.38266248372753
-102.94539570018108
73342.3173689388
78497.57091478468
8073.695094864778
-3433.371029728897
-9544.492332624792
-2029.6257281220428
10333.914663933576
10197.315969360367
-1106.6519106181147
-1367.5531033256846
723994.9514424575
-63637.99155258216
803.5382080579649
14915.983246785434
-3729.7010328597453
-10283.440614669304
31058.337303871773
-20454.782899858194
-12013.130873265309
-2683.352732076806
-234.6017300555578
14.707434054110925
220595.35385483826
215451.31681099956
49635.50451659374
6668.841765684501
514.9879393446239
743352.1144253911
153649.90691152742
-42445.129283733935
-17631.234323415232
-716.1374630118786
6027.787904872095
3546.997917594247
385.03589957796413
69707.54973631172
13592.907491329697
1022.576059885972
20883.869725880428
9724.275169697628
572.9432993030877
468867.3186882111
145744.00325674427
8153.631326465155
-2488.9996299483482
149.55250006491718
13925.726733614882
1683.2792118126158
356.7117481907898
123535.33810064381
43232.255385184304
4818.951483526736
995.869424060678
4893.718239781918
1937.5598851290565
-181.0073636516494
411203.9351917099
302305.4913574928
89631.21563253767
15858.512888580604
2642.7380575646152
-18583.77968817053
-8969.259247413545
-830.7901294039855
3676.198215947489
366.14690765755074
-2089.68006998347
-175.5569433204744
752.1854196069917
-16730.195068652265
-18156.167259289403
-1445.3140277222599
-110.84183372562653
-169261.91706392827
-93810.58288173501
-20546.901065901864
333.2416839525108
9843.323189223873
735.9751392045772
-19063.44117881495
-993.665285184665
-2887.023498158241
-218.69620288321713
-19149.17025370595
-26884.8942903473
-8139.37061879247
1279.0269314602083
8024.878023234508
3377.922025524445
-1133.0638932926836
586926.570843649
435260.74108140427
104249.9498599873
6910.709551342522
-12831.089232896113
-5219.576711505757
16834.968711917933
-436.6445831620296
2086.342319452348
47796.75009359204
4681.025752023762
-3683.824352701635
9047.685914459247
-355.89734144898597
-2284.2763228550407
19313.678233485745
-73.70492673219138
5331.048692261245
481.1119107981455
87.0470869764976
20722.847139747973
17697.79912727858
12180.644831651385
1029.5425484337084
4386.748527794038
-17533.19180523781
-9419.609908610644
-19320.678360696947
9263.53675938578
-394848.6287434314
-285105.3537897283
-103707.41022561246
-6714.115330177735
54100.08513480818
14743.83474847059
27011.2642116702
-18654.931068426326
2150.00073951705
5015.607854492965
