0.17840186227997804
-1.4471433596326117e-10
1.090472071276592e-10
-2.947391997404102e-11
-1.910299487052234e-11
1.835612696498798e-11
3.3156428337756894e-12
-7.413692136723034e-12
-0.02687543300699258
4.981515408330421e-10
-4.821861324748914e-10
3.2448085512710104e-10
-1.4190287458605867e-10
-2.4449086553763036e-12
9.109634504646379e-11
-6.367800642253405e-11
0.025985818884961098
1.2204180801888578e-10
-1.2931783624145494e-10
1.0545845474158624e-10
-6.251975861758156e-11
1.3819946825990681e-11
1.8345297215399262e-11
-1.4333906696504413e-11
-0.0074153238535323625
-3.317695743896765e-10
3.1631209054311694e-10
-1.405670521741563e-10
-7.822839082524377e-11
2.2014860306853392e-10
-3.2057789224779135e-10
1.9520572829608786e-10
0.0013893446478126113
1.115563299607124e-10
-5.3477050832026924e-11
-3.800569300785392e-11
6.587238532279525e-11
-1.7414382239678226e-11
-7.951864785054685e-11
7.14308068114789e-11
0.0004044162292477767
2.468945788953377e-10
-1.8579752925086512e-10
3.43047381613686e-11
5.8097120157487935e-11
-4.2678585572391354e-11
-1.2621963918818224e-11
1.9201194953264225e-11
-0.0003432510106835047
-1.056679667825793e-10
1.0360077327757966e-10
-5.085264647046548e-11
-2.3795166464809862e-11
8.130773418151311e-11
-7.74751617099138e-11
2.8400126898161668e-11
-0.0001586629902710714
-6.426923412569504e-11
5.751022338722754e-11
-4.6218086192643266e-11
7.200572214186713e-11
-1.2322427272854558e-10
2.0515689933374517e-10
-1.331067176011317e-10
