-11940.870858737493
-6558.691977693855
-2409.5948734109115
-536.3148727876078
-56.474805312732514
-1.4934607523826992e6
-99237.91980194653
19008.452201463908
21241.369603536074
10935.876477182135
21226.955869744936
15675.021584254162
330.8164224843514
-131.47473974742817
2.262774374639515e6
428996.659937693
-152286.82323535616
-51094.294217103066
1608.1159676061188
245.98026958500196
1.2809841414168966e6
492925.55117532006
65621.48231508712
-80276.62971869594
1035.4032771362545
-10857.139799347062
-4.317815453319597e6
-3.415750791036137e6
-279768.1768561534
13448.412115325316
-338459.2126982514
-75752.5823939539
-5771.954604336547
-4390.16499093125
1447.0008809355322
64203.69005767314
19217.79345720678
125443.19768383
-1224.1876998408934
-180198.21721431758
-243918.56707643592
-4924.211411410159
-636155.9143635385
-584556.5691408761
-213435.9961741829
27188.525561429637
83118.13737444302
405931.3868101952
93606.74990751261
23293.69101000176
2.070399898699635e6
1.2539188804378e6
208083.6541892311
-3945.623156286021
1.5135670809948845e6
125007.2620402327
-2751.4983734469165
-15829.67050429936
-10181.610706720232
-700410.6503503138
-388286.7716750365
-147004.27714778887
-34484.68912712266
-3810.2793143534186
-710688.7842345383
-827676.9176088085
59778.49219419621
18800.793600744146
-1.5771466177547653e6
-3.248627813358559e6
-635107.096062009
6909.876603888056
-154517.10829840714
-29794.937798947823
1.8683705616515265e6
-482885.0132716037
-134907.96716900475
938629.8130556367
68868.95610191848
63077.65263074371
2.988372628835783e6
2.8577276354977298e6
-202934.88882813902
-83521.03621895619
493758.02283301705
100725.46795611651
-65609.46956718496
59703.26433589158
-91434.77448280009
-992046.1495610279
-1.3837205454053308e6
-25936.61589788446
65472.80639091425
1.0672668710685882e6
-336636.125723529
436694.05133093725
1.2685089684163554e7
7.956198233852884e6
520036.7295293413
-532571.5499255073
-1286.7758024693235
40481.87147702163
2.3830228557754494e6
-1.3443185804262252e6
-1.1323292763152048e7
-7.750120175537897e6
-39101.111366788384
-746030.0310249014
