-1855.237559831669
-1132.7575577791044
-455.187732930857
-107.61494651844255
-12.119199006809984
1.1594000058887813e6
-1.1828948449088424e6
455062.29721715517
-386460.47718201205
110992.00811666079
3458.674826538885
2741.8024938826316
68.56174948053449
-14.778800963513607
212578.92246090283
26824.68969828639
-26309.105393725244
-7525.897664982695
283.2483924071618
37.394478271427985
175013.09640547453
68638.57262467647
9469.06805487044
-12525.967953410396
-99.30297020214785
-1644.468014758273
-831429.4441031637
-666407.4826481788
-67304.28922941636
723.1778465265635
-62994.36863663366
-14769.580746033032
-942.0451381658362
-732.4490873205482
202.20503477950652
6335.589532073778
9855.075315889857
17353.06548821235
-179.8426202998757
-39115.3626991725
-32140.04360613363
-147.85895766746947
-78909.16312088144
-86486.26575987744
-31920.15888849439
2690.9051654869045
9768.512494961644
65575.3173766557
17498.00800494704
2666.7488017396777
320763.5824999789
216857.49908670702
20169.157845266145
10612.631498712464
-1.0479360877229844e6
1.2441827810857382e6
-431795.9238159425
392014.611264313
-110365.70020413038
-316123.1398097316
-168918.58173521477
-61515.08888241703
-13926.993766773165
-1498.8669119783494
-55434.60273725537
-95085.42272418636
9413.514065819852
2257.7829917756944
261874.36864758542
-425470.9177380599
-121267.12465488615
-1436.9474957341888
-21036.987417269447
-4127.7841947592615
485377.1080519474
-30059.820979648295
-22178.07589076999
173466.8900184235
17922.253296114213
9219.364524225235
1.5763292224592566e6
1.227253242134519e6
67383.23325448926
-8616.883060632017
129798.20384299532
26793.215073835825
-21298.161799286285
-1883.0060680312358
-11345.985672070448
-311643.3972828691
-214288.7247131845
-9001.178020949374
7130.484416436564
95786.59881620646
-44529.99335821969
55493.77655378655
2.5083780121450736e6
1.4833508492628818e6
98536.55460654781
-23555.627563297854
-1690.770670303185
7849.7752974070945
243566.62182535604
-141342.89217360737
-2.4916753178877253e6
-1.7201081553959232e6
-20612.984999732573
-160905.15281485554
