0.1200067896726197
5.5362597078547394e-5
-4.566346836035968e-5
6.0631668409288265e-6
4.2091593183684085e-5
-6.986737590481036e-5
8.09323786790215e-5
-4.4496591259798495e-5
0.022610975548371708
-8.642069675608081e-5
0.0001393880053303766
-0.00017825828061645416
0.0002065403997610803
-0.00020357506051996214
0.00019239288773383216
-9.975875888521552e-5
0.020859049949089624
4.0501129170620486e-5
-3.073570621140412e-5
-5.826446245259362e-7
3.4948709904118236e-5
-5.190619423235985e-5
5.5904841304452216e-5
-2.9746979195793327e-5
-0.0017270712047942939
9.7206854012983e-6
-5.6396729418015456e-5
0.00012122414667361961
-0.0001811907393679686
0.00019617752834421938
-0.00018746514424236439
9.623630105210671e-5
-0.0036819642363219722
-0.00010286559305190255
9.090097477706666e-5
-1.790134892654976e-5
-9.282422533273567e-5
0.0001746659289635992
-0.00022811864478117805
0.00013255680613651055
-0.0007440215212978292
8.888240923359408e-5
-0.00011241514551339692
0.0001163270517535631
-0.0001356101613094992
0.0001564513338730206
-0.00018397219980783973
0.00010588927162337063
0.0008630249370722002
3.6950882297813894e-5
-2.197534285857467e-5
-1.748133586728252e-5
7.20417280865674e-5
-0.00011129478151559319
0.00014126833519024983
-8.238666613940988e-5
0.00038965548858790547
-4.634517709571711e-5
7.506288138432683e-5
-9.829865445181133e-5
0.00012091185747319386
-0.00012737513491258636
0.0001296205272975827
-6.971934778093953e-5
