-2.837795350025586e8
-1.6462928230904236e9
1.5364322705673203e10
1.2597569070200174e9
3.183325873389744e8
4.6237766583151245e8
1.159779620118228e8
-1.6494485697372563e7
2.83779602712427e8
1.646292849407112e9
5.84188296633973
1.6660245222868895
0.5624208327603327
-0.030314851483679683
-1.6198388694601685e10
-1.7221349062194848e9
4.834809418871759e7
-7.005104380864446e7
-9.472020215828718e7
1.0213830276222657e8
-16.56062492102562
-8.717733768462455
-2.700243213620581
0.8585206334947852
-0.18600303821003042
-53441.10950421751
-29299.02723457718
-11061.367891046435
-2768.7792479475715
-307.62793636207397
-40.93455505369233
-21.068101942677437
-2.5596531773622506
455.7100645374103
267.62564131399887
68.23963101257388
-1.3772592176590124
-1.130694310051538
0.3587129938635361
-12949.337984646827
-6140.0047887763
-1865.1881885780567
-379.8287648991775
-0.41338691439400216
1101.0297176507224
173.6123855812917
-0.045112854961760575
1762.1740665078653
874.480861803436
244.3870434714493
87.34688945339813
-161.92392184671044
-45.021591420498744
0.4521062916330395
5087.74592485673
5947.168469220063
4141.203103720477
1466.066296925756
191.85076871289087
-4242.402360766988
-1236.84632236338
-632.1846291021374
-416.8642232286687
-185.43833943693502
61.05812748322899
253.71374977313283
-40.531664568447795
0.4190361518835011
-0.6391627545974665
-0.01698533776672767
0.013497439158342043
-1511.9901055525788
-471.8660971661248
-55.44834382368575
7.080817829206777
21.87486884636357
4.052713634285326
-1780.7777372401238
-5.072358072306533
-0.3403666427138923
0.02905437705615157
-2894.5055255513785
-1010.7834974070561
-143.7765225254291
-96.52585577710626
374.6951491898134
111.37418216789621
20.90308932885253
-5948.863864127125
-9019.343414983949
1793.6920478079192
-3.829253546884355
-907.4847874219623
-357.57152566971183
-2292.7692137308586
-370.903277390675
1.9420012301796852
89.65023075284559
68.12200624090862
-742.358522009413
-59.48826464488549
849.9611841046038
1344.7584713430585
-870.2292628504249
-0.075168364892192
-477.28813535539854
-132.66213046884187
6.4105672249109515
425.96947234412875
-511.69292774885554
1213.4121822110817
4.89937247848426
-497.9421118284606
-958.187630912747
-914.9273159369243
-434.2289903184083
35.30006660481738
3086.395549143437
3779.0349138985553
408.98690092519826
-72.54662713462307
10686.0427765346
16.434677151725364
1091.6990933956467
335.8714334340897
2300.160974591526
26.753957608470603
5.1569585634416753e8
-27002.518110316654
-4.83632807586917e7
7.004480112761126e7
9.47184690145602e7
-1.021385505726735e8
-1.159623042316179e8
1.6502603152747827e7
3081.4945531713784
941.2435204535096
237.7387911335072
34.801984091667464
31166.041508150127
42155.838067364915
6872.978247694563
613.2145506342516
37.94863384343682
-86682.83508866196
-16059.223947604505
-1661.5008065708184
-26.229586574307326
-243.0200073438925
676.2639126983971
-255.88911180355473
-202.2946642068752
-9166.186435028278
-4513.499935703976
-1008.3416522022065
7209.221681585324
3485.7256945352733
307.47977238826354
-32119.63495003608
-965.690696888407
1866.23843887459
554.6652026903066
119.77119959055992
1838.1838792844114
639.6613568078131
115.25442716833503
-18579.684601937748
-3647.1136476017714
-255.2405216701663
124.52455045271563
-3385.728303989719
-596.842177822644
-27.419932167683346
-15154.892622317724
-12526.273566743865
-6097.911039668483
-452.84216839141834
117.77598436567368
-1060.7714666981412
-521.2269781299755
77.12968892937963
-776.0656957307614
-1456.0251590815137
-188.6144566860144
-43.73310006975792
-81.47955681294066
-155.0690183812392
-506.5443610928589
0.12440080522952637
136.8360069829167
15535.071075923724
5566.323735902768
109.92384967415913
280.3121814168274
2041.1362046852641
102.89506986172506
-1394.8540749904398
431.6732529560016
-126.79817730530885
-293.2317869551999
7756.143965230044
3933.559913077133
-970.7460884816032
2250.6372432697467
-3933.717995439585
-1652.3454670985109
843.4117396288909
66695.36961287755
54268.54291426523
-3912.9046608535814
-865.2859583054556
1335.1610316718536
2513.4528637141025
5034.320904186561
-1770.24865235956
897.2445423296926
17324.035730248972
4408.644395813968
-2096.4268430674497
1725.1780077535846
25169.07396125767
3032.734736197909
6594.287175544737
41.56950292033436
2361.1533658070484
1628.2656805181937
-991.0481817915188
29090.357587288418
30873.00690792147
1811.9273056057898
-1247.8175047827087
3573.0489219429955
-874.6792935382562
-7078.407094324659
-3273.932796938194
59.58418721359766
-3040.1932346050326
-4907.299147170833
456.3578047641206
439.6583168125555
1049.8589133683201
1089.6884109310631
-892.2449600096002
-1245.2561154914686
-399.52450157145927
243.29264908925288
