0.23661418619503077
0.03798504390138956
0.010772945541884762
-0.008328405868424265
0.004413003450863985
0.0019673627856315696
-0.0010586162107652582
-0.0029586920723108164
-0.06930787231899056
-0.03851402210485396
0.02046093089784004
0.0025461120423042743
0.003321541016360321
-0.023902224809114754
0.015757854587354684
-0.0012098061979611229
0.04452559733284586
-0.0024491182858415003
-0.014235151119193835
-0.013746157042475912
0.02962465862714807
-0.005126319855981382
-0.026027954373075375
0.0211511948255131
-0.00841154839772217
-0.007982894659648581
0.00459006564986508
0.015472832076555086
-0.014806797348634519
0.002200869718854923
0.0021728514446464064
-0.0013431516590128576
0.00010005836686170446
-0.0030932484923367988
0.0018176019455261026
0.0014655076479412686
0.0008264216243020781
0.0004368286357996311
0.0016915046203213615
-0.003120768402782394
0.0004460056811956806
0.0007363938015027242
-0.0027963301711093867
-0.002977584208813046
0.0025598935564201874
0.003710196384030365
-0.0018243551191809446
-0.0008433381324982493
-0.00019857454736245655
0.0008068239770377902
-0.0010431974483315063
0.000720888617319058
-0.0017602958105570707
-0.000793409726839446
0.001799006988940779
-0.00013078736109543051
-0.00046182341591192067
6.896781233633109e-5
0.00041892625233179377
0.00013598315150225974
-4.021286559973255e-5
-0.0013769209063361713
0.0004848522940401216
0.0005607630920053124
