200.57743410121378
31.99410047728187
147.5559872507942
21.157926356512096
33.49928069110737
5.660128621776034
8.2512605174127
9.273210416229409
-7.821430391482251
-19.905600373569442
-2.8390489042343185
-40.14444866484815
-15.949096523747718
6.763891281360374
-8.489405549155222
-17.06077600545912
15.85833473533218
-78.39297935591334
-1.8596063539364684
3.822083276534122
-22.89714104541882
-3.210670821597772
-13.692716375355484
-8.750276759251399
0.0008571599401150903
-0.03163960629797861
-0.04282338527250986
-0.03554672294648062
-0.1171125457653521
-0.20842278820417084
0.03747347214373016
-0.13127050257221676
-0.06509134899650441
-0.1941796906657769
-0.13077084310462744
0.10334954223540885
-0.037476522839380674
0.19223331299915186
-0.06319198914164498
-0.04927326052462663
-0.21342056613063598
-0.16455094863701974
-0.038320537850486905
-0.11074805833667467
0.16575878099634772
