137.01148477771176
45.06573910302536
4.666315227872086
-1.4783914093485548
0.3202083561350355
-0.0038508352492426508
35.51735921105959
24.57951060303094
13.346026449355891
-10.173458113119501
10.387158658032419
-1.3881303171053592
-5.860557572268162
-0.20042707058423423
1.5903263281708553
-0.13791971833024186
-0.012316268925913247
0.04034762106376732
165.54020519456566
379.5103374993287
244.05459773078272
224.5434185812437
142.34536698496444
-12.797283848000756
-48.87339239946125
-32.41687794376058
-25.510694360061382
-11.275319622491129
-1.5444201734643486
-0.2769472072466114
-0.46112115420427546
-0.7751949520485093
-1.0564880886028682
0.0962250962129579
-0.18342561403563834
-0.15237853950963423
-0.1491553647918487
-0.014053787087703953
0.1206328363851516
0.41846220377273596
0.1738968917159148
0.13024446508848742
0.11153622588214024
-164.64082041480114
-70.79143004257794
-400.4075972203258
-44.02891750098274
-20.584684729617294
16.910479089741028
11.852448221570684
36.61597487120347
5.8724216167801435
3.9712046752172623
0.20056144738907408
-0.2926595403067214
1.199274976592484
-0.24855496529127036
-0.7528119919800011
0.27539923822482065
0.4800317449341683
0.5016201456214754
0.4160224681237746
0.3369894867260844
-0.11612064835599288
-0.3827396669704027
-0.7795272439261702
-0.4612082374000634
-0.31450221737174466
-8.16975275628563
26.408760679874522
-8.420237888325603
-1.2341128882662613
17.736485332239017
-1.1958015689639498
-1.6188271034016621
-3.887786029125684
0.0497019608428379
-2.723854699062162
0.5091231611258848
0.21496635708532405
1.4398957497001426
0.20830611033359664
0.15245895778295587
-0.022215172942888883
0.18328180134331337
-0.10071606213794043
-0.037903023578331405
-0.0016550918703604886
0.3071998068572888
-0.19475620330457094
0.5276744941119417
-0.048831329283412044
-0.19350566419843437
46.02511234135059
101.6020227888186
33.73410893868391
57.66192557453576
49.94457776799942
-10.802537839866757
-20.508199601284634
-10.005309387914146
-7.323867937475738
-5.988388361428349
1.6393993634694757
2.9457477303047552
1.7156241574532043
0.44056831709419775
0.31446956504499574
0.5084420301183391
0.7945431709535282
0.613211790932319
0.38617080726853104
0.06085721506950696
-0.012552269935454554
0.251249606747967
0.4653060618736679
0.4884192545882977
0.5798852449216054
-1.4037895782353447
6.445366561666861
-5.465535188143435
-9.152768980173546
-7.343470794720205
0.24930091046698566
-0.4198678830790627
0.9967763173203762
1.631873317189503
0.972356368731303
0.25631058371910964
0.4368064619664607
0.07479312206677972
-0.04126283980742892
0.1058818452311053
0.006955357440146493
0.021551277135062715
0.046216442128526804
0.016516904233647385
0.04564948107562303
-0.03638057613864769
-0.1287465566932541
-0.10721668241432393
-0.016715123018014928
-0.009867352005436569
-2.4727931482994694
-2.4595994730035273
-4.980318776328344
-2.334442400608396
-0.8216510109647313
0.43516590841883585
0.860379645750995
1.2639154866803228
0.5735420662817592
0.2364482561751163
0.061876650694490505
-0.08197365450330651
-0.14963039517804708
-0.06303998743122488
0.013595363211865105
-0.023721784519751044
-0.0329166756829084
-0.0429981019024068
-0.0011988943568188237
0.007837538910111371
-0.023688612365510633
0.08208805419937013
-0.08720950664156787
0.038999632338237604
-0.01925866845294766
