2.9663494951502294e6
-137862.8237890802
11368.416019634607
776.3008704837767
-283.4319772412067
-22.018501058571935
94.01189798799142
3.660537297572567
-1.434921530585631e6
75344.52381662003
-6095.197812047671
-141.7594123290494
307.0598717639609
40.940606682183414
-57.52635012642027
-3.2747677114230007
-259.59424558356505
57.38810957726247
-34.63586431668118
-16.76635956464141
-2.3461728808261153
-1.7307284848976099
-0.5157268174342465
0.026670134974290834
-1.6795602624497013e9
-3.093817283504086e9
-2.1204479942082758e9
-8.656381804906164e8
4.801500030600005e8
3.16322014862255e8
220102.835363289
466809.7845995366
302443.70488677354
144590.90470059233
-97209.59395796889
-64296.43688272004
-1206.9605481533667
-2422.7565475640595
-1867.4785905999831
-826.7639956350498
420.1460402777008
282.8818907353549
-51.88169038110847
-163.8995776326189
-26.46149117849052
-102.87918135989084
-70.68266934209187
-15.275418490807953
88.15739658750545
177.6476742637803
117.579968786149
94.66299752477661
45.44089050063271
8.943439797009137
-16.405031522691257
-30.94357155239194
-19.30123400817041
-15.61343280141434
-8.537209253339778
-0.7541468469115303
3.5037758901265086
6.833403181724141
4.337561773813382
3.0820253762231267
1.0005554924090792
-0.317593723467372
-0.05463892647693229
-0.09265496065663263
-0.041832014113101265
-0.037938638402968565
-0.015245849439337735
-0.005454977153504788
1.0686670582685443e7
3.0588948912146467e8
-6.934423455895844e7
-6.59738337372646e7
3.906411968821583e7
-1.7362707532582492e8
14407.623614752787
-47973.930499737435
24848.032347932054
-19456.88132522566
-25911.141722187192
29011.287884373793
-187.31866120193675
-22.267041887920005
-394.0541493397142
-75.23671089719514
43.45151070132831
-151.92731347168964
19.4311407067103
76.40698743137621
82.36683326605657
84.48887547895814
17.62260978232829
3.454923634128446
8.445024417734931
-6.187787787225583
-5.90288096012916
-18.203196743893432
5.6060439477957065
2.106898439248166
-1.4885845101937014
2.9328736796324026
3.744432460654388
4.196836815397955
-3.260848478710792
-0.14902882468974724
1.0532924180970031
-0.07735587641184356
0.3423255818633105
-0.4701043133177258
1.2674553001020772
0.22681313841079637
-0.04956869733997141
0.046198501344829536
-0.10152402978404065
0.03471978527615891
-0.130755849261668
0.00452916904509812
-7.708208766312842e7
5.1595586074153507e8
-2.3183242484821302e8
2.968399119750466e8
1.6575534224305289e7
9.84543041764335e7
-2223.544209030495
-147900.58408335954
26376.307422879476
-107988.42765328531
-17451.581271462575
-51893.04936083391
166.51244269720064
987.5525805268386
99.45815615133195
567.7967677110871
143.97390417250256
211.6307452820067
-38.85741474920262
-69.17541986716392
-55.280341960097786
20.210019312053983
-13.027671378479884
41.6773272355159
2.951419140784599
2.2682587627282116
3.6379768226804856
-15.311175292336257
0.2657781032831002
-15.344877049091004
-2.5369873636090654
-6.637316682819334
-2.7886338818713527
-0.794317797945921
-1.3962646986337834
1.652367901085019
0.3831516948304618
0.7742186827401885
0.6641412853022161
-0.15797802816041712
0.214500371617242
-0.5119180713525536
-0.02597717853967511
-0.05348539402218667
-0.030420453274228435
0.04618299655801322
-0.06773176023882728
0.03018320182665204
3.125456865184798e8
7.081284932563186e8
5.491041865927364e8
4.4842926080902255e8
1.9523189202265638e8
1.4911491402258027e8
-69018.31560428183
-191725.85200216196
-110231.31559804635
-110414.1376943988
-35830.01439358946
-42614.67481042523
652.5077978797968
1499.1880267250494
1083.796816147574
735.7920624961598
436.5270776556854
215.85426402874788
-115.86292781530454
-186.8717461517496
-196.44737366321343
-51.81121000317595
-98.14928905749677
5.611387353931737
19.07376302201654
26.428803395082163
35.28301031454528
3.7446162578285533
20.59789462232701
-3.0524279849984866
-8.850981330203517
-17.546309622898434
-17.62464185272975
-7.729472857202655
-8.15800778075887
-1.2218738302813006
1.9116027326567284
3.300802503280223
3.529902859249235
1.3068788812632872
1.299850319301714
0.10197960754564334
0.023542767878710968
0.16951052821032478
0.07431122627892657
0.1345946876638668
0.0899416361795385
0.013991154984909302
4.479291047061805e7
6.224427946505768e7
6.945330308789565e7
1.4076176553956375e7
-1.906180678384164e7
1.841654586780141e7
-5404.282090406345
-12166.657834970872
-8167.609982085514
2278.611084961344
9224.243276482419
-6261.409611930513
12.956628702650448
68.2237766531439
-2.7168114032477333
-59.9578348889674
-63.969643931183185
23.142229419522426
0.700936338796877
-3.6022205335895596
7.139141623746684
9.821761768548317
-2.524247998928191
3.9051123510636203
0.16778631357850776
-0.00440628614908703
-0.7418032634681495
-0.266088346383617
3.38977001332311
-1.1944855484274475
-0.33117158122152407
-1.6676113360057543
-0.2694099684390061
-0.03145275396044892
-0.4102084831456774
0.14498956160077014
-0.16319342521325408
-0.10143208606654638
-0.42366700589408723
-0.1623214900593163
0.060134409213063574
-0.04437110848761005
-0.006569859391431946
-0.06492940157445479
-0.024029933107076414
-0.0366152342204978
0.022289167854401964
0.029246086947470638
-749205.7900485714
130724.05030041865
-4.382366369088912e6
1.5342968671519074e6
2.654063748318941e6
1.1500673779647544e6
839.592515389807
-1217.9519338589062
3628.9991353759156
-717.9016090559938
-1499.7604203211847
-883.6021873120956
-13.435432815920283
0.33601269106687104
-36.26915331946712
-8.021154173418454
13.337968783984756
14.492698245063956
2.274053758041177
5.6798522724638225
2.2709718302337274
7.05387522902482
0.4979881370590398
-2.1498717247437162
-0.041244683294246846
-2.0078119295313837
1.1094339363104286
-2.500124462315632
-0.7430742318719498
0.11673125614871584
-0.05616997996354638
0.1225619329974614
-0.6231994184761377
0.6362146797740739
-0.19892336771999278
-0.3286201059722979
0.003321123160028306
-0.11152958863527071
0.016001304267181462
-0.2127210030832448
0.024792906713899866
0.03994194671151197
-0.015887312752648708
-0.011800705325464457
-0.04943789350845085
0.010685086491917828
-0.0007213740402862546
0.006530277701927592
