0.12848769608344965
0.0015007677779089162
0.00021182018578570988
0.0051264020251175525
0.0012626203511434274
-0.0017012514466191952
0.0023343691379955215
-0.00031616409167166236
0.027853681066863565
0.001606620121313932
-0.013199755983279163
0.002861699594858881
0.0070048970524558
-0.005468576922031757
-0.00011590158439064615
0.003021819390586915
0.02682083165951128
-0.012183793012400109
0.004119626393954268
0.009708535647927546
-0.013095374360421162
0.004028853500554016
0.005507439420356843
-0.005124247124416137
-0.0038340936064042925
-0.0007133028833851022
0.008395516200378568
-0.0028571912432482005
-0.0018636724731865089
0.0038399495191211355
-0.00035105677156886623
-0.0021399027751023195
-0.0008409858491130301
0.0017400173438868718
0.00037022742310031286
-0.003404789376551127
0.002930104532585097
-0.00047054090567686134
-0.0010149852918190688
0.0002698888038503989
-0.0018517861573190953
7.802134758591115e-5
-0.0022453615461453125
0.0027679328597015607
-0.0012435891291765835
-0.0019524974848227439
0.002054039532518525
0.0002478446688632868
0.0003676396108711904
6.138726647692825e-5
0.00012353338232298222
0.0004814923029510657
0.000372897274781221
-0.00011800306084699162
-0.00031888943453229767
5.2288023184504655e-5
0.0003987738884443305
0.0001934973504277096
0.0005592942983741558
-0.0018260370376607482
0.00021049347943211818
0.0007866247890480868
-0.000758429514066915
-4.829224316654344e-5
