-32476.30278353449
-1317.7416576450248
754.3605776546024
857.8202400044771
-259.4226840695126
69.81907283303192
9.300019843795738
12.063369275621202
22736.874298221293
1295.907781441865
-160.34254144178865
-394.2563431851832
119.16451917474343
-34.78994444839371
-6.050893722156707
-7.1783957637160976
-67.78944102253593
-31.667747050613464
-16.60343971999741
-5.258243018555885
3.343531386865104
-0.267487400732696
0.05363534882347696
0.04780785095605909
519913.15943080396
1.2227842595605215e6
1.0717691149119711e6
603439.1644714
85809.31260377874
-34088.60188179613
-634.6391842714619
-1531.0189650965885
-2103.579228536575
-1110.8053599321568
-524.1927436692661
-169.80329023491478
-51.73212464270176
-80.08835919562114
137.4461714556548
26.80275216922554
62.43156105327167
34.4379517199443
68.05894293057273
120.48926934526442
69.78070967585128
59.14486483025281
20.228345556162935
3.2597872602958016
-7.5000312384749845
-10.652979971613759
-7.043142701347642
-4.814426259162323
-1.8918534841907253
0.2950252156402327
0.58365826066783
1.139272766885428
1.0347638363854612
0.6244896560897546
0.1386038484913822
-0.05860087839899478
-0.010110014900439373
-0.0032796106593663984
-0.016295476066561943
0.007584401334425043
0.03606191422599199
0.0002323512354416004
0.04459344384289344
0.06989860428415404
0.09582768121546942
0.04044948889079922
0.0007776928076413615
0.01812708146193705
-285306.32381501637
-305056.46737987566
-300198.56489902805
-345804.04162882897
-88840.12604088013
-1204.0974566702416
429.7477528727414
-422.5194579480769
504.81298598784
-126.90497901919714
-163.94405803930482
-172.48299238763826
-71.28627807387693
169.51604684222843
-100.11252862336133
122.22898260333683
52.70099510480637
46.38706710921539
27.26205466725231
-21.537793451206042
31.803078810557565
-15.738368853119134
-1.4809818780477149
-8.154826691577384
-4.786061355502179
3.2110326489466505
-2.8019512606657915
-0.5111769455789513
-0.6240750733771395
1.5445925571619954
0.3441746038821961
-0.4543007932332544
0.0641099856991433
-0.25026417165793524
0.034773394625498805
-0.23579906685966048
0.08014960648596407
0.41136944713575224
0.12569746810794105
0.25275186153226986
0.04440805630210822
0.11979293289408133
-0.1596543958929184
-0.5272967353051601
-0.29791658074507915
-0.30959084418888094
-0.16683969438536767
-0.15062127045065976
-78783.29209841139
-138895.83081371905
-114192.7450207406
-85567.53038716115
11619.759592220324
-43181.72513535909
410.9825399989533
-90.39509108589972
793.5737606754914
-529.2812900630744
-421.11061012416474
-215.36894269741103
-84.97477202899486
87.97948845710481
-183.0960127124771
191.2675075487305
121.6505343967415
82.58103814054316
12.682483843218566
-22.93064359251025
30.40427783732643
-39.73601005576264
-25.78368728479046
-17.895778986888864
-2.46962709342526
-0.26715731682212535
-4.40252877858051
1.8453390767025477
2.9691251820852145
1.1961187236763464
0.059778050251704955
-0.038677206158090074
0.22438123135008745
-0.20097856946888232
-0.21435261798150734
-0.05201770698241245
-0.07036209515148832
-0.06204288591286441
-0.13653747278073983
0.026468645017307627
-0.017935561243128895
0.02309022902114409
0.036257011459406366
-0.11173228756663212
0.06854708439700057
-0.1308005445476918
-0.21829523694940212
-0.18225815855636066
-150530.4490257376
-426934.8390015117
-533201.2082417188
-340834.3987164554
-240450.0342347425
-74661.36386620234
-72.84803913725807
-180.6823959797456
342.74625293426624
-165.13408250831137
383.133145652075
172.47569285223153
95.41946485246143
215.7342064962465
137.18008743449516
184.55806224793
-6.685771643434753
-19.071015384263855
-26.873157408980827
-51.64674039105631
-43.8142572325313
-38.951622452826285
-2.6427013151968555
4.29405813683926
-0.6317132101422197
-2.388085530278047
-5.7842911603445675
-4.498829290104966
-5.725629442475898
-2.930311616259559
0.41638927354191796
0.6801986436232841
0.7896064062741708
0.757360702700513
0.5798157826833242
0.2734704233473289
0.11807282705745047
0.20912148141009465
0.15408781824787554
0.03506661351460749
0.03376021572604341
-0.017025267949831314
0.07252000589617681
0.2773349987291753
0.37278608260676427
0.1997233014253693
0.13821306214934395
-0.0020547898775969834
17445.76838699723
36780.06464559989
23430.623551413028
31592.067846225444
16331.500036060746
6907.0903893784725
-0.6038721406352701
23.104302825292923
-6.110571793441554
-33.490610794046006
38.99359597011578
0.7242700716032701
-9.571981473673139
-32.350847163278026
-11.44577938345055
-10.480933443768572
-22.140360890110845
-4.142259349503305
4.313005469215696
12.62025760337788
5.60052258159337
6.7886646965047905
6.9792044619092835
1.562722738767468
-0.755831429554805
-2.1925582452647108
-1.460471913283614
-1.2643556363240733
-0.8278849474021998
-0.12654334943023582
0.016458716646767593
-0.016288074532426672
0.028464925474998747
0.0459611408302799
0.08461785977378676
0.00840479293106593
0.00866665042782668
-0.05001412290880144
0.025559687028331907
-0.022038740471946382
0.05281682949969401
0.022616293875254205
-0.014893968925794815
-0.06308708281256732
-0.04360759955133026
-0.009814986102407152
-0.012488628944545275
-0.013336897635158048
816.1863332498936
195.08135368939844
-797.4901335371336
-137.87227413695146
283.86610228841585
522.2014914350714
-13.478214417187209
-13.98077583139209
-6.756672838533677
-14.05876547904294
-8.420558935443253
-4.282863401818817
3.625510717053673
4.2686446818902075
2.450183968780781
5.32654133104753
3.6486099390976077
1.1362892556182869
-0.7592252535418926
-0.5884411658396778
-0.25577624919773306
-1.3683782385158543
-1.1163191671891302
-0.26771669451287716
0.22900477786218432
0.0008884890340186514
-0.23104253027586885
0.14566809423658056
0.14876422079238164
-0.006857608994068092
-0.008899133871985996
-0.06434237212864789
-0.043438359372566133
-0.07142886883703217
-0.020627037841058658
-0.015782224722531994
-0.01715383641429074
-0.019335556601385275
-0.04867475456530308
-0.026663935950371753
-0.008104229911173901
0.00646499438526494
0.006594598753168492
0.08550364095045365
0.017454543188457246
0.08272890588307717
0.00043475203064517244
-0.02275534565826054
