102156.32402952517
6541.858499442289
-991.5456802907344
-2477.0426133881906
882.0357643080973
-244.90051345991378
-22.07669067376834
34.45551685625634
66876.10061175692
3996.9660948657834
-598.1240786994296
-1380.8738153407164
451.1432038935593
-129.8043632809616
-14.268510767289252
19.685390603437643
-122.09168167622325
-80.31327267349782
-53.733099144415796
-19.880466929819654
7.1126635820354585
-1.0247921690926651
0.31763508324946216
-0.12108141969224352
1.503147002408532e6
3.1184010919735297e6
2.9210828384665498e6
1.9528301750260738e6
865998.9399161506
182644.12351567883
86.98252973910604
-993.874174660918
-1790.9583202968338
-1093.6556406126488
-308.42414583082217
-24.953883917211723
-577.6997593347774
-831.4640761877674
-538.0358300841041
-391.4929002757011
-230.74811559862397
-64.31129399927563
149.60191443339968
225.35082069712246
160.6444942485505
109.13513491236303
58.02267769837868
15.380953007446113
0.45806647999235384
7.067357427659124
12.209020829349209
9.691586763216403
5.207490277914399
1.6327631445688868
0.2238089265554836
0.41949587733322263
0.26969426544136293
0.031256113154790134
-0.15612386729648542
-0.035941316592172014
-0.06640773351625638
-0.0922262621920432
-0.06374792952603078
-0.013878234410683183
-0.013555010113658394
-0.05329337880271287
-0.014654952280139934
-0.012838516381985259
-0.022479317188974814
-0.05365044092530541
-0.024435873145849957
0.04364607061306561
-186448.61050181498
-1.1309954657423813e6
-285616.8288833863
-635705.7264184862
-17067.867354898895
-178736.37317120263
298.73762141469945
1006.2157400042023
-86.5351433464188
241.02933368377714
-366.2906499592224
-362.927514882779
13.481567807807167
174.11983277709862
176.0480549301744
207.18483588824847
153.98252484928636
204.81965458145513
-30.307548928772427
-81.12729297770885
-82.392609192196
-82.22893664075038
-59.27796274395389
-53.89128561024634
5.821673893635026
1.2285084267880912
13.474288793719177
7.904046743421717
9.711279104683703
3.569261064863198
-0.22809480255070735
0.0858715798041236
-0.36768618225872324
-0.8086768726273387
-0.6267975976013267
-0.27272931603713785
0.23583817598876564
0.3632948741693982
0.4065300498860486
0.28425547519664024
0.2670293294190173
0.2631432541334941
-0.2313459007087619
-0.23493535481917482
-0.2745437019860897
-0.3656762960420534
-0.27528727412613
-0.035578660760666264
-114000.91999541236
-253121.80460681402
-149787.28424088936
-53005.98187315989
-232789.83071359745
-9685.754866457688
707.0622149732978
1688.9843111807093
550.4541271849355
265.79537671614673
-883.8828176448957
-143.95482039062227
-144.50304991235586
-377.2895342113968
-80.43282334419769
-25.77729960055134
349.24264214855737
50.9584961396594
14.114190754601552
54.50618087488766
-0.9843828524080077
-10.317656305544597
-69.75784582886305
-12.706895351563722
-0.034919252321991126
-3.8236568420448735
2.002283490155421
1.8446102564623958
4.136491539162476
1.4717628438907873
-0.7238922066496944
-0.5573509266111819
-0.7928811962484825
-0.434797363482212
-0.3460730424991857
-0.381125676038902
0.06407929970369339
0.18921027559793024
-0.0034875508853303167
0.3128150873189682
0.1495518026644116
0.32013819756099116
-0.25767641251633133
-0.35858582761663566
-0.5089976224328305
-0.22884715453880616
-0.37064262570340395
-0.16541944796898989
-2.0223786165053463e6
-3.806697105498295e6
-3.185248206049644e6
-1.924948507346991e6
-851447.2862642487
-187095.4338153047
2487.3634553881343
5223.395373443451
4679.137045032876
2094.8247602016822
1255.1981304329706
403.4605482649617
224.93603549465024
283.26827527358773
167.80199890515536
324.89768169369665
60.98501478483955
-22.05784408634865
-153.2373257076071
-262.98123939492933
-193.74758979158344
-153.74684055364614
-52.73828992291503
-2.432076590922624
-7.491107063875685
-15.470139536664433
-23.3910799636052
-14.236009184046056
-9.817785076017532
-4.444267638660319
-2.108109941740572
-4.085268680956842
-2.7930721977700443
-1.7832067775191698
-0.6501001523647547
-0.16552135621091515
0.14762540075517955
0.22598738132626767
0.22893014927161665
0.16397592429204064
-0.027146186246752135
-0.03451873236564569
-0.18379386532308664
-0.049576445912999784
0.29507109507718843
0.23912133040015426
0.19576134910454132
-0.0045534270825664065
47566.41453175097
107627.24488604638
106175.68674891432
97622.22838766605
76794.92273061584
51342.87250133544
-152.57811801900397
-261.7737358478114
-234.8173574300405
-141.7086879051683
-148.3457909474324
8.910420538961215
24.443291332308036
24.212511212899862
14.736533798772262
-5.092266706957462
3.835485383272061
-30.466337159274705
-5.625500105326162
-4.9961582961381135
-1.9842275423820546
1.3702539204176052
0.8521081840558697
7.494926685956325
1.7887519366639346
3.9260726422163637
2.6053172688245434
2.3000252699144146
1.8238102303996166
0.5613820729416135
-0.21400011384198395
-0.5144726411489547
-0.34046046897226123
-0.25310310904138256
-0.19435763977794726
-0.08859851819430885
-0.05365036161073787
-0.07117258679015696
-0.12145056938441871
-0.013975992614125217
-0.0875015667032557
0.040710244770612455
0.11961987302571024
0.06186644597308318
-0.014418394239185674
0.023078184604820695
0.1261051905678084
0.03382912715566916
3383.507120879567
1151.8510989983306
3223.819707169905
-857.4410936763522
-136.3799517732871
559.8210491897773
-50.61151278314483
13.435926114510677
-40.30680649986514
-3.425894160167401
-8.809160784168046
-5.726569426171378
13.806911342830745
-2.201496088930261
10.56048281737441
4.788606684430036
4.074222562732917
1.945082905236432
-3.472318341136482
-1.3873708817683086
-3.80035411943916
-2.7460211760349136
-1.2730485933529514
-0.3084896560424581
0.5271571389275153
1.0873204509982224
0.3037216382949474
0.3377812363203066
0.4053641203072646
0.014071385671170172
0.1572855079053589
0.0961433832573681
0.12327042373988172
-0.06497196218834002
0.043509012000330874
0.03662779395241814
-0.00595560577654451
0.05448642686428475
-0.030788579899426568
-0.023670596071615778
-0.006535204476820657
-0.013330972272698957
0.05277065776239075
0.1984127271073056
0.08816872369942258
0.14644574100294816
0.059758706588004175
0.022280369705441803
-0.0003152506766525311
-0.00022790137417282207
0.0006964485367101556
-0.0003516467696969607
-0.0008586188656640438
-0.0006001746904284474
0.0015050699457848178
0.003279569198736416
0.0009541207774305569
0.0007022701308852412
-0.0011204406984173655
-0.0013057343313601208
0.0001568171162442878
-0.0002512744804725288
0.00016292456543592646
-0.0002869888884446233
-7.895336434784339e-5
-0.0002010917231951882
-0.0003778033557930244
-0.001050141404889234
0.002683034883344438
-0.0004162378758451271
0.002435121585104809
0.0012219467935139499
-0.0001721631408065469
0.0001285506802690837
0.00013366391105729575
-0.00019465248885866648
-0.0010567707559498397
-0.001071236376720377
-0.0031862107224078424
0.008728058355875413
0.00046037730025562374
0.003941186274026812
0.0006392602845946793
0.00935586984157034
0.0020839384685937285
0.001265393481235611
-0.0010445964640505882
0.0012895740516707791
0.0003494362198069244
0.004492603296078277
-0.00011016708516196872
-0.012705490858867251
0.0017612346386047613
0.0011557544454346505
0.011120738439814376
0.00987825824927467
0.0006099129453247759
-0.001458086408109251
0.0019435763672636308
-0.0017652418873547577
0.0006218983430222695
-0.0022899979749836695
-0.0025686098014275705
0.0007032460401361166
0.004860679181890883
-0.0028910440783015295
-0.004905988963864462
-0.01013441460531725
0.000585674204412399
0.0003392577703620927
-0.00011281905380122542
0.00020625660765545263
-4.785921557149492e-5
0.0013111993713534542
0.002085253975446335
-0.008282067151077448
-0.002089788988234252
-0.0003202988056177354
-0.0009883772560994378
-0.008413928996901323
0.000269723779364707
0.00038908576174090696
-0.00012485794161331553
0.00045229595854518525
0.0022124656029979127
0.0032231293390580125
-0.00279047646496747
-0.01837292777365633
0.014550227454273583
-0.008992840956741823
0.03343946311258902
0.0445286730511799
0.002838399280795716
0.0005335331254368365
0.0019752278734519128
-0.0031151332396003625
-1.6893685591603006e-5
-0.0013014339034212211
-0.0035595139477698355
0.012364600900358048
0.010548641603246482
0.005905278947032521
-0.009509431387196232
-0.02191135437962048
0.0018740332766439688
0.0007875269443927148
-0.001250000216311632
0.0057610572985898655
0.0005681148763260699
0.006250674895547322
0.0007505357106450668
-0.019569759185344513
-0.03233987117991249
-0.013799958957896792
-0.03290937433813437
0.005100863136310437
-0.00032323449775201787
0.0005769204406292499
0.00015888830026493177
-0.0003915806625844407
-0.00012391732435497186
-0.0009224399587269339
-0.001927893567282359
0.00222614181003446
0.005285208820338018
0.009635729579124357
0.01064093426989035
-0.006059211794653266
-0.0014622951750539249
-0.0009542522693057977
0.0004821933346937081
0.0029624960810766075
0.001842894324235712
-0.002597656314180569
0.008685572601318615
0.02031606433020514
-0.025849742466955736
-0.012696287983360643
-0.03970982720649965
0.0037472038168265397
0.0007219416479505532
-6.192357778667049e-5
-0.00010327235755486618
-0.0002587171266743108
2.872223447852253e-5
0.0019142225464361428
0.0005359126928981326
-0.003504985035941227
-0.004383954847677673
-0.002927583974801408
-0.019521904910734397
-0.01256736411756324
0.0018230764182143979
-1.3586252999758535e-5
0.0003237727672362421
-0.00038338953159487173
-0.0008283638287950152
-9.202537045594565e-5
-0.003381008778674855
0.0022222221188058495
-0.004067497863302156
-0.0003715227733348262
-0.01233876669691383
0.0018512793730642257
0.0009045286331177845
0.0017917203511306744
-0.00087031583755913
0.002203029301755747
0.0008377310192246032
0.002587885346816603
0.004060368274882688
-0.005180933625177166
-0.010044407821701306
0.0072681387568768515
-0.010057323320520433
-0.019684351876416126
-0.0005043163939798137
-0.0016612228327552124
0.001568808397611186
-0.0018636703964022704
-0.001278218357989749
-0.002231520870017144
0.0029780858796061263
-0.005209514307971942
-0.00011528288536086078
0.005125387429378261
-0.012852098045932583
-0.03885160255261457
-0.0013838620270803096
-0.0005007022059769576
0.0003782791413156561
0.0011329043775902114
-0.000889085066129863
0.0011412768869596033
0.0007643278257408339
0.011845644867143497
-0.007381727887385644
0.009098556790827725
-0.0158519679745163
0.00851281810237662
0.001562273701576917
0.001635946086761021
-0.0017545597741523615
-0.001356346863531731
0.0040852720553428154
0.0022234452246299814
0.0007436411909809424
-0.029803202752341426
0.03030321812010906
0.005440779545497686
0.04479583758500098
0.035850514192558296
-0.0038149990827568356
-2.419755784522807e-5
-0.0023901385756776154
0.0036526358365954158
0.0011443897627434667
0.003756028159670473
0.008907932339368471
-0.01733862711556839
-0.009231722083203185
-0.012655846633744043
0.010827319750311667
0.025735607562278152
4.1544472676845026e-5
0.0020211925822061936
-0.0013794186563143738
-0.0004718144701697657
0.0036828765709282126
0.0022590898726855568
0.011458341300226193
-0.005714746676232483
0.011134704299722145
-0.012426157515158055
0.021004147466182153
-0.007970501540715874
-0.00020523442378583958
-0.0008847812835334288
0.0011523640822212991
-0.0018103702637813298
-5.7364691493012395e-5
-0.0003832383982471164
0.00324218759530165
-0.0047325865309443375
0.002081464533646842
-0.003989411842108475
-0.0007328971803611706
-0.013047702316400808
-0.0017987772624743306
0.00015999864648469565
-0.000793393442958519
-0.0024172351609821753
-0.0026103641153712317
-0.010863697413978591
0.00861602669479613
0.037477135573516195
-0.023466085087251176
0.03014899149590206
-0.03825353017716039
-0.08898927582876157
0.0014908793297493013
-0.0012493035023518908
0.0027767109919166456
-0.0024810076316400614
0.0012990203075637873
-0.0014195948565182636
-0.005088052941911554
0.007376329598709119
0.012986897929103763
-0.00709654180104464
0.0009509004269502121
-0.006263013297844898
-0.0008765504160349009
0.0005301686775593215
0.00044613364002003283
-0.004822201510577596
0.0009264039277697249
-0.009048521178531822
0.009645320955641587
0.012366222948022176
0.024261436706620548
0.017160795217136905
0.0296573884145506
-0.055761230418192906
9.662658459612168e-5
-0.0009355831852890747
0.0008304771089575421
-0.013379870727961722
-0.0012414894667054444
-0.012002326601406354
-0.003609439161341576
-0.012058309990382453
0.07949530230934965
0.006221735095445992
0.09111407360781892
-0.005633517388996022
0.0012262897401437006
-3.1947254791398745e-5
0.0014369741527111338
-0.002547081376782823
-0.00028645774270986404
-0.001968581412268296
-7.415782392112932e-5
0.008178918031210965
0.004604308523255564
0.0007416122613159389
-0.004791102228430171
-0.021103289803618298
-0.004605253700723038
-0.0013903605064546146
-0.0014524153207867887
0.004086531682255489
-0.0029212160330196516
-0.002460122335570559
-0.009218181779297462
-0.0005007443247130438
-0.00583512993465926
0.015770195188425727
0.013954170561490157
0.05375029150906684
0.001318537910631038
0.0009240650694324973
0.00011247291813518992
0.0005153665299677077
-0.0005982533441162091
0.00019421237231085503
-0.0003205367261225379
0.0005999244576970555
-0.00023388523623158
0.010595547642907497
-0.01451471371399097
-0.027367167050334165
-0.0018530052586177195
0.0033789090391279086
-0.001841874558377431
-0.007486153155030561
-0.0004818394256751821
-0.005528492488793591
0.0026850170822473843
0.010575197120659763
0.021419350328531133
0.026908528794218303
5.826727944530134e-5
-0.003419431446592187
0.002377530010142665
-0.0006043450194733021
0.0004363066319580402
0.0035359706687942724
-0.007568240244830138
0.013463585403184139
-0.019064438837582742
-0.014927143977969206
-0.024115938443234095
-0.026441244893325735
-0.060618971297218126
0.0036867596307511635
-0.0006824514534865072
0.00012966735893162114
-0.0006359856836925338
1.1249411267032632e-6
-0.00013324754351520918
0.000629905950917483
-0.0028566108073192677
0.006021734120441422
-0.002223655782257008
0.009529728809466877
-0.03504456455286726
-0.00787398950713453
-0.002438329520881137
0.005348130183211004
-0.0048052465467579
-0.0017374271888392718
0.0016111148838685294
-0.010025095416210135
0.01835388746701334
0.022721095005595094
-0.019623140815574897
0.03997593994245293
0.0024138624589893137
-0.030707122691914845
-0.0017243411716843999
-0.0007634651715148668
0.00028059680898327054
-0.0003507663118646311
-0.005368035247668107
-0.0009136905688989712
-0.014555855183041325
0.002312649035427731
-0.006813508295900593
0.026484708915397354
-0.011081059900810446
0.0026008709046558285
0.001145419363468698
-8.207589882954945e-5
0.0009289497540840277
0.0005920708133045407
-0.004959669763873532
0.0028577906251438527
-0.01768786607718103
-0.003250136745911474
-0.0027633803538353796
0.01643860134018992
-0.029881062267811946
-0.008641732767413778
-0.0030316239296035237
-0.00031768211471540694
-0.0016335360207876347
0.001748517211253127
0.0023132457568662227
0.00044028053372262635
0.006352855316710792
-0.006763101346763411
-0.0013228156444824847
-0.009681644575094303
0.023771297479974737
0.030383929026783434
0.0014574992863965576
0.00021390171367133474
0.0007928297958709753
-0.0017316696425941464
0.001060844766796174
1.1618446346502046e-5
0.0014792732604766471
-0.0004860615396716737
0.0003987752031163445
-0.011986563894876174
-0.02437522761504706
-0.028348452968479758
0.0004919058480105278
-0.001032428306853838
0.0003067221880521158
0.00782752844309724
0.0029867825937040463
0.009464823388388766
-0.000133193792408214
-0.011833060140180412
-0.028801873303896865
-0.03354119725338232
-0.0007668053735660181
0.06110464042593603
0.0005753610902929155
0.00023988493855824018
0.001238082632453731
0.00639041513301025
-0.007331167048146344
0.004170521477376512
-0.015914442699201576
0.014175401846667253
-0.04825364553065985
0.022248384354183942
-0.06682296597650908
-0.07453602815648543
0.0011851566628490393
0.00011810800718241635
0.0009219939497216994
0.000273999347860215
0.002924408193039613
0.001448217649575975
0.006423859336346656
-0.005636784311871052
0.0021066869382568927
-0.016979224762478488
-0.0024457019626730686
-0.04109775131021081
0.0005381883977856395
-0.00027256692274861793
0.00042610575017540636
-0.0011779365849849276
0.0021639852596134147
0.009008957513476981
-0.0056203805323746065
-0.0065407957355564025
0.01536861981877935
-0.007508949088711684
-0.002124491518916058
0.022085316014171366
2.773322114861492e-5
-0.0013215878959491752
0.0014305631939843407
0.0002542090589494389
9.013859472118079e-5
0.001291691530761911
-0.0033158365173261125
0.005995943133775783
0.00012615783983830925
-0.0068721879918211305
-0.01799108232257458
0.010284973406819485
-0.0007029024332229054
-0.0001304263203927012
-0.000673885897277278
0.0012359868527414134
0.004627726633855913
0.00020215047580867448
0.011414074582084478
-0.0049469336832220715
0.005896406230867506
-0.027807517859168105
0.03219225676423446
0.030119742015335366
-0.0013999097359438017
0.0036061475405990734
-0.002791976088022237
0.002691092555437302
0.0018966002249881343
-0.0014982351867104064
0.007120557376384871
0.02047641205685938
-0.03462427237740147
0.03323173646234756
-0.027992440442669443
-0.053364817107304396
0.0027372937533504072
9.767188193185756e-5
0.0012135738491496789
0.0003076455782009128
0.004353310845340611
0.005499925699868173
0.00286300609510708
-0.007640089399564502
0.008691388747012642
-0.023307924323479483
0.0034105135095190034
-0.005665446637941603
6.992363061177432e-5
-0.0005343405822058353
0.0001455489406840944
9.156822464931543e-5
-0.0062873947460977365
-0.006041840691998529
-0.007878507092438388
0.01033116175704724
-0.012417520322516352
0.023880183364913578
-0.02210055041735466
-0.03548098401171526
0.00012143382112259463
-0.0011290180456504629
0.0014649089884179408
0.015969315523821748
0.000766144386173152
0.007630718608059409
-0.016309635467012716
0.013156832756598881
-0.07081510562365909
0.007367182875858834
-0.07465416864735841
0.05645464323760918
0.0011790952459904327
0.0007771434927314006
0.0003627182450988774
3.337333377095469e-5
0.0010956045398214569
0.0028100190077783973
0.00044769758086291023
-0.005606530303339932
0.007288132288269809
-0.006588194164472759
0.01775382062047051
0.018804688133404062
-0.0005358099374878556
-0.0026166273961977355
0.0007862692080429089
0.000658012657413933
0.002895941711777453
0.0015071281483913272
-0.0006500876873647133
-0.0068831246675621115
0.008077391064786131
-0.016078177090661606
-0.008494757266211237
0.0003503726382447324
-0.0008081032970960525
0.002568885567580572
-0.002576359099380978
0.009386139842055975
-0.004799661487770979
-0.004257003308505097
-0.0009874928863676945
0.026851540252004962
-0.06995483834124848
0.08871215770809167
-0.066036859681139
-0.06914974537580665
0.0007030639582546692
-0.004075057968103507
0.006118096467461425
-0.01639192909272751
0.0006438180756642339
-0.004679764679884437
-0.025715831670706988
-0.01863529421599707
0.11736938318962889
-0.0007428259853778352
0.11583999196434056
0.040056386789654064
-0.002932891012825339
-0.0006971246086725857
-0.001242927807704907
0.0022568600920013634
-0.0015327982812090685
-0.0030216441354758007
-0.001483040102518074
0.0023913025476261472
-0.010360720297655786
0.008853969260766969
0.008772763022495559
0.0279004536627086
-0.0002828260975453582
0.0006783246674857943
-0.00036280240772741163
0.006678220127392808
0.001157966578157865
0.005139908152812337
-0.0023885409149231717
-0.001080736021325815
-0.02499285294494595
-0.0011095011558064306
0.012826018662579755
0.04440924285501977
0.00045775524423713465
0.0004054997623156447
6.598501341558657e-6
-7.579358365044003e-5
-0.001303603437001696
0.0004072235433874608
-0.0038789508974445643
-0.0067445576159945566
-0.00129659194978599
0.0032982947817053873
-0.011933575174776143
0.0015848030662124466
0.0015586234719221486
-0.00013573373330277256
-9.901785790373146e-5
-0.0028407258252919018
0.005197923424082547
0.0015991727762340582
0.010870136809919075
-0.012899195961696702
0.021017907434270386
-0.03700528448246254
0.03822447193875815
0.013284126283508033
-0.0003739324470391073
-0.0017859134033332707
-6.291733517030214e-5
-0.0052804152088268864
-2.6865544143632233e-5
-0.0013199743741874772
0.004248884127103986
-0.0003002175021184339
0.00418452326051816
-0.022855578611625092
-0.025489472970982516
-0.021339640539781896
-0.0007057347303389584
0.0017836945561214902
-0.0007762103670441204
0.0010086391780959076
-0.0003072461037595471
-0.0011047224574342084
0.001240016866995693
0.0064679971839694496
-0.014448855393337552
0.020334808842146543
-0.021343764923079035
-0.045883581583699
0.0011822875948399943
0.001012216098607612
-0.00039426969769002846
-0.0016030385977628128
0.0015989044206495794
0.0006690942989314558
0.004712605935233999
-0.0017049921050965111
0.012671509494698236
-0.012891615582723568
0.022153684924842865
-0.0008700572505130459
-8.857635585946143e-5
0.0008285524929280013
0.0012129301748313509
0.00810663069452375
-0.0006509275791583136
0.007564164322661403
-0.0069531761035537785
0.018335787039382604
-0.043190909137461764
0.029134932047874432
-0.039408524299922934
-0.05120832124536849
-0.0005675475522890705
-0.0010029039123953334
0.0016937763672698256
0.014668466872618186
-6.42317803287092e-5
0.01084240606912678
-0.010694270525900572
0.014403120664668081
-0.07274963231044601
-0.007072998315544966
0.018306646646950468
0.03772145136538186
-0.0015231189313421642
-0.00017236921325555242
-0.00036277724372491763
0.0017115882624386474
0.003458552936165878
0.0016032405021111707
0.0035993610020887802
-0.012097811436028977
0.006095654018806636
-0.00609277806759294
0.01272166343303715
-0.02404107238897753
0.0017960543489115824
-0.00021639394393736485
0.0008806933602545308
0.0024909242006172787
2.7962236479484165e-5
0.0014640060177234869
-0.0036869938538548683
0.00542796896089551
-0.005899003142472018
0.01017455637102389
-0.017675790870631
0.038458896936262844
-0.002103859378630788
0.005150927093480813
-0.006640994195103221
-0.010119359469266264
0.0003221986070961337
-0.014793517641569082
0.02833407097871304
0.008839803053442919
0.031215165533802654
0.044780606872825916
0.015520054175128882
-0.05409505223576188
0.0020811589052419483
0.00020439701144737453
0.0009211611631933156
-2.7865513727754603e-5
0.004307278890482457
0.002091931874817586
0.010007637710633456
-0.005660537997938971
0.0039429190298120136
-0.021191545976566018
-0.003377094401484605
-0.01630013788991702
-0.0006866053110821789
-0.0010827333571679133
-0.00016493589498833575
-0.0011944194192637708
0.0005482743968700218
-0.002577583427930578
0.004167441179793285
0.00436386071459719
0.0037888978878534408
-0.005732845956073432
-0.003883595956965685
0.021751696827821805
0.0006987682844178321
0.0013711177170472719
-0.0011339343698264595
0.0011458709293444413
-0.0024284421130559178
-0.0037816205301668434
-0.0012336136679456224
0.00620711610596073
-0.003806291476135548
0.016595417737749963
0.012886309238888036
0.010071959430780562
0.0002680768761790831
-0.0005246934988875959
0.002756325616350654
-0.00402476367489778
0.00045328868397378753
0.0019974751568829956
-0.010596584788660688
-0.011716334962634679
0.0333510883233157
-0.01990828578056584
0.049419311135043276
0.004412521305348592
-5.590677328360218e-7
-0.000314404107682186
0.00022153641713423914
-0.004438679889399942
-0.003340733028037889
0.0059870801768919495
0.004892097603244805
-0.006360930569991084
0.0074169504910998885
-0.07512777050045079
-0.04107368270867966
0.030690492368041947
-0.0006833269334586067
-3.7371483048014794e-5
-0.0014432957562773385
-0.00018606300133760178
0.0009568047054468453
0.0024649348844186054
0.0028328392535889244
0.0018465583391631107
-0.007740884731485046
-0.014107133679237487
0.0022050654569619114
0.035292448070071945
0.001152176726613452
0.00017849594126802246
0.0011150219789377719
-0.00037709997439001696
-2.9314438121389446e-5
0.0016959899854691511
-0.0041719239790258406
-0.004367156256260505
-0.005116651206522267
-0.002800984289226148
-0.011619544481417464
0.009030058868034797
0.0004861136226924291
-0.006211718438187702
0.0038694968749635136
0.008274741634950218
0.004249225641715949
0.005012670682182416
-0.009500135480936086
0.002516556570701552
-0.023286271594246864
-0.04200460800879436
-0.04156816810092609
0.08512882743075223
0.0016342985483986984
0.0013455202558907114
0.0011304348815804094
-0.0010149439113282595
0.0015149714205608233
0.004662993657397275
0.0009267846997526235
-0.01491545633301808
0.0041029527441210495
0.007182134700078586
0.026708091417131444
-0.011863318819623417
0.000368646220462178
-0.0002121775349627058
0.001956874696031575
-0.004022347251977463
-0.007167483352668534
0.004796975255551786
-0.024870251478985465
-0.001684553213637095
0.0069654954413477105
0.007351365008431018
0.012012368451757087
-0.00727542595922842
-0.002024116206154434
-0.0010441827617472714
-0.0017286600510071524
-0.0002488426815778999
-0.00223088993032944
0.0005803571187348348
-0.005205116051835859
-0.0025936352622905677
-0.0047394180249449545
-0.002522734021039061
0.012102191301545393
0.07399220883853569
-0.00034796611028830346
-0.001092310809541674
0.00035736105772857913
-0.009473236887622447
0.004028917149332049
-0.0005727106638259594
0.008457950030857593
-0.006263657162378724
0.0492133181909308
-0.05134001852434113
-0.02693157288060577
0.01843914602941828
0.00036201912041215116
8.260584262505288e-5
0.0002901793370082018
0.002072953597531782
0.0008193520817255874
0.005425436118326268
-0.004551529368433752
0.0013732774466165766
-0.0009130133082314372
-0.010988356794045027
0.018800473697174958
0.015436996578952967
-0.0007512105018641252
0.002713956015748913
-0.0026465218110685164
0.003427221689516605
0.0015875731631803565
-0.0005970932922838944
0.008504486590743553
0.0032870137233974544
-0.010276848797234443
0.0460093684595796
-0.005163087180365318
-0.04177654030843052
0.0011734719842683141
0.0003776804095375734
-0.0005358642731250879
-1.8162564697053054e-7
0.0029405745974421383
-0.0028961940133104256
0.011900117433192192
-0.006138714531340942
-0.0015239365861976317
-0.01318272827743235
-0.007000435775914683
-0.07283855956775266
-0.00017333442997216926
0.0005582303218974489
0.00010479375040334165
-0.0017435503239949296
-0.0014000798853329942
0.0008358097869929802
0.003087524284040927
-0.00425676986191822
-0.007360059483412856
-0.026076440768698052
-0.01763753962125903
0.04404648706947016
0.0010260468640295413
-0.00027181436996088376
0.0006629275962735988
-0.0009070976601250708
-0.0005186443073775145
-0.003470077977461726
0.0006886297905350862
-0.003497574928975107
-0.002216298039659919
-0.005969726793739578
-0.010573980747567076
-0.02541284031654313
0.0013185411479990834
0.00019204785950267898
-0.0005596982617354637
0.00027946466644388835
-0.0015227882326971241
-0.005716236860190662
0.00015215446201175396
-0.006391564951941414
-0.0017371482851394116
0.0009758939338520357
-0.005405793554080449
-0.03458083659584576
-0.0003815126969037508
0.0013114704615050765
-1.3164640844011424e-5
-0.00514941715967056
-0.0009468388025740378
0.001017363551894783
-0.004258996973859075
0.003518987643555746
0.03196224023838157
0.03780943376397371
0.018893678148892278
-0.005376669607377393
0.000984677031201229
-8.156052762176945e-5
0.0012265708465730167
-0.0029464498654283335
0.0027727631829257996
-0.004081348449690355
-0.0006599813862443853
-0.018749925564144093
0.03757757036288074
0.015538091598809981
0.0513638137814047
-0.07905892010036622
