2542.6256927873396
123.77873498436796
14.837609453674654
1260.7444108684906
43.17087239060189
1.4225031799016614
0.9830231343400857
-18.447002379324662
-7.689853969454204
-247.98838628853449
-775.5954038067183
-247.18775384058387
-1174.526491516858
36.35352412059403
43.66852069687617
31.76442643861146
41.87645026989793
-6.19147372990553
-6.596647784725855
-6.236253705894415
-4.7116595402024455
-1076.6281881908326
-2646.401892967188
-1784.9703338948123
-812.6972932103215
32.721212589238256
76.55907501696949
50.57221305943614
17.913288545770957
-2.328517537040392
-8.323178915377676
-4.291365918610019
-1.0004184776882705
-209.4794481285417
554.6253350647578
-238.79762646736023
76.60007920658123
9.202426598662305
-6.691357326336805
1.070206677286612
-3.6870579765935316
-0.7514456177376808
-0.6265244069992492
1.1676900413973228
0.33273858784316174
-72.49807014248366
941.7596396603412
67.78184968331497
-147.3708028580132
-9.711241456004535
-26.65792901594044
-6.389330606406902
-0.07816278333398134
2.171723257732745
-0.24309899401523938
0.6661922020725736
0.09846361028722324
524.6174165174572
865.0905615923666
815.3672463061127
271.82429200548904
-18.692287851425412
-24.58229309401778
-21.740143002412434
-5.657379722054578
2.0748216872926943
0.7821598521664362
1.3871134673008028
-0.750723325524134
-150.29084935083065
-589.9603833120999
-378.64193836444736
-72.83363641747522
4.662830182325341
21.435445586586496
15.255895971330581
2.3295555642054606
-0.18949931891968558
-3.1410568523006464
-1.7532261143317736
-0.7910985784286192
0.0004626370221401626
-0.0004411309610139856
0.001118996167282048
-0.004266395698245056
-0.007893188674513284
-0.005847054148722759
-0.014638957117987092
0.03711879437335959
0.004093128486607193
0.007409571057604692
0.011087363113693361
-0.018638359320808744
-0.0004273306435884991
0.0002467581840449451
0.004041916815298516
0.04221883580796839
-0.0014867459953185563
0.011876249681501092
0.012307318858785396
-0.002473835223657413
-0.0026221173150588304
-0.0023422634838665382
-0.008604472353707747
-0.002101724212424728
0.002231277660957556
-0.0012004747017258129
-0.000324095956637934
0.003100963990395432
0.0026857744445510615
-0.02276734527394691
-0.022305339286441288
0.04904367684620778
0.006598981527918395
-0.005149584465630733
-0.003618960268256614
0.011775553825212138
-0.0009884949466775399
-0.00030889628262245654
-0.006053460545549534
0.006393773886027634
-0.002290334844032766
0.01380617574766322
0.014985598703618607
-0.08576065714418264
-0.0017210390466991519
0.0100108231903459
0.005895678492395286
-0.05314564110247042
