-9064.706191410485
247.48212507351025
448.4541937025615
180.09266789760915
-46.38058484677779
-6.473124993193629
1391.147197446032
244.9620623877826
106.23271696604391
15.788070909617723
-1.5057258560148534
1.480463490411825
3.8282014002277966
-6.860275171069347
2.8449214815991506
4.786947549708503
-0.07303384166621223
0.028758747953328796
-291943.37398513395
-756648.6567324388
-347915.57798931655
-323590.0304028314
-303165.7452154192
277.3063108613764
725.0227998516978
360.92867082354655
329.0992369675429
291.28428089053807
25.84929194599713
40.53988194417839
9.822146265098294
14.92084600526429
19.83987563720972
-7.134812786190105
-11.98476675699559
-4.985491069834637
-5.548224454059441
-5.350697943147505
0.21479015807180155
0.18939744306989317
-0.22365793534071013
-0.10427233824068732
0.049945758963724225
31163.80583071371
-118195.40636635326
153708.20369861124
-51483.721261740524
62633.446018813294
-102.0688770592984
-89.31910438355901
-541.6191570030852
-277.90212434888184
-191.0996425797652
16.48245287773839
66.36223095466565
97.27452682965435
80.18143041299821
23.834521676059143
-3.345004323256976
-13.030919828385468
-11.73469221949998
-7.952680906894445
-0.20251045839453263
0.3665853812724469
1.4102564809522924
1.3954928153538053
0.774166412073534
0.04976571578451242
-18191.924213860355
-74421.97303636245
30472.40352612651
28313.87076197482
-17441.94374005753
92.45691082728935
263.8893578752555
-15.993338394254407
-22.280646272720293
-29.702343016110113
-18.66925514038975
-37.415242062155976
-6.363192140306608
1.843059566430894
12.749985394227071
-0.4243371918438592
-1.3836562016138796
-1.7327288076423015
-2.351272826105163
-2.4577776133704123
0.30277526211086553
0.363149014416332
0.6360438810196158
0.7735865656679877
0.43361793810560295
-144973.40410731427
-484379.5178320813
-402189.5339154253
-322791.81660233595
-117013.51838986512
31.897564839885202
559.2242152381617
645.8547961766751
618.7772617138662
254.95038737382794
45.915207946143944
36.44181708748578
-19.324063597850138
-37.964245345107855
-22.535427358814182
1.7027658770424074
3.0677683828431266
4.784427856417219
1.9713731962134842
0.9489470145679973
-0.39915774247150393
-1.0766177367578154
-1.1817488737185278
-0.36447585531937127
-0.123766924843821
-3012.103497452647
-1660.7093657673997
-22.751542343089426
-21751.879655604833
-19684.063494492948
6.793539311154513
53.89216454795419
46.72300957573638
90.03459952195689
45.65799906244454
1.6753404775703675
-6.364787278818342
-9.957235726970513
-11.458143810129197
-4.594767350987606
-0.2511046975292277
0.5669572904140966
0.8911660848783381
0.45327938612148705
0.360267296869158
-0.1483831414885209
-0.5686987857984064
-0.7029552501760187
-0.302130467699989
-0.20554491751502274
945.5467938684474
1415.2437192877594
1718.5910129898161
-1821.6323817900584
-1061.049253507463
-11.17888626355284
1.5223715379721114
-26.455490370247126
5.054455072959363
-0.55102373161475
1.5475317135654343
-0.4489106753916205
4.549325810641906
-0.22466668868311784
0.9467796503473311
-0.31161848088887445
0.13489977142726575
-1.24099321472036
-0.6550442664901995
-0.2082240712736316
-0.05487182783287996
-0.18241656737425616
-0.31702988879964217
-0.12247002857498088
-0.06095824478883556
0.00011300227881496326
0.0005081185429233677
0.0009795098876389822
-0.00032464713673666475
0.0009855844543578028
-0.00013340736098334184
0.0012463653604018092
0.005775370407374708
-2.959928890201754e-5
0.0004873232558513297
2.861469132615464e-5
0.0003467896400715683
0.00037357316911566124
-0.001797265352895427
0.0015250576412833064
-0.0012004599138350275
-0.0003920033971239742
-0.010938937884528835
0.0012949752725885022
0.0002462376833094884
0.002549550378148552
-0.0017636437216666378
-0.00298010776196096
-0.01022443288383791
-0.003550082584411354
-0.00410614412137655
-0.0016774561747899945
0.002472549824153944
-9.53048610658525e-5
0.0029627558082869
-0.0020288978441377645
-0.003220131915191223
-0.00805331601445437
-0.005943263129952731
-0.007843905840347224
0.0008263372884744801
-0.0016455004576207473
-0.002427762108470314
0.00355779019402006
0.0014881388712470944
-0.0003027732965554792
0.002439411531702021
0.00578984531811951
-0.0004798277285050924
0.005284608161040344
-0.0012211400833426398
0.0004723042653374986
-0.0008040330527730251
0.001646158816683478
0.007910699691569916
0.012919045972566559
0.007448374671719481
-0.010732487448238778
0.010924821757672084
0.0009570120521551354
-0.0013259670134035616
0.004136458419846731
-0.0022171166614737827
-0.0054312836336846545
-0.0064801684992608485
-0.009623193351659462
0.01691340392565614
-0.010573885634291715
0.0023159718749891952
-0.0016645605092489915
0.0023293220878692635
-0.0037145479437527746
-0.007727636857778279
-0.013009734894275198
-0.014445062192557914
0.02670860182186742
-0.025833019849401662
-0.000506114108571396
-0.0012569407414549385
-0.0017823585768792815
-0.00015622566846230294
-0.0015301175574668716
0.0025463549600779276
-0.00458481194951481
0.00766116996250963
-0.004657517248922616
0.003994588505614593
0.0005300294411968411
0.00462433256186771
-0.003506762628874836
-0.01007529050805345
-0.010119470245857787
-0.0055090427942916685
0.016424187117283103
-0.008978070008375237
-0.000254398900415773
-0.0011691161747382547
0.00036410672895121146
-0.0055131250052636435
0.004457674189626402
0.003195982130496298
-0.01570103024370339
0.016489718859256722
-0.001449554277791173
0.0004850741427899338
5.257259572771515e-5
-0.00010165151637865366
0.005114967637529421
0.0016494159389891592
-0.0051358317514689335
0.023456230354019204
-0.039650010189344415
0.03455972694025533
0.004382926800456554
-0.0005231586517571654
0.0038230820282173067
-0.003065746847062986
-0.001672065329158036
-0.005528824696057193
0.013934982737335564
0.013435270433135338
-0.023343882147416724
-0.0029449207078479965
0.0018036512789572736
-0.002181289423497297
-0.0005673657805696069
-0.003330840916918598
0.00807837874315409
-0.011643224133876562
0.03486645113328238
-0.043010236723075225
0.00730829650865185
0.0002930679389352856
0.009823562512262131
0.000954730571171282
0.0015543403855134918
0.027982045006524674
0.013410892546013572
-0.06725520761004153
0.06862912499479891
-0.0006093873064506571
-0.002856599200917835
0.00044053967793441877
0.0016068653334569735
0.0028518413655456735
0.003555638560791558
-0.0033187504230586143
-0.005196212718545052
-0.0032550129320092235
0.0007576373786907406
-0.002970069556272273
0.001970606196111452
-0.0005805735654018254
-5.061261808175955e-6
-0.0018823521156825184
-0.012246047960686512
0.005026298387785362
-0.0005136933450965623
0.0024648162344698852
0.00038429940481266814
0.0007880834995032797
0.013129954555872517
-0.019284508932580897
0.009539998466428983
0.007523111216993858
0.005933887185197801
-0.21081269406845182
0.0017306269201303691
-0.0028705796468016043
0.0013259652106384925
-0.002948407752831208
0.00527399966399522
0.0019720818927633876
-0.013625420371119752
-0.00018765710757087447
0.007791120438958084
0.0004134074462748294
0.0004522334541319969
0.00016532119443238833
-0.01359048344435452
0.00012584769291587095
-0.057745317575931814
0.013747273291212525
0.006010377823019341
0.1830814559428057
0.0078088024581168015
0.0014110882512695347
0.010615999780885437
-0.00890556676391709
0.004659431294071659
-0.003102511042337322
0.026220563634534382
-0.02219149699160532
0.16536143995040678
0.0005024526917243788
-0.0017099765132220382
-0.0005522761264127068
-0.001986729995715142
0.004433388517155036
0.0047208111325460584
-0.01954414756579416
-0.0026064981136074716
-0.016342741219800692
-0.002276859204634718
-0.0014394707070211022
-0.0010672820912793761
0.0017496994559940769
0.0007353006878780115
0.012934611379835075
0.013369916275879768
0.022777733082025076
0.013237219820124114
-0.0017496868027560032
-0.0002845850490639526
-0.0016164139973727986
0.0061193675761795786
0.0010598974245508881
0.027424173581227604
-0.019682068348247827
-0.009671744339437613
-0.05963800602102012
-1.726102062087843e-5
-0.004574954600640135
0.002902242709420611
0.0018902896694124975
-0.000871478196631877
-0.011892088648703739
0.010883067664417906
-0.0051126988175406035
-0.019407573599436435
1.2273076729411013e-5
0.0022783728556798697
-0.0009488331044492635
-0.0007079064856713521
0.004982356166342563
0.004650869652412088
0.001826431147458002
0.003416256752384083
0.0005104817047393269
-0.0020997060506516875
-0.0003891937606253117
-0.0009609816331561598
-0.0064882573107320025
0.011699229777035226
0.006750413688116585
-0.03207219503861085
-0.020271090223669783
0.11639310918080623
