-0.8883843063410034
-4.223299827292814
1.133432376254397
17.48781584190364
44.844720253587674
-36.332002528448015
4.05918045983225
-1206.877444039933
2270.569506614209
0.02720042553560872
0.2991329960496206
0.04919351554703067
0.6546766067192454
0.5986833321640466
-0.19140449042165714
-0.6207842552930445
2.330903353872396
0.12044218718507468
-0.20024917517148302
-1.4297824697308437
-1.236379092489277
-0.10395978920099865
1.566195159974251
0.031448842975423316
0.09956260032432501
1.4872534157472024
3.9290228404619905
1.734530122143031
0.2525602374462202
4.677416722590251
-1.8219155465958767
-3.410568226241667
-6.704614475822326
1.5051294894326197
0.7398840149190938
1.8630644596777954
3.5580330225010353
-6.8557337232388464
0.16699851089191428
1.9778453698081728
1.9792581364854935
-3.511804479804856
1.0335003380104515
4.740454211335143
-9.370862595102349
4.419503367498092
-9.84454622633436
-1.6133847044582674
-2.95444932972717
-12.524984401084971
7.6931453951802204
-7.5354736963897615
8.023869702718775
-5.278976024930085
-27.277357147418584
27.303550870012696
27.819104961898006
-40.79147357370522
-21.99341008517156
41.13810388932207
2.4369892806347937
-227.64966922168085
185.73534292623248
-265.92138100686486
105.07850988827552
25.206121364615292
-66.43443647458076
-86.59939771868548
