-0.6754468769993996
1.182101118594684
0.2905253360505436
1.0000390303898805
-0.5808817194795188
2.0423700718593443
-0.779389486851342
-1.0625126615934557
-4.37960984253194
-1.1337841648050937
-0.5868229959484244
-6.037608948836256
18.393865060110244
25.920140348931817
136.4739322884086
-42.29851185845445
0.06829530414822843
-0.1688728286391546
0.15543468591960824
0.22756789059808014
0.2025801750389616
-0.1666643537138824
0.36864697218456893
0.44582570110513325
0.17551723947721326
0.16250285471896264
-0.4068907202977335
-0.3374730169352071
-0.1493088796841948
-0.009531642592194292
-0.4828733637088006
-0.5546448072853932
-0.01962968222366219
0.31123423571071573
0.2514629966089219
-0.08356255971676758
-0.8036029215155712
0.10102214334532185
0.38629743794911525
0.014823107324943815
0.20256623352268333
-0.03110333920167964
0.3894585617516845
0.6320095842792701
-0.5789103933586626
-0.4827886862163471
0.998782926103159
-0.4416550021122849
-0.4174338917536101
0.5924335926652758
-0.12772040541043625
0.1155694753011358
1.879142848464072
2.3669174531729307
-0.3118716310457477
-0.53826786310213
2.078904133999487
0.09850715115831572
-1.9708536757026343
0.2762666061411151
0.7984094625094144
-1.1108427049521394
-1.1359852129092252
0.5017806470332312
-0.5727797378332247
-0.3888123063295017
-0.3822849601968993
-0.9785873161319745
0.5828145404930796
-0.5064054871695197
2.2598972197742393
0.10996085621975414
1.7090104828431647
1.5038949407929167
-2.2148716333655036
-0.00815872902751887
-2.1558871637917623
0.7420657100704565
-2.142252338889612
-1.8005837517555006
0.08236177218609164
0.9251247179813926
3.3742492144307996
0.18169232074624447
4.33960889803066
1.2450471045624747
-3.3265032592288075
-0.8809658617366174
-4.739140898237767
-3.3844277513137917
-0.7589319872141541
-3.621743473301646
-0.9262017453656594
-2.168495667067243
-1.1623576413879289
-0.8541637880726619
-6.248869583808137
8.93746812362198
-6.279675615673516
-4.964491028585804
6.061465288297165
-0.7009611276338718
-23.316147747331907
1.089922309751052
18.178923807669804
-2.4012913579544044
-2.8805834212708366
16.968269958920626
1.4100225099929538
-0.3794854317046274
-4.217771277864969
0.475921387914501
-11.140005290421165
-39.379925451802194
-12.516467163617108
0.9795455377974793
12.267196920149294
9.786108689323195
0.08280101186078041
-9.591306916814466
-11.5930399084075
-34.17378607929052
-76.01266851656709
-45.87786106577479
57.619252868764086
-56.82143328172905
-18.371669150803733
-34.415907250825484
48.113007599379976
-19.23410236230822
