-1871.8490241263128
86.23163045691008
5.872056609373224
-296.7592566062718
-7.831194970046916
-8.298736362167254
1.2866123163114307
-8.869214740755535
-4.053868698131691
76.81399759653348
490.95253738381604
409.63175140519087
-348.4787440347586
21.04682350392658
12.585599729218629
13.56168007250804
22.57028982161042
-4.735882328668124
-5.68539080006955
-5.665797608422887
-3.937159337344508
-230.44113339238234
-124.08944418279084
-143.9513515889944
-629.4355228205721
11.65071599014305
13.507505669934147
16.377474480851397
18.596579066522377
-1.7163042826491055
-4.740798495714021
-4.6853865456165735
-1.9496254640120958
67.81171781710134
-503.0299512693777
142.5323314675368
-238.0529871888652
-3.9680488173306183
16.79647099767072
-3.2959350983034517
5.993669280979552
0.6495106693109097
-2.4007531517150142
-0.5101589842372654
-0.7174523055255456
-197.9018387648221
-398.6633720928259
-369.2676786771955
-241.8319369209211
-2.2548811959050448
5.4006442533373376
2.8473112212938916
4.274041795747492
1.2466453722023765
-1.918840194235146
0.31477834280986017
-0.028802882869601098
25.26106334387815
50.0057423518985
-65.12253517914901
-37.673402201478666
-2.3537643581897805
-3.5114931190513827
0.6040887903143162
0.75410660725081
0.6465680491720973
0.2167772273292507
0.40564298167050455
-0.12973371369773062
-47.112421575193785
-156.7774071526116
-138.96138326806525
-38.54742664039054
1.1261729130691118
5.405177408230185
4.936286895485744
1.2553693498373917
0.04648128274335444
-0.8535190015751853
-0.4922228688776369
-0.3372982194080344
