0.1279257696657018
0.00722977383734464
0.0012798147563106732
-0.0007234486140058388
0.000785120011245025
0.0011060884288390455
-0.0001386246331468385
0.0009893318804605842
0.047376772575787304
0.006587246011845941
-0.0034315265982643437
-0.0030044374683013634
0.005967616445791767
-0.0007607444992311863
-0.002525243156435575
0.0015373417058441262
0.019108917240314847
0.0053486870382485
-0.0028803581003582837
-0.0008515604354515113
0.008483926063045853
-0.002479420712448928
-0.004575314296873095
0.0013528245149429952
-0.002120023972075301
0.0017800850245293953
-0.00244307051699013
-0.00237465379612071
0.002660860563105601
0.002450244116196185
-0.0006541388927450211
0.0013077366132299903
0.004219669403892656
0.0026931883825247853
0.0004064025734021805
-0.00010489557269146745
-0.005056494001880232
0.0007191643221972193
0.00366333836325126
-0.0018876253416703107
-0.0012528404514058308
0.0021602420268260684
-0.0013455198265369618
-0.0012747745008799645
-0.0019070047013552717
-0.003695279283407614
-8.651576696361693e-5
-0.0006615630556548982
-0.0014269081090032677
-0.0020577386423481577
-0.00043275381324627357
-0.00010884886125120523
0.002651684961381357
-0.0008479078307434012
-0.002089293390777515
0.0015886803518068227
0.0007236394253298506
-0.0029417386279628646
0.0018260338774455636
0.0022927737287738083
0.0010029810656985772
0.0014107973074876797
-0.0001634365671743938
0.0005435901320527144
