0.12187672858356399
0.0069316681352317245
-0.0002189860031699926
0.00018075185910560793
0.00014506445229617797
-0.002024737385206839
0.0013728608247271443
0.00154376050692805
0.041312767533701555
0.0013199338518511872
-0.00670064287368945
0.0014084253135539452
0.0015898765485012514
-0.0023393463165702383
9.419151226973224e-5
0.002519760762982149
0.026299453824933663
-0.00022465594207166518
-0.0005015689151946623
-0.0018117896195956361
-0.0038459259955374715
0.0014904489282163162
0.002334251661518941
0.0008717207312819495
-0.0037338873791309
-0.0023314592914728044
0.0013204773382577443
0.00233070238448753
-0.0027593091691940023
-0.0030320025467425213
6.132899925838423e-5
0.0038258727186020404
-0.0002571397558695165
0.001021779080826767
0.000715113220709296
0.0009103415130651351
0.0006971714119520632
-0.003341459815364253
0.00030881932223624783
0.0025755367343103077
-0.00016668085399980877
0.0011330026307481594
2.165099217276769e-5
-0.0003623074387660276
-0.0002832045366108715
-0.0005440919375478649
0.0016030647387406233
-0.0015165928665033185
-0.000874533069897801
-5.633473805398927e-5
5.087272652733153e-6
-0.00021510320470338246
0.0013780120087800646
0.0013805693451181807
-0.0010926267550371077
-0.0013795633602386097
-0.0004275323273065611
-0.0005784914639704474
-0.0005128842780862537
-0.0007906816911429388
0.001582368484146294
0.0014531196551833734
-0.0010841469728233924
-0.0002714711471750658
