0.00016444685190209843
-0.030557708278476002
0.06783720197623584
-0.082960691103832
-0.5249788262010139
-0.9535924027425122
-0.31008855899915955
-0.01360728425449888
-0.017822334654568155
-0.5694791485160035
-1.2384411170139276
-0.28170475785202453
-0.3722858857795897
-0.05004599897434607
-0.36085626939246007
0.13984512482178663
-1.1626260141470066
-0.2163884305484639
-0.3509561084515091
0.07677366294595293
-0.04461983729099237
-0.21062803445824155
-0.025053778381466548
-0.1978778112642053
0.12593941674216702
-0.22053233550969067
-0.22587389709334418
-0.13128381443166276
-0.009838319167709553
-0.1313908666923139
0.022179624645580383
-0.06412259550557879
-0.011729735641759652
-0.029423480440407396
0.5775800592668638
0.014963675581785633
-0.044909317792721073
0.020934618448918262
-0.0073715151228890595
-0.10009942782955815
0.017794349189759934
-0.04943959181569895
0.004925456548548752
-0.09928793743858871
0.6292163872692869
0.08358051222775416
-0.01477476136631921
-0.08101386531973065
-0.05726238527940559
-0.03983716099086457
0.017633035109842893
0.4066603210283597
0.04534308541118127
-0.06739070873118175
-0.02353771333856975
0.0010142580520824574
-0.07430814280638394
1.1458433990771364
-0.05063895990029586
0.191347744153753
0.6484922838839293
-0.9290494309290293
-0.021470090551977388
0.49492875200624703
0.04636649085513044
-0.44895274171122246
-0.11088420612628083
-0.12681069290670186
-0.022004096405044863
-0.048655408653596584
-0.2553280187320333
0.542197020469851
0.29887032071340247
0.0027327051154900943
0.13972090018966568
0.10522621126869328
-0.14545365852238576
0.06954012642602413
-0.34183347591567814
-0.30044872435379055
0.3510368747992063
0.2759414766731099
-0.12518365984390392
0.1980615658597756
0.07522363634867325
-0.2882068664497388
-0.10143927128826674
0.003916691931708278
0.021683092442781906
0.061114451536865934
0.4453407585442634
0.1969473770259729
0.08285192505861828
-0.03475077474878459
-0.2720242495476888
-0.03529927557257495
0.013289483274781543
0.0041602478518240095
0.049444756884819314
0.27070955207314884
0.17291410715092534
0.06429634841448889
-0.14156017589179767
-0.004773367120640128
-0.022690745571799054
0.0009832921015688629
0.4257915649377714
0.1085497008642286
0.05934773332298688
-0.014911368416107424
