441.5640503024761
261.5173766050696
78.14795188736797
1.927268771804433
-7.1205091248034025
33.8542823258367
-11.488782231947438
3.797616934377685
355.54944427691436
155.79413198430896
20.346992007174535
7.129752800065943
-3.1753233193714347
12.102858202670083
-4.006527069188421
1.4097767066445672
-8.471036847588385
-2.3784179417908624
0.36112080173654876
0.3879436841514397
-0.0027061791418015084
0.08243590639673089
0.019623071608546462
-0.026365133211898754
456.43263272351874
1336.3587745681562
1210.8994967564438
608.3852287532097
-3.8694112043229625
-41.83182136974928
-107.30583601165368
-274.8869353923152
-240.5081286685283
-141.83273929896217
-34.52413729480318
-4.626502865618374
33.36136218537229
68.78068961503882
57.41326799817261
37.49543117362673
16.267355160234473
3.3352210394574877
-2.5897154916574467
-4.5683478091803575
-3.5390994200721924
-2.3633772688124797
-1.2656636318511147
0.06773124690917406
0.35504319987455096
0.8618219409293545
0.5962505678148593
0.4213492921068726
0.1942915759196317
0.02122094702652059
-0.904580115814208
-2.1334701794596196
-1.5562845924412112
-1.1065553562271155
-0.594267208118665
-0.24261862696966807
0.1408086210665619
0.3315000350761531
0.24178025328972408
0.17441126838744875
0.09692547779486953
0.04116445652550382
-0.0571034695930351
-0.14018591918014378
-0.08738306895124137
-0.07479417064151585
-0.04334218034077321
-0.015293243153480502
193.33290095005998
1250.5325533544885
474.34412440644286
316.71276408163203
243.90731106510643
450.5751593051313
-35.29730904616335
-158.42928271525915
-75.99235704012095
-41.08917251066638
-39.36720384813401
-45.40574939938258
4.419809682063597
7.359426733891091
6.089822483688009
-0.07119022552530206
3.9507954840129593
-1.9673400760332467
1.1564729541329284
4.0453292211238185
2.3803298354034017
1.9224664874820465
0.5722884763668609
1.6975343850078637
-0.06642805992758823
-0.2637605569670482
-0.17250708112739221
-0.15643031063983076
-0.027359781501623697
-0.24913308717008273
0.27700255081850733
0.7244038252897771
0.09967169806157469
0.5263937899617244
0.0616020196407776
0.6706455926844603
-0.03411417903185226
-0.08444807773833662
-0.02631515010736003
-0.08007144955019005
-0.019514725750386482
-0.08279832412022813
0.016647517659800572
-0.03198788083645829
0.02158936093240768
-0.013176324844435258
0.02191379866817563
0.029265968825345563
86.1716857475567
87.4393003610615
85.11582280659181
303.15155874401256
67.05248403527197
210.37389055682357
-14.271065383842169
-15.530081253032716
-17.374911071329052
-40.24890817685325
-12.314212675066411
-25.206000650716206
1.4524382761629864
1.3549129787262357
1.5912168352618847
0.7967439941729821
0.7144430908932345
0.7044593989220118
0.2205558888631222
0.5648634725409963
-0.0021810294826506075
0.48982646132541663
-0.007613637348240068
0.37733411396021055
0.07847986213488452
0.08570892723389568
0.06875952632024504
-0.04251281632047863
-0.011000595536261143
-0.04686102267565032
-0.24269791755793937
-0.5243153847766544
-0.5216109038365458
-0.21512992508119175
-0.11249838775077187
-0.13582166957762248
-0.056023221555646006
-0.1358825332798271
-0.0832018354023528
-0.11810825209003395
-0.1462550580929314
-0.048723060370093545
-0.037645260934579206
-0.038601618755723155
-0.06407766421611985
-0.04444606044924105
-0.05858046494927101
-0.0201827598874545
98.70964462093346
-297.8035379945032
-231.06847290957904
-89.33000444508977
-89.49188732221215
-49.74201387261517
-16.815636108463885
19.879878309328856
28.74218242979148
10.03643164724677
9.713384523852756
6.874681743959188
2.760093028160083
5.556080901450977
1.6498064613822538
2.377372518002443
1.218405181132757
-0.017995225207085682
-1.985553803799296
-4.8307138147127064
-3.8789084595088106
-2.3405221999701586
-1.3453160651197122
-0.5314132049953462
0.7500026059756023
1.4463312151966667
1.0718608913375662
0.5779979585574329
0.19725959790292166
0.05063967880791053
0.1229246804887854
-0.015221003818080394
0.3880389886123506
0.6849056365473657
0.5334199806979877
0.21322028203270674
0.19048568124780885
0.41937598010813976
0.2863282925634569
0.1717859690354492
0.10798854012783023
0.05502007981999018
0.08527764931410754
0.14651027027454325
0.1602935259660647
0.12239163060263829
0.06376840155164416
0.03495426619030851
-17.34022800288143
-58.60651071843028
-19.678947022196134
3.845743802149234
-10.095284628466013
6.25939528354137
4.469313518515453
9.607130061639031
6.840114493336832
2.3084149366027495
2.200649954216302
-0.922373020044103
-0.21990000226445103
-0.2214265235351536
-0.11809933000170388
0.3717049364853743
0.3447817540121401
0.26604055987971315
0.11923883336925427
0.11803146743088959
0.22620991693651932
0.3429447223681853
0.219510618094815
0.09141549792325462
-0.029303667360172772
-0.07524766988355885
-0.029004868314311556
-0.024428672961799704
-0.0012515779026659255
0.005897302584671126
0.10118231306713159
0.2025235536925048
0.0826555784220281
0.06929926298068038
0.13582131172580725
0.034853944067639045
0.013164708888138213
0.02006051728601817
0.03857022284681473
0.02171627082415301
0.005926967509677611
0.004569665711256045
0.011883597361970203
0.03907083027231563
0.01340930968999359
0.02803148752889272
0.0009385401852668524
0.005784983621324671
2.103854274975592
15.833010390247559
4.933278094588207
4.447140548368236
1.7877307729221976
1.116441923689948
-0.3179997735003578
-2.4209573110938285
-0.986345221846069
0.060554145384991036
0.2785121673568588
-0.0878962662960212
0.10749731470897834
0.20323136119077134
0.2888449295510915
-0.08763968979958227
0.02938020441671556
0.059410313605060876
0.02931823681514768
-0.08209214790321552
-0.015090825790920928
-0.00316890234621574
-0.03986176259804125
-0.06721544367106815
-0.02706030992102479
-0.037445932317873444
-0.05703729693817141
-0.05281598560212903
-0.018494195673211714
-0.017769908369466163
-0.012089774014441734
0.03333888336421505
-0.03572106367952384
0.031811367706783555
-0.025298896559771272
0.037258585802170764
0.0009302930340355693
0.027637127847488747
-0.00012704450290023796
0.009183395556830693
0.0014423809406008503
-0.010704299484098356
0.0001584684226022251
-0.014069987253345878
-0.002440923538050856
-0.007442095372106918
-0.004085689539369192
-0.008857136033523472
