106.20248537173079
35.95102553956827
4.378336724317577
-1.3156048978760093
0.6030482654102445
-0.1300388735614076
3.7224693967723006
6.589009031197428
5.320270421022711
-3.1898906683886636
4.1649497758621585
-1.1686510540946518
-5.212542428570873
-0.44706947340299985
1.3188319131726258
-0.0622152833690968
-0.050068205232069424
0.04068038069916649
142.61462287675113
279.7802226236612
228.76814334663067
194.07870080715986
140.22210634437099
-12.012565751419482
-36.97745215268469
-30.658345455596866
-22.417358495582704
-11.673878177007863
-1.4445563257830571
-1.0282030883203963
-0.7123931814819452
-0.9854359989881114
-1.0805087913856504
0.16952706205884488
0.16357287731955708
-0.007519116537253294
-0.00623239751723858
0.04698649099654
0.07392752212646914
0.18953031481143812
0.12433654610028043
0.06876941731529582
0.06108643922845541
-100.86924572092104
43.88036291151751
-256.6505475854508
-6.885079670066148
17.823548635886333
10.135735857762173
-1.3328767318759547
23.318558202488713
0.8084832855578763
-0.9394089856725102
0.36195267120291513
-0.03145830136055249
1.320298480208121
0.1763659960199223
-0.38316287901780494
0.17092551832187994
0.35226943505334335
0.19629138464385693
0.21233226300309613
0.14159292422740516
-0.10734748481664036
-0.22606499227551144
-0.4542227780718415
-0.2882862454003704
-0.16749632732064337
-14.84717365180024
6.743878686210633
-35.922329766219825
-3.530333227322478
22.377084639307007
0.6016486851265616
0.2659129042837179
1.274523057048985
0.41681560538583434
-2.8731274132473263
0.2586164091290944
0.23765628779271594
0.689093957664992
0.11835832450990169
0.10748834064956395
0.08991159309632576
0.15791550502021104
0.16925295280736047
-0.0019514128852609364
-0.01928241376439118
0.06454965875357582
-0.30619675013472286
0.040790366482834586
-0.14330954267544746
-0.1856636559695542
69.96198676302383
154.8074862937698
91.84793097047991
75.09573320514183
38.94969056496329
-12.169432864748451
-26.03122194773164
-15.302606910718236
-9.532867559046263
-4.924136658456521
1.4084399513014558
2.9594698430410356
1.652461600577347
0.3332976269165206
0.12511372832635947
0.42230878144116624
0.6468993900574977
0.566093621171786
0.4148733326546131
0.17293737667206285
0.05004286981695402
0.38619648623247343
0.36890850341447096
0.3279706132207693
0.31034971807037015
-1.2014305762736288
4.024032823269556
-3.246114475998692
-3.470544986156116
-3.1640967060770087
0.3475469063173677
0.13184431040743264
0.968950938612892
1.1752597337055648
0.647894856944905
0.2156263181881528
0.24642471845120767
0.11020972724464342
-0.07309994992872242
0.11850717300513701
-0.0319965307992602
-0.026129153225037286
-0.027816422918770116
0.0003531869423193468
-0.001005105517821583
-0.028728889210689414
-0.08874697996044979
-0.04245981590720818
-0.04128867401742678
-0.004108627024285693
-1.2550057325008372
-0.2450069466718661
-2.482391791593441
-0.6448778802291063
0.1682369286283426
0.28674314949785296
0.5086668667750052
0.8282227782820908
0.30151538212591533
0.1804387372621228
0.03476331013028341
-0.173161031087595
-0.14061079720606995
-0.10500959146946326
-0.006115667637476904
-0.030766125514135188
-0.014992449396438127
-0.06547021989986117
0.002908562783646148
-0.003728803444468449
-0.01676750135660595
0.05545568488165819
-0.05855637941366479
0.02737305137621671
-0.009100427858402427
