-10.973433474792033
-3.580973649451613
1.3029147329236301
-11.730529680879005
-3.659441470100807
0.6510253750435437
-5.656260193343986
-2.2035034703887186
0.053169930457619884
22.08617199202516
37.15234186852088
1.5562573140534706
25.34677292155446
0.2893363305135851
-1.0930341194219562
1.267865617425083
-0.948243683275035
-0.15536736898045186
-0.18816943428468225
-0.4334975114161121
-0.20600433946260918
-2.5075913832837564
-20.03957416668226
-9.532727867834392
-9.88871858901424
0.18043470635192888
0.5396701046143495
0.7173840308306695
-0.05620457327804765
-0.04530297179057711
-0.3623058706781284
-0.4038568729815629
0.014817941776318667
-3.4085771103934808
-2.1586748480302838
-7.15457750656727
-12.683774992020826
-0.39009292066290935
-0.9465240557752148
-0.24595319115350783
0.34523375740085765
0.10260511837977399
0.1373363849523725
-0.06746950078921485
0.03235822462586
-22.302885847336995
-46.17131235648641
-24.635997879680502
-10.629457917391417
0.5153047302482121
0.6923287647547509
-0.5422022945581095
0.07775928923578566
0.07976739235952587
0.06360476158655073
-0.0376658467307657
0.18129692904857972
-2.3440011471195104
-7.1668906014264255
-6.5777712217232525
-2.2975175445335645
-0.19656685092451195
-0.1708672777256305
-0.5165573516027894
-0.23053460813343174
0.005582740109747638
0.01199329738321241
-0.12982955809280738
0.08714675454486029
-0.1986227034872364
-1.238938184409499
-0.08207712662111842
0.3412007626207121
-0.19634226598315213
-0.30146401703331055
-0.528235340187858
-0.3569657113196526
-0.05048265435616136
-0.0003042294697836733
-0.20141695882798358
0.0768228417590088
