-3667.2697958853487
-2010.524025535797
-297.5336655182795
-360.30579453857655
280.6502995294349
-99.3421240601741
73.45723551169377
-136.8023798580488
40.11435644726035
9.971010311560503
-6.394806319430789
1373.4093668734124
674.1513581370006
121.12164550938749
34.89825180269365
-33.42829824008201
12.872357319287577
-5.580665947897318
3.044568425414406
6.244970827165153
-4.0143314000763
1.6309825131339695
-9.653294291533623
-3.9426606709474825
-2.0560865928245824
1.7849540390204277
0.24366525153042212
0.08945082857205024
0.012727806171423075
-0.02006553363916591
0.016915075491946804
0.015162274189545267
-0.006640339716098794
1593.2742179859397
2732.16628681655
2124.2332014971407
1586.0739384347473
1364.0960890893325
1035.9394360763079
580.4513646754918
309.3821219896195
-95.05429207890174
-182.11551260540446
-43.42395156698438
42.56401803720425
55.49958870475997
30.071417797089286
3.955958492842775
-1.1923746703855187
25.00971229418857
31.78077024206575
4.372766163415595
-16.576828934241558
-17.744644063516656
-11.868928739008515
-1.2585318084597883
-1.248228820279869
-49.884269512626155
-71.1153239996706
-67.15969251038935
-54.19097503383666
-50.05638146207504
-35.262286040734395
-21.158792450734033
-9.207874795358906
27.936606700642304
42.696459275472314
38.98769996922766
29.934004937082925
25.87440692802119
16.870345658580344
9.53306049703823
3.765832340473187
1.81812569583943
3.4773862037913803
2.8836698906163982
2.275690819631153
1.4547315880715774
1.0066385448130042
0.45103483299712976
0.2089796963520379
0.3017232370580107
0.6061604381217229
0.36430905332877933
0.2041244803826034
0.1104537969744748
0.012250517112973975
0.0011090233821333386
-0.017586105595551845
0.3376452710050973
0.4960424419824161
0.5999573290236233
0.4525190253202829
0.23046197389406808
0.22840684459260274
0.11111882485249347
0.05278457090061211
-0.03502958225334079
-0.01315109870402758
-0.08064109039914599
-0.06666949747729868
-0.01968026279746928
-0.053846258920558235
-0.02678287533065284
-0.017141058032865607
0.020744449368315116
0.022333543171393
0.034040791588934353
0.01829062461586972
0.009403896821408887
0.007839194350660285
0.001594692774705035
0.0017809393555351255
187.62524111801804
-12.481627609080135
36.61119581621028
-271.76409395495074
-362.06535040386655
-637.4517079369274
-242.12279716596967
-104.52606396928432
-38.446653763225584
-0.2553136220358592
-38.15345163252375
17.857131436755143
18.210824438677385
100.1246447171493
36.56139304191374
13.601710211499661
9.029973669996174
-3.4164286249208478
10.777764006416014
7.807485602679029
-1.86678216274489
-19.215197207448835
-3.4090121124717636
0.3789544152135148
-5.964310452951299
-4.568536617621989
-9.699913649309604
-12.956073762038953
1.5825911665000991
3.885344538754226
-2.6871550434189686
-2.0965286807588304
2.9369116429111783
3.4541557378399377
5.728292432117493
6.140727342886874
-0.06091954841002345
-0.6793567376651485
1.796989184600164
1.047341002889625
-0.08149453690731004
-0.3424518978375748
-0.3879188314815508
-0.4254197502146132
-0.480161633654089
-0.3785322576228669
-0.27141002939709646
-0.03559540851434904
0.03268795635245812
0.1866940371096519
0.09351930675964107
0.16074903903613852
0.08809330706624609
0.08858711665675707
0.04986984385493534
0.003939855974400078
-0.18839777330590718
-0.3993121476037511
-0.4963788833230126
-0.327446142594324
-0.35118867042569624
-0.07059705638786869
-0.14748669664284925
0.040355317843982726
0.15533766859783127
0.42280000235485066
0.36410842810561195
0.3295005587191528
0.22835781236592587
0.13649539306763922
0.1076159350067012
0.02942898843236693
0.05628302007736371
0.05506768193238821
0.10739229609601735
0.05089729372015684
0.07024611717674495
0.04654939316250108
0.029697523326101746
0.01347022640157999
198.39058350792413
431.9380402728705
267.566035264938
389.98167984737125
303.0423860704633
9.960535566387488
127.58689216782885
9.730114311768206
-50.305253980060186
-107.9124656334377
-65.17855623330311
-84.98863157721573
-76.22588356231628
-14.405550137924525
-20.590407570047898
0.5467749851087765
16.473596855569262
36.806085874294595
22.500060643485423
22.148342880179438
15.645349264145196
3.784855367824606
3.4482494759968003
-1.2968539100859084
-2.7074344004413424
-6.627555248679879
-4.299520740477509
-2.6504271561436483
2.963858599313063
2.2793135036340484
-0.3779035510439805
0.8622034064845518
0.8303365174953705
1.688411572180457
2.2312352419254022
0.7056547318709203
-1.6987780900514384
-0.6368214969402461
0.3660110357955753
-0.15656720094565482
0.23295731887134608
0.4446509303090423
0.3169726555346104
0.18986923573750344
0.35874462913415683
0.20903279522608414
0.14062213778444185
0.04168878005221412
-0.07185707396887119
-0.17510622965225678
-0.11742498436772328
-0.14501871512744796
-0.16617170624303038
-0.04819726284680872
-0.030680267590382636
-0.0011477812079324172
0.0005810306966311062
0.04997745368427191
-0.12620140354773088
-0.006909857127214411
-0.08530600938253213
-0.14896647271924812
-0.1884525374461933
-0.0962971289771265
0.022175235855037292
0.030119326957425828
0.0940928452053727
0.06520299182554551
0.02774834810291019
0.07328145571739246
0.07985115349999469
0.04032214142010659
-0.011170074672601248
-0.01471305726890694
-0.030635511466136498
-0.02812390192557253
-0.015047866066754447
-0.0418954964290376
-0.013108771354884766
0.00011022621734052504
892.6640418016344
1683.368598829214
1390.617687395308
1188.3937216157165
67.25087380599626
-131.39630563873465
-165.5577604395858
-166.57750835783122
-275.5985843632594
-562.546622582816
-454.3100742813735
-392.9342848763374
-191.04376519951754
-96.70212760826662
-40.249247221605344
-1.7586465856107119
45.3553780455453
109.99139857171618
91.53421111403016
91.21965911482759
63.596731600078925
36.64786300228783
19.956325023076953
8.490565064038861
25.451694694333963
40.69901927080079
33.94320531917255
20.912436179719776
13.971249822532558
8.576844733812298
2.414822963338684
-1.9169924300260273
-13.03277422062679
-22.73211508306021
-18.839279183565537
-14.19183428802812
-10.173234750560365
-6.158117047682424
-2.3394309179037704
0.6492123768548951
0.8260045822041392
1.8456015834814068
1.5195800238440904
1.484854665942747
1.1053813480895567
0.6200712250083341
0.4239984516548021
0.024227433316085262
-0.6401190768828375
-1.2728149031638738
-1.0739315221413979
-0.8173668495215183
-0.5510765971234269
-0.2844614066622954
-0.10203430523391152
-0.001032091528603802
1.5129793986845743
3.018907023976701
2.6226972777054987
2.234110542945436
1.6761971302368348
0.8209931904011144
0.2991704304737074
0.022362742272749543
-0.9648659142633721
-1.9480663640983662
-1.649715300879355
-1.3789336250946616
-1.0143271862786827
-0.5167093443391056
-0.2692422801766799
-0.03425310008812458
-0.21119334186418665
-0.3849332327413478
-0.3577040706410512
-0.32664743163978766
-0.30842339372632016
-0.257193663611756
-0.18471305425099283
-0.09175236499802128
2.9022892257766735
20.38325851483057
-40.608705222387286
19.883829860245697
99.64423742536125
21.02691098111691
43.701540040401255
61.48564224194516
4.637043406662086
12.678273791955371
18.26874135005168
7.769099805736638
-10.733384929274667
0.7142098286544168
-3.9295322589927073
-8.004255918084775
-0.9304491634739701
-3.722851821441826
-3.0698194193195727
-1.6234500467698265
1.6073472683218042
-1.0802998466472156
-0.09903166879887036
0.4841733688086507
1.5794394511141845
2.4120524363330498
1.8897430341433246
1.0430605156194745
0.6009524394369763
1.0760959478240215
0.30718886122061273
0.1783443687252933
-0.15710009071556177
-0.06217091498812192
-0.2694847890458218
0.025829817456187017
-0.01704040110777977
-0.16086224184690487
-0.09292143694530315
-0.06824735076814333
0.09024536382525493
0.15995502854756982
0.19938167921905184
0.14481433803832985
0.15286431397406983
0.04633943858751733
0.04618520420738961
0.008100622195831565
-0.03603403198146329
-0.04619562724340835
-0.024921809064410893
-0.00108309487319896
0.03448431468473207
0.024668703183788675
0.015779644490217067
-0.002163574408784989
-0.13394233765916252
-0.3270116228186359
-0.2575712951454642
-0.23467334534037468
-0.17688096564350508
-0.08104356519387021
-0.01780734317120813
-0.007434842187866434
0.020849633595524903
0.05958031467258899
0.01904656560290275
0.012702685542156436
0.0035567184757112867
-0.02987618798957326
-0.03552854116557885
-0.03440331862411638
0.022431318092553804
0.0631095733100014
0.03911481064087676
0.035084187288785665
0.007619831736431009
0.012408000776699672
0.004212957960655948
-0.0033357821735150043
-1.9663289311907604
11.529149611022616
0.4545103696788032
14.844157600771348
13.24368455846834
7.18420819014637
3.614591532287003
1.2969598834802896
0.9324111474567588
-0.8059894181378255
0.446058731820593
0.009968446575298249
-0.20267235339808787
-0.26927454335082457
0.24080792412568422
0.016264895804428792
-0.20266945131944644
0.7477669245807446
0.32829264143291403
-0.12775341484104183
-0.05970240834840632
0.09959104306228884
-0.29431575828841205
-0.13707816750339366
0.19659027669271956
-0.19360977155303596
-0.18408617277389205
-0.1271322279037074
0.016513772212870242
-0.13040692334370976
0.022606393981626244
0.003127871347040372
-0.015681625211977853
-0.04201200012369659
-0.0699012599336885
0.04625808320367302
-0.01802376968579788
0.03755771297659498
0.0166810921058517
0.032380950690943155
-0.08538669595230092
-0.21236602442668448
-0.1709965998571143
-0.19996271033767432
-0.11255345242795987
-0.09955065859714579
-0.028872892484848325
-0.029277634536487435
-0.035448937766236505
-0.09405079945563014
-0.07022120104613047
-0.08286702158664729
-0.0523820995664153
-0.03660899004957703
-0.021776337503194517
-0.0009690998238531392
-0.04614039421846271
-0.031795119923066245
-0.07632714531660044
-0.028535896016311704
-0.030876804500961266
-0.032431396950507584
-0.0162662018388256
-0.015760591883082552
0.010640014294153292
0.02204527748212717
0.0076455131979788595
0.024899020904765028
0.0013878083906014725
0.009943616499783783
-0.007719966722889993
0.02020564108045264
0.0069432695681047275
0.011242054846057446
0.008653228124180339
0.01731551503108
0.005589257138107313
0.007727446951252195
0.004504810668536056
0.008450529606411659
