0.014172685426471038
0.009801736855967165
0.6110378459117218
-0.03236850032551544
0.1845104111930387
-0.32127500783057
-0.3179892622968131
0.015295678568971125
0.18353691483865175
-0.9155912722163035
-0.5111120533436634
0.008238674842414943
-0.28490784826188165
-0.04641984363693227
0.0005692621081660159
0.12747602352845674
0.21098885014151741
-0.0795730657731289
-0.0810066425033377
-0.16714595871071528
0.176129690827778
-0.0406175169567414
0.12708447517886096
-0.15621864221818424
0.012667722026901706
0.018173928498966572
-0.27810410287261
-0.09252390783794588
