0.008500692497550777
-0.10905311994912005
0.7613937106180311
-0.10682591729491686
0.11713991130932175
0.19807851321331088
-0.2188355853093731
-0.03376084886922244
-0.06885763022974759
-0.1226435275533753
-0.18417376878200206
-0.20850288332065917
0.04859172535619129
-0.019438107353689085
0.16090847542032832
0.04613637197392397
-0.20065803447877537
-0.11784831206382532
0.09224511076345492
0.017279612256187245
-0.024344481026724395
-0.0355896133048399
0.0012166266013682997
0.25616105972896736
0.023242019578793745
0.09125169258145448
-0.017920812151014893
0.1300250412334465
0.03716120032710913
0.09256376166849226
0.08462352558201422
-0.000957294792175507
0.043049482198836725
-0.004956524802726161
0.009650031525360207
0.15392333859693624
0.21018062107502067
0.12216096835171292
0.04151511843487063
0.12089934820255267
-0.005289495193977502
0.12058143936764965
0.08220684090854043
0.09124532274316235
0.07723425535169802
-0.02523436318109316
-0.01669234958838581
0.047584559719912954
0.007867626464797398
0.0545674071359945
0.10590463248790255
0.051181802588753926
0.025341801777581982
-0.03468393710867693
0.01645546926840613
0.03435866510300971
0.07777213250736356
-0.015133713925934841
0.014840118911684947
0.009094599201487598
0.0017794556835576457
0.013528880414807433
0.002506147512757571
0.05985890194880902
0.11189417125813417
0.0392866342189245
0.09305065799577517
0.025968351804070693
0.05175951643567353
-0.017170176756599053
-0.0345798311780561
-0.02467780796611958
-0.03756637877502196
-0.00013170005359303756
-0.035648421075114546
0.0008515007746532732
0.026801613122688448
0.06879354764620972
0.06496997545079328
0.052706940312033275
-0.0046932663545002015
-0.051278426627664256
-0.012976562274643175
-0.05429140307809126
-0.04175073227513093
0.0013496169982514178
0.025984403379793828
0.03786436217810144
-0.031010554847226205
-0.006011444344299801
-0.00424219365219187
0.0036216800865872924
0.024783724425337432
0.5834800960894668
0.025131324344157713
0.3680129093758566
0.1298505360807204
0.12398682442758756
0.015000867075774213
0.11197586936329838
0.2296099899826504
0.034407085703909594
0.15618278662509175
-0.06895217995619088
0.025769407096770357
0.050006689095380946
0.014224789436636236
-0.005963568941092447
0.2706034973350241
-0.11665927361220833
0.06858076484349855
0.010857886462367234
-0.05718906986780806
-0.005986151046630593
0.09751067821966933
0.018394614560373758
-0.0033597667295507724
0.0633984237524762
-0.07597372026224596
0.10324527287948598
0.05074747327699748
-0.13759306607977193
0.0647979317389053
0.040670742404192724
-0.01635476407432564
0.008472620205631535
4.980192063644857e-7
-0.03419326376279548
0.05659576745038276
0.08677150177460878
-0.037240559826462453
-0.0399647036829486
0.020564438970384014
-0.02488508747917233
0.04292310589881729
-0.000915614696711727
0.006548331706829743
0.006149474026687132
0.0007600275079505105
0.0001703799216653392
0.06026475742294743
0.01884132681161576
0.056243534796848946
0.07227581755632863
-0.021910915165444415
-0.01017546586549157
0.013376684467373941
0.03991869493883595
-0.007479514727832414
-0.01923765094055079
0.019228724722642237
-0.012567123080707718
0.017852430292012993
-0.005609340413363184
-0.012684013905167534
-0.01648952738071489
0.012300435863896213
0.05023793974609428
-0.001368762315478818
0.0254771242684681
0.008645088258476126
0.011951760401898126
-0.005338246287637637
-0.05133196449429937
-0.004489565074088723
0.0025302617396857113
0.0003121893404133578
-0.03213375171130369
-0.010519564426022771
0.02103170461208811
0.04992274493800531
0.015685230045403408
0.019278821541693858
-0.0033705672636872067
-0.045989851719202425
0.0011591928212813165
-0.006151208586490856
-0.06938697927261488
0.013397274815961271
0.030728945575760842
0.0031749261316360725
0.0028810060776658223
