0.0050120650911507315
-0.008095972897773255
0.642901500381468
-0.028193085014696632
0.3330642125688045
0.06167955642235894
-0.09165207627211518
-0.04880283486233724
0.05133683609849601
-0.0013361490376292452
-0.17451200890541657
-0.12408214918287927
0.0043686026269305536
0.02212949945458336
0.18597713525283652
0.007794910278694569
-0.014510415826853215
-0.10360368182187378
-0.053014128068118456
-0.012029046309521504
-0.0009545922602041906
0.004708251102359981
-0.03580103758620636
-0.0546876057838654
0.1828959585996683
0.11229639994801378
0.0029816814452678845
-0.020780256507591088
-0.0019003545865764523
0.04352872192040379
0.00037858007744042245
0.01757169253320877
0.5922077931443955
0.013492486475902022
0.05084548321285369
0.2996313494171745
-0.11199265643426226
-0.010058082279549432
0.1350383609525661
0.07728585383592657
-0.12872121463785152
0.01749258584995371
0.0016685189684131985
0.005926569640024268
0.0793856652583725
-0.06029725623687195
0.045533816796609214
0.03590443659663029
-0.022932402864468064
0.035313613294780194
0.0029159762216942873
0.02770431936918486
-0.04418913777026246
0.015222967319634826
0.007918204026571824
0.009849040473896863
0.00395304726412994
-0.03686601740671112
-0.01834581018433901
-0.008687392890814364
