0.0025285187770480947
-0.04299914263975837
0.8515643120620506
-0.01385387777826876
0.5189617966332775
0.2276955148305529
0.09741689489334904
-0.013475161932570817
0.09830615315220977
0.15748085510177734
0.0636360880325857
0.08694766422833693
0.016967684419462684
0.02111060205537911
0.28218895452728193
0.18756845361713695
-0.031879499438444224
0.18362203730096247
-0.02130861987745069
0.04382438517514278
0.057947374072067646
-0.07884782919966538
0.007306609919675208
0.16008915394895884
-0.039686375856299805
0.06109001254366456
0.09807482853550945
0.01129806268244113
0.07267349243833977
0.02257748493390012
0.024391935320106216
0.02539908479748439
0.007832133193530134
0.14308573580426687
0.10752644372482764
-0.0015798218144547525
-0.009558984415176313
0.05622914881283009
-0.04515653764781657
0.01587241970778264
0.009211283293229656
-0.009819201017498832
0.01439730223209918
0.021670950371468146
-0.012468119296348609
-0.015818579148472137
-0.029272741008000473
0.022979120626267967
0.014023832060857921
-0.008369295735920112
0.00755092155741507
-0.008664027618827829
0.00888033419471842
0.00022492361588549218
0.004955998996792358
0.0011033445779449556
-0.0004121870735496361
0.6273237252189001
0.024434868695394834
0.22756402154086655
0.11079003938231916
0.14418775621763652
-0.015402151890862944
0.05439927874012273
0.3087880646754547
-0.18003317445832479
0.24744693377532312
-0.1416644917267346
0.02598288671435545
0.06634412232410912
0.09818892439149672
-0.07108999921546306
0.29924064979434767
-0.1448303833213433
0.025830380906638202
0.04077428276433836
-0.04275872737747972
0.0035246743775264456
0.10448170933574935
0.11150982707118992
-0.07481792040128002
0.23651166184052913
-0.09258622850214858
-0.0036761357085732015
0.006366088635297294
0.019709765697345654
0.02490390441131191
0.009504923843553842
0.012533452138510821
0.02484925974089592
0.0073189437934761195
0.11166419356844158
-0.007551546260443476
-0.02845333447185403
-0.03314616464818279
-0.0019915285669550374
-0.0009416850003772347
0.0028197360581223093
0.042142636103568776
0.04387730603199343
0.07509460862039462
-0.027742838391170123
0.004159161937115265
-0.008285321561852124
0.022127257109288746
-0.0058121661366072235
0.05287629959849179
0.010519298482278276
0.01331991316090801
0.012090506836902323
