-0.9672883937231779
68.83876356847952
41.972748001607386
68.73306352069882
41.95924932306463
34.83898407866772
10.163951224482988
1.4131678708419575
0.028312571987387777
-236.06339115233877
-193.34082119437502
-61.16084270908626
-15.773656917700414
-2.5216795319336476
12.659105234839119
12.175343844223343
3.364166027218615
-0.38212848521243137
4.429440058446687
1.77877382716353
0.43305850470983764
0.037922058823342875
108.74707346862493
114.57139976623384
32.518254516916514
2.8996218623573746
8.153325178439813
5.3883245236914465
4.650397866956316
8.687425163478503
-1.9030033150553451
-1.408863964255173
