-1.4240098830939938
3.6566120155198782
3.5697244709210505
3.64301940551363
3.573773401497696
4.131954283736573
3.0544148582328545
1.697353740728086
0.8330591096982946
0.25839752811339817
0.025593245445459302
17.74092422677315
16.69454198265718
1.8271820017586728
-0.518933246669496
-0.6480174640864055
-0.3417924446209529
-0.1230585685331473
7.194009693588259
5.413575234358505
1.4142218820347956
-0.18152151947865566
-0.04793021893474687
1.3820376073258869
-1.3158545009222444
-0.472709032221787
-0.26168780670149483
-0.0481791415121137
0.1468551831130882
-0.06397965306170761
-0.5060044489959447
-0.200716991544405
0.00915167159507102
0.003952324862487447
-1.6882088426244617
5.65336192798435
-0.7644282105243618
-1.0872063917349037
-0.7264594136543757
-0.10432718825650625
-8.98854593232644
-6.249360067297787
-1.8074526217867686
7.482749056159025
3.8788117298645677
0.8100780227161534
-0.16259679140994074
-0.23557505823354846
0.4786416920459493
0.3138375625347512
-0.4269453576270091
-0.11772085961279034
0.1665862336146533
0.8866299950491905
0.5015161808624277
0.18806696400409897
-0.06923907437179498
