-1.6825431374774718
-0.8607659730502123
7.372940013258173
11.32410547772167
10.796388168968132
6.864648449180269
2.988751750592087
0.8125844890806962
0.12824161289467312
-0.9242002379323886
7.375457341341315
11.315077460189029
10.801925270803649
6.901272193286444
2.978702309430816
0.8145058397245745
0.12989359036903994
0.020162481110472013
55.67795533168776
29.117551671468
7.0641102542366925
-10.619837210605755
-6.062125224102071
-2.691490170790756
-0.957340344748402
-0.15427939844295432
-64.62368691773395
-70.54722696742407
-31.392111026977812
-10.037891132062231
-1.6844229747840287
-4.068266758722751
-2.8742643688802976
-0.18187358377194002
-3.394083487422562
-1.18210010461629
-1.8399760257398279
1.460140528574736
0.9844386718595988
0.1981249802438723
-3.359611135999732
-2.408784026175796
-0.11151277856607276
-0.11860040651207596
-0.2541438407023427
-1.806609481651061
-0.3156328993484123
-0.06232476699357981
-0.15909368851311373
-0.3046506722938124
-0.08666623188037821
6.199952410302338
15.11183428498824
0.6819531494887483
3.2880516507248854
1.3115817790419528
1.280186666198019
0.28188006571266516
68.79710038926048
38.73364670471888
9.823298042514244
1.427404984499773
2.9084610342567783
0.9603032095581274
2.15082615542076
-4.639832619217455
-2.9415557845849265
-2.426316236494711
-0.03751412421623338
1.0282050316930498
0.5721440500019543
-0.5819048857535809
0.2925150504910593
-0.07847109119407267
-0.00730574128107609
-0.5766110340573821
26.820931165480424
0.14572480511211916
6.324413719062366
1.1316072055403057
-0.2397219773779826
9.873130643123904
1.729741807663141
1.007060294496927
0.34192512813931825
-0.2136949717157222
-0.1792234293036665
-0.5557524373907307
-0.38015009376524533
-0.038246782746694165
0.31642180472550735
0.35417474227085693
-0.026664756830296857
