-1.9408801937893239
94.90550870004283
10.512799526001716
-8.61020313478195
2.154078849535657
2.543233515021554
-3.9047561482707787
-5.938904044646544
-3.3950439310931526
-1.0134814301520227
-0.14191688716040968
-0.7911200117877768
10.613651280197663
15.100761852442584
-19.332700796428657
3.2894892679333165
29.019923511564627
19.49373936715928
-0.1116743541146101
-0.8126075041294156
4136.781385434875
1785.3139800039216
-1240.849897679029
-1856.528965335729
-794.0609116774789
-259.49179553675583
-36.91239452453675
965.6746181092037
818.2488101901428
88.75940567447681
1.1899184157680682
-25.104000122450255
-7.898025339197058
-1.4151347574203088
1.199424624459708
-0.7191923315005888
-1.3645503949438162
6.670238720775134
6.582230623737281
0.19509057872429858
298.93753030017035
325.3147773675028
-17.443684580066396
76.06184956453275
7.220624276043041
79.93046758503498
18.579992422088665
-1.684604690848526
1.1070336848405766
0.8731699477457242
0.9766697025769795
1.765315394716886
18.572857392477868
-48.03487151419136
13.51513029212945
0.05866972517059589
0.04179089849842552
-1.213183879681666
-10.291492748593335
0.456019901031729
431.80055416310876
331.6729416748809
-138.5367944784492
-3.462659129139036
39.83761968619492
33.38158835405408
-7.210674554968572
-3.8480711353909767
20973.94552871927
22176.573631077652
5769.995966858689
4213.994766838596
228.13187940217375
-134.14828871710853
-1347.6850247825225
-727.2993949162387
-22.248799263139336
12.36493191913564
7.789051253402669
-24.284076495953773
1.0088149257487775
14.634123781240291
30.785094199062385
5.539477004134997
2592.4120473646776
1223.1610225664003
1194.980814948456
194.97901172354835
-31.338213185074775
9.407721469167772
0.17917980828816016
1.2856889096534527
0.6326189991199803
-334.4581225966124
-42.45834889040102
3.14207011847407
3.4145047174383008
370.7951725451472
13199.207522993107
-24.10293993225584
3276.0593897459266
19.07724390150742
1964.9491906314536
508.11099271214533
10.327869682110189
35.668912292384036
158.03678366989396
64.36325562883646
7215.167985341153
2695.1292940646063
1728.2591754640887
252.46745475066518
-49.64193418042363
556.5739318269765
559.1506004296251
190.7159923518102
-838.5891149008806
-21.11190924221005
-130.32115242144107
0.32262021691442966
-152.19461477643773
5.273522821220924
-65.64783506529379
1.4238335472931158
-8.75989804920912
3.1660843670919445
3.4078950969258686
-3.3113593778810158
-0.3401556000549046
-529.07004922768
-272.5754001362708
-2.9795086912228124
0.9542296480379882
-1.619093318810573
0.06432411123174955
-28.306777084128832
-0.710853295183505
86.82620995646869
-13.17102683673689
51.01346675390801
-0.45074426066087897
-0.4862939422719989
