-1.5633380464037623
-2.1240883789304976
0.8520532760989745
1.2910680546912467
0.22422793419289117
-0.3104778878241364
0.5774991491511207
-0.03883994299178147
0.006963686962646431
-1.9169855326123146
-6.633325335541201
-1.0699505435452605
0.8500676054439027
3.7459692916176097
1.3061684217021559
0.32716262349743774
0.8322007224030614
0.002293545306929813
-0.2556336189145776
-0.62758125383064
-0.18571281096225084
-0.028272266862451653
0.003255084373872782
-0.008892880093209852
0.03723643356944214
0.06359529345894947
0.013651061291799809
0.002646542033003283
-0.024681176239585153
-0.00044198290582361723
-0.009313436730967883
0.001251847435111758
0.0016890947474822863
-0.0010679360433489557
-0.004949336478410454
-0.003166920300605831
-0.000880809937216857
-0.00010049580452210867
0.000777767897524964
-0.006437699804832048
0.006849349990526817
-0.009592009801168777
0.0005594808365348503
-0.005088033131498755
-0.0011266464717207846
-0.00032465413555063453
-0.0009515041040768634
0.00013160155880794007
-1.5479394403863737e-5
-0.00022203443068381478
-0.00011939504119493882
-0.00024485781290576377
-0.0009838970047289341
-0.0004959022541360239
-0.0010140031253166126
-0.0002728577194441872
-0.0005169124602099843
