-1.4921718338043617
-9.913609396274513
-1.4669317253785068
0.9403884640000951
1.2183686534274538
0.9893935895839179
-0.7691782152272363
-1.0748788983564168
0.12602539080661487
0.004105271538855822
0.008895596475595057
-2.0026895484162717
-5.460731001532598
-7.540049578980571
-3.945115209492751
-1.859051138913258
0.4653670407399999
0.07508925917865317
0.3036853686573667
-0.4807539919107755
-0.38724726331099846
-0.19398986810625632
1.1305066064423392
2.177404396298886
2.2132991115735945
1.6913299892229707
1.279567055870681
0.6724465847191338
0.4792534457051848
0.24885871076832244
0.2092906550104999
0.09778220611368652
0.04083171539534335
-0.3193589312107591
-0.5094891360689789
-0.5400932141118658
-0.4845896454063435
-0.436603036223407
-0.276860548922484
-0.17081468146286696
-0.08850785676282218
-0.0422419942783151
-0.010447769057963154
-0.004498485062592987
-0.019783258522504028
-0.11526329613650557
-0.08412393125499835
-0.09523213472611615
-0.07211493613231879
-0.057682070691234835
-0.040886503734168946
-0.027359528679934565
-0.017810088462920124
-0.008553667450530019
-0.0018654013552662344
0.01774661207241114
0.054834540188903706
0.04645705936876809
0.04645886619883498
0.03995707741407546
0.026562206353947498
0.020430661561549022
0.015366457199322052
0.009309836272704965
0.003912611750962354
0.001359753366813046
-0.027656398496173126
-0.06813061880665465
-0.05334375379281921
-0.05112671991426795
-0.037604584470721555
-0.028475868402114295
-0.0215130050105014
-0.012451044689217811
-0.004557159950535235
-0.0014505290189485522
-0.0003987348610059465
0.009060889347604826
0.04115255344921899
0.022171631105726317
0.028965461913021455
0.015038106813055755
0.012634925297927894
0.009656244150459466
0.0018597561673733914
-0.0028568446977547375
-0.0012362615740236101
-1.3570411006148785e-5
-0.004776190310806686
-0.009376454309009056
-0.008985291787263521
-0.007693931113560965
-0.00635644998991739
-0.004439289007232625
-0.0028976995588166836
-0.001398649741740248
-0.0007396021171168613
-0.000441766799920206
-0.0001452168272275344
-0.004302081858924485
-0.008937116756835119
-0.007823120617396019
-0.007426106229120881
-0.00605050464054692
-0.004859822984529539
-0.0033506508900593875
-0.0022521757625028767
-0.0013265186701424518
-0.0006143243818090893
-0.00022076146219973276
-0.0015638272802162446
-0.002955942695103224
-0.0029863750425875744
-0.002539554500578428
-0.002191678029667349
-0.001761947522556925
-0.0013533935802331498
-0.0008676169842502191
-0.0005757084214056458
-0.0002801893694590739
-0.00014177395230555092
-0.00033764980671577375
-0.0008056212222697878
-0.0006122368552849758
-0.0007115850992474057
-0.0005198845408206591
-0.00047451867589992105
-0.00028323286648434664
-0.00020899057100960745
-6.885816176036434e-5
-4.260269742136298e-5
-2.5719423804359515e-5
-0.0007308796226848615
-0.0009932147454422705
-0.0013339544435642227
-0.0009421716947729977
-0.0012213349732169442
-0.0005699651322466919
-0.0006672206302292466
-0.00010802803282700169
-0.0002512289681416323
0.00012690213747940988
-1.6006106537860526e-5
