-1.5074015792357156
12.772053684236687
7.124104219242932
0.5909313007059982
2.396923262373544
-1.2492835523205845
0.3987652875951164
-0.8279787414579223
0.4772621609146039
0.01974976015103022
-0.040609874872777035
-0.023162108632916106
8.268480497139187
12.47984648724219
9.491612205877562
6.017408099013288
3.170671691224725
1.9454817652234926
0.25831733948740676
0.3796427451556087
-1.3978004773480843
-2.7110388225636073
-2.0400983115405875
-1.3822840753545642
-0.6829598199423946
-0.41709724744543986
-0.0910221210783737
-0.06674148481753678
0.2635260332523656
0.7359335031594892
0.4656399392087644
0.32960490569124384
0.16094212993904702
0.11136081264616486
0.03600462508432941
0.01052092554594442
0.015180431763182706
-0.06294181734286054
-0.029457154127755354
-0.025858173535800087
-0.03216542063084464
-0.025085188281030412
-0.0066960137522254085
0.0017247833738559127
-0.025358678624215293
-0.03820814871610114
-0.02974396242889289
-0.027909019874259724
-0.008029744417771446
-0.0076009823884169905
-0.00420127704776787
-0.002600100322554997
0.0006346489309415734
-0.001813260482370325
0.001861932514658697
-0.00014822382359162392
0.0007183453803430666
0.0011693244484853873
-0.0007460252538009058
-4.027009951112606e-5
-0.005810878179611493
-0.0035476166686746586
-0.009862566348387425
-0.0015736996776391646
-0.0036829183234864775
-0.0009979384029535695
0.0010573398237944112
-0.0004752949530542677
0.0005497478823499739
-0.0006641411100161372
0.001707762080101109
-0.000810701531630581
-4.453989525275683e-5
-0.0006314604471239104
-0.0008661656562883992
0.0003301864235772074
-0.0002445906477821114
-0.000998140947503797
-0.00035689206691694045
-0.00042598276106409693
-0.0003660254444635585
-0.0003232871699097683
-6.085672740544445e-6
-0.00013671210396067835
-0.0001694599712462891
-0.0002624831096957422
-0.0004301572478375395
-0.00034276925046070603
-6.984076146538495e-5
-7.787556365064375e-5
-3.085476619921887e-5
4.403553243797484e-6
