-1.3656023075707637
-0.9827401759370172
-0.4760611880659259
0.28955850034755437
-0.002191176637805531
-0.002901100632405315
0.007496901672180354
-0.20656255094742498
-3.0365820349955697
-1.8295360046538363
-0.8084701236118835
-0.030473293276277538
0.015483088048019664
0.2883071142091712
0.09203195815278342
0.04261579556429997
-0.014871406161549017
0.030502706829264856
0.036060377257445056
0.027554007211794768
0.011466192007592026
0.004079433758013741
0.000685940867879281
-0.005963641992662987
0.0011086234074287966
-0.001064502538793239
0.00111222180704386
-0.001139074850662288
-0.0005445599733763883
-0.0014027149325882694
-1.9451786119439683e-5
-0.000599109507306306
