-17.830123595158405
0.03616747166936834
0.02007253295098305
0.04223433870317908
-0.026360148426036845
0.1452473100625304
0.04211527705096637
0.034214652283533944
0.0004559665158470559
0.06195211246746579
0.04335841630969611
0.06480096722704151
0.04436489216187157
0.02628758981541676
0.002489925695329182
0.060412947321054546
-0.005279702162034542
0.061563974910707094
0.06245047085022529
0.03196363788929471
0.005619591384536017
0.02450546089995295
0.02255963290478185
-0.014910059956155328
0.03932683239267852
0.02959759050936382
0.05465857295424188
0.06306811157626216
0.022446568718175332
0.033921968056904186
0.04652089074043577
0.027630441534326946
0.03201260225183552
0.019368327182204575
0.00751936783178967
-0.014309709036958928
0.036660135351983245
0.036556669815923225
0.04541520986282406
0.042593739442852475
0.020292600855418688
0.016571642732917287
0.027738513673350583
0.026013250637212274
0.04845344112889979
0.026357218915805017
0.009381183550428395
0.009610421165353988
0.015721496303734785
0.0110530181172047
0.0027608454226792593
-0.01300465680254112
0.00647227001868056
0.02439783714600193
0.029848960311496045
0.026102094704566
0.009923670166297015
0.013868021990271956
0.02005425238444446
0.00946531144600335
0.0324464612947619
0.020063037607983242
0.0009903020031589375
0.018311512452710767
0.020935159649448157
0.007360606580993612
0.01292798613228509
0.007414584507678813
0.001546531624077034
-0.010190263224681263
0.0027168706633436206
0.014147837713352786
0.01630097020257151
0.012651938646962978
0.0007284372345340144
0.004336380162227538
0.008297001426665023
0.003219646367463973
0.018338766099651977
0.006248694011555824
0.010376086692407355
0.012342819741304545
0.0021995313706789175
0.017868931858339487
0.004667358282247704
0.0045827042777080865
0.0084601180745334
0.002034194591015952
-0.009940060995901764
0.0007677055019580917
0.014833780412592517
0.011460314468066845
0.007791771056572873
0.00021014251386595168
0.0038616903516925064
0.005886269475454225
0.0119992028638333
0.004107318227448927
0.007261380681328698
0.004836334989660273
0.010064977094694201
0.001363220929371001
0.007458102665229011
0.005437825241790133
0.005496958851517455
0.0010108203371670887
-0.007902680824254554
-0.0007062278731066903
0.00925115788747109
0.00229565383577181
0.0020296519235920387
-0.003676547893279972
-0.0015631215388598107
0.005349101075407074
0.003795532818449853
0.000583857667536805
0.0021674245489278466
0.0060502609026389315
0.0038871855091773323
0.005931870171000112
0.001852991799746813
0.0017714276307020903
-0.0029484089751197584
-0.0005662898525314518
0.006626011480808102
0.0005318159740678605
-0.0016229560880079322
0.001121395019021355
0.0017871510233020155
2.6551924053374634e-5
0.0015318806493526897
0.00191263828255441
0.0006081065808800387
-0.00019306738086367453
-0.0010299183236088792
-0.0002305723143213158
-0.0027198957718896203
-0.0001947945566325481
0.0010557998328068923
0.0014783465151815198
0.00033228748105816077
