-8.7211816167511
0.00291271149002346
0.03169442856740337
0.12828463837801038
0.029880507803138716
0.2840855460619336
0.08156494756397141
0.11907737301184229
0.027856455989364762
0.1305361611984345
0.2103259081295488
0.08097847615129222
0.06192410056534445
0.0028510774132995834
0.011195265906333506
0.028280012015054767
0.06931069114369254
0.015013686784362292
0.029210262877399737
0.0011496920766341711
0.003292514561596915
0.0011126981232641572
0.0008788029318643024
0.02616258487964024
0.011296888430753133
-0.007408466348038711
-0.0014653428956692388
-4.6616539928381846e-5
0.014685297842428573
-0.004126580405195196
-0.0014525149451714043
