-14.554579762060865
0.021801595973654078
-0.00701302099559352
0.09802228298127079
-0.005283710452424947
0.2409261982861078
0.08656101227659298
0.09117935949006867
-0.0028122941250556767
0.14570620109133373
0.11596462158011091
0.1355921366424292
0.10290358496326402
0.03188719462443604
0.002203864090993676
0.1119574172970421
0.05685697614848249
0.10030565064000346
0.1378758076898594
0.018057389753325572
0.03314005070187113
0.038343916918856635
0.006165075157546467
-0.007506904732275163
0.07043625925109742
0.0626006464483331
0.05267767351515357
0.09049996657744801
-0.001449127779215061
0.06767638033103437
0.042766659888900764
0.03459094941526243
0.005975026491347919
-0.005851014988442673
0.03675996350455987
0.041472719064492285
0.020281799696249096
0.04047070698706617
0.02204599381796438
0.0037916441072197377
0.025244063730155832
0.010511611246097872
0.0023178573805853328
-0.0009780928843557818
0.00434163036679044
0.008681734744788437
0.006257346434848129
0.0067442982397707745
0.00365590761607905
0.003993603772473419
-0.002664949435292508
0.0033400056473433934
-0.007471544062993033
-0.002228255670833557
-0.001983293349425084
0.0010346438406907445
