-18.018434522525528
0.027127072966522812
0.004850531185898163
0.050062862393897616
-0.020668772251394678
0.20086386043242724
0.07618811539445636
0.09291122670299805
-0.009421842689643703
0.09185125718423225
0.09370958987701729
0.143426254628873
0.0795505830226705
0.039684329231168235
-0.001579252271368263
0.09480955835502315
0.03447954778792628
0.12186418401923732
0.12635378232851574
0.04530808752935798
0.023447713557301526
0.050613762862157304
0.022949356285493824
-0.013973018861850475
0.06776570448198092
0.058476485830228866
0.08701216047372914
0.10765691692842302
0.020685752096455158
0.06902805542388278
0.06519263153922472
0.019948316622745595
0.051890844857426184
0.01614012321115974
0.0028700807460002686
-0.01436796231272037
0.04385079015035964
0.04373093533854209
0.04608851982591206
0.05887751854795107
0.010887355974140495
0.03345966201309896
0.023622644678478317
0.009909937108604152
0.05597124899654505
0.013315533790549934
0.016409557878169348
0.016041781882311746
0.005922040839246867
-0.005100439059744688
0.008699044889493137
0.01480543383691793
0.016348406815482636
0.02636518821846477
0.0026075584808125216
0.013481992940863318
0.0057360778895929184
0.017948241942379536
0.006647274989914736
0.015852192335762988
0.00728473231776907
0.002328980674166619
0.0008778501491886367
-0.0011478062274773344
0.004570428303314851
-0.007435160978208259
0.00021273365148939086
0.009870687293950662
-0.002092866612052997
-0.0038110626821170114
0.0027607990524749224
0.0038415469582101067
0.0024780716318977525
-0.002873852094851483
0.001795135310945796
0.001982726707180652
0.00023169692252685884
0.0054534965039390315
-0.0029114884478425606
0.003302457119268537
-0.0018056079962224915
-0.002164905343890862
-0.002028289645113179
-0.0016697411717343448
-0.004041710653796059
-0.0013217325592818595
-0.0009043764353104635
-0.0036472574427554045
-0.004908369913015194
-0.0008946722951456803
0.0009238821119053538
0.001445966623913921
