0.005917946152860727
-4.0091160235374746e-10
5.091874489681805e-10
-3.3289685942538625e-10
-6.454491090371163e-11
3.825625524527421e-10
-3.5888039989102493e-10
1.3579720496339425e-10
-0.0001842858901623739
9.395665787950751e-10
-7.061343646608468e-10
3.2810266884288024e-10
-3.583561114240919e-10
5.984660463143055e-10
-6.093350595489786e-10
2.77981988763439e-10
0.0004101845449907091
3.422809722247705e-10
-2.993333413065238e-10
-1.4670842754871975e-10
4.887541114821247e-10
-4.957521714229709e-10
3.81226341119418e-10
-1.8140711966671176e-10
6.42402054848524e-5
1.9536370078228053e-10
-3.0462756131069027e-10
9.153543990611308e-11
4.3891493647785386e-10
-9.672525541156557e-10
1.2727051523853984e-9
-7.322239950791268e-10
-4.515879944864464e-6
-3.937112134009955e-10
3.288012500575951e-10
6.10377908336762e-11
-1.3038930569555035e-11
-5.084996970358573e-10
8.255194485823962e-10
-4.621569080769876e-10
-9.934399626315619e-5
-4.610548211167701e-11
3.694282540005622e-11
3.120462097920336e-10
-2.754220903994894e-10
-1.0400268510353415e-10
2.508459686303481e-10
-1.2495683231112854e-10
-6.215519663127784e-6
-2.8217162435529287e-10
3.788610272374167e-12
2.980429649397298e-10
-4.0487187503935984e-10
3.9001134145178806e-10
-5.386883834333181e-10
3.5931553259577687e-10
6.560468582907888e-5
-4.4143954602597845e-10
5.992577244584867e-11
2.8261174235988933e-10
-4.1365868701157543e-10
3.397774353444892e-10
-1.970508595916808e-10
7.97719035812747e-11
