-1.357781937590328
78.79736670447889
9.583683602252918
-58.50235048057526
8.235185962792626
11.48202129035862
7.379299301342897
3.744228528128233
1.5904389595547814
0.43555536842486114
0.04232830813066069
-22.78237125423917
-53.32554710864998
-23.67291436305615
-7.569137983000117
-2.108363852724641
-0.5832353886345255
-0.1618742704193769
7.334708111238505
5.5108927721045795
1.4332456892549759
-0.1816704811607018
-0.04868282517712866
-13.719596012876835
-16.167760622281914
-4.401463442910105
-0.9891671645454114
-0.11210415099649998
0.15071849682817168
-0.0622550023039621
-1.8692901757248412
-0.8736217104790444
-0.04478217504901386
-0.013450025131174794
22.25455209866947
62.07819224722349
11.726778899861023
0.006494105443687451
-0.9512434591441479
-0.18071277993677715
-9.11096196728684
-6.306459676600484
-1.8242862927355514
31.2897516671478
18.76170246774886
2.837816891197208
-0.01310139038719379
-0.23585031205274729
1.3344417826849464
0.4958955778888881
-0.4293627373331371
-0.12222215046459235
0.1741238700882484
2.367882166688427
1.8042820714276304
0.2938251455464243
0.05722177602578084
