-1.6451654847530928
203.5557329604009
256.30003683392425
144.28999324536326
114.55892948188482
71.18268235527553
-33.65177675704919
7.251847958129377
8.235163264812956
366.8643235987586
219.4291408073204
186.21466080611933
77.51982299220106
19.52672626168491
67.02626856301482
1.641857120806261
-6.667925621305236
0.14214200974706917
-117.49621634535505
-163.25651859955718
-175.44742160218863
-103.20870360218316
-38.829735945729155
-13.010020361326271
-2.877673375906635
-0.34882432616155634
-63.56684194581156
-68.63881831631004
-31.312825162357377
-10.11332572624457
-1.7024922996510565
-4.231979543199602
-2.9647711233421252
-0.17571999144173794
3.0635298675032017
-23.887410290450312
-8.643189130878515
2.919333419144151
1.2962273076309017
0.27289862896585704
-2.8978740089762605
-2.2039664771059266
-0.09034276145794409
-0.12270617208076542
-10.402674019668165
-11.645195773555102
-1.4449626240837
-0.21339120358862312
-0.15212976479129403
-1.350926406913994
-0.32586297189769525
-113.78821698611547
-222.47185878183961
-105.00277035865865
-21.071504211027104
-2.638748227242194
2.126660096683558
0.5264895288766354
71.48714003803482
40.47296498049038
9.887010973281068
1.4311149988578276
3.0452053764747604
1.051225406620959
-52.07761233168744
-94.76661948556065
-27.400330174960438
-9.038542926883002
-0.6303033995705999
1.008336237662087
0.5158303596283991
-11.819735996938382
-4.738059899474621
-1.2169760133051544
0.08709704898133659
-0.7093178465977016
28.274463484468008
0.13460344249130538
6.439504463442395
1.086537876382446
-0.3091196081684749
11.107858422681732
1.800915008321972
1.1436689835627896
0.3264690710049839
5.740227170560243
4.075609335944927
0.5064539142613491
-0.20903142900976482
0.03078023525268617
0.1731876508288947
0.32433148677313167
-0.0464131631559417
