0.002842275566570789
-1.2492833182315819e-6
2.5620199551241893e-6
-1.715437318090898e-6
2.2809032363702773e-7
1.4039193786749066e-7
4.756820399086803e-7
-4.908072184213723e-7
4.873166457628318e-5
5.5722685774394354e-6
-1.6020360247911464e-6
1.8949811395775215e-7
-1.5697988102797158e-6
1.4500135564671837e-6
1.262542182841601e-6
-1.633603069988937e-6
0.0001417501779854116
-3.6030829861569143e-6
3.1383891753976427e-6
-2.08769616519929e-6
1.243697629366888e-6
-4.5845328633312306e-7
-3.8954522479774185e-7
4.3161094650403667e-7
-0.00014746142209116144
3.2770595670561424e-7
-1.3889874082158742e-6
4.161844892345217e-7
7.612470094810069e-7
-4.504968631111914e-7
-1.4012057608096273e-6
1.4036659776368143e-6
5.580416874230982e-5
-4.400640038052498e-7
3.2899510022724476e-7
-7.17654467652531e-7
1.6217506832156472e-6
-2.060326609233589e-6
7.20773621510359e-7
2.7393719427737085e-7
1.5300889734445773e-5
-2.1843997548685345e-7
-6.990696667290854e-7
4.3010448195792583e-7
1.2799761482726422e-6
-1.842402146864583e-6
-6.785625453741581e-7
1.4214206629721705e-6
-4.496651528313212e-5
-3.4779281942361523e-7
4.0101151524445086e-7
1.2755077841040105e-6
-1.597073537157204e-6
-5.906317283802541e-7
4.114626102880559e-6
-3.1488422324252115e-6
2.8061926984195938e-5
2.4066683417076486e-7
6.93064064333463e-7
-1.5656771822344588e-6
6.142215897539042e-7
1.5130138935172896e-6
-2.619237238030546e-6
1.398323034766364e-6
