0.0021222371556398234
-0.0001702182727415344
3.508152483367199e-5
0.00011375464969485353
-7.274350886799839e-5
-8.693725158812178e-5
0.000239918444963339
-0.00015992333217562023
-0.00033047194817220686
0.00013722971218829843
-0.00015949215093681858
9.983943935271791e-5
-9.144314205054448e-5
0.00019436063777054853
-0.0004495846821839738
0.00032412646946899476
9.986060816020776e-5
9.692391270529262e-5
0.0003068537803193822
-0.0006866463744977253
0.0006599410821865962
-0.0003298686538278558
3.161532421028527e-5
3.726291791907191e-5
-8.717175291058191e-5
-5.571477677368336e-5
-8.504700450202832e-5
0.0004147672159136288
-0.0006456156288004352
0.00048506325514733906
7.516673961886375e-5
-0.00022662047942082953
0.00021393811669979796
-0.00023316439905406513
-8.627989487493257e-5
0.00041624877063802565
-0.00035496187771194386
2.5372983157998546e-5
0.0002736436054863266
-0.00020229307745921372
-0.00010801890811076125
0.00020068029674225076
4.387190475473951e-5
-0.0006857112240948774
0.0010985782832984964
-0.000732296021621519
-0.00040191057559185365
0.0005845785083435993
-0.0001937525221168913
0.0002953337403443631
-0.0002548508375427215
0.00014857604669467293
-0.00022215222330442067
0.00040099076246679315
-0.0005550351930555565
0.00032325516086629494
0.0001726203931072721
-0.00028880815406533584
0.00021341783024175618
0.00016535351864846936
-0.00036336379060278805
5.265221612755554e-5
0.0007694548768938362
-0.0006732542800488053
