-0.8406858576631546
200.00816811662776
60.886004283376195
19.332382777276507
73.32039097896329
57.167760264345816
17.001555246757395
2.6225680134760356
0.12117548702524822
-424.28035612476657
-371.4639172875307
-114.14571907860461
-26.112023372756852
-3.4109255174253494
12.306721442256444
11.893177366657218
3.320036575793534
-12.265843576907606
-1.1832078555687229
1.387528970428937
0.43208222736867175
-0.11330702847066691
188.472750637962
206.56424626331946
50.960198932895736
5.026308974175699
9.252306802401684
5.505632418611941
16.442243723246467
11.702354816719794
-1.6094002114497732
-1.2527872903390733
