-1.9833610634535277
3501.8778053254823
978.5357635798059
-647.0747038576636
-1037.1275100009343
-746.5616749598485
-364.9197941584946
-132.72301775020864
-37.00679901877954
-7.656319047261428
-0.901249397083021
-11841.260529175293
-12753.70418670926
-294.57755471588735
1215.6526607056317
-608.1870947840001
-905.6061013147122
-337.6121896918633
-135.24677914253604
-9.886081214504289
-42069.74368704831
-48292.260415462835
-23679.74124907921
-10606.557380580638
-3119.829292972279
-638.4792557606651
-65.29624030111559
997.8903351182836
842.3678898391182
92.13287135965895
1.1419916803601058
-24.71595662649374
-7.7921353627003365
-2085.8021572282714
-268.00977654850163
926.3716456932339
455.0609584317694
-3.9002726116043065
44.02052052745662
-17.80022718069202
-2672.5111063293743
-1783.2158948585711
-848.7968928731398
-107.12307212014782
-10.99043396832739
81.7691537642264
19.12990392513677
110.47314518213585
249.23776610779558
290.873355593885
27.750232608615377
43.33257895113323
17.2895656876803
-68.79517076123467
10.737358253057879
-69.99315096885456
-2.7516670026547088
-50.823763268777405
-11.58289249869998
19.308757084898915
-28119.788536178083
-35723.08797684613
-18559.150499711115
-7986.849630408404
-1408.6016616200675
260.83809080393416
-274.8308577839967
-34.18557259644874
195195.77641311576
138891.78024857675
30335.384367614086
8799.982480432172
776.5042452984617
-85.65137863223958
-1357.5226859487668
-733.6259627264914
-28.09623340973025
11.978704996259054
2095.894447210216
1208.0019511869793
-577.9647496657922
358.7763790748883
1142.4158440607985
4.945874632982803
3618.13127284079
-2126.6300494885527
705.0506775874185
184.02304516536478
-30.356409926700696
685.2415435040095
385.69225205994644
-513.070403467332
41.207310879593464
-786.661067990376
-131.66761285669273
363.0306697139326
20.883863253178355
415.06552464550197
96010.15786793524
-16.23783863800738
21475.877114452334
20.041981722972793
3148.939006539102
683.2558654958489
32.74099709662337
34.951345664168954
171.25179941166988
67.95650837520041
69471.2185094148
15056.464930894945
3226.006027501221
296.07538802868487
-48.523108271917756
13190.630157201387
852.093357843814
185.9904041639491
1452.6662274210419
198.39633398374693
-102.08222453632781
0.36940877384790144
-144.87901219762034
4.635630435363444
-61.919451307029036
0.5733998308076723
783.2741640466953
578.3452318896807
-314.07903884732303
-200.15318992516592
98.51003624032641
3040.4485058534146
533.8822309054813
14.793190836157152
228.72519734201046
-164.45292855311138
-255.13685851181634
-38.81368046996411
98.14316516506639
857.6235066522338
4.60289005118739
222.88597307289535
47.45476894234146
-1.6084001453053973
