0.002406490564599173
-2.2561568696545774e-5
1.6673311927182178e-5
-7.074345079619955e-6
2.2537212593732076e-6
1.2197914901410191e-6
-1.136608136557021e-5
9.882716421679594e-6
-0.00016709193694591318
-1.3368968045978106e-5
5.525543986540298e-6
-2.227920738340946e-6
-2.4272715647831635e-6
1.7484949291027476e-5
-5.4437773268502934e-5
4.1621119259172714e-5
0.00016270250399999755
-4.885180387488203e-5
4.278321274314436e-5
-2.7205207052265244e-5
1.835601337242146e-5
-6.121272026941651e-6
-3.0383449004640618e-5
2.9559665380857328e-5
-0.00011052113551816182
-2.594584176787658e-5
2.6507717155970613e-6
8.629193867379818e-6
-1.7205899892707948e-6
9.244963970383927e-6
-5.8316384301772434e-5
4.9242610502514814e-5
7.110834479737476e-5
-7.341658433621215e-6
-2.4826267268594005e-5
2.1349085175502588e-5
2.2811990991370537e-5
-4.6876884408275445e-5
1.5007221274291627e-5
7.846561766036508e-6
2.353608117533906e-5
1.5623994316496285e-5
-3.911672010860558e-5
2.501794361441466e-5
2.2988140835921712e-5
-4.968070205159108e-5
1.9188597994534648e-5
5.963138245000574e-6
-6.367776357191892e-5
4.566732842815415e-5
-7.00591510416913e-5
4.043281791445356e-5
3.17091522629162e-5
-6.95288479195189e-5
3.2364991355740083e-5
2.2703329321347648e-6
2.4969449410797656e-5
1.719220744657996e-5
-4.337682850472377e-5
3.794099665362137e-5
8.673099535770586e-6
-4.588725455298778e-5
4.633017553544567e-5
-1.9955551101506394e-5
