0.0031974610202677427
1.587531963179872e-8
-7.523776631695409e-9
-1.4322254687076844e-9
1.8452741553801494e-9
1.399250820983699e-9
-7.637640014926631e-10
-6.534642955606203e-10
-4.765050723257043e-5
6.840756642839943e-8
-5.8368715786211234e-8
3.082902233684817e-8
-1.3497895921341368e-8
8.274842411199654e-9
-6.232347458116301e-9
2.6025704712590023e-9
0.0004390842963227498
-4.3693861947599256e-8
3.2184245897822155e-8
-1.4323320506473942e-8
6.124128148567911e-9
-3.390292329807597e-9
-2.686997181464707e-9
3.940722372590624e-9
-0.00016536872219137871
-8.001553237937743e-8
6.910612521441599e-8
-4.3162845438707e-8
2.8000545484678017e-8
-1.8120184816547046e-8
1.4897513618067449e-9
4.944935992207681e-9
5.260662699368916e-6
6.379595691471285e-8
-5.8104009673347096e-8
3.0268539411884726e-8
3.4377514124093152e-9
-2.791442416133075e-8
4.2242316985013665e-8
-2.5081256802948985e-8
8.047652452514567e-6
6.31293637209393e-8
-4.2829104689599605e-8
1.5169604087207477e-8
-4.503062701169973e-9
1.616010200247412e-9
8.623683148988458e-9
-8.83589300559394e-9
-2.1149968966069413e-5
-4.737518514960515e-8
4.1866400261674326e-8
-1.656719230526026e-8
-1.463962180300856e-8
3.5320235442192855e-8
-4.4428663485891817e-8
2.4746310664752838e-8
2.4656623579841764e-5
-4.8361301458253194e-8
3.412293883618907e-8
-6.716202593642359e-9
-1.5929468836863103e-8
2.780575741332391e-8
-3.495763123932102e-8
2.0255514577278176e-8
