0.008477951106483885
2.7897042201527553e-12
-1.5030300750668624e-12
1.5337698603242496e-12
-2.900228945533179e-13
-6.394368500512257e-13
4.940227485241106e-13
-3.1484587302290067e-13
0.0001473059189107246
-7.379405186647916e-12
4.966715512637399e-12
-3.146842706206799e-12
4.206197625811343e-13
1.3153978354418181e-12
-5.215186667192967e-13
-5.420027378968168e-13
0.0004685267832392814
7.389388693636729e-13
-1.6895547270119233e-12
8.407652516300024e-14
1.7444496851760128e-13
-5.083063974660002e-13
2.0318661018257044e-12
-4.921927487518163e-13
-0.0003001982422666388
1.1603832337940166e-12
-2.3801169190458637e-14
1.3253631669126803e-12
-6.573091383974463e-13
6.760555069497895e-13
-1.3607780100150978e-12
6.866455282112247e-13
-0.00016369147842329308
1.2616303346628916e-12
-5.142348213516898e-13
1.5542301308033402e-12
-2.7294053364069393e-12
7.586092824566939e-13
2.439323289031931e-13
-9.465980507046758e-13
2.639562501716101e-5
1.192989427055632e-12
-1.320624549532021e-12
-5.352519444071094e-13
1.6797176789884871e-12
-6.264543144720311e-13
6.607243591801415e-13
3.010269583156532e-14
4.8866019762163846e-5
-3.804761110927272e-12
4.026232215478887e-12
-3.330699877953163e-12
2.4467470904859033e-12
2.1176953667334072e-13
-3.6065840059376584e-12
3.2898004116010096e-12
3.4294194886827346e-5
4.714582093795072e-13
-1.918613404112672e-12
1.947636192425327e-12
-1.0243246358748038e-12
-5.349743383296716e-13
1.1576406580165818e-12
-1.39478334291913e-12
