0.017575197090767
-0.005213278267511421
-3.7855323969418786e-5
0.0005549560258721701
4.7055159834714016e-5
-1.3702833107030672e-5
3.073490143168988e-6
-7.271791853645884e-6
0.005514989368099913
-0.0022702583843193015
-0.0003084156396739674
-7.885129556519701e-5
-3.466589372657755e-5
2.6794214234565748e-5
-2.779702621443918e-6
9.065630712788627e-6
0.0005266432406193851
0.0016848308230319534
0.0009518715358918275
-0.00013118971604855441
-1.278853032873631e-5
-9.631760978036657e-6
-2.5261213346030904e-6
1.563623827385729e-8
-0.001900147436318311
-0.0008935794110299411
0.0003322588552321097
0.00024932690211873287
-0.00019480586070298156
6.149698955524988e-5
2.667208691446492e-5
-2.1146093888408103e-5
0.0005414720876271566
-0.00028812174295117586
-0.0003791435594359276
0.00016879615953026075
0.00015457029008495023
3.132247405562006e-5
-6.0992443194917135e-5
6.504205095985475e-6
0.000647934050951147
-0.00027896678248541296
0.00012479937303933814
6.975326121946904e-6
-0.00022797649802491036
2.490677719030721e-5
6.723205738479427e-5
-1.4958051637593413e-5
-0.0007107541128124367
5.257096497602121e-5
0.0006362724108148617
-0.0003041212813099289
5.5306107347300843e-5
-5.901544739606086e-5
-2.5812633657494148e-5
5.164019975020983e-5
-0.000270841442592514
0.0006251523522072351
-0.0003161930300535069
2.3471779531774972e-5
0.00016959379500294748
-1.3941957981853412e-5
-1.3883745274445624e-6
-2.3587809916246868e-5
