-1.4920902792551354
-9.903520507362423
-1.4641845853233908
0.9402540848718565
1.2176221871086004
0.9884572034373463
-0.7684584599000551
-1.0740568110705289
0.12592485678368395
0.0041324968788105775
0.008891933247855692
-1.9884400924694325
-5.436746821349887
-7.530032228778458
-3.943194579365522
-1.8777736682873105
0.4429768192382526
0.055480281837428036
0.28375198996333073
-0.4910172469126166
-0.38740557749149007
-0.1914030924129199
1.1285283204755578
2.173988227056944
2.212312921121443
1.690937570403348
1.2820639576981083
0.6757886432487311
0.4823305252361656
0.25205977112537653
0.21114924769125132
0.09806418417522492
0.040493515048415245
-0.3190501865383094
-0.5090468164532442
-0.5401929192880285
-0.48446595799642117
-0.4368205514445626
-0.2773377313415873
-0.17134474539390945
-0.089048516723837
-0.042653873747426393
-0.010618066942123376
-0.004506595376057527
-0.020099767185851398
-0.11573345294826684
-0.08438491594409037
-0.09551041784080612
-0.07216791839408762
-0.0575919752621745
-0.04073115521088436
-0.02721141533656492
-0.01768275717751859
-0.008495950092244643
-0.0018368726920227154
0.01789760007169893
0.055095030237880226
0.04665685093589454
0.04661859474243136
0.04001657587624138
0.02657923734425793
0.02041608845136507
0.015341179461203442
0.009281184635053775
0.003900044577282038
0.001347329584135657
-0.027719295009702414
-0.06826027289665466
-0.053474793171458916
-0.05122819697158196
-0.03768955070226956
-0.028545942319304594
-0.021558993879735644
-0.01247823786852236
-0.004574760376039022
-0.001459637023851196
-0.00040031089499571753
0.009139207790436863
0.04132598584731671
0.022344955461108484
0.029096418214534937
0.015155994638680673
0.012718008613834469
0.009705146315259554
0.0018850737551161965
-0.0028384602532816406
-0.0012273038741611134
-1.4195684687592691e-5
-0.0047697771914527835
-0.009365495331505156
-0.008972563528640365
-0.0076808326408475715
-0.00634553507881328
-0.004429779660710342
-0.002889838654772868
-0.0013933590461545932
-0.0007359019101009821
-0.000440210045750075
-0.000144041648326885
-0.00429622739721288
-0.00892641331095615
-0.007812719303271529
-0.007416703016275597
-0.006041100665071147
-0.004852398014094413
-0.0033449283058952905
-0.0022485128473558663
-0.001324041365783144
-0.0006129686199128914
-0.00022045280687590173
-0.0015609315526465127
-0.002949807234868638
-0.0029805161522689174
-0.0025342200168165436
-0.0021868616697424356
-0.0017577538148845402
-0.0013502828452103405
-0.0008654711457394927
-0.0005744579932750589
-0.00027947401266186373
-0.00014121197776987998
-0.0003369911715194643
-0.0008043842413831201
-0.0006110889988985045
-0.0007103088457757766
-0.000518972509925064
-0.0004737628080286585
-0.0002826673089219938
-0.00020867371258356525
-6.860434157522712e-5
-4.2667699271890904e-5
-2.5756298710455007e-5
-0.0007290139596625442
-0.0009874852509489246
-0.00133015860459024
-0.0009376118864309204
-0.0012189254352708036
-0.0005663018406352042
-0.0006658815680049764
-0.00010645366969777898
-0.0002515771791605577
0.00012760131453407438
-1.607932194559161e-5
