-1.5072245125375572
12.784099470676972
7.129212743089778
0.5919745304334629
2.396376862970255
-1.2488766040729606
0.39857146391975556
-0.8277023597593358
0.47708626859264497
0.01974642152569668
-0.04061162923201012
-0.023159153878557465
8.276042773179913
12.47864173398577
9.487851216338756
6.011016147799585
3.162432254619196
1.9388473477065873
0.2564455275836724
0.3765193581273442
-1.398628370837598
-2.7105923079722976
-2.038851185385214
-1.381388418916682
-0.6817840369534134
-0.41614693126002966
-0.09073990648455171
-0.06626808968781023
0.26358760873152315
0.7357881396555581
0.4652324927260513
0.32953691461020246
0.16077131689577154
0.11121049694505916
0.03591318456034868
0.010450032304206963
0.014946603719008146
-0.06324701188484248
-0.02970166067114104
-0.026101526668341767
-0.0322419251724445
-0.02510367836052233
-0.006671852527829965
0.0017394078055003276
-0.02526854473364059
-0.03808857658913082
-0.02962233866116752
-0.027817977430876883
-0.00800239945769448
-0.007589599889844648
-0.004206399361803054
-0.0026044908283347525
0.0006174447880742524
-0.0018407636883050144
0.001832782250440041
-0.0001672673498758971
0.0007029767347824791
0.0011574021329160027
-0.0007497351953698736
-4.033691205933715e-5
-0.005817918792731172
-0.003563967080805716
-0.009873529797702722
-0.0015891265489903627
-0.0036897812381886086
-0.001007146797858161
0.0010501299148217018
-0.00048012192112801123
0.0005508168286634369
-0.0006616699805122823
0.0017108340945847034
-0.0008050458429841391
-4.310428987267012e-5
-0.0006280445918248387
-0.0008632977111210562
0.00033187953026397806
-0.000245130607529954
-0.0010001107579946467
-0.0003581527008010265
-0.00042710697935353806
-0.0003661526880664824
-0.00032369909095380345
-6.162828365159261e-6
-0.00013710516307916963
-0.00016918865144957445
-0.00026098663294319395
-0.0004289922867133689
-0.0003414269387293188
-6.899350765975719e-5
-7.705179542172364e-5
-3.058090310830696e-5
4.584210918273916e-6
