0.006111228410585594
-0.0014623958737768866
0.0008840646995845056
0.00013359486702620223
-1.9339428923150516e-5
2.39756391371648e-5
-6.076258036818426e-8
-3.013232795523842e-6
0.000736785710010555
0.00034947819029447215
0.00021890799595744616
1.4773560705444791e-5
5.07805642841541e-5
4.060753558283117e-6
-1.1511458492053897e-5
-2.175875107725564e-6
0.000989510586469655
0.0010490345285213674
-0.0002675177739330699
-7.125228764662356e-7
-1.9306226920246113e-6
-1.3613872563148464e-5
-7.903788452328964e-6
-5.6783856041239425e-6
0.0005184789552347466
0.0005737706519951308
-0.0003393658141674271
6.441753660800636e-5
-1.9327548189034686e-5
-1.698987599389091e-5
-1.3507643341395966e-5
-2.1607691533724945e-6
-4.2248497439668205e-5
-0.00022769443253893833
-3.495061546729327e-5
-3.8165141749362876e-5
-2.3935750320209603e-5
-1.810757211483119e-5
-6.682626059020705e-6
5.318655119925671e-6
8.062951848772898e-5
-0.0005464546716838181
7.828647040407152e-5
0.00014606618805513533
-1.2123166503103508e-5
-6.008443297493198e-6
1.7855969786947866e-6
1.9714942166171307e-6
0.00016636757818870365
-2.0679542041452734e-7
7.490786066609226e-5
3.672463048625939e-6
-2.2644661122193668e-5
7.7150095031962e-6
1.4450778246255924e-5
4.952380765472121e-6
-0.0002574971606015249
0.0002143866741844255
4.452018866416523e-5
-0.00014329153881599349
-1.3908939288135767e-5
1.4105583122766235e-6
1.4667481849229412e-5
5.640304218937102e-6
