0.0023300568903790388
0.00018313855425019493
3.796691018323033e-5
1.9186877200212762e-5
-2.8604929254051647e-6
-1.6229828320581552e-5
-1.280636822212097e-6
8.284556904864172e-6
-0.00023713588395504786
-0.00014800546776573393
-3.711125713875679e-5
2.2803142304024425e-5
-5.930085249534434e-6
-1.502088404020583e-5
1.650445716787356e-6
5.80694877576356e-6
0.0001269311826926275
1.775833148505037e-5
5.2549174133510916e-5
3.323721734910547e-6
-2.3882438398657887e-5
2.3257849604939642e-5
1.0939357466018106e-5
-1.1577325333599327e-5
-3.786560212669572e-5
-7.580277676190695e-6
-4.939134095776274e-5
6.668217663189489e-6
1.5169718415558595e-5
-6.395882411999579e-6
-5.564557403485934e-6
5.6189272355457885e-6
2.8582194556066673e-5
7.911278851271849e-6
2.17668463272864e-6
1.9406882327115223e-5
2.0463031425669335e-5
-1.8953813953442414e-5
-1.4015599485619619e-5
1.427226229375189e-5
-7.682896694559476e-6
1.8725655258883866e-5
4.660021156778405e-5
-1.4738003265094685e-5
-1.6517013426774213e-5
-1.544111162525933e-5
-6.0038014698293996e-6
1.2211609329340377e-5
-8.468507007631495e-6
9.106099357983164e-6
-5.58103058212955e-6
-2.19671625882297e-5
-1.1353065372678173e-5
-6.565860649487135e-7
9.760754035758227e-6
1.3663714844398749e-6
-8.862674661520126e-6
-5.812895875463398e-7
-2.764391670216287e-5
2.643951972707965e-6
1.647598163643959e-5
1.105023388192567e-5
-2.887306222577631e-7
-9.495060345627658e-6
