0.002941166398700808
2.953435281717613e-5
0.000154232534809022
6.173700840647905e-5
-3.5171539812475196e-5
4.1197289929707696e-5
6.444323652498497e-6
-1.6703611186999657e-5
-0.0003141723184681667
-0.0004802508117567753
4.631920210935938e-5
9.648483106302029e-5
0.00012688679332273592
-5.114848698463888e-6
-5.439031170034831e-5
1.8007426619369933e-5
0.00039369340678715835
0.00013213673734868453
0.00014146096653019566
3.3162311712022796e-5
-0.00013635306809894798
1.560582391906423e-5
6.618972933283702e-6
-6.89824661680227e-6
-1.2228305276261647e-5
-0.00016145973267306046
6.507074225898319e-5
-2.4789311794254324e-5
-0.00011801406032852066
5.6423763345870494e-5
1.8858929807780772e-5
2.2198350130957733e-6
-8.977621667996275e-5
-6.261226840626378e-5
0.0002323677408094151
7.350747295188482e-5
-6.372939608048588e-6
-5.7581666235976154e-5
-3.301763325845953e-5
5.1132029762797076e-5
-2.5112023037173832e-5
0.000139459233393037
6.124487167079351e-5
-0.00011161326788200753
2.277882852537799e-5
1.1493465454335026e-5
-2.155632325300303e-5
8.162196420937809e-6
7.057902474117934e-6
2.698697830407685e-5
-0.00013902721409842997
-6.545462978569636e-5
5.751574810676148e-5
5.2040111445752606e-5
4.3546672730940457e-7
-3.0344700478627088e-5
-2.591521608536458e-6
-1.8074509096966176e-5
-5.176649926352242e-5
2.6023661043660055e-5
8.759517687323036e-6
-8.790140215511645e-6
5.635314167468781e-6
-3.095301828043692e-6
