-1.3653373242454443
-0.9825105025311374
-0.4759938944696833
0.28961804415470344
-0.002203099175441798
-0.0029033331313046136
0.0074965594032583
-0.20682731120663775
-3.037351739832753
-1.830111596697925
-0.8089399679737406
-0.03054742820355059
0.015496966985744225
0.2883664193578576
0.09205930526341516
0.04264733263861052
-0.014866594513101147
0.03050157281945748
0.03604797175611057
0.027543037444146424
0.011458297783309502
0.004074493026568413
0.0006830932481953228
-0.005965359210774945
0.0011059548397927628
-0.0010653232227522049
0.0011112657398833067
-0.001139068542792871
-0.0005449496963969702
-0.0014023509324837024
-1.9186270779347992e-5
-0.0005989909974073249
