-1.5630394858420087
-2.1216434068236136
0.852399053279289
1.2905134258804085
0.22476946266117945
-0.3109007720953155
0.5781718448325399
-0.03889720334324598
0.006988220769578428
-1.9136910891188197
-6.616992835973726
-1.0672816209029767
0.8597088929942671
3.7499355323115373
1.3104796933297016
0.3270092171328971
0.8303050177257892
0.0022779624457690494
-0.256766855209732
-0.6279004482267736
-0.18623584585991182
-0.028416927283228505
0.003157823866190713
-0.009128479842970159
0.03717907950091424
0.0635270025373719
0.013667959497084265
0.0026667477061847835
-0.024654564823709924
-0.0004137237992777718
-0.009302744682273212
0.0012534253761010115
0.0016897683213958493
-0.0010800272451711
-0.004966888892316206
-0.0031842135492110317
-0.0008921121792094545
-0.00010585145795561554
0.0007737479193523391
-0.006422655719673421
0.006860890646944325
-0.009565066626275558
0.0005714386515723064
-0.005080990516720123
-0.0011227198134530472
-0.00032528021780150904
-0.0009528893404761093
0.0001309795502379144
-1.589400524418575e-5
-0.00022233711403734163
-0.00011906408795679844
-0.0002451063012710025
-0.000983371226670703
-0.0004964343892123854
-0.0010140600729428586
-0.00027307143532953344
-0.0005176620906503029
