0.0021604521680505854
0.00014659944068517455
1.7754541678352454e-5
1.3672105203281507e-5
1.5847432407916323e-5
-1.7556203060583304e-5
-6.379926000539077e-6
9.464125765488187e-6
-0.0002612507287225271
-0.00010897619622183356
-7.041151366159446e-5
-1.912572114814035e-5
1.475321259257132e-7
9.733599636609299e-6
7.931763790603224e-6
-4.057769044691795e-6
8.005076212197005e-5
2.9941393082749104e-5
1.2693742841884603e-5
3.627868089240186e-6
2.0333026977462466e-5
1.5866148942617077e-5
-7.67954743234504e-7
-9.463885661458327e-6
-3.1957537278173116e-5
2.849870192840043e-5
-2.4332138296472984e-5
4.044551499332177e-6
1.9158038277093685e-5
-5.0991236276164175e-6
-4.180232597983613e-6
-2.4999944589145912e-6
2.922927891222993e-5
-1.1570551499982405e-5
1.5459412054700225e-5
3.091028306141463e-5
-1.131572987312579e-5
-7.807248643186064e-6
2.39221233953461e-6
-3.2407994792067695e-6
-4.35445366711222e-6
-9.483935245479674e-6
4.026333324060995e-5
2.1880496288662272e-6
-2.6352683773277814e-5
-3.5945612413479215e-6
5.220576853852621e-6
5.097236452438237e-6
-6.744910724953768e-6
3.057471491369538e-6
-1.1102997487762066e-5
-1.9557636955680236e-5
7.151774419918659e-6
2.588996082663894e-6
-2.1327120279825676e-6
4.094724538601228e-6
-6.399771583030574e-6
1.5026949272564e-6
-1.933961677741983e-5
-4.757239378551831e-6
1.4037767674137103e-5
6.06061665893891e-6
-4.238746272971396e-6
-3.3200512619453137e-6
