0.0023825567311309215
0.00022030084194661693
3.092807227842317e-5
-1.8309417684907617e-5
1.0855968100746173e-5
1.936226351441758e-5
-3.7367636979608817e-6
-1.2771851453219086e-5
-0.00029444900136655456
-9.547134332825047e-5
-0.0001360684011777532
-4.719638590949014e-6
2.5997562081646103e-6
2.8930364854051155e-7
1.1502210788353287e-5
-5.231228571246669e-7
0.0001232437920679829
-7.146946685247924e-5
5.565210469137791e-5
0.0001118612431079462
9.922936959591428e-6
-3.5838069683155856e-6
3.5028754460373745e-6
-9.278424239751666e-6
-4.8113703803645224e-5
4.5051396504285134e-5
4.305847729175151e-5
4.966579928732418e-5
-8.837929058873879e-6
-2.9511199910014492e-5
-8.537540316182324e-7
8.497568133976884e-6
7.981303174634628e-5
5.560940340217911e-5
3.132055650864109e-5
-1.3159577902248751e-6
-1.3805079050569316e-5
-1.0998759435721476e-5
-7.536370244065839e-6
3.831607113633149e-6
-5.553446459021892e-6
1.0897834799611642e-5
-3.5235542569214814e-5
-6.123205364606677e-5
-1.360633695026627e-5
1.7306879923684436e-5
6.869662636172866e-6
3.2741180552732872e-6
-1.2730851705585302e-5
-3.7175416815052826e-5
-1.882273007641699e-5
-5.170086590432484e-6
1.0585341802582758e-5
7.011833952516758e-6
5.409929172241029e-6
4.159244276096689e-6
-7.985137645576702e-6
-1.0692208811728969e-5
1.7517804410928576e-5
2.3460932051570973e-5
1.4787039344822567e-5
-6.2127250857195215e-6
-1.0892853824989264e-5
-3.3486726594297644e-6
