-17.82974272540261
0.036174272650223056
0.02006555908049864
0.04226905459569665
-0.0263686353972296
0.14523735226978296
0.042124268009996045
0.03417367968484702
0.00047564513918342863
0.06195517877634108
0.043386929954440503
0.06477682149324666
0.04437615066497239
0.026269505290088396
0.0024859649811835097
0.060401769572973316
-0.005281860052734241
0.0615328493794542
0.062467939871052224
0.031953942751968355
0.005622447051572591
0.02450831725751821
0.02253643657529228
-0.014903791093480301
0.0393285132114723
0.02962053835597193
0.05464525213078271
0.06307025393425673
0.02240008197589183
0.03393702819813603
0.04653864772643082
0.027596161114617306
0.03200816407830337
0.01935673159555507
0.007505823280088396
-0.014315846591637873
0.036658133676537856
0.03658003796768037
0.04538561874387231
0.042605769818547405
0.020275758001516726
0.016587682336926122
0.027735240226132753
0.025988513775138028
0.048458218417790744
0.026352274205910995
0.009372542605668215
0.009614962643867197
0.01572243332798952
0.011050501804157117
0.00275962595627741
-0.013005099729662416
0.006468340326624568
0.024427065646583597
0.02982468264077213
0.02609233703983879
0.009891842996814188
0.013884660060933526
0.02006263640587925
0.009442269215522868
0.03244719198525352
0.020051922161199612
0.0009777094374880618
0.018313844735406506
0.020936247434596936
0.007358134130967626
0.012931686163294247
0.00741411750918028
0.0015443802874672437
-0.010197017449066145
0.002718296431903274
0.014168118065104337
0.016291498382970167
0.01265571454806425
0.0007233443282719436
0.004347285106576918
0.008304549790783594
0.0032188905907193322
0.01835046333459173
0.0062531322785943
0.010382893928615593
0.012353101694895232
0.002203091251397715
0.0178868544024626
0.004671690108042875
0.004585381510718622
0.008466279804281723
0.002040057773246778
-0.009944394732073137
0.0007674064676334448
0.014851098014124256
0.01144952839988819
0.007789141252062464
0.00020552670967159084
0.0038740405585766546
0.0058874001905451345
0.012002959274074765
0.004105356255203729
0.007262841299011478
0.004835928875855612
0.010073641836155006
0.0013642290047991724
0.00746935256271878
0.005448571204857498
0.005504518327926382
0.001014932077811464
-0.00790667208469264
-0.0007032243415888839
0.009265892167803316
0.0022892536564803503
0.002034316914278675
-0.0036702155984455124
-0.0015592580977920746
0.005357825156569023
0.0038007429381062916
0.0005931735118819814
0.0021753965008695754
0.006056946063926204
0.0038972661547747828
0.00594081675309643
0.0018547902737904164
0.001775708066876192
-0.0029494387572892985
-0.0005722345611170989
0.00662980745813456
0.0005293568326925575
-0.0016190911621597496
0.0011264014166473852
0.0017871788072161216
2.9958982664913603e-5
0.0015349480342946066
0.001919730039731942
0.0006100232387258473
-0.0001925758710587011
-0.001032050284364319
-0.00023545894393796164
-0.0027237286178161857
-0.0001935368569501731
0.0010571986524001162
0.0014824041064713488
0.0003325556534259016
