-14.554893881151468
0.02180649732472783
-0.007022011054561488
0.09802709377467335
-0.0052904876855344425
0.24090201191730157
0.0865720453120417
0.09115577048275213
-0.0028097651198015377
0.1457003108820862
0.11596875956108263
0.13558540827130464
0.10289480411257555
0.03188816607193803
0.0022002130388259953
0.11195700789396458
0.05684813158049671
0.10030925687153419
0.13787197622208888
0.018071487363818695
0.0331356635967463
0.03834814097032382
0.0061728891647254225
-0.0075064916407449
0.07045012266078833
0.06260556414461466
0.05268607876115723
0.09049966765247165
-0.0014498218736777712
0.06768066387518455
0.04277243693439978
0.03459159607742174
0.005974462265618473
-0.005858278176596954
0.0367612753313074
0.04148003033196839
0.020282432402642426
0.04047405302598593
0.02205406296805784
0.003796913077507633
0.025245794206660108
0.01051670316055162
0.0023246375702927714
-0.0009782329067965425
0.004349602857148454
0.008688925188796078
0.006259102099577922
0.006743706027516211
0.0036557762544057854
0.0039905064071469425
-0.002668025552260468
0.0033367860359804816
-0.007469295694500795
-0.0022250430420808144
-0.0019783893511851817
0.0010353221707411302
