-18.019344200700505
0.02713132477349306
0.004836715227932097
0.05007965187241098
-0.020684486137554223
0.20085110964699981
0.07620344893756928
0.09289063291976432
-0.00941423034588436
0.09185568883211893
0.09373350274121682
0.14342779690381385
0.07955963183630593
0.039679898787829626
-0.0015854086598162554
0.09481636562032437
0.03448020626091177
0.12186873594765059
0.12637296732599762
0.04532400998191478
0.023448628697462094
0.050617192673579406
0.022949990770214222
-0.013968135898201069
0.06778259029029139
0.05849239863861173
0.0870234573713277
0.10766694135487537
0.020675106496845574
0.06903508485104463
0.06520068134809218
0.01994449400431628
0.05188353726176439
0.016135814620930947
0.002870688346850541
-0.014374085573828287
0.0438574029868328
0.04374859497349514
0.046086623985874625
0.058888349486463064
0.010884702893478194
0.03346908039046368
0.023625666440667593
0.00990788709341149
0.05596151999704024
0.013308817349119347
0.01641278373632149
0.01604398323351467
0.005923060055911686
-0.005098906365804289
0.008706854511166982
0.01482413682673307
0.016346016980015577
0.026367693168785948
0.0025988468803837908
0.013485666192738359
0.005740392996780222
0.01793855235804013
0.006642306841394116
0.015845808283723114
0.007279972862239597
0.002323502312286781
0.0008747604190643774
-0.0011495890146687605
0.004574838278286983
-0.007424341430829392
0.00021404236143899658
0.009873296260008978
-0.0020869138580236015
-0.00381271094611827
0.0027607885160866852
0.0038453691971989286
0.0024787603025792446
-0.0028721182136899628
0.0017958098934804905
0.001982073377313747
0.00023118788662706416
0.005459115930851472
-0.0029033086302981694
0.0033054179844173408
-0.0018016869950937286
-0.002169958938416859
-0.002028379504584147
-0.001674369008998624
-0.0040405363779108866
-0.0013220988339397062
-0.0009032666627359953
-0.003638999588521732
-0.0049065377475810195
-0.0008951129312368356
0.0009233093624192137
0.0014460416731214658
