-8.720944372085507
0.002912836203727017
0.031693671897368984
0.12829249875017787
0.029879661905342095
0.28408090694669424
0.08157232586409148
0.11907212519231619
0.027855806936983887
0.1305372015568429
0.21032107203223283
0.08097661778352581
0.06191977789514225
0.002850260509184923
0.011194800208090742
0.028280559576813018
0.0693082426220897
0.015012870369077726
0.029208288696845053
0.0011486974437889465
0.00329273875178495
0.00111227535333128
0.0008802591524116894
0.026163214639018023
0.011297108262370632
-0.007408560662913618
-0.0014653288666223118
-4.671399657861515e-5
0.014684749429884349
-0.0041268365709990215
-0.0014528467470099255
