-2.1111804544087795
558.7688830103933
120.64244858127506
-64.95727794855165
-20.28776118248877
43.06345525718395
40.20959373858947
10.689782503238133
-3.3728033938481996
-2.4574815868687323
-0.3541513907060673
-124.03550689846698
313.8962348353827
-71.44926267991148
-111.55380188646056
22.822089511664164
339.9959294754767
385.0811007107668
89.3726386534885
2.7636071835005795
-45270.45716210929
-36645.13756904481
-30115.151354396683
-9509.000193238813
-2879.3470062292404
-1181.8241852788096
-193.06360698144292
-990.5234680000189
-819.7986886098947
-195.59171972491572
-37.963420550490824
-24.737263297201185
-12.411132775226163
36.14629517595506
-45.02347455904403
10.989996841573756
7.448029263120752
47.95136618419374
91.26584840009421
17.150054606449206
4596.435695402544
296.6233553158624
2771.759237323469
1421.1855113795204
142.01134350178154
-43.54529422314789
-4.173895615763332
3.5817091570717268
17.803884550064286
6.811893972655792
-14.175318772554647
2.472018015812126
-1547.5547291663997
-809.3331321530852
63.410825629458344
-7.835715050481686
-5.275265755009737
-0.32959288270590886
-73.12412830655593
-1.501324956108158
2025.9690409296788
323.24840374153905
-193.08073530203333
-353.6380530262867
580.134429103996
-9.676668418514451
-197.35444097039692
-82.45534282318407
-126964.33935077103
-62623.9434009036
-22004.943772487924
-13060.586769051815
-6109.789216271973
-1041.1441734703608
1830.3758881562824
853.7236021402748
-150.88441682610863
-20.600215445323194
19.88062530164075
-220.91601567229768
5.404291083215911
523.399074339885
287.0210438674161
103.33658439568713
-1454.1652602221138
2958.689634759006
5252.971251059245
713.8325188345036
97.04917522276347
194.22878621178728
-78.19703885543957
-168.42049044402341
-48.44140097037513
-1113.4504443190906
-131.76518115532684
62.94405752851617
10.80411524008931
41.566385637481964
-40878.09060894731
-273.3724682534672
-33427.36559892227
-143.15857704245443
-11887.30859013839
-3487.619878961326
-190.30675568604778
-97.23064942036444
988.70529346042
-124.20486125089482
-7772.403696334454
15800.943196221162
3017.086596815
202.2667025549246
194.88704483078985
-6121.778086272215
-313.3130664737038
-722.9734254364708
2643.733735551243
85.61720776923438
661.6554496109112
-18.239549232774895
594.9736314593283
27.04636426983654
207.25260602789308
94.22503068600406
99.66532494108064
-71.95946151489899
29.86432341136573
-13.707856128933464
-24.69295606579353
-8911.655909842799
-3111.7809767586887
129.40326071159208
13.537955523335762
32.4037347668126
23.59693852613266
-83.83093766447931
3.16022101824845
-1540.7731527560304
113.56897111472439
-572.9393375285641
7.065100964775939
-0.1117068639615982
