-3.0261800616626493
399.20552249282883
272.74171040410306
401.32086450540316
273.27806915306917
212.91116970697522
-18.496591214649214
-89.9483230852761
-60.77845033790747
-18.743306368382285
-2.149042822468473
-2023.0112197466442
-1479.4796196427603
941.2158001935442
1109.829411464332
743.5408595895901
104.9553261607347
9.76873017438112
1231.7556832680018
1036.8400096936964
219.708497424074
26.264111455966614
-11.434587518874633
-142.23989426761958
198.53759596393127
266.10891651216104
248.75157167078345
13.596454981771995
64.62130177574322
15.02193464567998
-38.359272993759944
-68.47065884560375
41.29852091150901
-20.717834111912374
2814.4578883747035
4199.206815218609
-337.79202577156315
-72.02733710475296
-225.9654970529994
-48.401890208776386
-2005.1827440134327
-933.5249279697348
-20.277954422395617
937.8106623366956
-27.465595366447197
346.5480573593575
14.395849759106
-40.41075775826909
-157.02679049443444
-20.658221057983372
-459.2547287860685
-24.37871243083354
-142.57219520928552
-62.724798019621346
-80.23403813473975
9.187901757587692
-15.29774309842689
