-1.3397532657714226
2701.9524617426137
617.3070903545388
-237.78655283256177
-110.59473543824741
149.23366898429074
179.28232020136792
87.6056566996992
21.69458282419674
2701.764402605489
617.0360480415727
-237.83342957164626
-110.549084633675
149.36554136326419
179.27040663303552
87.65564849261905
21.681243470452788
4.4129237499820695
-11059.541365894826
-685.506808123356
1420.4439848476682
22.743537211558834
-1572.7309510102737
-1086.2331653913611
-288.21598055856265
-6.068395628085494
-44222.59480752163
-39058.14101427003
-9589.802414807222
-1529.7018004130214
-113.21061139766618
1902.523412372649
1019.7286958059502
112.29999673450038
517.1870101968723
-204.54598965776162
-31.14726751543614
-211.87035867047177
-208.98979666884108
-64.3695329927997
-2790.8821944612555
-1166.6284287765463
-83.83423728820921
17.848709663947524
-95.14448780201975
102.46014407258478
188.49667479699994
43.02313064896686
-27.88820652649055
-35.575157057356954
-5.414923797844003
1977.3712609579998
-453.12982138163295
-271.7156084836517
1363.9963151966926
2218.0577385008123
101.28621218880483
78.5704286095961
154374.62433189398
88826.56865170063
12662.873962714615
862.4171942528319
-4021.3441121655774
-886.7043823172432
1059.9903182077433
-285.82825576605944
-730.7267568297457
1088.337178362532
-96.9640040853996
3143.299642807825
603.3716498054746
40.91379493541255
124.50851638818372
340.1891646241502
-80.92727628784266
-2635.9453523396114
33172.82125582408
-271.07777709146575
3641.733179877172
92.97869756575054
-631.9424252609554
14710.540701731055
1181.5636601224314
1113.6668423959225
-441.3490970967524
222.9291835083988
-142.02088277476395
-375.0576412526176
-19.325291573797838
236.22933061535352
-78.73020575652815
-31.080420609064
-16.7033029587326
