-1.8155468057519406
-399.08183909519283
-244.29652960691513
-399.89488095238096
-244.34197644721908
-210.0681698274341
-49.156210341169285
-0.09744305944344973
1.5935567714055396
2851.5423751146873
2430.5142612185737
985.5813989275962
243.28382182150446
19.743559999809353
-249.8301871849016
-153.49299144239228
-20.450369142402835
4.725017481841621
-8.216772212300523
-0.44788235676363786
-1.8985415687796567
-1.4085027633255487
-1443.6233027611247
-1442.6701930005388
-556.8868806662177
-96.03035655393255
363.46348818040775
96.42828888240135
9.10328591419792
-27.700780758200352
48.82023350236855
5.7564080829481705
