-3.565980675370961
-3.735763575484229
2.1659114252746536
3.6090359292411667
-1.2309999415782449
-0.38584422097160886
-0.30932158913930047
0.7682708482703791
0.34653346749631764
-0.06313187390690639
0.006855573606680942
0.49023814521480763
5.778065062653442
0.7650722649419548
3.473696186161823
2.7788178344737946
-0.052319846831253604
1.151463440411925
5.31585067520215
-2.488959494988625
-5.040642059591226
-6.320631197710772
1.3273211079576466
3.6391663866757478
2.4974979898495704
1.91612777612172
1.378939996279059
1.3078461646170803
0.666634594432578
-0.7784259960121264
0.2719843713631037
0.7862412392626286
1.0699049818247657
-0.06885643413903722
-1.3602609541085304
-0.3681380133250433
-0.6140248378203619
-0.4978055067126144
-0.28017806168731413
0.0044733229354532765
0.3989997923176281
0.26300721476451966
0.044668564774683554
-0.09338834717393207
-0.290677692237383
-0.16006709824107826
-0.3158885805903093
-0.19060031608965455
-0.10140006444697665
-0.061946394477784085
-0.04994586222463822
-0.10371967909464658
-0.07987526380830741
-0.03215447780116425
0.009344181321583257
0.2363175251750944
0.42118326556648183
0.36396797036878936
0.33307556756208356
0.2361683240431749
0.13616634239435849
0.0772315142509003
0.07029143942205231
0.05903446913595014
0.0337438406956518
0.007096946620395854
-0.046788944584935974
-0.12625883215038305
-0.0773177301357101
-0.09594634662005322
-0.06842438410509293
-0.04756348283856146
-0.03024649838650924
-0.01669481187808445
-0.0058158842433392146
0.0013086140224958993
0.0013850061779896964
0.18312048365626768
0.37437245595853547
0.2979745999047447
0.2879397310125007
0.20981998142042993
0.15247101558542553
0.11283574504662344
0.08040733767359036
0.047439380805321
0.021810909593933756
0.0046100711450176475
-0.03126344928111359
-0.052883462927853356
-0.04844803473103201
-0.0477834682343139
-0.03845667635795208
-0.028481476902913333
-0.024273841796281566
-0.01546744671178217
-0.007757325002288434
-0.0034974653826980165
0.000423906795155182
0.0002060511925919041
0.002311304228746775
0.0005879451033783853
-0.0009106134296285757
-0.0013414459515703125
-0.0018690447256078284
-0.001485172391161128
-0.0018475148605859647
-0.0008098705249297517
-0.0010188592729717442
-0.0006128791838664568
-0.00019120377178842842
-0.002578942121004455
-0.0018363611740187483
-0.003376498060333028
-0.0021630718299200605
-0.003138606410602874
-0.002294537759199591
-0.0013427776111255732
-0.00025515530484299885
-0.000761646538230329
-0.0002836794881609211
-0.0017734343351031117
-0.0035950551674288128
-0.0033218188615150054
-0.0035494252512482775
-0.002405850296639571
-0.0025382975529449035
-0.0012623539439474464
-0.001286854796201581
-0.0010529803741539424
-0.00012593343068125526
-0.00033315093478443155
-0.0026280696235385557
-0.004534792453284004
-0.005013988628454841
-0.003973740093891649
-0.003988408224105902
-0.0025749710966912398
-0.004137637816766306
-0.0030135934923518357
-0.0014106966510067716
-0.0018119420198030175
-0.000710077215118601
