-3.6013223396720866
-32.476168250984266
-12.369596589672849
0.9353020321854805
1.5497646045206743
0.8863068166790954
-0.46686935666789625
0.5190191462484949
-0.8018209862825018
0.044598191883277426
0.05994101785325791
0.024955916584509755
21.012359983688057
63.73774684522804
49.313782959805685
36.157952796334456
29.716764362365616
10.864044652392526
-0.3936856399969328
-0.12024007284174366
-2.322470523722509
-7.5268947062749465
-5.963211376269176
-5.092666234042461
-4.302229597386595
-1.5385596696124981
0.2371767388983353
0.09656114506266852
0.25819129149969
0.040379226570091534
0.4326823363573328
0.19907999829633738
0.03871297130148584
0.012366893320789434
-0.08286501911560118
-0.04503688109010801
-0.43734407163799066
-0.5330604915659999
-0.6718388072910956
-0.3544127962596039
-0.21790993605832468
-0.1720282000698899
-0.06107294284004565
-0.000602909165420855
0.190485626676167
0.32469546414556166
0.3262175155256099
0.21372459820937134
0.15000996359303584
0.08531232435665026
0.024156965073238192
-0.00264129486445727
-0.0017486664475929842
-0.033608347554948986
-0.009296661947109992
-0.025848859923873962
-0.013599357987153962
-0.010247897801141749
-0.00771605110698242
-0.006320051124367956
0.03067994889229204
0.07240850654183298
0.05225241290457495
0.04711201875987975
0.02965847259171771
0.014911792826153647
0.008346960035470514
0.0027936157739956394
-0.0459726993824444
-0.08478459204246014
-0.0701378752556716
-0.06092191300404383
-0.0448309005886017
-0.014011313315167072
-0.02145057659783424
-0.0010658493227266642
0.0022563355095139613
0.00650434563030615
0.0036472583147285093
0.001081166043503276
0.0020260017821504533
-0.0004101219488952909
0.0015366264739783146
-0.0012918413014851745
-0.000721135665805131
-0.003425797131744696
-0.002094759015857067
-0.0035829772135229634
-0.0015737465982701
-0.0025076595898116606
-0.0017375638621476232
-0.0006886578226842352
