-3.7125233881525674
-12.494067467651579
-4.771009030794939
0.0006808139103979887
0.10471502590751088
0.20146246006413876
-0.08051537772164931
-9.534008933517633
-4.838531464406307
-6.543931566521257
-2.1200685779103368
-1.1199052802147391
1.6975384857041418
1.0010467319375824
1.3758259762872398
0.346025392696715
0.12240601922265415
-0.11553612468178649
-0.05655673665038969
-0.09229724066402677
-0.016914976918434153
-0.0181518950189043
0.048711986885203624
0.04970828549228038
0.06124997411011271
0.007338323009310053
0.012846661209826847
0.013008147835956317
0.04414621197386876
0.02667481533505388
0.0203672461356822
0.018764591560929546
