-1.9047095673720165
1.4377263968586635
-1.090530221997222
-1.5066297662122876
2.1949987079182205
-0.02281531645361251
-0.7390368048842888
-0.8841180157698199
-0.468867988299368
-0.003365841410767615
0.004559596417275193
-0.26247088570451066
40.44200398970654
49.64023629754293
-27.158401955509152
-7.614071638581445
12.933048259523684
-0.49740594777185493
-4.7235198225079245
-7.933426285045127
3.7674701183736286
1.1615483319272215
-1.7352249033958
0.6599739180077488
-0.30386426460804833
1.1232441503214503
-0.6586542519152363
-0.3404709147123401
0.09455394752539538
-0.1010739274679625
0.03712090172617138
-0.10339366967592983
0.03467335722137953
0.01446651679586351
0.007464242456100417
-0.027405040576824163
-0.09918115424345109
-0.03254088781699563
-0.05715395552562656
-0.02651451177095109
-0.011412520718145414
0.05405734426488068
0.20966259529345366
0.06528302177072803
0.12291584026255574
0.060704901230310346
0.01709175956674495
-0.002930447684573497
-0.0015142834460199113
-0.0016901080773520712
-0.000955547315680859
-6.505373212724777e-5
0.0008153097492776425
-0.002293599948047897
-0.005642707914157694
-0.004850275680230441
-0.00704799451945615
-0.0018980100804227313
-0.0026985174096943116
-197.59018558271606
-429.50578917536393
-195.38909646099938
317.6611518929735
-36.96476770264948
-445.3871238305009
43.461061890607496
362.6733074981272
-37.98447485045145
-107.30390289576295
73.42239508086448
-113.00075929702032
78.69024015573618
8.697165209533633
-9.967983519786252
-22.10386631765951
-8.496463760158692
17.165449288774283
-2.3945274719083893
-20.79760036245376
2.3649958783399216
16.778958707989315
-1.806211748100021
-6.130837482415073
4.327420535622489
-4.948414100930438
3.241687899146605
0.7099323329748268
-0.22805130396152068
-0.9543962132052323
-0.10406314561061981
1.5273805709447883
-0.15028927289480062
-2.6014801560168768
-0.13781312912950858
1.6152445256298544
-0.36302271834401995
0.2242991183448247
0.4404038293190548
-0.46429654660151776
0.25971937622417474
0.08100328002503421
-0.05004952565338994
0.32621515828314596
0.08223420537970173
-0.22003222428877664
0.048938041108045865
-0.08910123487091404
-0.054447030472001945
0.06515159495074314
-0.052466373293474436
0.0684218796617804
-0.03704186227236892
-0.07099788602389193
0.0023461339699984503
-0.0037783752661435304
-0.004615537245305072
-0.0005984690454348868
-0.006398512216637523
-0.028278564891440976
0.0035583834940212523
0.03475752736181286
-0.0007333182925280038
0.008002895542352268
-0.002852919340902996
-0.025157422998738712
0.0008986821021398626
-0.010370125146294925
0.005525687307084936
0.00426327691161238
