-3.4123852180606176
24.64179773227718
12.553132190662177
2.7391621348412203
0.7361391178056902
-1.118021696791254
1.6295003035876008
-0.08949591959913737
0.04397923930340113
32.7487437799088
23.171452913540737
29.32705301802549
-10.835600503214426
-3.0523048955290677
9.689959736592996
-4.426025138630206
-1.8559222112542941
-3.706612865636031
2.4929134407680533
1.219143005799807
-1.1801205939809543
0.3706174657425773
-0.4105512308656037
0.2564726380215232
-0.6902737165768724
-0.5190823500461261
-0.02262742381235745
0.07430253336187315
0.29968063169308046
0.12829973161857644
0.19603848633479357
0.11639626445306506
0.02931536053895425
-0.0062385103400406415
-0.08369544513096415
-0.015171182102729565
-0.06799715638884639
-0.02387403648521712
-0.0037480735246633945
0.07918299314867891
0.2737556079393155
0.14003792015180372
0.2103894118753383
0.10184838370771812
0.025649850267450425
6.669938271783535e-5
0.004178848887244788
0.0028508531644172133
-6.252197168231663e-5
0.0017990333215309254
0.0025503100609466285
2.4066026167751434e-5
-0.0028665104354093384
-0.0023086716367180624
-0.00465304056061113
-3.5866270108955736e-5
-0.0025156652416443498
