-5.586642233762831
0.00034623492269497913
0.0049791339149137985
0.03295951221543445
-0.0031254469462337476
0.12956167272168037
0.018557816283484168
0.06286391365212228
0.017836306095691833
0.07929996873400895
0.1162281957487552
0.0609055439907856
0.020136235299595975
0.0030623074635714076
0.010727893807944831
0.019125845562141655
0.03218060142564004
0.03248341515044959
-0.027912605530823933
-0.0005733348787147609
-0.008026358282547946
-0.020446667273607666
0.0012857985699542547
0.008947592382403835
0.005157768955504662
0.013745647507847335
0.0161837367874427
-0.02442940120550202
-0.0033800866737457823
-0.04119214510086837
-0.01675916691513605
-0.02110728889274968
-0.0055081547248197965
0.0021986706086968215
0.005407221544351674
0.013944806840047962
0.009081519741149988
-0.002344293795616421
-0.015774011236519083
-0.004438224412136945
-0.01761317124165706
-0.00487414002212233
-0.0028300666532276395
0.0004646734814005248
0.007213712623366013
0.009406051662846289
0.0009290079806194097
0.0010457978479469772
-0.007514050659235116
-0.009976833871847562
-0.003520764015009533
9.072636657710531e-5
0.005649486468209027
-0.00011576774321522567
0.0006401327125216762
0.0010440920796998682
