-5.401276407566515
-0.002651767744788468
0.001318996022247902
0.020916093098705638
-0.01730082532160325
0.10489690401471778
0.013597648098934012
0.056591751072406965
0.01241166691169846
0.06115251386913715
0.07300305011651434
0.050807089717943524
0.004843623729698207
-0.0056314550610148655
0.008323776151123308
0.025374231593317902
0.0163587642082852
0.03138012606385601
-0.018322619754136408
-0.012123278646908636
-0.008728502644701467
-0.019609087170559435
0.0013198948334107571
0.01201954628860991
0.0175395523092089
0.012251977159960311
0.0269277753938253
-0.011037607552131852
-0.004307149643277542
-0.03189968479679435
-0.018596951728742987
0.001521793816737443
-0.018642572106438236
-0.007203339810647795
-0.00010137926379255138
0.004633403493080367
0.014211169404891342
0.01341342499716636
0.025330432659336384
0.007279306515671579
-0.0012127738309965388
-0.01694054538535424
-0.0033280105959086173
0.0035126137700801654
-0.024570480311664037
-0.011015720113148277
0.0026450910797201185
-0.005686863835773353
-0.007143332539265297
-0.0024219235368929657
0.00010695975234994235
0.0028197326744895854
0.015353922230877639
0.014704893490097522
0.02121594483436898
0.016475924881886657
0.0031652596475800214
-0.0027478926683691183
0.0006749855896241176
0.00694527516594748
-0.013032306364476155
-0.0049679680505483985
0.0011384501837517378
-0.014767160625961036
-0.010834618009247858
0.0017383674639223025
-0.008379318201414179
-0.002202757466863711
0.0005479055436694861
0.001971161766412033
0.007462012024268062
0.012652275976866783
0.013748925928162271
0.01593702900795996
0.0016944350491275443
0.0006238486840411939
0.003803738145745418
0.0009808436812620955
-0.0066845859420451795
-0.003526273710509617
-0.002875630262025736
-0.006912534298080005
0.00021371266355579326
-0.010004458809711732
-0.0011794153075926049
-0.0011137525888061178
-0.005221341884825311
-0.0008178943222870985
0.002804211010463159
5.560886831136622e-5
0.008975935095547963
0.00601365401225112
0.011635194633060245
-0.0013984713253159847
0.0026408007034005522
0.0044313863768379634
-0.0039629048020738645
-0.002679715121117035
-0.0006158967741203802
-0.00027787535965408274
-0.010504421886112872
0.0005622945622606689
-0.00900197304156248
-0.004430008410318023
-0.006807084474752803
-0.0008168334278149339
0.0029217868779767794
-0.0015381102261877843
0.004765841369431259
0.0020305652422729216
0.006497538191306688
0.0013454892305266816
0.0027568795943082418
-0.004394131888215872
-0.001669273167463819
-0.0017984504122969174
-0.004309986388526815
-0.00598306398133936
-0.003150587431847675
-0.0063826009236293705
-0.001071420006833851
-0.0009133739585022285
0.0011162259046665582
-0.0023545360503444556
0.0024124669555201845
0.0011407552453187588
-0.0009003245059782753
-0.003110444714199154
-0.0006069658256647162
-0.002698265674721207
-0.0018294732966173388
-0.0017347616003991692
-0.0033499774083438545
-0.0012013472776454058
0.0005020787365735981
0.0004610380201297738
0.00028743167852898375
-3.9799190027608655e-5
0.00013619423052302403
0.00019451551900058833
0.0002143609966702065
