-7.168214771595758
-2.2892066611394715e-5
0.0070552915001525305
0.04208682276116924
0.00424182190264917
0.14263387090201265
0.03243590925641863
0.06984420671908245
0.012045062952858721
0.09046230692118255
0.16021171952004076
0.07260051091570853
0.04860337077171394
0.010074778715572089
0.009101425070546261
0.019696445480779434
0.04813113477144423
0.02069601592366179
-0.0033038730758218663
-0.00042202883722140155
-0.013470325158098335
0.006376395575790454
-0.0054133905847703065
0.009563718295547311
-0.015427639747795135
-0.03072918713832519
-0.008920451602717162
0.0026389116461027723
0.009818154607402983
-0.011440635850923527
-0.0017877568640573016
