-5.36189439175416
-0.0013480350044128508
0.000260751098864563
0.02188684378928341
-0.011721879912268973
0.1070875558427994
0.01487140552693041
0.058096402570091285
0.015243879025733502
0.06218919527499213
0.08788998153026654
0.055301517225841416
0.010604298241322006
-0.0005040218378268238
0.011078862456553878
0.019513823760026035
0.02067809157738913
0.034815286332190776
-0.022606684054689893
-0.006106892953928221
-0.007835319474817465
-0.019733770106218372
0.0009090783238881547
0.010738316241020325
0.010553006487127415
0.010918455931040802
0.025027677103270085
-0.01604655318360086
-0.004531703854259013
-0.037170045952053546
-0.02005042281939246
-0.0012632934034730449
-0.02180037309094141
-0.007921363743641573
-0.002101109677528607
0.004479772642431718
0.010206352079800843
0.0129292732947775
0.020909942354439312
0.0035622864520943264
-0.0005726038238660838
-0.015825085137705048
-0.0056597443349503266
0.0006358903183036927
-0.0224706198621099
-0.009329258396718635
-0.005050355558608196
-0.006392994380763885
-0.0034259598703364814
0.0018443458980160626
0.013019855576120055
0.011437319662884603
0.013940128095166458
0.008676901575494726
0.0004917433918180057
-0.0006199552689958473
-0.0023930356661822356
-0.010712690883697572
-0.002466830699223343
-0.010708828215209408
-0.009139464828498822
-0.0051548891659822255
-0.0013434593899655863
0.0006740429979344651
0.008210899874918133
0.009551034578147325
0.00838427329625096
0.008446045154590623
0.0005649604718819006
-3.6025212502883555e-6
-0.0023652147107187556
-0.0014050766854638642
-0.006096344560479237
-0.004178895878086035
0.0003142108243414676
-0.002380333279029132
0.001323404252260198
0.0006481350895902853
0.0050460644663022644
0.0032612118290793633
0.0030125504650974524
0.00019238576141381703
0.000978302775714571
-0.006117729382193797
-0.004180066642131893
-0.002545264179292703
0.0015599852245314948
0.0011899330828740616
0.0011468424887302131
-0.0005185149793108576
-0.0015176553062770364
0.0008755295477821147
