0.062071268030841155
-2.76241158279005e-8
2.4798337946195888e-8
-1.5591271193111853e-8
8.19789745052653e-9
-3.814009088432678e-9
1.4571935080004482e-9
-3.2288903045991064e-10
-0.0015348578182092303
8.240603061561797e-9
-4.139443115274098e-9
-3.5661786184925537e-9
5.51669282379431e-9
4.622274715887096e-10
-1.3403978459234501e-8
1.1201632730795375e-8
-0.0005752799873179218
1.0586886044970955e-8
-1.490490668636135e-8
1.6654106945319258e-8
-1.3191190371437448e-8
6.728306127978529e-9
-3.332621420416512e-9
1.6889023275727866e-9
-0.00027746933376814016
-6.2292323678911965e-9
1.6724318006722604e-9
6.3069549070812404e-9
-2.28136536699194e-9
-1.4194873399765584e-8
4.224518682450738e-8
-3.116509850405561e-8
0.0004165128197295604
-2.2560110257397997e-8
2.8957238115897906e-8
-2.5983827855513766e-8
1.564718716082776e-8
-5.0452081751872965e-9
-1.4510366492336667e-9
1.9667352835791318e-9
-0.00016369800433273796
2.7820865722955705e-8
-1.8173564242196853e-8
-3.058516187836108e-9
1.8105087784452863e-8
-1.553260126702848e-8
-1.4686537158738288e-9
6.336952435497513e-9
-5.557387804055611e-5
1.4152641837374006e-8
-8.75131017112817e-9
1.440417665576051e-9
-7.134187883232915e-9
1.951269060904818e-8
-3.0475126837715784e-8
1.8323250239008255e-8
7.402271469923978e-5
-3.079497019714839e-8
2.117102918890838e-8
-2.185992844571383e-9
-8.028798909858227e-9
5.211637971059492e-9
3.992943268899933e-9
-4.616303954757532e-9
