-2.016116416753775
61.61641643620204
-67.19284160915721
-273.03796159897024
-78.16422510823432
-78.9834542096342
-27.34753625107603
-3.466918073877793
0.18313022124162318
496.9951159840076
500.07183074714015
214.69757738550484
61.12425465796456
5.329471181663195
-54.3423729371078
-40.515515432131394
-5.80762099980231
17.398495575431244
6.7244552720281625
0.7916727820155406
-0.5631188018680312
-0.27586366044117033
-187.12203593300683
-229.95456015259276
-85.55411807805443
-16.86869544623974
66.39101022092088
21.176973410297695
-14.680667997640104
-9.079127583897698
11.60589280771277
0.6222397136627917
