0.030198182633896578
-0.0010901768989777434
0.0010627532070126946
-0.0008043793552470515
0.00037361854263430683
0.00012788079897967328
-0.0006768451449748525
0.00050962409733269
-0.00035127772934209073
0.00082405974006493
-0.0009081848049598719
0.00038262034521429716
0.0006715494706216553
-0.001578233908348265
0.0022551566648358
-0.001349750722868728
1.8616650645781148e-6
8.081645416033661e-5
-6.943239639462115e-6
3.0172070107589803e-5
-0.00011417314354758977
0.00012511156610859144
1.852029370711191e-5
-6.821721745560649e-5
0.0006832659323138372
-0.0017282305258410676
0.001702338826918082
-0.0007205042541739028
-0.0010745308500249627
0.0027684849299467935
-0.004390677175896134
0.002751174092145227
-0.0008087197899948202
0.0028305066270746713
-0.003658852782090906
0.0030995515415580656
-0.0012489640414165624
-0.0007068472631045097
0.0022074961039087963
-0.0014960100193106961
-2.2061186541221036e-5
-0.0006199258109551461
0.0008491609365417276
-0.0005407562688170389
-0.0005506995706238617
0.0015119455784397319
-0.001886090743876812
0.0010210557674837964
0.0008425584724325806
-0.0022805171265079037
0.00284040095895426
-0.0024030460800402286
0.0010512777477553784
0.00046765742227411825
-0.0018418877017737964
0.0013089617596169873
-0.0004023905068081471
0.0013380053445999894
-0.00164541710747161
0.0009057033496900703
0.0010604582132725283
-0.00282964264029608
0.003904888481651003
-0.002262494802833404
