0.13135115814857456
-2.0966732358137834e-11
1.2586465442518371e-11
-2.3351587881660787e-12
-5.471678452776082e-12
6.48270742660834e-12
1.193132090176624e-12
-4.087090744328465e-12
0.04093530162255825
1.2142989774816837e-11
-7.636769754871323e-12
3.315524159145886e-12
2.1854992528473987e-12
-2.1251552285250902e-12
2.2020913785637113e-12
-3.2382423688608e-12
0.007746079557455363
5.665883064006348e-12
-4.38218106142856e-12
8.094546797201308e-12
-7.346455344873745e-12
2.519454709745865e-12
-1.0395169129010357e-11
8.76351968635538e-12
-0.001210565422817833
-4.943506985085606e-12
-8.837457983576922e-12
2.485838116942357e-11
-1.9162517989973144e-11
-2.098340562427788e-12
2.708696109907439e-11
-2.245006129280593e-11
-0.0009192303949743528
-1.4814273064954215e-11
7.322924199103527e-12
-7.17742065385157e-12
1.1454163744636405e-11
-5.064448873462922e-12
-2.0337089274955825e-11
2.1761423532556988e-11
0.00031801239390465196
1.6342013049152209e-12
1.156518700564333e-11
-3.074948338861625e-11
3.006840320947841e-11
-8.3120534069358e-12
-2.4557119399720938e-11
2.239398462013888e-11
-5.055785324441975e-6
8.884124806136309e-12
3.6761853299873955e-12
-1.2923226326456492e-11
3.3582998846124053e-12
-1.687436150133305e-12
1.5662966044251678e-11
-1.3551106429708791e-11
-8.397414859150089e-5
-5.062156664858591e-12
1.1160385065221259e-13
5.114877264157103e-12
-9.03017505334059e-12
2.8040194127832173e-12
1.1537904925217222e-11
-7.718824286409772e-12
