0.035552116279229704
-0.00045999738992258795
0.00047905313655314993
-0.0004067019937448914
0.0003207824596013332
-0.00019095471749640226
8.703754222921323e-6
4.808294218735783e-5
-0.0002771439156585508
-0.00037989767441341864
0.0005819518809801777
-0.00044466912718007064
-9.718751254234115e-5
0.0006029930628669335
-0.0008692033273624793
0.0004974303872918711
0.0003323598427821385
-0.0003676085476191979
0.00024966934682444134
6.536227885607362e-5
-0.0005636393679148089
0.0010216534152176718
-0.001533001076541134
0.0009609564920943855
7.070981111153113e-5
-0.0005250695227676098
0.0006740785285727367
-0.0005824536217099675
0.0002432037710985639
0.00011348738863406322
-0.0002911478059891953
0.0001696683623435995
0.0002647939279716541
-0.0002060440181961998
0.00022044017061703845
-0.00033666112051214246
0.0005738541926322066
-0.0006480646240763528
0.0004499733624819524
-0.0001529744651544988
-0.00036172843971502027
0.0007527987914613547
-0.0008000212005249388
0.0007910884646095745
-0.0008133641330267096
0.0006451142027006997
-0.00021091328992200992
-3.1988127833628393e-5
-0.00023513996761954963
0.0006878155692193286
-0.000964055402490034
0.0007739436216405276
-9.532148905615349e-5
-0.0005372361278048503
0.0008477465373223774
-0.0004852530894976729
-8.67486745198784e-5
0.0001637206405931361
-6.395776184670889e-5
-0.00014975280985099314
0.0005209578507181073
-0.0008797563663591298
0.0012746019505003605
-0.0007871085874192139
