0.048088617967561594
-8.385699063745844e-7
6.883933890951258e-7
-3.108893005842385e-7
2.1489934544400366e-7
-4.1341578095848713e-7
7.833742238134508e-7
-5.228104202315515e-7
-0.00026502851581392857
1.2347320366242897e-6
-1.062784747838829e-6
4.370863619695266e-7
-1.578149922487411e-7
3.8627508527457076e-7
-9.315584404010414e-7
6.539994734544368e-7
-0.00133145801185744
-1.94983435297406e-6
1.670377320109502e-6
-6.790819309437035e-7
-1.9927494780126231e-7
5.398202861832857e-7
-5.141411645020985e-7
2.4240855162674657e-7
0.00015991755017862673
9.80102597963652e-7
-1.0166822354272485e-6
3.999266483399872e-7
8.480247442482737e-7
-1.9179307068792436e-6
2.7662635286117208e-6
-1.681822115775308e-6
0.0006397208069655209
-8.783030089230444e-7
1.2139619190077819e-6
-9.366648771121383e-7
-4.908108870362103e-7
2.2297483929931718e-6
-3.944780326966486e-6
2.527220345525554e-6
-0.00030552160344561174
2.0520287695812115e-7
-7.007710355921454e-7
7.930633288337063e-7
3.8696705892110947e-7
-2.0161016592070134e-6
3.5606242983386638e-6
-2.2597007637504763e-6
-6.861028146443372e-5
1.9081355532850008e-7
4.167709151649739e-7
-7.681373738499869e-7
-1.238752433153013e-7
1.534535838915128e-6
-2.8613927761175553e-6
1.8277980256819734e-6
0.00011879701060516259
-2.1467213729364663e-7
-1.3014135900708102e-7
4.4836678416223774e-7
-1.0827103182452254e-7
-6.283684704489353e-7
1.3420749994608739e-6
-8.656614499991993e-7
