-1.6261117073421074
-2874.6150668313494
10182.769088498342
17072.959095500715
15716.572914238071
9812.166730854047
4188.533751505171
1090.3737021686486
88.33893130094795
-36.62915251665669
-8.941320412250555
1.17028535272333e6
765722.8708490409
106707.79112632372
-114442.65693597004
-149572.75650206878
-100294.57300632006
-29540.399217425223
-4545.249523765409
-166.58507302928848
-627983.1210490419
-785992.6175113672
-302916.65416696604
-81437.18148597327
-18348.045376284303
-3646.571945655676
-394.5605558781109
315.1665367147467
24.13056960603566
-39.914051628377855
-25.16834398170406
-36.94412254463043
-16.44199632773291
-38771.63836088444
-63709.03971789184
-18608.258744207593
-7232.662089135932
-15811.633595506355
-4528.353358585116
-696.7262103607934
-96783.66554687459
-86022.16240858796
-12687.015563810555
-403.14248913394505
20.212921012952467
-18.779716930770228
-0.6265114755525245
1864.7052183124063
11587.646157489975
15896.129844198986
2273.2034979560667
493.6066460413415
-9582.79293964341
-3891.1024382169253
-144.00347618990986
-2110.4119265657127
664.247850964236
-427.5986238804469
-148.81949521607902
234.49124672984925
-813195.7355354757
-977646.0032052549
170670.45109669596
287843.32699216116
166224.6127023092
100819.09166392828
17587.154753346527
1394.2637310708906
-482928.2790430506
-1.1931847002322616e6
-498400.22748574015
-152833.6330215968
-24642.270169713942
-1646.3413528372253
-1579.5475186192887
-904.8132670652342
-364.155289668275
-16.546390809770976
-212182.65887478966
-183143.1296208404
-58848.47035728732
-68739.83720738311
17174.47415064611
1178.1445530759609
-159855.89907709742
-91709.61674275911
-10370.216875476706
-591.5043179749755
53.04157315186349
4800.799924482567
11332.604006752255
-23220.489904576923
-204.21607830488276
-2398.1632769910716
-55.70925788560714
7605.37284590957
-630.4545560721588
91.52506643738265
508780.78800841246
-258.72565455181996
264206.4692405856
-135.21826187361262
30707.19465982807
-1889.0173072943837
25.29959678691713
-73.67543945667656
1044.966457289392
-138.2041086388385
158542.17699792288
-1631.489804257327
-12884.803477412788
-1616.418838771446
187.13825040447853
163836.50611597952
19800.0854092607
-959.6028870315557
29223.86223596902
999.9933936844964
3546.83945889497
-14.854350147831926
430.18471014252606
13.43031283487376
181.97011716079817
110.20910423904873
38274.994229031014
32613.16648055906
16419.244229129898
-5506.254761621079
1398.4161818331095
-25496.970807066977
-18293.37616156818
-1315.6031235889836
140.1700217808211
7408.510457970471
-4720.7692022714045
-571.3025960674631
2428.8818755018956
3947.2629160067463
724.8198631064879
-162.29980241226338
-296.7314337391474
-97.28468472417899
