-1.2663143562575805
540653.0828030517
-207.9540902067718
-3664.851161922468
552.4264280934979
27074.116376746093
14076.434782363753
-3502.2438804622593
-19382.087995284495
-491207.8943141678
15872.749391001926
-1741.2558135216416
-10547.984291203611
-33443.47821437957
-16462.142435571004
2979.081446098189
19330.04866208997
0.49184569820170915
-94215.4560299633
-301527.2245639082
477169.4399946809
251021.7709890479
100434.29090473303
32944.50395848843
8294.630088352775
1078.8887298027623
-67691.39534660247
-60419.20135410265
-14739.98739759894
-2433.6999970788333
-202.2873818078589
1865.5722102863908
987.0215092991489
115.05747819640555
-224762.76777279438
-44875.96584581308
-49513.07729581103
-26181.094230401926
-7408.86754882723
-854.7793108762488
-4433.205706747879
-1811.393628129681
-133.44016049536557
13.4533236917283
40805.87190332165
28829.77021305149
4286.160171738608
234.6675315307458
-39.728122108621655
1724.5467818642471
393.3089818478676
2.660863597503616e6
4.738283673845406e6
752120.5243998505
42799.25677534788
14927.749062169949
13860.654284104987
3040.2338779672446
206797.90000632513
108071.47136320602
12032.569662333452
468.719464420542
-4129.123814305317
-908.5113167032991
1.650030374265856e6
555617.2180517887
-42198.75793256115
-33916.15020792011
-5481.917243878192
5762.8611678264815
1215.1900036690963
47649.089513129664
13900.320216520595
-2102.735910672717
2151.5657025040528
-2463.9399423908444
50174.586798306605
-257.90254385042346
8449.125851943894
616.9253221874123
-590.3999383387338
16196.320848709967
1012.6477441232842
1520.4978163972414
-453.3706507180721
139113.22963943033
85497.02980809475
12886.16967123177
2757.243302457934
261.8874866083622
2194.986247109252
-2722.3004553895094
405.15889818340224
