0.03342613952491107
-0.003939855875386495
-0.01137726949187916
0.009057586154285178
0.012129599669307458
-0.020424716230897772
-0.004598888820268329
0.013417846627476804
-0.0003074110375094685
-0.00019018464132909555
9.196301598717801e-5
-0.000274137337048427
0.0004030697436110635
-0.0004330213233776674
0.000648310403380927
-0.00041105011265885755
-0.011522080231455976
0.00789440209313132
0.02435658789084493
-0.02012206707163924
-0.025746197094026434
0.04535952255248003
0.009894404612609192
-0.030105607879369226
0.0003836477262033903
0.00022521073637091424
-0.0013236826886392136
0.00044213894384751546
-0.00038752993418240077
0.002375821652296142
-0.001534417023277082
-0.00020611566237900184
0.011643926330328127
-0.007361474844505763
-0.02494352921188985
0.01997623274303755
0.02522109982329312
-0.0432452594271931
-0.009837222433804542
0.028629920998769806
0.00040074202239895513
-0.00037932149755784276
0.00014643094145721153
-0.001599452323959731
0.0017712167728244968
-0.00013708221309140575
0.00131244747350776
-0.0016950952788190473
-0.0045813433778494825
0.0033121258317155822
0.010376950913758023
-0.009550141503667144
-0.010780768344977541
0.021228673597171864
0.004379934381969118
-0.014323190377438927
-0.000127781434967404
0.0004433446641357171
-0.0005841181995860531
0.0007110078286186336
-0.0008338868986529058
0.0010467597082704657
-0.00065466674506541
3.885225097276042e-5
