-3.6242056220256393
3118.913344243124
10755.464677452808
20975.18718957049
4890.439065344093
7580.349219054037
2599.6438688889316
530.0093586001585
14.70760004286203
-20.220240731692172
-3.486333115389041
-42135.64059657762
-41174.34930503352
-8538.898648681283
5026.928579390634
2232.4690498729306
187.4283433376631
-15.911924542700982
518.3935049579165
482.9889413107352
99.63984944961342
14.15647217366185
-10.807613149835479
-4563.813838711587
-4026.4597292964872
2168.9514082308096
988.77586412032
98.31312389182702
37.96715599693863
8.43879787768468
-1288.1290586729058
-388.92398262204756
30.699075561634253
-21.56996337070854
26757.205409145146
37132.05888814178
8877.123423042845
-5342.298138427915
-1979.1190672676094
-174.7046565041352
-618.0024285445975
-347.10551939383083
42.65449691584455
5665.713724162167
12773.890950336776
-87.20699907018256
-326.333634396861
-27.955190600726844
2297.6202938496494
562.6936907581127
-207.77726229685572
0.567729776125613
-92.64838961843981
-1583.2553636101557
-1044.4884739982601
-101.47941171472132
-50.19555787604382
