-3.6160975484489164
-31.639853855503226
-10.957446668188322
1.7069858073704625
-1.5433419357273583
0.7872124209223021
-0.4432069262313896
0.5129711863906651
-0.8134006918407897
0.05947908968168985
0.05266564828510826
0.022191271762981003
17.085063816547375
56.4174868617555
45.10403131221632
31.551067284287534
27.375573211389472
8.972253030528156
0.7776661522616938
-0.45308580194493103
-2.023978068750148
-5.844800411291525
-5.296000383060233
-4.496080389947668
-4.103192480006031
-1.3647469249792616
-0.05749834528148469
0.14940044894022286
0.4780278782469741
0.00204715558433529
0.6145373774833758
0.316086685241302
0.15434756258042523
0.057776776413194425
-0.03158008924587018
-0.0626609637685836
-0.46938943057540466
-0.5988614369526291
-0.732444789091675
-0.3587999095399819
-0.21490768508149036
-0.14442169992485496
-0.040654844842648474
0.016967091806045224
0.16442392149077287
0.2993131887813979
0.29576955764281
0.1786634172032861
0.12415824480108718
0.06447279483977023
0.012371860831380109
-0.009792802760516306
0.00014995356668670812
-0.025498788225648265
-0.0006725322385750064
-0.0204445769317578
-0.009776747515801548
-0.006582792945662459
-0.005509579125698826
-0.004581184866503243
0.02844169251270056
0.06589659333640613
0.04613906017829935
0.04316560545107078
0.025996780687071765
0.012813507936288
0.006942804960225405
0.0023016514919237583
-0.04441333699242504
-0.07363270767953554
-0.05990614106570979
-0.05599605138968299
-0.03880622551565395
-0.012256380381109398
-0.020885381116621703
-0.001781551709276822
0.0030034917582016547
0.006774162026589577
0.003931530666396145
0.001981379895218197
0.0023097870984807264
-0.00013985268966594495
0.0017885500817828802
-0.0012990009053143196
-0.0004838709440677939
-0.002669261086178594
-0.0013522605978978535
-0.003242016515023968
-0.0010353976577693886
-0.002420766008882106
-0.0015815606074885862
-0.0005562645029519647
