0.030003827844714528
0.000504991285239858
-6.710634446514641e-5
-2.8170657320253157e-7
-3.621385409381311e-5
-4.09847955273546e-6
3.329606494896806e-5
-4.4811373045224406e-6
-0.0030637653098428926
-0.0002871123843520521
8.954493210302104e-5
-9.010425823623088e-5
4.556852164539722e-5
4.505249699472205e-5
-5.084364681092907e-5
1.8975894843808495e-5
0.0009157351233562745
9.631593055302223e-5
-8.733297511038368e-5
-0.00018158213668315626
0.00024558397514645453
-0.00026207353003173436
-0.00013970612074613853
0.00024562913060085893
-5.789509840011587e-5
2.9104633433917123e-5
-0.00033199986689152577
0.00021879078281126927
8.288075938135755e-5
-0.00016809053612297246
9.597798611276384e-5
-8.688601259452964e-6
-0.00020184287775076775
-4.899924573279304e-5
0.00012754037488509062
9.723080122160285e-5
-0.00012785614649767654
0.0001783904852239073
6.674889906401763e-5
-0.00015820414691743935
-2.4298896294221232e-5
-0.0002865359851204078
3.296813719305051e-5
0.0001115777647905194
2.958079263682911e-5
-0.0001154654783597157
-1.0616261062668675e-5
7.988391474679389e-5
-2.2041519996122253e-5
5.226685632717767e-5
5.701129443612874e-5
4.968550138501104e-5
-5.088069236025849e-5
-4.100408701401221e-5
1.5224124855334437e-5
2.8977152272201234e-5
0.0001276819320872166
0.00016797090658544165
6.019165365129032e-6
-0.00020689822781399598
-3.481233214224796e-5
0.00014535697837810723
-3.1599378924849425e-5
-5.055276765891592e-5
