0.05048631654298017
-0.003967049686959509
0.0003496984641728178
0.00015458626846379353
-0.00010619977577394026
4.860761131076597e-5
-7.729901600393663e-6
1.4621721435933201e-6
0.010169849779165623
-0.002709659414379007
-0.0006058639063806091
0.0002631591896644605
-6.485953951990805e-5
2.2099891489013852e-5
-9.220669223953055e-6
2.0035456132386466e-6
0.0016878795889208194
-0.0007236774507708819
-0.00018292690174821655
9.558662149069943e-5
-2.7843415848001935e-5
2.004022175285107e-5
-9.284590551682667e-6
3.4258590141439586e-6
8.315505268665492e-5
-0.0003138944080757149
0.00023090783650220355
3.861820440577704e-5
2.5770639205921973e-5
1.1147852668478057e-5
-6.804346426884035e-6
-5.08116602823235e-6
-0.001284196038973822
0.0009182116520572162
0.00015229934283742148
-2.6712234779883158e-5
2.7018174254443697e-5
-1.6536875760345724e-5
4.060942432082906e-6
-3.976491355626045e-6
-0.0005161332261404411
-0.00011071452953764205
8.05219742481284e-6
-5.3444282183733464e-5
-1.4529832952359328e-5
-1.9526006873712105e-7
1.363302924134108e-6
-3.112395806722921e-6
0.0005532960229846024
-0.00019798606649284466
-6.39370102593816e-5
-3.024808185231941e-5
9.165892200412484e-6
-3.930721786512068e-6
3.453267952080589e-6
2.2494113767008187e-6
-7.109178390560974e-5
0.00013702034023748701
4.2726102038742416e-5
-7.42945741467478e-6
-3.845549805135605e-6
-3.107194167665175e-6
1.189986569762065e-6
5.020003358996982e-6
