-3.4141064194780095
23.893189801048738
12.391553696760889
2.717132624404241
0.9133906257469334
-1.348205880423114
1.9399507996433798
-0.11086465633690941
0.056466277958459175
34.07544302211523
27.15275876573733
31.814166446154626
-4.521213240526167
1.8990474807855937
13.69815249969386
-4.521396399760556
-1.7849347613350601
-3.635183459985779
1.719053975078308
0.5222483004638447
-1.767536956895294
0.3644224017551119
-0.6249554907340107
0.12213924870445952
-0.6638019153347743
-0.4603755962266041
0.030507047288982365
0.06259092233533592
0.3034307394235159
0.1275494066217041
0.19197701498334693
0.11364957699186408
0.03265575997027032
-0.010487684821886464
-0.09161615088314004
-0.01976406895372831
-0.07103613349778544
-0.026076155720701096
-0.006472583283486262
0.09077555387365237
0.2901049955446276
0.15328425821419148
0.2154437203034816
0.10614257567994945
0.02977596356778208
0.0001022233090384917
0.005194396532769341
0.0035461760957157806
0.0006009248214457951
0.002385254591858178
0.0028609349547973778
0.0002449665721875349
-0.003378706016342434
-0.0027587175986941727
-0.00485967043373556
-0.0003373091922942025
-0.0028974630323525645
