0.032640357826226915
0.0008690597008815237
1.7625985216458988e-5
-0.00023012604254298778
7.289286131282136e-5
7.529200656682186e-5
-1.0137696152322548e-5
-4.956079445411361e-6
-0.003076690443176905
0.0006247145625665413
-0.0007029922988260847
-0.0002918717326074598
0.00011620675454912776
-6.21448454946942e-5
-1.0406061900209445e-5
7.631919070600403e-5
0.0007712735896426772
-0.00033174061726026
-0.0002779565396393952
0.00017390741142763743
0.00015577223367527004
-0.00019414189825643586
-0.00012409913843258752
4.645100234128256e-5
0.0002819314024221777
-0.00033786730154302953
0.00018229972911051358
7.916941881069596e-5
0.00013522762298504582
9.640111065749776e-5
-6.359220995448228e-5
-9.647057345148904e-6
-7.838586568856066e-5
0.00030667259626057967
7.065618803349535e-6
-4.446646094090487e-5
0.00014054154971068902
-6.650471858327092e-6
4.811206868793414e-5
0.00010123148511826645
0.00036530449900149984
0.00022934752789164606
-0.0002561567712286069
-0.00016354034724657467
-0.00015606196757580402
-0.00012515744204367785
-3.6066392376723686e-5
-4.929726620287969e-5
3.116002651190551e-5
-0.00019985957286034785
-6.033791409863638e-5
-4.5485801878949095e-5
-0.00015909968848799744
2.0278130408062288e-7
7.589985795282776e-5
2.2311399336466185e-5
-0.0003287220446636955
-8.597868469735086e-5
0.00033118113496310585
0.0002708275471831713
0.00011563160782408274
5.247271317956971e-5
-2.2599548684190386e-5
-2.996416112438531e-5
