0.03193156833308
0.00035337605325061336
4.005177220703316e-5
4.9050538751137675e-5
-0.00014931762987199527
7.23069068432869e-5
5.53201053782412e-5
-4.317749933889032e-5
-0.003280495411306621
-0.000202057730491195
1.8924415289164043e-5
3.6748238469706026e-5
0.00018792065931173745
-0.00019848102336849412
-0.00010329627689236897
0.00012469985717141586
0.0003160153374937523
0.0003007250035016043
-0.00011436936948683016
-0.00036640744936689403
8.016579094093398e-5
-0.00010631572391101787
1.2354260560065547e-5
9.503246568923551e-5
0.0005340647274155766
-9.15191129479413e-5
-0.0002912581546031208
5.321824339853168e-5
-0.00013219983033717396
0.00017309490729130664
9.661283796952426e-5
-0.0001530871351993477
0.00016907254591118215
-0.00020522259900402135
-1.2705055721373697e-5
-0.0001775428439888301
-0.0002021886894921374
0.0003246444862719647
0.00011325161639607088
-0.00015512493215871754
-0.0004442653918614071
-0.0003075362214224364
-1.3015500583463971e-5
0.00023783599223841422
0.0004311595264545741
-0.00017385367270235572
-0.00018941262422675082
0.00015891201090043638
-0.00014762764567139116
5.42680931263055e-5
0.00018560222926034946
0.0002960341080372821
0.00015224667001897854
-0.0003054174571640092
-0.00011965191660933686
0.00013789255104834782
0.0002469378846635183
0.0002708346636848698
-1.814976309537316e-5
-0.00026626276167089684
-0.0003072544931995891
0.0002070895815880126
0.0001651187372386638
-0.00014178051283906452
