-3.576161951066655
-3.7649749614646018
3.4185681155989243
4.740424469258212
-1.6301742385915552
-0.514323503620853
-0.3801089442298464
0.9833141409396161
0.44000991092931224
-0.07938910723811032
0.005892844612836155
14.243182553157288
27.58584835375613
26.3835338751251
24.79157300791439
24.775220854018844
17.313482678476305
16.815921487019374
16.729933254219652
5.881026331065618
0.045049278058399665
-4.500997320955703
-0.4606548485841694
1.8802162145122336
-0.34824840978387045
-0.36205689197281776
-1.3092810749922772
-0.8047740442567998
-1.2567255239189488
-2.219111902491246
-0.772912666864765
0.053726195630794255
0.8750775098798415
-0.1974760318163521
-2.0448220719017676
-0.7878763396725883
-1.1533047851874954
-0.8865871505045173
-0.6014391442156369
-0.2630691162825228
0.2266051714561023
0.17201810218116725
0.04951038258424001
-0.11792927616557553
-0.12579664358079415
0.1700167475673765
-0.03238681245896935
0.15155661439432813
0.2025537642908128
0.17539530570847106
0.12686413356163861
0.012085866538485158
-0.02689901804867694
-0.011458941229757115
0.018494668133418147
0.16582642670386574
0.2879738852748996
0.24248204862355913
0.20707399403466775
0.12457878569530487
0.054904416691412196
0.018763127268349413
0.027152358530534028
0.03804451454800205
0.02213616473646118
0.004469129526341019
-0.028350412334804755
-0.07810342373682497
-0.0308672814010438
-0.0577524553953767
-0.034768465753317566
-0.019046883259299666
-0.009437964738967165
-0.0022798423157611614
2.849730855600639e-5
0.003389886548337521
0.0010485868439730796
0.16746445826220158
0.3247156462616016
0.2552170950215573
0.25596490878574796
0.1857948658854072
0.1383697089309722
0.10751474764762105
0.07862458054367358
0.052364076535470795
0.02432994551097938
0.009408494883782117
-0.029340354534132924
-0.044893296552302994
-0.04135370606064363
-0.04220661281281151
-0.034219134588330445
-0.026270813462313105
-0.02378791561635013
-0.015538636851977736
-0.009011122690663348
-0.0043575805966483165
-0.0008566676781774397
0.0025684392102798504
0.0059975810675847495
0.004256468451626984
0.0029471755875195922
0.0020163917015080086
0.0009183940500763715
0.000920921838056535
-0.00035751793705487246
0.00045624931708991025
-0.00042909503050038466
-0.00016845660157135159
0.0005051506491149081
-0.0006453671986814061
1.3427828012304157e-5
-0.0018621339944701358
-0.0006387600335693905
-0.002190793613639949
-0.0015301696328933387
-0.0007138819241249779
-4.876456595254463e-5
-0.0006131850777685243
-0.0003445701041344582
-0.000640035465140063
-0.0017521021604247457
-0.0013707065279324943
-0.0018431147871972118
-0.0008852465390709283
-0.0014515476615137822
-0.0002561216592830303
-0.0005258616982485404
-0.0006297466116038728
8.336720441051189e-5
-0.00014587846910013057
-0.0026915098091486894
-0.005207182619973355
-0.005507184057383532
-0.004677787033837257
-0.004721959355781868
-0.002763160927579931
-0.004622453046708562
-0.003516572819035313
-0.001479999697118629
-0.0021099752609962633
-0.0008999234963021673
