0.03526949988286706
-0.00026997259040560694
0.000246163568686892
-5.194457073023746e-5
0.00016854872162635204
-3.03622625639731e-5
-9.7639649771249e-5
5.362082475709928e-5
-0.0029604405314281107
-0.0002768953250072362
0.00039820224583765357
-0.00022962087288375254
0.00011446272155227944
7.884949908352183e-6
-6.824033457697033e-5
2.5010053303535095e-5
0.00022109721610526204
0.0012741888308058353
-2.2676437247950443e-5
-8.768777943829364e-5
-0.00019771426987013916
-0.00017490886040312251
0.00017538604729274796
1.354711454875338e-5
0.00040002344022239554
-0.0002328761279065269
-0.0006676528614100904
0.00033439886168582314
0.00012021899427240556
-0.00015000237144377924
3.5997234657377515e-5
-5.5896997096588575e-6
5.390528170184394e-5
-0.00044184444902398113
1.0987783985341586e-5
0.00013555312854493566
-3.999650432761354e-5
0.00017513886388092635
-1.1965097690720508e-6
-0.00011101449320688885
1.3489301156513802e-5
-0.0001414243770792872
0.00038730845371970834
1.4859131626854884e-5
-0.0002466882529366654
-6.966541704139522e-6
4.285810396268479e-5
3.832365736862111e-5
-6.7264079126184725e-6
0.00010089471328661325
-8.71104724832315e-6
-7.44686401821486e-5
3.340337161320349e-5
-4.026534479841961e-5
-2.2502430488252578e-5
5.0528324895449216e-5
-8.650201053798058e-5
0.00010890394822925023
-6.565223962966443e-5
-0.00011307525549778205
0.00011771396636817949
6.140137744119714e-5
-3.892138128379264e-5
-2.4544374450256793e-5
