0.09569407190574133
0.003493133609185807
0.001028439469360114
0.00011364981514648548
1.047373769224073e-5
2.705170009156392e-5
-6.231411965182868e-6
-1.1374470993991531e-5
0.00448005206642337
-0.008509915448063949
0.0014728671147195734
-0.00016173001155995139
-8.974383567608155e-6
3.299276957892398e-5
5.2792395583056865e-6
-1.559492339455126e-5
0.003517835752659511
0.00018209792972158402
-0.00021165558953358923
-3.295292698280246e-6
7.647222521766014e-6
8.200591292436485e-5
-2.2603867023299622e-5
-1.3008457969975072e-5
0.001649360505196953
-0.00187765812082011
0.0004641229751246733
-4.4466009203890584e-5
-6.955618993546319e-5
7.426547125413974e-5
3.440874213459654e-5
-3.6520846290305456e-5
-0.000811740119811824
0.0005983711320477546
-0.00024023717089372853
0.00011753392972216971
-3.2055175484042496e-5
-7.578441385924461e-5
4.2390863762022525e-5
1.6545599934001696e-5
-0.00039994316284196104
0.0003507594825678019
-6.634848719393151e-5
-5.381554487276565e-5
1.3504302786305998e-5
-5.1606017784568265e-5
2.281397039898837e-5
1.1877069959867465e-5
0.00014290635116498784
-8.982560936738206e-5
6.951078797971612e-5
-5.003912302259352e-5
9.465819834109004e-6
2.1557061213654538e-5
-1.9176046786165617e-5
-1.0197038970362386e-5
-6.967918966411581e-6
4.7249773238447366e-5
-2.1209367298981192e-6
2.2427183541380876e-5
1.733095188328157e-5
1.707789084844189e-5
-4.8077085093852064e-5
8.390127331144981e-6
