-3.7304896269973304
-13.04962733983615
-4.904766291986369
0.06770539212282524
0.15181737831894612
0.24233902138746588
-0.10800491659340634
-9.508262806825021
-1.7678991022261936
-5.172646172127173
-1.4412960877145946
-1.1674156694183597
1.7259043716158162
0.6839048753492522
1.2696061800843614
0.29452806774755363
0.1456663447134359
-0.1266268740641145
-0.08684198985335356
-0.11632878868516056
-0.03344943164621808
-0.027193864016924515
0.04762063055839563
0.053166306686991224
0.06362035800098645
0.009482320657133777
0.014330327217681783
0.014030523268143196
0.043700556661679865
0.028367138523686938
0.02117669087621232
0.019716049271095323
