-7.064487134831294
0.0002748142926598307
0.016361319724336833
0.07948948899511368
-0.0003136660988117071
0.22776444041220967
0.04260643304240353
0.0820062763167399
0.019591652804659934
0.11049051712077823
0.14928210072350523
0.09124419318106601
0.0174688778250527
0.002436170112156506
0.013379460797714713
0.009252391867592132
0.04117208189844573
0.028209305943438755
-0.02748380335238119
-0.013179969919348456
-0.014143362069082769
0.0067484480748595315
-0.006142290117693355
0.018804291766723387
-0.017498709332632416
-0.03902107011039516
-0.009328691925280661
0.002893521408483911
0.018196529462248763
-0.012959730747067232
-0.003465724085508439
