-6.810703197925293
-0.00029119809559308634
0.006605906957569805
0.04413903128688437
0.003580083747665976
0.14075633814530056
0.03206353248282168
0.06636107577068193
0.010888612669830197
0.08740650726949802
0.15064863480613255
0.06851295170687416
0.04115654681574885
0.010296703652096251
0.009173950894746966
0.015539716086154835
0.042741713492440256
0.018424686160875836
-0.008726659302266593
-0.0016732924138559218
-0.01418895558666597
0.006367368386147521
-0.005830214541527885
0.007654896647025503
-0.01542000974176251
-0.031820322049119734
-0.008314249260548754
0.0026381715068570207
0.0093764077419409
-0.01190926246004052
-0.0017514477587780228
