-5.1272592290140375
0.000250675553673468
0.0038402885067057592
0.03344895835959685
-0.0033090806105001433
0.1258905883921763
0.017930871387541177
0.05828969243725624
0.01730151832294078
0.0731837898026917
0.1052168984556739
0.05559904045549587
0.010741919291389164
0.0027491309441501403
0.010671064377718696
0.013856254284705206
0.025476008410240433
0.028839205075089306
-0.034623326962586874
-0.0009621734392329228
-0.009719885863571795
-0.021120469618944458
0.0013651159377623021
0.008699318876900345
0.004603560262513008
0.011368421760956256
0.013953009387498138
-0.025099408244835482
-0.004462758327252491
-0.04248511672697339
-0.01567077120028881
-0.020057255683271994
-0.0053162939904133405
0.0017640621674855645
0.007137653620350143
0.013856639972124331
0.008616942622211783
-0.003270726540528833
-0.01599660016269464
-0.004634727570741484
-0.016672880383571696
-0.004505352319254403
-0.0019381651171487128
0.00016834198063312607
0.007080924686760357
0.009435749421935147
0.00015320881151632018
0.0009855838245800346
-0.007095121729705662
-0.00886992874806327
-0.002710574961867268
-0.00011512013468740777
0.00612716053640305
-0.00033386699620588546
0.0009856936469943205
0.001527583592826353
