-5.381750431016548
-0.0026464392207803233
0.002462749062504059
0.02619087817231808
-0.01783405106234959
0.10918511556879217
0.015822577662096785
0.054430572668003566
0.012489670483188076
0.060609703035851996
0.07305640177807565
0.05066095580654612
0.0027086099999531514
-0.005034024260696328
0.008167509320546024
0.02245059498403634
0.01416467047407004
0.028525503870722887
-0.01918424319817843
-0.012601783414444819
-0.009278484497975586
-0.020059110089566127
0.001421536858657838
0.01155948052067515
0.016629335258699862
0.011653034323271447
0.0234976229739445
-0.010012282372233262
-0.006600335965085945
-0.031231130940590372
-0.018238100886416038
0.002150244967470906
-0.01721474994594985
-0.0076597590427154244
0.00024486744544985594
0.0040082134157250005
0.013368022165315638
0.012887111005998519
0.023921418688424723
0.005492571894310966
-0.002204376139682564
-0.016916649968260318
-0.004941463760603606
0.004729786458394047
-0.02320776693526658
-0.012081482747917562
0.0034967476119263314
-0.005406484671238122
-0.006029009832012944
-0.0027965568350877957
0.0004014275630904851
0.0021755813173216757
0.011833496348576123
0.013172228136163961
0.019996648037754083
0.013649067459935427
0.0018384483894152033
-0.0025621694117473
-0.0002809526453601358
0.006859536388435725
-0.01152924276379669
-0.005627142348995534
0.002132528711099814
-0.012904092811364024
-0.009404458629318475
0.0011968591199691954
-0.006145897627852004
-0.0006903239564503003
0.001483606100515982
0.0014768912906611591
0.004943237854696929
0.01191087622078498
0.013403767855332234
0.014624531864837972
0.0005838252492591133
0.000879939178943893
0.0031952928411567117
0.0008328185250799924
-0.0050822008109232914
-0.003519399716315906
-0.0009045061210281653
-0.003829876495567759
0.000705891936549924
-0.007367508980987043
0.0010302117303344553
-0.00022079531862654152
-0.003680116692464444
-0.00034311773297924397
0.002598026012574427
-0.0019860536300550066
0.007596343281002116
0.004601743165010016
0.009823516501189232
-0.002245436296196628
0.00279676850411014
0.004212800737076042
-0.003961571095252936
-0.0031237141085988973
0.0009541909024422807
0.001052004594959801
-0.007686900587494986
0.0016703587569552114
-0.007726242672133825
-0.0025401139216132533
-0.006091186382469845
-3.922053637386893e-5
0.002826352758681622
-0.0023185345806777924
0.004389432912119713
0.001712054689981628
0.00559536456628465
0.00016393487480440586
0.0018058282913776722
-0.004318512211943239
-0.0011202214099814692
-0.0010969110791720273
-0.003046231837351173
-0.005124049773119969
-0.0027874998708066418
-0.004749367120241603
-0.0007772677218010791
-0.0007527229115962627
0.0007953090340481765
-0.0021384387174294313
0.0018773366800894473
0.0003313019061626648
-0.0016152875849489725
-0.0031984466553271773
5.333524830794065e-5
-0.0017769052125708668
-0.0014471533674348179
-0.0015586989172488388
-0.0029665933443171885
-0.0009637464795030215
0.00023508295694558843
0.0003768659690817093
-0.0002981943701940427
0.0004077587993211033
8.186867830351616e-5
2.560890549283123e-5
0.0004212671960877529
