-5.193967369136387
-0.0017203027075479754
0.0004783630180457747
0.025816531105583698
-0.01295088436216801
0.10890193318652247
0.015940992390110723
0.05508991019407052
0.014633934308829286
0.05951580049824443
0.08306858051643305
0.05343817239215591
0.005862994438926316
-0.0006969920425110408
0.010229422670547087
0.01583854179443194
0.016772716740555468
0.031520300972363566
-0.0244369538354506
-0.006993858462007631
-0.00838165329530115
-0.02002471218241993
0.0003106759570327016
0.01023935106647561
0.009572225080334536
0.009574913672507544
0.0225412423438872
-0.01492600142311896
-0.007517633938493716
-0.035648098402341725
-0.018249014845872845
-0.0015799247978714281
-0.01952693170788176
-0.007754310252220381
-0.0025064612516229727
0.003877037823307462
0.010634150930722416
0.012236180771764355
0.02044329197142073
0.0032484800054558916
-0.00108301392946542
-0.014914172207309138
-0.006116486547933452
0.0012489700890007639
-0.01985867340925831
-0.00866489695658413
-0.004620313466234307
-0.005073699145628446
-0.0031165075325363676
0.001809346778984118
0.01117450765564933
0.010634752649459988
0.01459422740500281
0.007484040707417112
-4.196518398256188e-5
0.0007059732246250981
-0.0024607417453062666
-0.009225802996751822
-0.002860519360441182
-0.009352400772043171
-0.008558030111166353
-0.004137892999540822
-0.0008944627179982426
0.0005794139717231381
0.007078232149133561
0.009073585817519774
0.009465886931694992
0.008337811449173997
0.0014689924556441447
-0.00016143379955925433
-0.0014436818962603592
-0.00045488215546427794
-0.00437017938326237
-0.004451707347967694
0.0008877733104509186
-0.0019378993170640687
0.0017318508543336807
-0.0002668274871899769
0.004251277051420302
0.0028641141397160136
0.003894787546487181
-0.00033561909384499406
0.0009515254627935957
-0.006356849779553026
-0.0046531733024955425
-0.0032995281268039323
0.0017261594333961153
0.0014243076981601038
0.0010083295638076359
-0.0009559669443797618
-0.0014831858703492837
0.0008562726904956735
