-2.3269385266737657
9.862189539214427
8.888412561359308
9.86897762945883
8.889964442384226
9.51541748537798
3.825323854782488
0.7103410238111831
0.05049606028386479
-22.67729970564602
-29.28593113305593
-10.399659226375778
-3.244642209358808
-0.5225795822445817
3.121884016005455
2.1935474954775964
1.0203880924362896
-1.7156196120134704
-0.14811368337181588
0.36788188358842566
0.06870809642398612
-0.06616395460562226
7.374693024402257
10.974988201425322
2.676378286296597
0.5448647629712415
1.787444353462589
0.4334559516914084
1.3254262123160843
0.745983260845771
0.42777164980236454
-0.09657282819499312
