-2.7861054135758296
2.4139570330705
1.218582821039621
2.442936814556331
1.2292392095530376
-1.8559556871314193
-2.1059099531241863
-1.0827272814924198
0.09856254126324028
0.23828813286739697
0.05519195612532269
34.38180978238529
42.45619236483795
2.7359861089407995
4.564297285717067
2.6780081902266137
0.8631114392616361
0.1280727517932593
23.042819418796466
16.05448566661986
4.430882712951158
-0.013536024162358225
-0.32209755894281455
4.460612546939473
-6.653190186910601
-1.9986692400357846
-0.8514050315504216
-0.20570927191625102
0.34551099949604414
0.03725145980613664
-2.4402858581108844
-1.3546406468206404
-0.058871715340712165
-0.07495599035149036
-8.166250608799187
-3.1954708363855513
-4.021090563246889
-3.251140276560472
-1.3503108189245132
-0.13287146435373048
-17.96110560484559
-10.559984696928982
-3.307834357427254
10.078248795265138
3.0854143664626474
-0.36191948217728004
-0.5694626688596125
-0.2143789643532888
0.9235072667710479
0.424413527998973
-0.7942501721133486
-0.7185379165219926
0.6956383785829698
2.2577402956126353
1.4045988779952696
0.43571787709507825
-0.08862583314010164
