-3.457597304632489
-20.807053021632083
-2.8902096035997804
1.2686590841512577
-0.5554798630201658
-2.0769686347888365
-1.817258513965441
-1.1120159706328387
-0.4114372785724127
-20.922799395853097
-2.9275047148478897
1.2448795857908526
-0.5578925574495653
-2.0803777405503796
-1.8510168879761788
-1.0696734669154448
-0.4090567739456974
-0.15291769090675555
125.87507078974055
0.4890835839832555
-5.593806648778198
-6.9170627046021185
-2.1775656968085637
-10.121028880628453
-5.2095414427729025
-1.3012814696134851
-1390.6119414522007
-1302.9997656317544
-445.7684840518504
-92.63251526396843
-10.320360044344572
-74.97470108907758
-34.29903000278995
-5.215329198110637
-15.279340246992026
0.7511367225575557
6.762820012270387
11.048805085822908
4.2016288081312645
1.0871240242136757
-61.198494562080015
-31.401254566408994
1.055382320416231
0.2921576604372793
1.8873151518840288
-1.1539881998331545
0.12201784462837108
-0.28978005351543246
-1.8991286143701587
-0.7254737008777951
-0.19280750722831225
-237.99465830017778
-140.79771708188736
4.112288133994583
25.633904943817683
56.56314170244474
8.85661866458334
1.761015660787262
2246.471360525869
1630.128525365847
351.9146164025284
58.353376046153016
57.2993891582656
25.493746490753878
26.27418602989338
-0.11462793735841888
-12.913661651728743
24.95440253107081
0.05680365953562319
99.3237742525013
36.56955494340724
4.713240297335345
-15.995412477510673
7.642742710264843
-5.485704117651585
42.99025472727333
334.64544574352607
8.964044202791689
118.87336791651487
9.89938180075398
4.2353941340129495
68.42177878415539
-17.63687841061088
31.118831965305453
-3.789219165478955
3.930788025003198
-3.715544303041796
1.6091039012985422
-0.2882051804413207
-0.19360353415599374
-0.3097734034277185
1.4542300813240434
-0.04253499829798441
