-2.708116343313054
-10.66114074767996
-8.95033940119447
-4.077873246354605
4.313314545336791
7.453345450126067
6.155256851133574
3.1979769724775613
1.2186745401503958
0.36855825837591044
0.07819842959502339
-52.71023889451994
-24.945467414429302
-16.698027341162945
25.861508900185235
8.701368746989464
5.637398370640669
-1.7605340751139986
2.3722511410590386
0.5802440302814947
1901.3212218483952
1203.6294388256063
1037.5835175867646
430.42572745465594
134.54877591558892
25.545025147175767
1.799111939286385
17.279040904834986
23.10074729196177
2.5159622951415304
0.3899501763742463
-7.345639284337637
-1.9365514058287892
5.452030074395633
-3.8615610720384357
4.159711330272001
-3.2111750349211476
-0.4113464854292071
-3.9473966622903025
-0.2534187406814852
-316.52698463674153
-215.5085592215658
-83.79178559064283
-19.540439428105987
-2.2053215018881565
3.3903055302224607
0.8891020382692623
0.24908776316386494
1.9972817044278055
2.4276137085816525
3.5341555516106524
-0.3623013465358416
4.687555048123807
2.4335646633372785
0.5103171184631884
-1.875111442749353
-2.1069648554738003
0.7969101079897846
0.08168875598613233
-0.41308616140903615
-81.15662834315573
-89.1638020495909
11.368826559360654
22.28433436761315
26.01587698775351
7.739726280698834
4.802288334081535
-0.35460216845485654
1992.2517456644757
2808.7984345014725
-237.018989887818
-353.4136162176861
-151.32392398370507
-30.420080485392667
-1.0604486559815665
3.0095299905599058
4.388788001763291
3.2152947904559697
-5.520123380226867
1.4977451360327863
10.156761198630887
9.832840273247127
1.2870494751146335
2.907537589239595
542.5716817460072
288.3549558097581
64.02147063745001
6.968895531162694
-1.0886764461983405
0.0003609755366422394
-0.19743194867662697
-1.8566551317053357
-2.589278264781923
15.432083619241759
5.415565745023891
2.2213822466653483
1.7207026475750913
97.45980224413248
2075.59139737244
19.716012449269538
457.44772205078266
3.8232435625382855
55.871806005443176
-25.450247083313602
-6.4708106747917356
6.358539958667147
34.589833129805115
8.900875608096438
2230.934475522954
455.5264999933127
99.21583422838329
15.426494535611766
0.2966284905016448
605.8717448378443
140.69164344834505
9.099847549252017
57.354380726992794
1.099402756726242
11.464342813053635
-0.15975173829509448
-7.4971371006306695
0.47063441016677543
-2.3696076207677836
0.03117790819294816
2.2417781525950295
-0.420304095762461
-0.12569995263035255
-1.0415260094662406
-0.310420596532374
107.05860930148243
9.479589024709016
1.310147272561949
0.2652193146236577
0.6565904068866482
-0.0024203657382240876
-0.02142513184904687
0.08003665735719566
33.361036412954704
6.1349798488556555
0.8055212494353751
0.0056171005766366446
-0.03633332879692954
