-2.2470056763691852
10.464129137000448
6.469333059371431
1.9713394814100824
0.6846118327152418
-0.26009661634809444
-0.04408013848433729
0.06072328157771435
-0.10051816711658854
0.047239366637614105
-0.01747373694410635
-0.007275658183331733
5.724191354586183
6.05207910991799
1.456071114667168
6.7795192119191965
5.551842178499983
5.269263267735829
1.6110268479143612
-0.5432871083559947
-0.6985465135675816
-1.2111049731582755
-0.45852592324704633
-1.5610311655573654
-1.1809419476316962
-1.0430065661999375
-0.3969438096427004
0.026249859706270712
0.1678922159980185
0.40822021970112854
0.29253478387698045
0.3958165175079363
0.3065770675105797
0.24569841013297622
0.12643014889112597
0.027764952619245366
-0.1183041984905372
-0.16789131990697906
-0.23652665283509755
-0.16573307235900692
-0.18891599772484086
-0.12086834836771769
-0.0592612496135267
-0.013993983534879021
0.033707254253602124
0.023200764305784324
0.05766455506201945
0.030050428347819156
0.04606322411203289
0.021345389854513695
0.007137487093066215
0.00034346911769241473
-0.0023201775941057833
-0.0025700235872988487
0.0002761696443486968
4.0423924744054005e-5
0.0010990148815920393
0.0009900257357742099
-0.00020981128194942232
0.00015739098959663807
-0.004135587046274621
-0.006094862536814209
-0.008247343541316262
-0.004820468807946871
-0.006083479817469012
-0.0035551027804645715
-0.0010283869190102054
-0.0012650485002503686
0.002292621564434217
0.004794858614030835
0.00454763614143851
0.0036586004188413467
0.0020653229076341827
0.0013187483951720758
0.00018015314538788986
0.0006877407283249256
-0.00018230265364477732
-0.0003309858324705633
-0.0001656781685374104
2.170186374202106e-5
-0.00015964627202009926
-0.00014033131899407326
0.000127731918832821
-1.8566332183491293e-5
-9.670331856757241e-5
-0.00028254899039961863
-0.00025340801566751085
-7.849441716714258e-5
0.00012029617538868712
-2.8939538720062512e-5
-3.6164216504077444e-5
-1.6481976861205824e-5
