-2.10300058631778
0.1932947116117833
-0.02122834851805165
0.47325385112356927
-0.009490147688887713
0.012740913954317078
0.035305458007319226
2.4156488889520573
-1.0053323994312766
-0.48850211055999415
-0.13316259363075295
0.5542701288258619
-0.3125753349680169
-0.04935992444593331
-0.14795629523359818
-0.12751629189142624
-0.08072755111613253
0.03232473367642056
0.043234928857793876
0.018529894337702794
0.010900266839593794
-0.004435511740746873
-0.0044094167522744435
-0.01785291104674164
-0.0054011765734648595
-0.005513991532982187
0.0017466229099508443
-0.0015097280977239517
-0.0008963279523675924
-0.0012073755224003635
0.0004744651750655773
-0.0009158760103173141
