-2.2142394526504443
5.186326835657634
3.8426655482103924
1.8071716810376681
0.11638957627038253
0.04082021846287713
0.03696275498825789
-0.030426354350667865
-0.003875515468679533
-0.8614178215673417
-10.850681866343097
-3.0744944338820384
-1.108377395704405
5.936271333927484
1.2329940780291881
0.13761395942074842
1.1475969148126677
0.051987454350932716
-0.188717582685908
-1.006715115339119
-0.20490717687923327
0.06076235141103214
0.098204030868086
0.09711662178617719
0.09127690359155007
0.14337387727419953
0.030956476528258302
0.013556610709508818
0.011144709347498779
0.0008937163071264143
0.003820676527890484
-0.0017530602735220267
0.005389488433268839
0.002351056761508901
0.0017656182015715872
0.004204865910563932
-0.0005304848829840138
0.0006411572841320391
-0.0007075509820028665
-0.0015041455484997015
-0.001710687578504033
-0.002106697720175209
-0.0012993479042172874
-0.001958074689747904
-0.0004966499556857674
0.001750001086320519
0.0030536616169761967
0.003012653459205501
0.002376515733294587
0.001624633034269655
0.0004935989290808542
-0.00017095890140239305
0.000550564404149244
-0.0002498161129324175
0.0006259539347348348
-0.00024297080635003501
0.0002527427085157058
