-2.1859617259918633
3.3546010325358666
2.5745793415543243
1.3738482664850096
0.19409796031778667
0.14228829849823865
0.019884128250145756
0.053045005151276726
0.04308852919746597
-0.03675519107743644
0.0024994434906466527
5.634843908980065
7.110804864396324
4.716323459838372
7.285654838539441
6.66302825312856
5.712098359642817
3.9004225907697454
2.777961063763999
2.136683551204989
1.1205240656681097
0.44815883496676645
-0.8221099129261146
-1.3782837651104147
-0.8872043240144327
-1.3297628829204262
-1.053258989098691
-0.858298523834768
-0.5195014997569397
-0.35432616857804994
-0.27821434122153504
-0.1544154005082301
-0.07044567654067337
0.047353343047421094
0.1643205888982967
0.05220659066046634
0.07112373217840211
-0.0015074626478401617
-0.0013026136809372434
-0.0223600353791053
-0.01432272125991084
-0.007847564572184714
0.0032838945552000564
0.006514858894065529
-0.01812519869713495
-0.03734317180431348
-0.051833352673891046
-0.031053233097898647
-0.027416598595824057
-0.01158856064570152
0.005028745128541797
0.009266628986456086
0.008161867732910675
-0.0007845444512269806
-0.001922316745545764
-0.00036948950486779473
-0.020134882923972
0.0019360011362298901
-0.009934313353608296
-0.002172413992830938
-0.007834417846259703
-0.009308281070699434
-0.005356820167175035
-0.002278940089801984
0.0004955135240455362
0.00016869338418518793
-0.0056140828722612
-0.008831309306320995
-0.007707606926719432
-0.005757232245760567
-0.00417487465372301
-0.0032453037067567444
-0.001982847445227815
-0.0013134202806543518
-0.00030251757187228605
-0.00016030085435147189
0.00012021447284329421
-0.003245088613343728
-0.005705941126554151
-0.005555662122394855
-0.004175787143146925
-0.004156999276984554
-0.002824319910954541
-0.0020798604781845096
-0.0010958972093218183
-0.0006477676005439432
-0.00033470265431841096
-0.00016032549925935373
-0.0009929227062079444
-0.0022650225070965516
-0.00164034694503878
-0.001636497929736262
-0.0012306630904169588
-0.0012347207074249603
-0.00046779815126266375
-0.0005083991404740185
-0.00032751743360151774
-0.00022452136815870896
6.25510672055506e-5
-0.0023472644801158975
-0.003645566207924495
-0.00442871816165143
-0.002600885497383743
-0.0028124454242070157
-0.0014296560402587677
-0.002183637226219265
-0.0006421382340386053
-0.0007065164444933587
-0.00023638063683779188
-0.0005584191866040869
-0.0007933395496762706
-0.0016665649974702318
-0.0014303048954047257
-0.0012005667727389615
-0.0008401762782800988
-0.0008064799426388223
-0.0005333479367623311
-0.0004222964334545232
-0.00024832607946053954
-6.467579809155297e-5
-4.8711329780036905e-5
-0.00040143597392686185
-0.0007473394094327854
-0.0007421653335636621
-0.0006024811835147638
-0.0005925681390428707
-0.00039446034709667076
-0.00031703774580167676
-0.00017095892222065043
-0.0001516611977661175
-0.0001019433356327236
-4.8175573605527685e-5
-0.00019962313575848262
-0.0004280137921920836
-0.00031953976196126397
-0.00037988615999000406
-0.00030581919047641354
-0.00027454995284693516
-0.00017547250856310832
-0.000212938301047817
-7.919050380789771e-5
-7.703504339587207e-5
-3.927572812475586e-5
