-15.829439692799362
0.021937535733630036
0.0017025149441500828
0.12383169271440293
-0.011187707382867767
0.29147375467527353
0.09509975017680412
0.10639039141037057
-0.0029989433599036355
0.15202471702160314
0.13519968835057097
0.15937052147329742
0.08983867136582105
0.031774812593723674
-0.00027154146620705054
0.1199095636907903
0.050476608029648956
0.11181326835233098
0.12383493307627128
0.021630503502256624
0.03271559710995047
0.04308467851143204
0.0038856403288653673
-0.0048114544882279795
0.06532247303836246
0.0511806520583921
0.056955669895601684
0.07897233247197201
-0.005932000183732306
0.06012744553484588
0.04293073170805018
0.02851698663166009
0.005511688434029961
-0.006769779879724376
0.03777659562746176
0.0364600881024739
0.02226758381814957
0.04196796499133878
0.024417728359228705
0.006314988715450885
0.024901931584915722
0.008182978903074968
0.004016620800967762
-0.0026621705605949604
0.004624099966079361
0.010241315682307291
0.009070352822355222
0.004871394330579391
0.002290917844865974
0.002409992107458835
-0.000520383590663752
0.0016983969715778234
-0.003789744259796027
-7.57179916980645e-5
-0.001094747808299839
0.0010950385107895946
