-18.24877532581637
0.031710028889122
0.01606116790527434
0.06971413370224189
-0.03324414968744603
0.19337939665598564
0.052261252437177316
0.04849168856069147
-0.0010025140775118332
0.07248487163732072
0.05959106394008849
0.09837206105937074
0.03065405636884566
0.03065281353042856
-0.005258100478621746
0.06944538554623429
-0.016397933235358358
0.07038265742534189
0.05064491322092632
0.03344905628890456
0.002716760438933518
0.027212428905461074
0.02088574370570595
-0.011509426644055364
0.042872188983675036
0.020191035494883287
0.05655694690145183
0.051811545702815855
0.0159778148207258
0.030810682025728738
0.04431180848250661
0.025722041052382384
0.02813314822692321
0.016507523343907076
0.005739935631186101
-0.01279358525190877
0.039762454752891155
0.033142503282849574
0.05029871123319177
0.03668842324344827
0.023116210440869506
0.015492332522616723
0.030668605894777098
0.030704233956931115
0.04129474580806967
0.021893434600627263
0.007819749888077637
0.007122168787423267
0.014634481173511248
0.011333237757684777
0.0025584655948994034
-0.010716249297647903
0.008083336280490006
0.021944330508558083
0.03252069492282195
0.019486446067146272
0.014668532674789193
0.009885591969734668
0.023783530769546
0.012646081857853745
0.025108609223589855
0.019530404095451037
0.002131760358401222
0.00963404827085365
0.016921983068228334
0.008663809181616489
0.008051543378126262
0.006962531664880244
0.0020188754132296747
-0.007144235305679778
0.0018096028511119184
0.011147613503402804
0.01919304838549699
0.005510092983009427
0.0024189063799617146
0.004123096420420748
0.013078805194298562
0.006443948656966621
0.015393439390908021
0.006179681736413303
0.006724304328452162
0.008746414784966584
0.003418887518751505
0.010047318479594817
0.004142240572236513
0.003445544346812489
0.005251656492997345
0.002240874676397232
-0.0071346676588348755
0.0040182532473940075
0.011455609465578321
0.01033943305927387
0.0045450723178155255
0.00022739015673378017
0.0023590863597284057
0.007626251418881026
0.010944049944470766
0.0026678229371225933
0.002458260983822563
0.002482734076178523
0.00600738076339941
0.0034662259946188862
0.0050205797311776434
0.0032257859934147924
0.003912850818364558
0.0017965079078298297
-0.006215663352878905
0.0015643423451553345
0.009685414745770912
0.001247983912044926
0.00034929336458278023
-0.0030646756717237207
-0.0006468807552079131
0.005256788382089024
0.001584798923622626
0.00020734014914624356
0.0014370761221139039
0.0016551909928109816
0.0023472333750128947
0.00358533555469469
-0.00026566515767832347
0.000765396738251167
-0.0021684987693862128
-0.0004365942749635219
0.0067839326770613596
-0.0007208602745576318
-0.0031790491969120285
0.00018286823371988243
0.000430452588194807
0.0005101114817671781
0.00047185503390458403
0.0028601930655371586
-0.0003579998304654288
0.0006600464197822221
-0.0013908961941145092
0.0010156411050532218
-0.0031984560374206518
-0.0010444238185658725
0.0005229403386134299
0.0009078296868240099
0.0004475691402982401
