-10.64293063677987
0.004057137140110013
-0.0002660221898476386
0.05624527903461911
0.002828860642261476
0.08669121400495176
0.03211691479285482
0.06449196760645722
0.004766437820247067
0.052528504345208
0.08418413546892707
0.08855991293025034
0.04353439946882059
0.019793219077004775
0.004254554641754569
0.034497658226618745
0.040783025874310465
0.04658935420809257
0.03919712369649671
0.025481106679142402
0.0030932094059487212
0.005067141532240443
0.006667504700839087
0.0030708804517655427
0.030990536691266026
0.02490559081277533
0.03833375977867557
0.025878937429202734
0.019379377964387517
-0.0035467905205511774
0.006627630309346693
0.007411218303098844
-0.01040700109292832
-0.001945573706906706
0.0010750309945490224
0.000797010833887841
0.0278790434958366
0.014220851739856114
0.0268416129415617
0.021583694592527958
0.010121447583485807
-0.00339340432464988
0.004206421033729888
0.002858075264692607
-0.011910916611304202
-0.002078217346762327
-0.0037808298549014503
-0.004298149298428643
-0.0004390429427388385
-0.0010875729363868437
0.023214071740965805
0.012696603763050185
0.015229283221040307
0.017943671000313896
0.004086479958781055
0.002671340233155058
0.003043466082095679
-0.004930834123390607
-0.0010564560956152407
-0.004212984184225197
-0.002877795457733111
-0.002082080697443142
-8.090327820275552e-5
-0.0003312985507131661
0.012535356229807147
0.0065737464148440524
0.005598013977118218
0.010741270412267082
0.0021304166843379873
0.001322470988790693
-0.004299688937133049
-0.0029798493273611713
-0.0019871466727894075
-0.0022080902179640164
-0.0006384352066726816
-0.0007045443214479279
-0.00015035175297094686
0.003654778684269568
0.001991481389724909
0.004237610899932296
0.0015926456172072497
-0.0016636236540023834
-0.0014855444593823818
-0.0013488311529518367
-0.00050860358704755
-0.0006103134639633976
9.868037891850352e-5
0.00041851685150610615
0.0004993756698119641
-0.000572812604120657
-0.00017776696513024405
-6.3149819360289e-5
