-10.388947831556614
0.004104976879488405
0.03205207875045958
0.1701746268413978
0.029304063543734403
0.33147001413133037
0.09296686609296576
0.1334430755195396
0.027359944433329043
0.15369447409009446
0.2371197830100488
0.09307775227556335
0.06544040104275216
0.002712026612563527
0.009467098193531628
0.04156576457422604
0.08569019754994617
0.017206109652748824
0.03151261296681747
0.0025674601050739063
0.007031220291954344
-0.00019892996993580475
0.0064957475898059685
0.034450711242752965
0.013746363992419406
-0.004428845164524721
0.0002831620967322975
-0.0006014770089480343
0.01603160840135943
-0.003712447200068384
-0.0014916340888568155
