0.015159724582208803
-4.13430926264214e-12
1.976630995958074e-12
-6.402266057291465e-13
1.1615837532078667e-13
-4.12128402563949e-13
1.3612148417944196e-12
-8.457302779083744e-13
0.0021668785938809233
-7.0645682616132174e-12
2.626781186344305e-12
7.848528313408899e-13
-3.0296734392834436e-13
-6.442836293816406e-13
1.0815803359715737e-12
-8.495036992531029e-13
-0.0006522991590687086
2.5526520570451583e-12
-1.1550216366906094e-12
1.41470673781077e-12
-1.2929709404006417e-12
1.6958931182293523e-12
-1.0225691628189907e-12
-2.8925142650142103e-13
-0.0011992268103822418
4.592816666451724e-12
-2.0646020321478388e-12
4.726142788140903e-13
-6.724691363372485e-13
1.189593049534307e-12
-1.7140829085104449e-12
8.884041754676042e-13
0.0008154971599929122
-1.6874414388132174e-12
1.2147374337705949e-12
-7.196599295565275e-13
-1.7146270916558562e-12
2.8823578685753717e-13
2.1938901566482906e-12
-8.728314383768075e-13
0.00034019644132108
-2.59426881005455e-12
1.6553449952591169e-12
-8.759261306419731e-13
-5.095663824236072e-13
5.367791045199766e-13
9.984971393637613e-13
-6.179134194710419e-13
-0.00022780891184457286
-1.1798964839462015e-12
-2.3704189084042506e-13
9.19722638040236e-13
1.4370797694074188e-12
-2.3722716586787742e-12
-1.1255447771647797e-12
1.8852962024206228e-12
-0.00010209170973588619
-1.3197236469386636e-12
1.2898117717236596e-13
3.5969450757724273e-13
8.340738442843919e-13
-2.1155515816931423e-12
3.9188334221106975e-13
8.86693985581257e-13
