0.006444232427345493
-9.194237463605839e-8
9.691710762210918e-8
-7.141750281184409e-8
4.713692882046476e-8
-3.428012109242317e-8
3.167444169503237e-8
-1.704302223676334e-8
0.0003965181182053257
-2.6356617055223484e-8
5.9888651876878e-8
-7.923716843527124e-8
6.096176750374558e-8
-1.7353485749329585e-8
-2.7790560016958006e-8
2.5239161507304e-8
0.00025546730705228263
-1.5814396341013702e-7
1.5061685016425283e-7
-9.865624702570477e-8
6.994983346026928e-8
-7.039051870019503e-8
9.52413672525012e-8
-5.959431103235793e-8
-0.0003205049271278529
-4.5927882200096454e-8
4.093933382856532e-8
-2.144929380407065e-8
-8.565914728794422e-9
3.8354646671754416e-8
-6.257250754958945e-8
3.822802938077052e-8
4.673751775148523e-5
1.5959839694338496e-7
-1.4674538441902947e-7
8.890489220184694e-8
-5.2209178997565715e-8
4.583824180623861e-8
-5.926556908691704e-8
3.6418816036712675e-8
-1.3078042029404861e-5
-1.7717461071503663e-8
-5.569892816692662e-9
2.650873040398101e-8
7.516100352124983e-9
-7.867539657248914e-8
1.7288144105735428e-7
-1.1828464401784924e-7
7.105584900192322e-5
-7.063837418608509e-8
7.220360432793032e-8
-5.150011702690072e-8
2.0809356982932504e-8
1.1195086798663848e-8
-5.244960034569176e-8
4.0326948819687e-8
-9.62785135529937e-6
6.873284327583876e-8
-7.150846549903824e-8
5.899424498506752e-8
-4.4474425544443336e-8
2.6933107628840213e-8
-1.5471211489041948e-8
7.052753905920535e-9
