0.005523120312530305
-1.8724926235578184e-5
1.2350039830156075e-5
-5.913373863693277e-6
6.580236339035005e-6
-8.025862760438035e-6
7.100214334777377e-6
-3.262224478836541e-6
-2.922639993492257e-5
-4.679043019704478e-6
8.729700371312836e-7
-4.7162668493362516e-7
5.579337997726275e-6
-8.676859762291928e-6
6.530310550993924e-6
-2.289212383560197e-6
5.370542200897772e-5
1.0537885365682684e-5
-1.3749479001906619e-5
1.562540242411279e-5
-1.564972902073309e-5
1.3254002047461818e-5
-1.1949175642771236e-5
6.311231953711188e-6
-0.0001386093606542172
-1.2167375756323217e-6
-4.710364811502167e-6
9.170242138354466e-6
-1.2939541248671547e-5
1.5900659831338314e-5
-1.6487908686633114e-5
8.3730045404685e-6
0.00011563949482216945
-1.7256135607332233e-5
1.6482286858093386e-5
-1.5480096658376474e-5
1.6173155043001406e-5
-1.4399987454878218e-5
1.2195685282064419e-5
-6.076095148359221e-6
-4.4803583695389695e-5
-4.2045423692776904e-6
1.001829175466652e-5
-1.530727903447543e-5
2.5704149670599312e-5
-3.5537338061028256e-5
3.874125906416049e-5
-2.0095208641350592e-5
6.313564897103134e-5
4.344943122699244e-6
-6.904336591217516e-6
9.994129252221654e-6
-1.0018880329097355e-5
6.71215881401254e-6
-7.418919421888854e-6
5.1391382000240135e-6
-2.609236327585763e-5
2.010895149230239e-6
-6.521983158547369e-6
1.2691838918834604e-5
-2.0437677160438712e-5
2.4873016273631416e-5
-2.7349962801615596e-5
1.5051460929085971e-5
