0.005307979476277616
-0.0022164337084279164
-0.00026512180757000555
0.0038784238239062308
-0.004425883725253018
0.0013603933468691028
0.0035608393448849284
-0.0032626028125293674
-0.0037709060892093284
0.006052237905283869
0.0005030545850160451
-0.011149385337636875
0.013743312518774775
-0.005189199983410514
-0.01035662047727246
0.010025033183720992
0.006298386552731177
-0.010124052238470608
-0.0010002850844080212
0.018443281353425187
-0.02218421449653222
0.007926209225932752
0.016940183123552457
-0.016133491488876158
-0.008405576546859667
0.013456700724405078
0.0015425156866125745
-0.024277956982872315
0.028472501636752856
-0.009517704461307215
-0.022253262369504086
0.020811124589036476
0.009726010057245448
-0.015984960352102652
-0.0012594118430854636
0.029189338293003412
-0.0358767935380302
0.013351808855928944
0.027287676751562594
-0.026286255879218186
-0.010412277398852603
0.016971110006032665
0.001819024785379766
-0.03097122911724579
0.03695316762187227
-0.012965667958733284
-0.02833456284213971
0.026848691836199833
0.010655863510760335
-0.017383089389119356
-0.0019446865795535728
0.031535522414796034
-0.037283418780387545
0.012779918668336908
0.028824921410684694
-0.027139767144783142
-0.005477933064979265
0.00915106918347701
0.0006334664541700086
-0.016632128886631934
0.020585903030734043
-0.007745688267994721
-0.015700283491012827
0.015170952849023717
