-2.8866349363511916
9905.644740214624
-5956.92075902694
1222.581704088478
-421.1277409754042
43.180067482151266
958.9285617224643
141.65948498603996
1677.3365589925043
-13625.82572231788
3357.8125275701577
-2633.812077648895
-155.8972133364775
-207.23748097160717
-984.8342573332965
-142.25022736618226
-1677.1345073880248
-0.10629952181265924
12961.185697463783
10311.570985968734
12247.80049772499
5780.1235974687015
1920.3438772634224
513.1054280544724
72.53624748590663
3.722856465994442
-2128.4106215507127
-2028.0502479211116
-643.416018164369
-131.76863416643437
-14.506996689688318
-70.29540543988993
-31.39710763924703
-5.119876612306087
-2270.859854243445
-280.18841355571664
-265.28324909881536
-197.65533711233724
-26.66266740434776
-3.0602118307092785
-121.03105398600087
-58.42738558294238
-1.4697919313511663
0.4245270962693748
421.1035417603756
326.4005080488069
21.88793468041257
3.140712442304081
-2.4173174154527914
27.345041103551242
2.9658251187935174
-6956.167914788998
-2445.4281343626276
-11533.379974860478
-5969.752563804995
-1478.6640592472502
-338.6797279440344
-31.921065880030906
3657.1732159268136
2515.8873266133014
429.3212501487884
56.99886319156456
49.47714662408609
23.049990104251727
7640.1079064309215
794.7795150413996
-931.8872219954587
38.10230046219733
-11.341949414061654
153.30371035787917
44.57367798993952
-380.3006072248889
-426.4191806735131
33.855975604693135
-47.49830828479872
23.02583411908163
725.193901557482
7.464123363580439
158.31472872511648
11.159400273716045
-2.252690495132253
273.62480351427035
-2.620062120884614
43.56773519126736
-4.578015950774441
829.4525829297423
699.3135988873346
16.835641462450475
-6.117573401906013
7.330287288846508
104.02239881741367
11.881109228471399
1.6169605493687405
