0.010450664803648407
-2.7077791878854627e-9
1.4008801365639875e-9
-4.554746024157064e-10
4.959052489738121e-10
-6.105827869749143e-10
6.281651279512419e-10
-3.6208250986604934e-10
0.00016454965365696655
-3.7651991016202135e-9
1.951764188768068e-9
-6.068879269281862e-10
7.012369366322202e-10
-8.757813679690627e-10
8.756566574012244e-10
-5.240947638116476e-10
0.0010022302116416927
-3.0133625227131856e-9
1.7682270347901132e-9
-5.007716556131658e-10
-1.833951651488522e-11
2.9374286600919613e-10
-5.750839433806127e-10
3.430449427249933e-10
3.1995870398086384e-5
-1.2358517594486097e-9
7.741071217021414e-10
3.7090804691068174e-10
-1.5305625377824775e-9
1.738393201861653e-9
-1.4559719611803178e-9
7.395765167187173e-10
-0.00036671262326329714
7.727624491284868e-11
-1.300174119682334e-10
1.1936561398348347e-9
-2.4719552712622367e-9
2.261114772205578e-9
-1.857410987834647e-9
1.0908769204569854e-9
-2.907120926771522e-5
-4.924091620330617e-10
2.841391012904028e-12
1.1238185470262606e-9
-2.0524425803933938e-9
1.6987613718223748e-9
-8.141833271570037e-10
2.875597905422051e-10
0.00014721863159675315
1.1677826798241013e-10
-4.816849954731561e-10
1.0522212628220852e-9
-7.428843868238846e-10
-4.820142755555451e-10
1.8592589626281494e-9
-1.2990067511671221e-9
-5.8534653015242594e-5
1.304230858927711e-11
2.9335756342998335e-10
-3.121142152246817e-11
2.3250189451397455e-11
-5.100083580398892e-10
1.1243790325183078e-9
-7.68532359102764e-10
