-2.2539400232429987
-107.2708517570687
0.2128466715393262
73.0084504944541
-27.306196843595796
-20.166785018177766
-10.718231901495587
-4.198072335770794
-0.5908745581079259
0.17890515630285
0.06052572622454288
81.15544699746816
90.70258948589196
28.627726462510083
15.840222264996687
6.618359556650057
1.780384171802143
0.24125948906755293
23.069966319653073
16.239945983021464
4.4575280884401
0.02463588393213493
-0.32275702624998365
4.153225527054926
-8.42410577150904
-3.098091596873502
-1.2154225696811398
-0.27086562578764645
0.37467122380598045
0.034583883492027186
-2.7096478829413395
-1.6380015714515397
-0.075588736773
-0.0921810698465688
-13.006551194786029
0.6377079839921459
-9.104754657246884
-6.33219509152198
-2.344521712134119
-0.25878933770069684
-17.906523573723195
-10.668476148044435
-3.185676057307903
20.523587708947208
7.442358995857756
-0.10104390396227106
-0.670262808442264
-0.24131090863623617
1.020370584534715
0.4227335437281171
-0.8787477653614986
-0.702229552517923
0.6041409676934635
3.584281853835645
2.567293985512006
0.5825635228734243
0.006701600748048961
