-1.6836472450558158
-7995.708939246288
-5954.135045840299
-3537.845995271208
-1642.802371210388
-561.51136128633
-118.43060092473821
-4.120682715043462
4.979776098764491
0.7804191044570886
-0.05839276657717644
3731.235105235862
1365.0801198062804
3279.1656098587346
-926.6269932256421
-1256.3155653001072
-718.780050807175
-238.8246057437573
-35.09341872748731
-1.5451252379247493
605.5988021280194
-987.6727441330091
164.3207270567808
150.64462114463194
66.9417945345714
16.43893854232961
1.4553914365728378
-41.83106242795368
-28.386280593465962
-7.695809761591628
-0.49822811504059367
-6.749634372618705
-1.6930270329194856
-840.7036964701919
1445.3814993600454
-696.1234411820191
-624.9501000056373
-301.3293572203429
-88.74961835737828
-9.705698740073446
-742.8304740912483
-628.1467765632127
-199.36309657467194
-45.348012533094725
-5.220167560739186
-0.5438880265793632
-0.3169565715650852
1144.9934365450822
931.9466485971623
263.2000449266783
51.706313781341095
2.71072322435248
-27.487349298182693
-10.992821726598448
-0.9586525927401846
51.24241618512421
22.793564009159162
4.032059026018772
0.09557675989909313
-0.16077507902538668
-5858.472614932578
-6256.409971199872
-5176.042523486969
-1038.9802299318908
-471.43391585860746
-158.1732252273921
-38.632308116318036
-7.035723766153132
8663.699482324939
10441.977054894012
655.3080845410952
-473.6834012479037
-194.97590880033147
-30.908083748741
30.871545326746286
19.600668416397184
6.71232663929917
3.069969705026136
854.8385031984333
-903.981503792326
1544.6100140557644
574.6960171019924
136.05134492040807
16.41504817108961
1781.9862901566844
832.7257139487227
70.50760438840265
-0.8234832023902455
-0.7474089614996936
-662.0204137183379
-291.95873210887817
-111.84935058228712
-17.994983155526878
45.39584191664125
10.444073861627041
22.691440626336917
5.780536202423902
196.2827309609454
5635.490930083254
38.984942466238934
1321.36547589533
5.36650706683865
172.59946128471955
-9.321828546385017
-4.7473485854724595
4.976375182391387
86.03322875234254
13.60753144564306
6104.574405507361
961.037554130211
101.75465328966655
8.788007649814537
6.331155573674954
1361.7971424877885
194.54474881310207
10.551902801813243
137.6004093846536
3.2042762391047797
13.106378561475836
-0.20182259252722404
-3.534455065831721
0.7821922870908239
-1.2986392033482925
1.8606189719507749
-1.9231090769542731
-264.712598567997
135.56679396982457
68.60719086770054
12.781316442986116
691.1903799468931
244.89227779433227
15.569657174377733
-166.7066626758228
-88.0948938497724
-10.663393875019452
5.629947949219119
-2.0552528884403194
126.60341862892217
10.846575042976344
24.757951580119247
5.396759298388468
2.0620931214095464
