0.005418797322217747
-0.0013601045448391118
0.0011229053280199328
-0.00017853247271993236
-0.0007662084984119331
0.0010958784905756107
-0.0009171120337967927
0.0003972492497192469
-0.0009731062560574817
0.0023129942119856804
-0.0029651258154449107
0.002465548897290673
-0.00042305866071062616
-0.0020060832690394657
0.004296238557308174
-0.0028416953610411804
0.000844924576724622
-0.0022270368013105122
0.003509667869445391
-0.0037759886163298627
0.0016271044227998378
0.0018571810399420781
-0.005731845543441655
0.00404710606438749
-0.001307749322835533
0.002656739372515429
-0.0022936598304077694
0.0005116552878988742
0.0014249373689030013
-0.0022574310824366637
0.002159379392568231
-0.0010426320701187664
0.0005789362643517533
-0.0007147549827104589
-8.332175534926802e-5
0.0013234047895904306
-0.00156281663880895
0.000501131390879123
0.0013372013816071305
-0.0012381288409502944
0.0015492426544173078
-0.003449348394556566
0.002378726235764052
0.000571412218477169
-0.002794575425534688
0.002738653189663032
-0.0010626008693135223
6.410287803004299e-6
-0.001654825671105903
0.00420236969846409
-0.004427110266554837
0.002502251038136311
0.000840595180780468
-0.0035888064415536265
0.005437853183860899
-0.003271212275888663
0.0003950003535550121
-0.0015982713658279051
0.002971204921861733
-0.0036556800387745445
0.0019304694386800966
0.0013738545408104642
-0.005235718315852288
0.0037925231109771527
