-2.083390751330742
4.002269277929543
8.00741016476049
17.28828067991023
11.082419668386464
10.164715970349267
4.170598578843495
0.7886828236223059
0.05580193431729063
-26.30220413251411
-33.977908459477185
-11.665097541155463
-3.5244988124645413
-0.5664746781338272
3.0455899800969477
2.0846690102674925
0.997537758929511
-2.3544425645092004
-0.5101339099234612
0.36099342719550787
0.0665703287571464
-0.07170252053469243
8.868150469308205
13.481703468386051
3.127837877850121
0.5650196728952482
1.8997489981328783
0.4569713292341516
1.9532390209972923
1.0056086370936606
0.47427572838655085
-0.08764153717872102
