0.00366487368579595
0.00010619673820803645
3.4110146967129835e-5
1.3391523657339265e-5
-1.2849228809310993e-5
-1.5341538364179352e-5
5.387347986809292e-6
8.855706912721074e-6
-0.00024496886833186396
-7.606405072268158e-5
-1.1518678012738937e-5
-3.108909325461357e-5
2.544268068071451e-7
2.6019923030118805e-5
3.5336770919070395e-6
-9.93377379107977e-6
8.081435429616751e-5
8.743477239257399e-5
1.5574332778019405e-5
-1.4738836763499006e-5
1.5162318136192915e-5
8.848636970472951e-6
-5.599154931735374e-6
-5.664445819914578e-6
-3.584507010506461e-5
-1.1648073833275629e-5
-5.4253025222956594e-5
7.968197208914682e-6
1.113662072188879e-5
1.774542700246754e-5
3.6827216592586472e-6
-1.1320374870719812e-5
9.635304958235324e-6
-2.632802047088487e-5
-7.92629908287385e-6
9.69798954470422e-6
1.536702541718116e-5
-8.936229546271206e-6
-5.303055179026778e-6
4.071939733766857e-6
-3.666679805160172e-5
-1.9011498568976968e-5
2.4683972979777714e-5
-2.1894033310867574e-5
-6.321021636445109e-6
4.525905144515421e-6
4.089979211634248e-6
3.0590550545674565e-6
-3.655838092258171e-6
2.1634409559410387e-6
2.1950600780294923e-5
-1.008635359009948e-6
-8.160926751022816e-6
9.009473386824696e-6
-8.906068847720236e-7
-4.642102090240925e-6
1.6057672901780146e-5
1.4599246780165061e-5
-2.530857590958479e-6
6.522909541489158e-6
-1.4237531686346307e-6
-9.761811560604894e-6
-4.038392554436851e-6
5.001603990327623e-6
