-2.102778123814571
0.19296270733044224
-0.021412270842227722
0.47326034045001086
-0.009504711224439712
-0.012739249520340095
0.03530131492854554
2.415504492897367
-1.004995505988293
-0.4884588655396083
-0.13317027970695525
0.554241324858165
-0.3125457107962779
-0.04941216936417568
-0.14796056811310845
-0.1275166711125358
-0.08072507340203432
0.032322582344860386
0.04322794102915143
0.018527969247858454
0.010898164068311445
-0.004437727800956261
-0.004411860686906348
-0.017853594656996943
-0.0054023042127175
-0.005514397737302452
0.0017459838670049559
-0.001509724275244424
-0.0008963032260545135
-0.00120733510399307
0.00047459474754600503
-0.0009158052452259276
