-2.2464258584011585
10.468990942264137
6.471286737426257
1.971620539789642
0.6847976265224395
-0.26029165594640674
-0.04396747398051869
0.06046811776315067
-0.10035514503119933
0.04723108639871973
-0.0174825850023828
-0.007280798766060327
5.721187837853951
6.042537923974333
1.4488784792887157
6.776333331149985
5.546420407641146
5.26624862104251
1.609893162685806
-0.5426032451277208
-0.6980842500801568
-1.2097315903171775
-0.4573171269905057
-1.560547162270123
-1.1800679719402767
-1.0425210853016347
-0.39675762292424716
0.026142603508114322
0.16786780955087935
0.40801873535342637
0.29234093797933997
0.395725116098531
0.3064085493870734
0.24559545573469738
0.12638512192526213
0.027770019848340474
-0.11831977524900321
-0.16788571673149366
-0.2364958058385093
-0.16571797748178518
-0.18889174379383725
-0.12084849025079823
-0.059248459062566934
-0.013989248180094038
0.03371272038706627
0.023203653070874197
0.05766333388547185
0.030047733893594684
0.04605605237044853
0.021338041035486387
0.007132510441143759
0.0003429587884910482
-0.002318979705478079
-0.0025676156463978494
0.00027906925452384634
4.207162200478254e-5
0.0010990787464917958
0.0009898560532525533
-0.000210989756761011
0.000157289879062649
-0.004139450006775388
-0.006103825379177659
-0.00825483195498582
-0.004826200738694093
-0.006086561378325345
-0.003558061087528328
-0.0010288656165825536
-0.0012658951486854634
0.002293916296081998
0.0047985094405071475
0.004550792230733099
0.0036610893516252924
0.002066305709567021
0.0013196198490733244
0.0001797857486831889
0.0006876439735996244
-0.00018230526822907855
-0.0003308794782080971
-0.00016565038736414162
2.2139025251261974e-5
-0.0001594413269099216
-0.00013986705721252588
0.00012794487059322786
-1.8319541075303318e-5
-9.645880825243452e-5
-0.0002821204264544069
-0.000252963045281646
-7.809794317231577e-5
0.00012065827508987024
-2.8601273218640965e-5
-3.609678129089392e-5
-1.63759573082596e-5
