0.00817005790448085
-3.3001569551500476e-5
0.0004893452053664547
1.906864003312026e-5
1.660772367821768e-5
2.7998617449405947e-5
-3.570991708196557e-6
2.840486945624024e-6
0.00011949812014481761
9.354889797556826e-5
0.00012792857375789666
5.063994565499887e-5
1.3133549051688252e-5
-2.7001074951863953e-7
-3.710752518323633e-6
6.622101681906977e-6
0.0021181230028013815
0.0001845869359260559
7.27571233580513e-5
0.00034400108364071537
-6.607389229739753e-5
-1.1361480686648441e-5
4.635869717485223e-6
-4.117155248158351e-6
0.0007358318530577991
0.00013829955535490284
-5.639732343868924e-5
-0.00015867768822850524
-4.927159635612363e-5
-6.809408446558378e-6
-2.181925801727443e-6
-6.134687304435035e-6
-0.0007804698652743824
8.204725075797146e-5
0.00023400759643807026
-0.0001299839511523343
4.013006474144519e-5
1.9796687335517713e-5
-5.365015205845987e-6
-2.165863480153955e-6
1.3405422023699835e-5
7.881062232040586e-6
-6.047395862677644e-7
5.436244146657831e-5
6.137973379189965e-6
-1.623932946309934e-5
-8.71888495524512e-6
1.2278229330645704e-5
-3.058323924538668e-5
-5.387728365856887e-5
-0.00017890181144395595
-3.792192690650824e-5
4.618886505508673e-7
-5.448265207917051e-6
3.7501166334102816e-6
5.837376904190056e-6
3.638356777311003e-5
9.177356862329288e-5
3.72913256503119e-5
3.9543367013298446e-5
7.662350057605103e-6
7.984602796027295e-6
8.338149762313989e-6
-4.731812389009901e-6
