0.004109684228377202
6.067377044442834e-5
1.820256286934038e-5
5.7652735888409694e-5
-9.954595877059871e-6
-1.8229524403260156e-6
1.7245378034103785e-5
5.016424149367271e-7
-7.696930570237767e-5
-0.0002875465496909325
-0.00010047859277362062
9.640461956431159e-5
-2.2909944211057577e-5
1.3963620012523329e-5
1.6716129562752207e-5
-2.343710211006699e-5
0.00010970230600640338
-4.846808906498757e-6
0.00013985292694231093
5.101902873907857e-5
-6.227647393441626e-5
1.112214710054728e-5
1.256481907550966e-5
-2.5859420669945154e-6
-8.034328407050395e-5
0.00010510101623699433
6.486248434859484e-5
-5.490884391272887e-5
2.6111496344438617e-5
2.248135713480199e-5
-3.4961368903474106e-5
-5.9743875214944765e-6
1.8076277553777627e-5
2.0938450521057118e-5
-2.5876754479139877e-6
-4.7903850521253996e-5
2.8100202165017042e-6
-1.1279003517931992e-5
4.9433884975907395e-6
2.6725240019819028e-5
1.4503367023639755e-5
-3.925553636824948e-5
-1.1591144623180842e-5
1.488505112354113e-5
2.8737523625470396e-5
1.8267829927106195e-5
1.785586954448604e-6
-6.040370682571817e-6
-5.439219809983104e-6
-3.5305639483974217e-6
-2.280247251301663e-6
1.4248040616538371e-5
1.8856826992645297e-5
3.2026882639520732e-6
-1.6536148591886332e-5
-1.5853274592205912e-5
-1.7412595971861307e-5
2.8567944649350187e-5
-3.4604402890050977e-6
-2.6092197040042164e-5
-2.8935849336081852e-5
-1.567622531489534e-5
9.792931833409283e-6
1.1923702589166883e-5
