-2.213996117623922
5.187983413313666
3.843537543185364
1.8074746128010521
-0.11634407506563531
0.04083133930720544
0.03693246160538836
0.030392715912996447
-0.0038829328629895426
-0.8599273941500554
-10.849691875699621
-3.074688008702831
-1.1079529648605169
5.937460618608809
1.2331639502732132
0.137345751857899
1.1474080593218159
0.05200055304585405
-0.18881089805339013
-1.0069391341268745
-0.2049483910943664
0.06082552124554196
0.09823712837956818
0.09714420571276319
0.09130451671607376
0.14340604350314945
0.03096271669360762
0.013557226079127564
0.011150036248383548
0.0008992259107986012
0.003825176197672795
-0.0017507154669839096
0.005391632370711728
0.0023521865219847237
0.0017702776806850337
0.0042086690033215045
-0.000527834512074431
0.0006422836616525399
-0.0007062878156847986
-0.0015037023330136852
-0.001710228423290382
-0.0021064643175272525
-0.001299204631903326
-0.0019578640540442913
-0.0004968602107384879
0.00175040940184902
0.003054371692783339
0.0030132558107614773
0.002376932541674716
0.0016248435375296566
0.0004940059733706047
-0.00017064829503167273
0.0005510807283440477
-0.0002495665566619914
0.0006262332403902394
-0.00024298601999549598
0.00025282106967767473
