0.0038571861860366013
0.00011880655388614389
3.0248417677369097e-5
-4.394522020227722e-6
-1.3869480986431445e-5
9.719092654930462e-6
4.5846371447508805e-6
-2.9461409943774407e-6
-0.00027799294429125523
-0.00011525980519291041
8.39461164737448e-6
-1.3928330741618439e-5
-1.558590318528125e-5
2.168246056156067e-5
5.384640861780465e-6
-8.006868903161152e-6
0.00010581371764802397
0.00011706642561259925
2.736453614185433e-5
-2.9082422783141013e-5
-1.631287891579017e-5
1.0925540101493326e-5
3.8230180967872954e-7
-8.507719148147316e-6
-4.045350881787517e-5
2.9296598753074104e-5
-4.923723622198552e-5
-9.209960635594759e-6
3.5961622331194055e-5
-1.3653002679870922e-5
-1.443468104897259e-5
1.743430259885268e-5
1.9965695806278974e-5
-6.6011664710353615e-6
-1.1368397959752986e-5
5.1917979083603766e-6
1.6011075810550366e-5
-1.377266896710573e-5
-4.647424672787208e-7
6.797404257314841e-6
5.362068505671663e-6
-3.608231824956177e-5
-4.5230079583810386e-5
6.491849582300905e-6
4.542900901065526e-7
1.9586471123544604e-5
1.4376755063708273e-5
-1.589061947209972e-5
-1.812603914335016e-6
-1.0971221177756832e-5
1.8449423523525545e-5
7.913355407601974e-6
-9.251201406132765e-6
9.051024620072706e-6
-1.3957655399560313e-7
-8.462182804770636e-6
-5.245514578712464e-6
1.0557177589763157e-5
3.838937960259456e-5
-1.3717338571909359e-6
-1.9513005650865173e-5
-1.1326714519527168e-5
-2.634155586858674e-6
6.892653334451749e-6
