-2.1853861647260517
3.3572894806548987
2.575970055776181
1.3743990281511391
0.19392969541093255
0.1422571391116939
0.01987149893840787
0.05303802646013361
0.04306485345932872
-0.036720371215299065
0.0024955341900701946
5.636001969701413
7.109199355498673
4.716254038011591
7.285807699736738
6.663278609287923
5.712772767502277
3.901585899266296
2.7789410224304616
2.1373259684354498
1.1207953400712707
0.4482902350733548
-0.8223967331602792
-1.3783050044281755
-0.8873097238112991
-1.3299841397317658
-1.053408952111084
-0.8584978087529701
-0.519749243250053
-0.3545231589689823
-0.2783291649012158
-0.15446005469092644
-0.0704643027522777
0.047430453502801395
0.1643804754258938
0.052246778696779135
0.07119811476783984
-0.0014902264535950162
-0.0012737912670914564
-0.022326568700391302
-0.014293208733458221
-0.007833148884760489
0.003287488591315993
0.006515270316721834
-0.018138724898652498
-0.03736823850859039
-0.05182787818410761
-0.031063847355051855
-0.02741147501495638
-0.01158959212310424
0.005030977271282455
0.0092665113956972
0.008161019466499083
-0.0007844927244308401
-0.0019217021103207464
-0.0003667532859293553
-0.020127408190137627
0.0019394972346469727
-0.009929109555843725
-0.002172318985060764
-0.007832479143975099
-0.009307569716791263
-0.005354154801685684
-0.0022768961159286816
0.0004965419852570116
0.00016907853061416084
-0.005617849803487984
-0.008839540333779206
-0.007714568949392929
-0.0057636782308486895
-0.0041801614836643195
-0.0032507181577359585
-0.0019869732381620512
-0.0013161830448022995
-0.00030393702156045606
-0.00016096551545192683
0.00012012593793197566
-0.0032454546923540244
-0.005706576823871643
-0.005556037423165669
-0.004175988441168878
-0.004157197499479745
-0.002824472926766028
-0.00208005411008399
-0.001096202779896153
-0.0006477543572300868
-0.0003348418337705835
-0.00016030245099181163
-0.0009934772513145358
-0.0022660507514423237
-0.0016414144098095339
-0.0016373678857108422
-0.0012315476415058213
-0.00123511175861155
-0.0004681206251062071
-0.0005086506867763493
-0.00032782744884253317
-0.00022473262144781227
6.229904025890458e-5
-0.002345566774940031
-0.0036425634571488883
-0.004425510422569066
-0.002597823695141952
-0.0028096533295381442
-0.0014272184793487279
-0.0021824679734330625
-0.000640772165238703
-0.0007061925379925621
-0.00023571855570828445
-0.0005580722771874015
-0.0007933677060380395
-0.001666566235936074
-0.0014303812854464546
-0.0012006228025090205
-0.0008402901555372898
-0.0008065492415889458
-0.0005333638901972891
-0.00042229752018238965
-0.00024829868360939976
-6.469376395069863e-5
-4.8743276115481733e-5
-0.0004017198450507599
-0.0007479181295251587
-0.0007427110886161724
-0.0006029391783610531
-0.0005930474828142794
-0.00039476407738909115
-0.00031733143544155414
-0.0001711299879461023
-0.00015175441845209246
-0.0001019716566402085
-4.823183188864298e-5
-0.00019978078734426646
-0.00042828677687155764
-0.00031982064640349075
-0.0003801356488588661
-0.00030603721911410414
-0.0002747699594101896
-0.0001756241328636168
-0.00021309057439282896
-7.930160398788234e-5
-7.706986937769413e-5
-3.93117789534012e-5
