0.004970039353284628
9.355703633975693e-5
0.0003647490372869294
6.49127782311573e-5
-4.5719491854088166e-5
7.037447235046704e-5
-1.821216673839241e-5
-1.0447880602922591e-5
-1.8638000264161777e-5
-0.00014184921715511227
0.00015281043455563797
-2.6253558310872243e-5
0.00014173812873333934
5.9203733547689075e-6
-0.00011173111816588099
4.7421180909311015e-5
0.0003420311333324865
-0.00011169488129817061
3.61306483259289e-5
-0.0001409629117155794
-0.00013837384853609424
7.158298528391103e-6
5.283701065389891e-6
2.3617083613435563e-5
-8.825246805859336e-5
-1.4306162705666318e-5
-5.1548837644937735e-5
-0.000177928836408807
-8.152050798444965e-5
6.407322677801955e-5
3.386439312447577e-5
3.67851810438388e-6
1.682596511724272e-5
0.00014431151642070665
-3.531480163445873e-5
-8.968705229453431e-7
4.4846225655241465e-5
-2.3272210808753998e-5
3.4002404549754237e-6
2.3713314044255053e-5
-6.78103682830889e-5
-1.2618272513072457e-5
4.110338703516815e-5
8.048976562993155e-5
4.7370916625481466e-5
-1.8285914912959028e-5
1.3323548629021544e-7
-1.0900905587852181e-5
6.099198745958439e-6
-6.207481777252974e-5
-1.097548461546534e-5
1.9652555045105144e-5
9.399990252560492e-6
7.4872813524665944e-6
-6.429918717490515e-6
-9.3108135450683e-6
3.229017292169942e-5
-3.064757950259404e-5
-4.2852271427635714e-5
-2.9199673379133438e-6
-7.2594322731533206e-6
-2.0301010735816374e-6
-1.7445836808017894e-6
1.0547610267003014e-5
