0.02061661042003149
-0.005337599193265935
0.0007270014551892424
0.0005521054969224617
-6.085914897335264e-5
7.377507526132179e-6
-7.691079752810155e-8
-1.8026676554289584e-5
0.0061099388736917705
-0.004469981786526779
-0.00040311944981751723
5.733035207904779e-5
4.2202190253651124e-5
1.9239173287845177e-5
1.0237036715586765e-5
6.860828456874337e-6
0.0013607135905216953
0.0014226407676319662
0.0018683212454839997
-0.0005133243758499315
-0.00018892324167658705
-2.7066409558365307e-6
1.2872206609088971e-5
3.988376292748253e-5
-0.0058554644559022494
-0.00035627580828389075
0.0013151772008981105
-8.629272758812355e-5
0.00011987367384027044
4.3687204700727374e-5
-3.2473725356409925e-5
-1.31091921982862e-5
-0.0009489922947565909
0.0009745654032749413
-0.0007808216082624702
0.00016246592422271345
0.0002463474846984019
-6.218858672459502e-6
-1.5720897809572565e-5
-2.26417406027391e-5
0.0013131876898823968
0.001857849994399091
-0.00012599384745128273
-0.0005041539732030773
-0.00020792221511271286
-8.341051814623268e-5
8.467934603972012e-5
3.869420531757398e-5
0.0005651039944177172
1.7507800581631072e-5
0.00010626890948509512
1.5184538546739766e-5
-0.0001239668520186879
-6.902598449423097e-7
1.0735459138962608e-5
2.9013649435180427e-6
0.00030777385816285605
-0.0011945499853593877
-0.00026334601569058807
0.00043482167009802807
0.00015698481326712125
4.718338947780117e-5
-7.324702943318229e-5
-2.9037902573384728e-5
