-15.829259695827481
0.02193712883668146
0.0017008599386747556
0.12384686049501564
-0.011190485449858545
0.29148652531993685
0.09510070103665617
0.1063954927730812
-0.0029972449247663456
0.1520261911378957
0.13520263164127566
0.1593713569960441
0.08983559399572116
0.031771304465251296
-0.00027240007818803385
0.11991063135864558
0.05047992196406217
0.11181459705968809
0.12383225134950054
0.021627174973277527
0.03271590481870856
0.04308577294445703
0.00388468923213221
-0.004810516477269902
0.06532375385954145
0.051181128175674225
0.05695545839313265
0.07896928530378669
-0.005932899009366891
0.060126120560361034
0.04292903272389519
0.02851639648402164
0.005510556918372833
-0.006769717277239956
0.03777595839682839
0.036458802126006905
0.022268575748338886
0.041967276152259154
0.024418321922762876
0.0063158547947877565
0.02489992302873965
0.00818310830564086
0.004016462086057997
-0.002661411601765413
0.0046214160364753155
0.010239417354951437
0.009070706944880845
0.0048706657237899565
0.0022913023626054043
0.0024088711731186548
-0.000520142416744005
0.001698352577869285
-0.003791086748912371
-7.517385202153582e-5
-0.0010948896752057493
0.0010951019825721623
