-10.388838331129772
0.004104926693686568
0.032051146507632584
0.17017914044328517
0.029303567621848717
0.33147477645930484
0.09296718831435577
0.13344284097936077
0.027359518545970886
0.15369625141734403
0.2371225127992444
0.09307875457259851
0.06543958331190743
0.002711728757745307
0.009467118440540576
0.0415642905105919
0.08568923987628657
0.017206108291042004
0.03151087538027145
0.0025665097198174316
0.007030743562695434
-0.00019886143980041057
0.006495595840213752
0.03445084865157661
0.013745785433875656
-0.004429614747105125
0.00028315005303421333
-0.0006014117879133325
0.016031569489183443
-0.003712617847002356
-0.0014915704451883005
