-10.64245972746706
0.00405729366604542
-0.00026707184680291893
0.05624566341962923
0.002828541603331073
0.08668949906019716
0.03211472282159116
0.06449131852677105
0.004766400183169254
0.05252934555726438
0.08418261703857854
0.08856051771187183
0.043530580838643224
0.019792795852042376
0.0042546547078733486
0.034494952116196125
0.040781915611725617
0.046588463904310866
0.03919191897612023
0.02548099365048216
0.0030920637582297476
0.0050653937418732075
0.006667279549339761
0.003070732463324179
0.030990445321686266
0.024905030312638445
0.03833346998268775
0.025875354570215375
0.01938008811199442
-0.00354918389372395
0.0066256894982074255
0.007410604214389654
-0.010408555450130927
-0.0019456826906409023
0.0010750585929133038
0.0007970172569738276
0.02787944569993592
0.014220737938914433
0.026842235216233298
0.021581741605708193
0.010121913732672901
-0.00339481561000117
0.004205823131516065
0.0028578845671304877
-0.011912122665960803
-0.0020780552536336407
-0.003781242502084749
-0.004298419082355139
-0.00043892332317361664
-0.0010877129073316649
0.023215183126660956
0.012697333573436102
0.015229255125039984
0.017943063105580685
0.0040865830632425245
0.0026710948232864127
0.0030428306954665986
-0.004931042484542861
-0.0010564549131879973
-0.004213253420926466
-0.002878047042791724
-0.002082003653259134
-8.098474167114432e-5
-0.0003313725265686299
0.012535877929679305
0.006574119074097042
0.005598070428256568
0.010741044388379101
0.0021303307822252582
0.0013222826130682933
-0.004299299679889359
-0.0029802283215856554
-0.0019872641748912598
-0.002208019653369953
-0.0006385350724264542
-0.0007045988918894462
-0.00015040105609296446
0.0036548022173722725
0.0019915010894912513
0.004237511683806061
0.0015925432015855036
-0.0016635195383742254
-0.0014855793325590538
-0.0013486588671922726
-0.0005087712565029393
-0.0006101769664758795
9.86758765305453e-5
0.0004181134430234726
0.0004993493629798755
-0.000572849418292711
-0.00017781916488023995
-6.308858204865885e-5
