-18.248259016608966
0.03170986335241322
0.01605931189047207
0.06972621619301356
-0.03324740296726415
0.1933870902543384
0.052258584855447224
0.0484895876190406
-0.0009987061652859091
0.07248599248092331
0.05959081120903513
0.09836203192416705
0.03065087519940611
0.030647298498637975
-0.0052581475258646525
0.06944519952286565
-0.01639436961038607
0.07037882048882128
0.05063915424710755
0.03344302474745072
0.002717691792438667
0.027214500996417423
0.020884128265298032
-0.011508341597318032
0.042872717702555095
0.020191348895713963
0.05655264648827595
0.05180904286672236
0.01597452100560887
0.030805646323374906
0.0443069926705106
0.025720974588650185
0.02813134290579168
0.016506474770611693
0.005741176561843995
-0.01279349652394627
0.039762555245517514
0.03314635023894975
0.05029375473507346
0.036689067141175244
0.02311069724269024
0.015494540588056336
0.030670014671987617
0.030702335784404573
0.04129127285061206
0.021893534285008082
0.007820123529934409
0.007122843111898889
0.014634968901737743
0.011333025272483952
0.0025588239777993493
-0.01071527895753771
0.008080228896222284
0.021945799652216928
0.032516860886689564
0.01948722621461145
0.014665649402606703
0.009883126574889708
0.023780677848426537
0.012646463218601788
0.025109057206238513
0.019530818932820628
0.0021336271259977217
0.009632721475348627
0.016921446542063963
0.008662434129498178
0.008052478940445687
0.006962683918722699
0.00201844029035342
-0.007145216216933642
0.0018093309728624825
0.011151615495056678
0.019189330624948812
0.005510737328040698
0.00241652239274961
0.004123704379257551
0.01307899275922078
0.0064435998432093924
0.015393558133045812
0.006179282794825738
0.006724948317326073
0.008745541171300674
0.0034174982414717048
0.010050140502689594
0.004142324820086723
0.0034461927948757185
0.005252014628464262
0.0022408419277523293
-0.007135010927212433
0.0040171678588811375
0.011458789577290325
0.010339348921854142
0.004545830590661912
0.00022660717512580495
0.0023584760908622665
0.0076256542809715645
0.0109452458760558
0.002668320512629613
0.002458714610074479
0.0024817892422566547
0.0060079649072406205
0.003466720198545913
0.005022632274114017
0.0032268800278791717
0.003913365289733077
0.0017964973683282214
-0.006216178354871038
0.0015633124276584476
0.009689156059827444
0.0012474944482610759
0.0003511111043574295
-0.0030636861470888467
-0.0006457055922558538
0.005257327075967914
0.0015844950882221288
0.0002074996779928764
0.0014376305311020214
0.0016550150557752507
0.002347753606115623
0.00358555500774164
-0.0002659776322885128
0.0007652195155433311
-0.0021683829136494824
-0.00043702589150205773
0.006785380449644187
-0.0007200549001934766
-0.003179383050305507
0.00018306654451293806
0.0004298135168172786
0.0005100260868361466
0.0004718705451493388
0.0028603222842925294
-0.0003583936344122044
0.0006603617142943724
-0.0013911147494388807
0.001016346800649828
-0.0031987151042325735
-0.001044837588539337
0.0005226603754858642
0.0009079560233265592
0.00044771837127396844
