-3.9982608863746214
-0.09592526001484655
8.187549052744814
2.47982345317556
-65.8950049291383
193.13839279382154
413.0341594021942
-485.74118336148405
-101.58881896024266
-487.20314105816044
-678.0261044529504
-342.43367430227363
-585.2462709386921
428.82789662742323
-261.2455643329227
1410.1372094484334
297.38657121968913
228.12614457170983
68.31550641767394
1717.6067480380048
-414.14591195924635
2398.359795600195
-2288.3139032704635
7917.382680794074
-1.6944728569604
-2.533961457058499
-2.430321910306571
3.5861828186419618
-15.705833219977357
-91.72036688291456
2.006954408170545
2.746382754168695
1.921926295885512
-4.000807928043082
20.975826504488246
89.42049754011458
0.42765614393349694
0.4887243813976207
-0.5463914294841914
-1.3431653470109708
5.885716949242685
-42.74203534207888
1.996242047270312
2.0086164223652694
3.438068920858707
-2.819416609369988
19.819771854489062
106.93888690398968
2.7644689692714635
3.235804211217331
2.1745277393972002
-7.29661144050296
37.76038123596649
50.672560871712534
1.419277300478784
1.9084888154075155
0.7427088345204866
-3.1306682969197426
18.052185184134927
-0.4162196743828795
2.4139866047054097
4.742680607349275
3.1094026460080175
-5.32464668778685
37.650186163300226
106.86262900275973
-1.776658881951256
-2.971564964293167
-0.1417904833851464
3.576753057619067
-33.011353639206696
-26.189592967466805
1.120651433374413
2.310318896775294
1.2062154828142098
-3.5706515928527427
26.654373788263918
50.34744516865308
-5.948346728061368
-7.700168303836234
-2.4856471139626
16.463094171132028
-105.86373519763913
-139.86235521200848
-1.322177227352117
-2.695754688928024
1.8318121043076312
0.1406237892782271
-29.67110403422207
14.514796803577395
-0.5415087433295193
3.2163159646749984
-6.178322965673971
17.351684087326202
-6.261289678225428
-70.78391844865496
-0.2094123412939428
0.15192144522920262
0.1990326916972707
10.32363406632562
-27.6831588832684
14.480128228199995
-6.854036178534606
-5.868698516552243
2.6000447105136337
7.241871497442639
-58.64380648289905
262.6871078083085
1.6082203999047946
0.2937066443731444
-8.81064516500692
-13.214872992212568
-1.3041567178501865
-223.0560768388332
-10.236871113274177
-18.863532896024118
-15.825746426073485
-22.716970113384246
101.24868031326082
-315.61762438816004
9.15599182682129
9.587608212207236
-27.09119555560163
-21.428842781583572
121.05959565064683
-1824.3733291191065
-34.40187592319514
-66.00031856034731
-78.6947694317279
96.8047583623399
-169.84813096110724
2331.8128969892778
