2.833174580110743
1.857797852480309
-8.337328613313298
22.563046429698275
-4.496313572802279
-9.729962306016015
-70.55935983731435
-222.09668391808773
-1854.6870277123276
-2.7769184910604725
6.304968440277412
0.9151577457552532
3.1360648823065675
4.999705193191505
-5.469487627058786
0.7863052309056288
1.6062801406896305
1.4939882232962542
-10.203980847370165
-3.5127959762257945
-9.862637039462095
-3.29191494849732
-5.649423224415626
-6.21738699950604
-8.513190504240987
0.3269231491464612
-12.259204260203918
12.728960315294394
-3.186540944593617
-0.6803854902964959
-12.332361544866938
-39.93916888406901
6.947598717624222
12.923534279734758
-8.965594702287222
-6.217208249401796
-8.149266582727268
16.383665692458063
-14.21471419984699
30.138291889197284
-7.245192604996897
-83.44578915957851
4.038820707120912
-15.700132233343204
-54.08961604214943
14.026860125223624
54.486099993730576
5.394767011401224
-19.09786763117095
10.26825223340979
-72.71629094206241
-31.787478947712295
1.7620731414723065
-192.69708727276728
203.55014932860797
-473.5119796363697
220.85160034433792
176.05201453419596
-745.4828726113491
-1416.7691587196205
-297.6395373718543
615.5108666015337
273.06004403841956
140.0754087558492
-981.1487654956845
2160.1705521586687
-244.0092305836531
-177.18994403679613
-1126.3534465325292
1900.702568165653
514.490652915107
846.9918562603827
-0.007226470478812204
-0.0006639809355278471
-0.008196540247393884
-0.007557046334156848
-0.033709959020908
0.237028628906125
0.2861912513028844
-0.1896413592970336
1.8484416555166376
0.015375284655511938
0.0020958245087663112
0.05275201386363546
-0.03720104430736065
0.10443822665788415
-0.546723543072847
-0.5221659147955408
1.1003838457291633
0.5370527673031927
0.002118929485449738
-0.003630284605323741
-0.018934822442460017
-0.0026195633718511073
-0.005261889390277287
-0.07353174865732665
-0.1623849710611592
-0.004716504629806802
2.0938498668214884
0.007545254643496515
0.007683459905004757
0.01834436355805739
-0.03016144090870104
0.058062124123315295
-0.14200282755613924
-0.3471251072388381
0.8786398463091876
5.690290354714937
0.01186444489554962
-0.004970994942233738
0.0052750480396790925
0.02002128611991352
-0.005492431979180552
0.1414277881968678
0.14642370360869889
0.3363583139156021
-1.8544202401918042
-0.01477633224827267
-0.012192963678480816
-0.022346053266344257
-0.028239480501507055
-0.05941180464887369
0.10834751518072583
0.5556741020780752
0.3174275147513689
2.779646289207196
0.0024668614214208044
-0.005784946831627742
-0.0016784844815230222
0.011111529912512354
0.031472290641010155
-0.06447749616192283
-0.8127819179867343
-0.20358354326191683
-3.5502548101702396
0.004152418586173255
-0.0037750306536458687
0.0015276602382077121
-0.01722088776285225
0.008892675911712163
-0.1719645020736539
0.15056841491322798
0.10385176647671639
-0.31197562508924753
0.0032551096121700607
0.0031210991356640477
0.023010179401007917
-0.044299543112963136
0.08295176205769988
-0.5426757685906463
-0.38271153092829335
1.1796307258999268
3.22104103944846
-0.026653656380645926
-0.006970681061533541
-0.04090620645297631
0.0181098219854241
-0.14580278949998415
0.7040782476650672
0.9838503108355264
-0.7420923043042059
-0.3550173405298548
-0.011467226314488266
-0.009145117318721701
-0.010327053322969782
-0.02098642027266114
-0.06280649688859125
0.36557588324501045
1.3503030060074848
0.9584868819439011
3.237510349519526
-0.025531797115849252
-0.031986456010229786
-0.04174868732615965
-0.06619015471553669
-0.036960040174073
-0.045356376418165555
-0.2981747471922721
0.48500140349603443
2.461522167165679
-0.009671813500324361
0.0041800429447885565
0.012363494893929346
-0.016875372535112673
-0.021566163936479327
0.18959535572192682
0.8805484961725174
0.773194119578806
5.32005911828849
-0.012103415310775
0.019654075854106928
0.009457398246278025
-0.02255865991677212
-0.01782599444404748
-0.2665584243049244
0.9453960634122273
-0.9596555081223105
4.417635266358689
-0.01776539013269217
-0.02423091502420542
-0.013524591307387895
-0.056351591874270406
2.4755343240390774e-5
-0.20042315342649475
0.18856136836047216
1.1458068458792596
5.282666977970078
-0.021650085368243033
-0.0051618501554713215
-0.029026017369008308
-0.04340972807804626
-0.07097890027991542
0.20764239180073332
0.48350987451885746
-0.06261010657319639
4.897067096701689
-0.001363852239063436
-0.010720469259388384
0.0037270195186984685
0.0029858115603530466
0.002608966403386336
0.19711196951511012
0.4240460506965158
0.6618631807572025
1.721668501234698
-0.030035008028767355
-0.005547981061415724
-0.02171859148286123
-0.03654068752107776
-0.057801881698747844
-0.054825302411401176
0.17856680620449983
-0.2790195243565258
1.0474543189060808
0.031792674899191596
-0.006910816898512981
0.04580864491445713
0.016624314868596658
0.14944561168387815
-0.5580498308256591
-1.4134000064476293
0.33247793286226196
-1.0711333747049365
-0.004249322016296499
0.03773296149031672
0.021088635541788848
0.0793479852689858
-0.0535260250625089
0.6293188192868658
0.04913061091297669
-2.9684873237147755
-4.587868419846624
-0.002055041095263297
0.023035285949717946
0.03625482978855825
-0.001668653028124807
0.013697789686424988
0.29044737000092263
1.1612726180492396
0.25812986994746745
3.434058574477492
-0.03429416296835873
-0.041222132204962174
-0.0391844176839264
-0.05889339092620084
-0.10174238066769838
0.37288450863825434
0.561609739089139
1.8732081417695643
0.5165488508202293
-0.09924151714790275
0.019638059934651588
-0.11893798705258733
-0.08113814036451451
-0.38201863507034073
1.6182543387679613
2.984013669287611
-1.5491148523396687
11.634427679390148
0.01668771360774269
0.018329441891333065
0.048909643308387096
0.01722112245343715
0.015544960680212572
0.6573061240896475
0.33724951927794344
0.2286726525264561
-0.3302351143956629
0.033919483917543514
0.029199845446292495
0.08946711948341125
0.049280840634100535
0.1417708855969003
-0.022836787875627224
-0.5950883265772605
-0.4132759789035965
-1.006986709710968
-0.02312203675433173
0.016471476812491476
0.07677835409318154
-0.014777576291736271
0.009241524494334949
0.44637611893446394
1.6178664942128673
0.7125205991602334
-2.393274279133392
-0.015540569247685822
-0.010934194832396021
0.0012532166241312646
-0.0261148107676897
-0.05851948340758122
0.46259909301224517
1.2753569073027406
0.5790685389318794
-6.016561682441769
-0.01912605171495859
-0.01325691822501907
-0.06996449341432918
-0.03724722501954193
-0.03742942229997575
-1.2762527864025008
0.5163812763858315
-0.7373001754758615
1.338012091761366
0.04325685989226069
0.0418328036220853
0.05403071373611166
0.07233914044782813
0.12708735874961574
-0.32511655989040955
-0.8355451311823058
-0.5422268957351618
-4.9870296224955455
-0.03737615345417643
-0.015705635558018634
-0.08016361480328103
-0.1512632653520676
-0.05138194671287479
-1.9169535815149965
1.390728283827987
2.063034064317662
8.565986516936489
0.07293792525721386
-0.04160477399569086
0.1410857407398637
0.23323094209273704
0.19420051833216043
0.5967699462299303
0.6381292888631376
1.4184899696130244
-34.76205893094103
-0.01936793979629944
0.0013196443248914514
-0.05600797740881017
0.0027558754294262746
-0.1140130467515637
0.1657264420102347
1.741893711732601
-1.1501714564143348
-5.58772337810176
-0.2103698342034604
-0.092699671730576
-0.2833910792537095
-0.40546781645654933
-0.48367683966028147
-0.02153207822678479
1.0341814302829944
-0.767274823153379
47.38606079931221
0.0059892563015299565
-0.01955764404046345
0.008465973398221801
0.06139392243372582
0.009367914671476374
0.19957344833757198
2.3388087609926
1.6340830043655685
-7.566642968623307
-0.04262931740781823
-0.0891316662846521
-0.16934631651606608
-0.26287961626153267
-0.29831543005428324
0.022237688219174694
0.9767838410080119
0.8973098517053029
12.645419539940093
-0.137281695167731
-0.10079808039837182
-0.17786700829728508
-0.2572915185828556
-0.12181435736880356
-0.09430840625070769
-2.5349238916536265
0.40302208343169743
12.817435266797338
0.033751267871052634
-0.03568898456009854
0.012308022387377647
0.06359087644957222
-0.03525485403232867
-0.24973723503283968
-1.1851968944275797
-1.132393948602382
-21.00654566417232
0.13330251043876962
0.15894126780641396
0.10965918802753964
0.40912439638579595
-0.06860128287392736
1.2882179399470155
1.2180915369344114
1.6778719531581385
15.94782836824668
0.012114948291101468
-0.05229914292185713
-0.05029934249208571
-0.08391728142951278
0.15477495591532456
-1.6232718559558112
0.720741754918432
1.998794197849732
22.59384082166261
-0.03855931344665546
0.13554779530652714
0.08153891446035931
-0.23358115857258774
0.17922599190951394
-2.381453820343944
-3.4729275026730178
-1.2423498948393519
55.62408362276353
0.0253454281357552
-0.17544992873039514
-0.1074179326660677
-0.043669325154469314
0.3163793535755098
-0.7230302491642737
-8.337766945728532
3.0710169840274952
9.041836154955135
-0.18061014793202537
0.0032321296758983037
-0.2877173394348327
-0.3549646053930888
-0.4980112784690828
-2.6904533801104957
3.8065922376505066
2.6921543286319514
105.31322886338714
-0.08338710260464598
-0.24876827450181385
-0.2230511772591873
-0.12180999770062924
-0.17750760933592366
2.0834230306832295
-3.555865943523825
3.6226655727061594
-9.179899600320812
0.016636400786947243
0.38985043653507234
0.06008841900420765
-0.022626251347251925
-0.18334212528930116
-3.7577214835603
2.070323729705689
-1.2610858776464586
154.61005602912402
-0.48302760612245016
-0.5208574925775251
-1.2592521155540684
-1.6753482571802452
-0.2933296781112411
-9.93703318987653
-19.465840358770915
-13.04813774123034
108.61845522686845
0.4534754696135442
0.09319952863811141
2.419749972653188
1.5841674508438819
1.5167162205975442
31.239850692388426
16.321409821895315
28.533046016369525
-199.54823923998973
-1.2648764743494307
-0.9921512181278717
-1.3243413551910175
-2.156770246766962
-2.973619090857936
-5.93113068218095
25.33021647016509
36.80764442770549
57.821645195206365
0.6259022006328124
2.0361625461673185
1.7411611140293795
1.4891462501962645
0.9102810726848491
2.330169744424559
27.42301356257432
-23.648132068661926
58.345306474330265
0.37346228327330533
0.3489611902737998
2.7742431276148487
0.43602093673204606
2.5698299218103355
-3.3435100153978663
34.982266253225674
59.43899217445344
25.716502165493175
-1.9169427188794725
-1.3656296159173453
-5.02248144243871
-3.978217166502791
-8.039825161410313
-4.374007316920725
41.91597645326043
-15.129293516599848
114.41522525799589
-3.5638168178334935
-2.0263777639662215
-5.8684188355340785
-6.8998495585812245
-10.2152709302339
-12.356823488039081
6.1655708720953974
15.188042289574838
173.33688604311413
-0.787051006277864
-0.6304433125989437
0.833394007374569
-1.005349961985057
1.2178512186735868
5.615078810663473
-47.981637276683365
37.43969623407204
472.81016008016906
1.570559565087936
1.0423752525129313
1.362148019699688
2.244502934655707
6.685912061029022
0.10456364540409148
-80.53253553427992
-39.091931684979905
35.83734666830044
0.6277587508476539
-0.8139294244188647
-0.9770508105962775
-1.0741566071418804
2.247434888797174
-43.915053130012396
-62.41750629141464
39.5491851901331
258.5843357531193
0.39755458434008384
0.8448218353824968
1.2822879783019079
3.012188390597131
1.8824881345154116
-32.62965644509007
0.9042424628218988
-79.82150085621146
426.125945386789
-2.4453088172546384
-1.3185618935643235
-3.713229538164411
-6.422938691781939
-2.4578735473130635
3.6765366849294683
23.35169957459906
121.26055690970588
95.10954180927443
5.5279523372850985
3.168744858490841
3.719060311981634
4.847459501159847
4.253500477937551
-42.55778567613141
67.50745051485292
-47.1424193336165
-74.47016006758663
-0.9038108122421371
-3.6290393759024666
0.4376447856070304
4.723890452762847
8.193275605260846
65.41275281273383
-174.19361276208403
-15.814902699829902
439.41929534171453
-0.3191766117155432
0.19154629494910544
-2.8351852618436983
-4.417730795504644
1.4310001135336097
-23.701982466131383
-120.61551945986844
-52.37436219520972
234.35719906930376
-2.9873114264197276
-0.8541056990452479
0.22435706461919716
-3.2676659226446856
-3.9965940394103243
-7.384426717467329
90.01198948870284
26.745811247863166
-429.1863106331039
4.812499969378786
1.8983100839217955
6.387779511761036
2.5768983371270413
15.778367811140402
25.164300005507695
-450.8487467303461
-21.417835273939723
263.24190580399016
1.3934627077090174
5.013030785956179
0.1261623438568055
-0.1392186401899357
-1.7976265600975045
-19.891028866841655
221.43693952253568
-50.1871886730039
-340.43338241119756
1.992838188249146
-5.364721672846465
2.337294895697668
-6.142294737717269
15.9385746564016
33.23984831779739
-124.12178283119505
3.3518092118347043
893.619834704417
