-37.33162016558518
-18.66599751019667
-358.7206413235916
-217.82640619913312
-58.63449715415326
23.603537424065014
-6.006135865096851
1.1005909071436966
-32.79979831879215
1.4462209912809558
-0.36014776545153143
2.342973167371672
-1.5288818286937165
-0.2576758316821823
17.50977555876835
12.023965840590275
6.695036699159608
-0.5580234323837655
-0.16089690431734513
-0.5043293510495264
3824.2137049099374
7372.795768854635
4597.742837846315
4626.614242608904
-43.31943920682757
-613.5294679726405
-1078.6088543936771
-710.7336456568511
-660.8152262292832
0.5031176643582298
-6.128547253143671
95.65692868676145
46.506076119178424
47.1407746726157
-42.13416367630686
18.773297283461996
58.34839284118863
-10.69202443177925
14.200349189087289
-49.19448079818906
6.622970287684248
-6.261164723693081
20.304013889012932
3.0801594397041163
34.04669317306769
-104.52144335467099
-11.644217898703824
-14.919024538526298
4.816457733871882
-2.238447283905368
7.911393869011889
10.301632677134393
-30.894902910685246
25.797323413480726
-4.025650043419828
-8.239821944928112
-20.272661993258993
-0.9306122610711945
-16.651271972125414
-8.415935097150369
-1.5937269861878822
-10.043314017674588
-10.58443592392635
6.672842443653033
11.705827563549173
-2.851574172318845
5.264811119817442
-0.28724024038001567
-4.8633545196884365
-6.596420365818012
-5.5875986898997185
-13.75247520687349
-25.698505482981346
2.9156784688715844
-7.203581698527913
3.5661009520386626
12.252992263898806
-8.522131693821008
-6.358234753060236
4.9425775716358995
4.538958738022021
0.04004332979050825
-1.9960645266486667
-7.038111013206016
-6.18819976997437
-0.22727901320921223
16.65181490540656
20.310048512045938
15.011401778486993
7.363078394118071
3.076006185163082
-3.3632590805445193
-3.3290852913334272
-0.2911706735126627
1.4751074037501528
-42.92766698925168
0.14834368845454937
-6.806847908786736
6.754830218986407
3.355947449335093
-20.355227380883182
40.76339712467307
-2.6928110046815634
7.795261511502829
-9.12850784234723
5.975658318872235
-12.503707551376715
-8.031616887974657
-11.547483030298526
1.6657013823857525
-41.19557467684175
-65.35121801388455
-43.82147132245895
-17.085268113365007
-12.207728370140693
14.24712284904879
19.133691371160605
15.329266190953135
3.929158456859107
5.263608852233209
23.411239346305756
-33.43823633847041
-12.5620734433789
8.189901917442736
4.417686468352068
9.230994833298737
10.055491513986798
4.606291884076777
12.134478809076363
-19.157679027750937
1.0521021888943518
-7.502116502737872
-1.879533087958264
-1.8414188896458987
8.451450994375316
-0.15368132572915744
4.489198819819871
-6.027471162176749
-3.9946973585885277
-6.297599737112948
0.089873178981464
-1.1009873708355669
1.7151888168822287
0.9691983616561413
1.9831785986985133
-10.204123761264333
25.825612474390876
-6.682015649087688
9.228906518680546
9.748859869986482
-14.487966990808932
-43.66071028620365
-2.9998752126186012
42.59166192339353
39.15085828601694
0.008521083536257757
-0.08705199084043856
2.3913188018442617
-11.725763651894338
-11.044502397883615
-0.27866082863830977
-2.483021991479857
-1.2125771779722
5.543825433133385
7.227660899465677
-1.365144832656632
-1.371591106616824
-2.211443754431894
-2.127928700221398
-2.964252230163832
-0.0001553360171192227
-0.0011838981777333327
-0.00014161750554703067
0.001997128614771833
-0.0008534251609116382
-0.004498189715300864
-0.003432291929431152
-0.0017134898860496316
0.013914270032158959
-0.09609876746845612
-0.19986248270902673
0.09463826363764007
0.0031845485146137316
0.0053868019770741795
-0.00300624701177544
0.00627732580942683
-0.008131990671243827
-0.029027609152477356
-0.013664835117610893
-0.014792660037518295
0.01898093910111739
-0.3442532049442621
-0.6522803805860746
0.32678684935253294
0.0019162344391174201
0.0032305576170621937
0.0011239221672500771
-0.0008264943954983944
0.0010607623601525053
0.0038481233037086704
0.00043190852481243434
0.0014642726268785738
-0.014901304523735006
0.13624438567520197
0.15561627055555707
-0.1943859409484293
-0.00046131063642176196
-0.0022085173215205677
0.0005592362688538218
-0.0017834527081577916
0.001505392577671477
0.003935180007823039
0.0022921633928477177
0.002723024939456331
-0.009284786441169122
0.04416382184373373
0.1376389204187581
-0.12286531786955188
-0.003345979861635884
-0.001328056512520266
-0.0016586466170023662
0.00036450588883028205
-0.0011312223357138667
-0.0018612104071219747
-0.0016344898126285777
-0.0027040940689725323
0.006515100798366914
-0.10627801169296468
0.06158156675582745
0.04184103694898023
0.005025695041305364
-0.004888623315263883
0.004050846386159202
0.0014207700344606266
-0.001850015652021989
-0.003552914458875895
-0.008929807184799276
0.004784707770094679
0.012358005743643692
-0.06443510008273506
-0.09629502700637398
0.011106510352703752
0.003027191039802682
0.0008725539008365991
0.0005589243785809083
0.0007268705674852939
-0.004077865237011633
-0.0073675316512460745
-0.009016753097027739
-0.00640633431241431
0.00027722206009354666
-0.04665466540101664
0.002452281085489272
0.19426096503064486
0.001229335979307864
-0.0055382715220274326
0.002829443006631315
-0.000727630471282975
-0.0002920054055873179
0.0067869218197299155
-0.00016817807148495638
0.006347632296203697
0.0077465950034943006
-0.003769902215667734
0.15184980711072535
-0.033578759213366415
-0.0027591796409976214
-0.008109649574940979
0.002309521015554827
-0.002514779989406218
0.00203766213028184
0.005445722688590649
0.005090809332169203
0.009751662016567405
0.0011399758189658985
0.0627823664555762
0.5066276264356097
-0.13993522282019438
0.004763974258486071
0.012603878361918319
-0.0023969100746698904
0.002046707782158151
-0.0038008792821817468
-0.013562864252437138
-0.00335516672117608
-0.01684540363666012
-0.014423261123910808
0.10815344126031798
-0.20880082716168577
0.10282496695256936
0.0021059703492522387
0.002391695605130581
0.00013630529805556485
0.0016095695859637917
0.0003093183292805058
-0.004862688475870206
-0.0010788580773149667
-0.0022279629880331323
-0.002541075656813671
-0.03815869929358772
-0.05425433430516945
-0.1705316190389277
-0.0005406754031976132
0.003466327138742475
-0.0013080686585868844
-0.0005690745471019032
-0.0010900714110946062
0.0015865535738696964
0.004890321220316383
-0.0021165506421941785
-0.011328820424637773
0.11362571143142514
-0.01871410000117426
-0.02504245963678495
0.0011729591361666555
-0.006670728911129451
0.0025482086836872645
-0.0014764511005132
-0.002112277305620356
0.002639303977511131
-0.001974537846282562
0.0063771427781508854
0.01053056029510204
-0.0789637562433851
0.11814306720789092
0.07007163989080709
-0.004663809903692925
0.0033643187410192276
-0.002573463230613323
-0.0011701063040389023
0.004184451215380976
0.002602179393557652
0.007260238037137407
0.003030614979947468
-0.009140403741995321
0.08992767374150386
-0.06133451004351351
-0.004539003525846347
-0.004692047738775085
-0.012191869783390681
0.004190266361291148
-0.0045754261265938305
0.006697568311243456
0.023464528622765688
0.013788647543721454
0.028254244781260533
-0.00039724914113085463
0.06522399223171821
0.35790704193862777
-0.23533387391811172
0.0018331416542744971
0.0012147830986438206
0.0012030807590227887
-0.0009358137906215261
0.0003474337250038915
0.0015827488872622243
0.0009967971606182878
-0.0010156744344227008
-0.014045378770075894
0.005528294107820319
0.2778203453858354
-0.23364160425928987
0.0006166848420958031
0.002024911080429216
-0.0007252397030122991
-0.00012746207201573401
-0.0015079493315544182
-0.003240093820102507
-0.0016289322688936008
-0.0017716570092008986
-0.00784978619142031
-0.07277386025346402
0.08221860114407188
-0.01115774030984811
0.001364351164062798
-0.009598587733891188
0.00333282037504397
-0.0007426610644068316
-0.0030909538921604245
0.0016914510149806277
-0.004030019949219848
0.0055918258575712206
0.01940864148922629
-0.13608522638240272
0.04706147680478186
0.10104868411901126
-0.0057148857260198044
0.0010094930862383545
-0.0012069581338774512
-0.004559526768885568
0.004447314135043686
0.016624397670043433
0.009013521130320563
0.010842128855292179
-0.031115066234044853
0.2548345917948873
0.5039094316855488
-0.25032665099992996
0.0026520384191236375
-0.0063814001433166135
0.001384780277001506
0.0010304632312713724
-0.0008432691032241259
-0.00039406802470194895
0.004764578714160376
0.0059764486577632055
0.01352838920845086
-0.11858324031952859
-0.19412856286173735
0.10077203468920584
-0.0026326979348993197
0.0039658270864770286
-0.002775508557030621
0.0013473749597910437
0.006488457375719387
0.01116679660432747
0.014415224899225143
0.0021796179142012685
0.0021414319695026635
0.10089719170977143
-0.0610249093639303
-0.29986041570932315
-0.0021165172014562025
0.0031981923552467334
-0.001829292178895181
-0.0010283365360224952
0.002373989390088465
0.006186141649422318
0.003632119301934808
0.0003766493831460199
-0.015082518778831645
0.14451561357990989
0.1493119637946723
-0.15816480135226502
-2.3171169807280425e-5
0.0010969455999057117
-1.3672947133304401e-5
-0.0007081016243050575
-0.0008645991892259785
-0.0008896441885114599
-0.00529851997682835
-0.0025258761422699565
-0.012762198391537059
0.022985695112799374
0.18413639527277065
-0.254699753506444
0.003720207446862312
0.014695292268552861
-0.0016486738354326374
-7.260501452712096e-5
-0.0008988355569646319
-0.013831719122147153
-0.0033862982510511493
-0.016217128155648495
-0.036218177144421757
0.175943049379992
0.18739037538640455
-0.22455490618767637
0.003179694122305188
-0.00803798316261663
0.003299154981500697
0.0006417743938721711
0.0011085169389023666
0.002471460405107126
0.006038134347723119
0.013102108101602675
0.01952843548092769
-0.012617930540075074
-0.18946252290929677
0.05235196148621769
-0.0028121896400142643
0.011823968154373653
-0.00605752541644305
-0.0026256917653132076
-0.0009730240414227751
0.0005329240690168938
0.003471009167941146
-0.015801391666824278
-0.037733807232481605
0.18373002531157395
0.4246078318617359
0.20839028312682148
0.00298527794208832
0.0022076756096869802
0.0025665375406995045
-0.0009036655648883847
0.00015748872376817282
0.002887773207268686
-0.0019171284258321323
0.0017246165712550294
-0.010087700798938741
0.10005965558673777
0.0913159488883424
-0.10030127334788552
0.002147771344015961
0.002953393165768074
7.753129476196912e-5
0.0016619412870081903
-0.0011617506265501618
-0.003954782940242706
-0.0069847417340018455
-0.0040103808299156996
0.004194987781578056
0.013956147945514514
-0.1986327269633979
0.017419555898824615
-0.009493351088895298
-0.016806844046018232
0.00519088145943574
-0.009162158276549686
0.012834978948754521
0.043119038508595324
0.030506333391211872
0.0434649087599373
-0.01980760752770063
0.20983395862062773
1.0067521813264402
-0.4526686304360987
-3.5479076304446245e-5
0.011914048330687658
-0.006956347022964517
0.00028637209679521135
-0.004704977069988717
-0.007664704462196747
-0.0020912758400525254
-0.02363436295564085
-0.017038327059596903
-0.009784209352803127
0.25490365038754753
0.2902379868594791
-0.0033627388669236636
-0.008429229919893269
0.0013472234342741367
-0.001955395388195248
0.002919379647025784
0.014613752394514987
0.004704235180792592
0.014133649667660524
0.013656927359931452
-0.14549240933478996
0.07800787000369393
-0.1873289466761573
-0.00136105496091249
6.6107350004773e-5
0.0008773347377274672
-0.0016788771775074552
0.0038519435185655876
0.009017345435670081
0.005627723764041094
0.009922183567713346
-0.0049345780951518215
0.15616866292935652
0.019079770987493524
-0.13685104091698824
-0.0001959863104225504
0.0058139919636830744
-0.001995391227277235
-0.0005151263953101758
0.006927363235087607
8.1858626599567e-5
0.008583262397874606
-0.0033010213291348235
-0.02139699318603668
0.04188964937238639
0.23990599930257406
-0.4757556120249133
0.0008950550432606558
-0.010663323847968025
0.005967696285048508
0.00048041196042630904
0.004416385064807611
0.014290263439397348
0.0017002203119318557
0.020878326343209637
0.027143379052101277
-0.05391868489078543
-0.1300602624674176
-0.3696153619737549
-0.0006553808902158499
-0.001157038208396174
8.738263191857359e-5
-0.0011166653803576258
-0.0036853533900856206
0.0009577690619032855
-0.003862448144589306
-0.0008318420086451872
-0.003293652592519512
-0.040661637666916016
0.01035901090702572
0.13856748147826695
0.0047697924725612125
0.006452755279471865
-0.0029507719897897155
0.005329403052269439
-0.011738520250895983
-0.025166807783763494
-0.025255751650540125
-0.03063231063024014
0.01304770317437896
-0.2463898406754025
-0.18596324256537303
0.13417726477726136
0.0010533862577977251
0.0037424271550049234
8.415085758195841e-5
-0.0007862259614935879
0.002394784520660796
-0.001515261090439583
0.0037090352293591756
-0.0009060240452579593
-0.01627867921545833
-0.03838176247631416
0.03871029844431012
-0.13304227263553187
0.0009352508761756022
-0.0061071232024606775
0.00568078973112631
-0.0015143371447230683
0.008389710173957381
0.011531149875065034
0.010807246274073663
0.02698917753268628
0.009132287398767775
0.10425132931360775
-0.2555408521366497
-0.331524999088142
-0.005206580274047013
0.0056178634795232526
-0.005467846905986594
0.0010345723288892827
-0.001157941258963384
-0.00023556865239932382
-0.002106380698378277
-0.008999761439835358
0.0009755118507542361
0.1700984940004859
-0.029914848387429006
0.5211734757060115
-0.0006713485300680308
0.0004081322035305678
0.000687392665879751
0.0031873003124326506
0.005280095145562364
0.007877004542795678
0.00990782997813389
0.010524908412338397
0.02666533781250506
0.01564359047115944
-0.38338778261995815
-0.15550768511561322
-0.004340743271118009
0.008843266335853868
-0.00607170193000784
-0.0013500181077056553
-0.008162521135299349
-0.010948567802075985
-0.009366578408758075
-0.02172573283975593
-0.021545775348907985
0.05165314541757595
0.28781658658905473
0.4172929010050231
-0.00113054059074789
0.00621631791339719
-0.0022315437923569044
-0.00034782261796161235
-0.00635401270158175
-0.011349014035602513
-0.0006267350428120927
-0.008980915559136538
-0.017086112302860737
-0.11947682925292534
0.05694485227360215
0.2769143586469716
-0.0013756312085871645
-0.0029324329389161957
0.0028168256708293224
-0.0022720969629223394
0.0011791748660551764
0.01156169309910895
0.004851976165497873
0.010622316345005128
-0.009527855383498847
0.35370310265224114
0.3753318361428249
-0.3250499433375739
-0.00924965775877627
-0.016866029279780613
0.004272323564514857
-0.006198463608256393
0.005987051616197825
0.03184769010784416
0.01965115178974599
0.03211457443866395
-0.004891663639466608
-0.0636487288972256
0.965206760340153
-0.5925728114715528
-0.010633346529099367
0.02145568777539882
-0.013937288420896735
-0.0006843242761589971
0.0007177434520585485
-0.00033702859936109343
0.007780847198570934
-0.02129043864857721
-0.029007737639389755
0.14559712418310541
-0.08199062987595532
0.24992595727081687
0.0021755104830526307
0.0024432759589112824
0.0013684545803892896
-0.0012058844140912044
0.005958580251200064
0.010481450412620863
0.014570863472365587
0.008774953185861903
-0.023612874317348202
0.07885114891636764
0.23921639039819043
-0.25483589607434093
0.0016218226774978104
0.0018571923433096061
0.0006728088962792281
0.00164683108930066
0.005345534217646729
-0.00369877824999193
0.005509285274023871
0.00821322946371637
0.015059815566081044
-0.07356833523330443
-0.5481019681283877
-0.10618001683203254
0.00043144846716844647
0.002245090935250769
-0.001945873812180434
-0.004803105357744822
-0.017245684607120806
-0.005203541441795715
-0.0052496310671324995
-0.0299452036620035
0.0020138986879021954
-0.2424234354047784
0.6159812247254557
1.274492494671565
0.0039471794492301005
0.011392730410958753
-0.0014434246783779554
0.004256251192493734
-0.007007365823785311
-0.021326053400525374
-0.022607540488728466
-0.02392337338928455
-0.01603597975539533
-0.2283854257564785
-0.009228758180144073
-0.2522763868857208
-0.00021933251132256074
-0.019659393680511672
0.011652573324027108
-0.00675966744580742
0.012805575909086302
0.05335303473829029
0.038837924478823754
0.06320131086447237
0.019722199458839566
0.2313628106733473
0.254721748250916
-0.1595725983365303
0.0016969018266091433
-0.043548849819124685
0.01824206042017419
-0.005673069298742592
0.010101232749413321
0.03998653683433619
0.009109666779405796
0.06590819745476663
0.05508054106664703
-0.1750140499379442
0.16091801600483385
-0.6172033975542821
0.0019184553424583522
0.014728072585839538
-0.0018648119755422137
0.005630783496608272
0.008211991223461796
-0.006615880194944286
0.006614675339620974
0.007060049429316843
-0.003291346007214965
0.35963459690189237
-0.8237782206033379
-0.12700989117649714
0.00011515021794406513
-0.001710170319392378
0.006073147221388326
-0.0021228867066086397
0.005485968009425445
0.024878825703820932
0.0009653804084609191
0.020563616462658085
0.006894523540021118
0.07702488340142823
0.2403126042788885
-0.26395339223353076
-0.007952369446145231
-0.026556329217537943
0.00342149411058055
-0.005936362416848872
0.0035054645307961694
0.018183502666122967
0.014460670362702904
0.02757323487181377
0.03631431210383733
-0.46012228195793853
0.23122770760462893
-0.23891804395008995
-0.001477383825696445
0.001194608534275294
0.004300408311714137
0.0024346040350055956
0.0006745107246141434
0.004756129016968234
-0.01021021444767373
0.0179353483240511
0.004317495073765756
0.007126655768821056
-0.23801229819434078
-0.8835145204609793
-0.01656424362021039
-0.0027131364771749663
-0.008233672795302125
-0.0022665761572804245
0.0063122944440435
0.013954750657351704
0.013548329660475188
0.00801893032678341
-0.021166478886084698
0.08698808646112037
0.18549241979716632
-0.6924334381875809
-0.004691871150559866
-0.0006619963763747416
-0.008380694178217568
-0.005578333836647229
-0.012877564140824246
-0.015305570212844498
0.0046670880400683
-0.029320532420907736
0.004249031785987981
-0.560794565416598
0.5168684370056922
1.5094723404146047
-0.005532166412420729
-0.02677999981609589
0.008963725833590827
-0.002677873370570004
0.00581223903013809
0.022647801673608924
0.01779725452088967
0.04816625336705196
0.060021776407451245
-0.14207859187763425
-0.4978548113944303
0.3715796908950989
0.015943990704214643
0.015146376834429496
0.0012892774073132447
0.0002702885761764387
-0.007464472694727598
-0.025311954982387638
-0.0025897302993351527
-0.030769917902637285
-0.02349849397914456
0.2468463037083599
-0.2983427429086387
1.179769568229597
-0.010636725086652777
0.013404237606053254
-0.012527286178493555
0.0027845784492819816
0.00386218757400328
0.0031105882752219868
0.0341601126995597
-0.012110738169188317
0.006208556833948331
0.015394739741921749
-0.0020009668450194267
0.63990564931333
0.008316782029225398
0.019484713141259595
0.0009816787637383902
0.0017796793483856044
-0.00930274460442337
-0.03719282343326975
-0.04472022382710548
-0.021444468678707293
-0.037030437448937685
0.3379943941652257
-0.5783658879440642
0.05237822353886302
-0.00072023314499841
-0.030876301096744132
0.011984869106083304
-0.0036169678798874307
0.009035547538490153
0.04964458215901795
0.0332320717554479
0.05324870557341675
0.05669692382321077
-0.12222792360147161
0.18205989568548392
0.13109888726966398
-0.01924488965358904
0.0009048610234901775
-0.012649673813603627
-0.0007112347140672193
0.009146534453233575
0.016425993739655496
0.026375127456057055
-0.0013359945958792614
0.013989388497281737
-0.06912519545212097
0.3854379278173149
0.780246499956779
0.010590321992342859
-0.0027123025670236414
0.00593242109924605
0.0008403599336228662
0.00961889624809728
0.004713044287424232
0.026379632469528524
0.025370038261135566
-0.011248941730183482
-0.16073335337538389
-0.23139827149425635
-0.29063756207742936
0.0062072903540972965
0.01568214263741766
-0.006756813027101415
-0.0002479589373631718
-0.015643845367669298
-0.022009272544912112
-0.0024344114004404716
-0.05398491566491128
0.019436517028593038
-0.4926570976250659
-0.10026234800609421
2.203601675964075
-0.002249273558547038
-0.04277679079508718
0.01622071303063471
-0.007238169150806619
0.003816881341843276
0.046273067299452644
0.007642582436474461
0.048445574198437626
0.046076125060970974
-0.23453135894580648
0.7308319001420825
-0.5387415500854864
0.0024331991032596136
0.0033206107170503825
0.0002678192737035624
-0.0005017537228689255
0.020025943249581856
0.0029003918519662475
0.035590267104365955
0.017922042828153933
0.01000258783723504
0.42098415318283244
-1.2174589985443327
0.286134262161523
0.007396957061166597
0.03372841604892991
-0.01591691292272445
0.005043069286702907
-0.009252101114675094
-0.04554365885782467
-0.013103749301160305
-0.061434605848873156
-0.06519104128071672
-0.34241284727264804
-0.03511375952869719
0.32998762167142465
0.006311320684624152
-0.010820645714029856
0.004653875356856697
0.0012612412559886083
-0.014932064092163145
-0.00918017673968502
-0.02880640951468602
-0.02098719270748256
0.014523270992978572
-0.5492254761889476
0.14792779402554695
-0.15205826379035983
-0.013108123184210424
0.006090781567426049
-0.008298275769089127
-0.0024135114197290355
-0.00013070868934632267
0.0031722260792685815
-0.015140252949843622
-0.020729226507262444
-0.033890310102599845
0.20613018918852638
1.0735407612575885
-0.9357970492111117
-0.020823484626280288
-0.01892317405136778
-0.0024121621600997224
-0.007202368170418914
0.01682797193970376
0.06937242219820898
0.05155080683162574
0.049377710225131856
0.060950213680674874
0.030429796764795042
0.20695862704301052
0.519457587551468
-0.00657852747101999
0.012244672153760528
-0.004645255120000509
-0.005930242226778991
0.021532884356459364
0.045041910864748395
0.07085801855813983
0.024435011966538554
-0.01503274087615689
0.2806724695650253
-0.3039721602056782
0.06118390991080316
0.0002971379834356691
0.040064964387130086
-0.010322310171169972
-0.00203287662356367
-0.005229707328501184
-0.024177377352884968
0.007193607886859757
-0.04626963511699265
-0.1264364333698287
0.15210819933745406
0.7951524926880078
1.0125163882393722
-0.007119655420805777
-0.005236063806783134
0.003197326018463052
-0.0030576979218710537
-0.0004438994784305899
-0.009654061695517267
-0.0296914441180898
-0.0011239996680207213
-0.04898434194283291
0.5561794974905757
0.5805199487970724
-1.1037694534197826
0.007633740368634369
-0.050581225695231644
0.03112389331546813
-0.01035704908878195
0.018100350793183447
0.08006779179885094
0.04014157207220815
0.12219798615405743
0.05610182636801179
0.7567424728159736
-0.25749962043044916
-0.9053221886563195
0.0101065083306118
0.0462547019079416
-0.016452771647582562
0.014979624459277056
-0.017015172833302908
-0.08897214618115701
-0.05916113868388055
-0.1066490734580715
-0.0715952907757989
-0.36465907898508465
0.021232112489624925
-0.40906788070510014
-0.012345869771129517
-0.040921044702585056
0.018986623352223484
-0.011786090830566648
0.03889582066754538
0.113735088907693
0.07510466742445975
0.1496209176652334
0.04627769294797245
0.7578915531228964
-0.19621091133686466
-1.7877542067839765
0.017967151195106723
0.06778559796987209
-0.02109920123388447
0.008283042457098731
-0.025920302639150905
-0.07448710489641105
-0.052490921733897945
-0.08433933779245094
-0.12811558668556414
-0.04706197583043321
0.37286776485526757
1.2765385410641725
-0.011878711867981388
0.00527321160385838
-0.007164914664574092
-0.004526733406459226
0.02386432476373594
0.02210424250701535
0.0637273269060862
0.01677598647766754
0.014508232627900502
-0.05156227869771538
0.15283252347836174
-0.6177961814157086
-0.0069188304954865805
0.013502139667396083
-0.02040277336353801
0.007664721835196914
-0.010390662276302984
-0.009529128504321763
-0.026279776586671612
-0.07331296547463008
0.03276086482510158
-0.6965146373561548
-0.9765942153619892
1.4644114951177953
-0.012263435332885238
-0.005249921571754589
-0.002661252243540836
0.0012273458138009638
0.026063455605209188
0.0015594943916868442
0.021003030519370934
0.061463065155327706
-0.054285096296182604
0.28633925103150215
0.2510480453743925
-0.7510286210022382
0.034972055654550825
0.024754428396667832
0.005953553427934451
0.00940583443358596
-0.01775233768104793
-0.025664791954578454
-0.032660288416053986
-0.02643290330580291
-0.0893166273218432
0.4173183688248127
0.3189620455230214
-1.2600816753099962
0.0029460370253936276
0.01421530552032223
0.0016428005057420921
0.008556129692630797
-0.0009204845830878239
-0.006208374991431398
0.028157984018843726
-0.00746742467601124
0.03502428270526804
0.4541169356804414
0.26907344636651725
-1.6205300775692013
0.04084323880173063
-0.02237048885792826
0.03625037702187865
0.001951462376286812
0.002653455037718239
0.013133099749166375
0.014102098095630185
0.05214084841697969
0.018321887992230824
-0.4853291184668931
0.36713394709754327
0.8858378559239646
0.017713976590229257
-0.06465750307402486
0.03187093530861234
-0.007174624577349247
0.0075956863759139015
0.046932001381796165
-0.017048357675482684
0.08247978006172783
0.09008843190807074
0.05968185884059651
1.2166324958750607
-0.9813709536279059
-0.043564720531003166
-0.04360915932789865
-0.0028115393822985783
-0.009710931048593852
0.07572418665073233
0.1860001847617633
0.15485680128161178
0.10747027217826244
0.06413000993075701
0.8055250826569108
-0.19208345020118053
-4.755721982522787
-0.014118571174290833
-0.03553690273020243
0.00706069769312153
0.0005914996924563543
0.030182049004331385
0.058864980518055623
0.0640744981237106
0.07901902000303448
0.08706563976279016
0.4330143224738273
-1.7425744939257124
0.558336148068451
0.03464096871107815
0.05914269939132204
-0.0046194956518362355
0.01392316835529266
-0.03335750043396466
-0.09164114656768195
-0.04973550430638012
-0.10803027129373842
-0.06641684341670762
-0.5702762584058572
-0.7027826012286504
1.8643095106639347
0.008332150989675387
-0.029668526590633505
0.005638576094072275
0.001098793992013856
-0.029521673276169138
0.01458642145604712
-0.08293019350951612
-0.04485228901535845
0.05340733541594814
-1.3017750790548361
1.4806170634893623
-0.6661789324947079
-0.04611454035439276
0.0869072529818039
-0.0770096988366238
0.010102250845077093
0.011500624626118321
0.009939254664371048
0.03731635674316843
-0.12676503322540525
-0.012348178798014692
0.1561244490106765
0.11023329433869113
0.9671026575870205
0.04426451563362543
0.03725574923758163
0.015011382119556
-0.004088690585213971
0.007501623043170174
0.022226405810331244
0.02891197158295455
0.044061712250305626
-0.15950185968027092
1.6375141929185946
1.5637969463215537
-0.786092175446786
0.033414120013047104
-0.0636803454805005
0.05205086017672614
0.004494696242024827
-0.03171185199323017
-0.15650423335125155
-0.200843234051253
0.01898435032158733
0.05566217971131315
-0.42686537850269274
-1.4957387353989091
1.4772091976775439
-0.07310742505898439
0.04262827363953765
-0.04456228882327567
-0.0036253825502943586
0.0062137854557072405
0.07304884888977929
-0.0028866568181196337
-0.04250790132593477
0.08848911522235765
3.271042411294784
-1.236017163278018
-0.06368901718187173
-0.07050367263044163
-0.1231313958142571
-0.01162602223641478
-0.02272236829257565
0.03892333589369199
0.21936319612341107
0.09495824459936494
0.13282472829869874
0.18228463607778808
-0.6735237976335036
0.7136605357561733
1.9540148433418032
0.01582899320203097
0.05833152522937613
-0.019774555684961975
-0.002809741962742305
0.0224802680997155
-0.01968654572279742
-0.01700837158834204
-0.09791628968844747
-0.08335667708304577
0.6770447211220714
3.6220910037808784
0.013377789483720825
-0.009157787753372662
0.010843157141846544
-0.005892287963532924
-0.0050920603954903556
-0.04853966771003885
-0.06617850499513218
-0.08892948919662867
-0.11066223438521186
-0.030888419527571917
2.617759250667452
1.408131518101403
2.6667751765133865
0.04782314876353621
0.023973409492160584
0.04199863421721504
-0.006074070034258344
-0.055000524526287384
-0.20434131726359106
-0.21597263279119425
-0.08570801337893069
-0.11631679034630671
-0.3800914159175255
-1.71174961907517
1.5415507279350065
-0.04416420281397358
0.2140158018556702
-0.10406667767733177
0.02259323622185485
-0.0454553618352524
-0.040748965797206264
-0.037769342407634625
-0.37613061887425586
-0.28606836819251025
0.9820099138823687
1.674867372264583
1.004100158774016
0.05275433387707899
-0.0025148011023516984
0.024646234061680226
-0.01864152040903731
-0.026356357078206116
-0.024584511501156238
-0.03832477536568765
0.031090288858289582
-0.05746655963524552
0.6768174471329471
0.9620699988926307
-2.3969242243244184
0.0002363364672683736
0.0549393626028657
-0.008985649281227685
0.0026260696232323073
-0.01963878181164594
0.01056334432312122
0.035959132641157986
-0.006209646852778312
0.032888314285032985
-1.4665810045127905
-3.2884724124867173
-2.2000464142446363
0.05835363949176555
0.07112873615872546
0.011147691365926426
0.0008096870528003985
-0.03734113302504108
-0.030603949055764093
-0.018103850265345816
-0.17928297306843394
-0.2248102522166401
-0.5614624820792851
2.8814179911604407
-1.243302424751301
0.023602894726332046
-0.29112693274933654
0.13366927145542398
-0.02162851247409683
0.033207376751027584
0.2741872437027357
-0.031413141319504664
0.34505306460441354
0.5956438100092915
1.206072365247891
0.8156868939777544
-3.170786743089008
-0.05774482922156637
0.14076295657339657
-0.1528423855277713
0.024987190359550514
-0.03069614298451389
-0.17049779924405398
0.0326762931908852
-0.32882487412441436
-0.5822809908171989
-2.212724412297159
0.2653269504820842
-8.03095039486298
-0.009265898649938075
-0.3262049942934749
0.1541379060753528
-0.019206808503484656
-0.004692764680359218
0.3188138933680566
0.005055447616115061
0.5381022755875862
0.43198665895491567
-4.6340929668094955
-3.720641441232696
-0.5402141982776815
0.09177302882311933
-0.16850967102885892
0.10829462677973237
-0.037224374460555
-0.055969344236848254
-0.0973843772476557
-0.37473230564038745
0.0777758816161838
-0.14129330033654514
1.210673488676934
4.384520801524168
-6.111250604990673
-0.06468282321590167
-0.09701302406677637
-0.04511186759982218
-0.026231168332551832
-0.029732061473632686
-0.14259650407123828
-0.06728556145494131
-0.08517337737831202
-0.41838494156486183
-2.7371637846023265
-3.6220909829017502
-9.217327882907608
