54.24088321952746
-234.36961388538333
-286.9206782514348
208.50897732341704
-149.60069444720492
357.4933393158081
-166.81267293835788
51.004309766297354
9.94791198871019
2.786304334719332
5.0411537256337935
-2.98442039663002
1.8401305621673298
-4.682200547783061
2.1685024766693104
-0.6776819409132994
38.508751016483075
18.665729983477245
-2.6489447372937547
6.857468144442477
-3.6749970424825196
8.098837808904372
-3.7273890548241946
1.15253446508545
-175.28659404645356
0.3314640212750593
0.7685945636927203
0.050590675170240657
0.0027396018326021026
0.000679041709243008
-0.00027759896455395217
0.00042086879741706865
0.2572000445403991
0.02930483705619638
0.0005225977928954772
-0.0004436068502848245
0.00018328746113149963
-0.0006115759824818144
5.123241898297973e-5
3.157561224283856e-5
-9.721561372583965
-0.6223004120950336
-0.06053397487368544
-0.004157566118709588
5.2141022436560145e-5
-0.0001138795579216574
0.00014581539884968766
-5.8662145395247994e-5
2332.075870710761
4731.389832599943
3838.3609920486742
2668.8581973524488
815.381472015124
488.30676212888176
-685.0020310254464
-1341.7703855755342
-990.06808773115
-715.7455637920166
-185.6542820081858
-108.9164837050807
74.69335379314462
132.40253694221965
86.90590758279998
66.47998150403448
7.279267870285554
6.205593824373025
22.232950537316107
47.41239195495723
34.462149037690374
25.36267921964269
8.471782624756546
4.820130790842661
-1.9855450705936393
-4.660448501541146
-3.5964142069517586
-2.6607766941610542
-0.9689212534847488
-0.6441441671801109
1.9651453420228688
4.7570737369991
3.589740524671467
2.604541173841937
1.0572135748095086
0.7187148628284177
-0.3929654431203337
-0.9668274777088804
-0.7187127017883979
-0.5294756764155327
-0.2201764550830251
-0.14757946389829865
0.1371411620021843
0.33874595283830455
0.2509331956267632
0.1923615546323217
0.07926890506736045
0.05497061151070876
7.1079592632897155
36.113701154003095
11.653464991010635
40.28783624332896
20.514845988593954
12.532615868274162
-2.516832303158508
-4.278074967532277
-0.8654383288234183
-5.124944241199367
-2.8425371857624597
-2.038413474948084
0.06578215933067919
-0.34899683600887155
-0.1465206646184184
0.06147445026679505
0.07302630232530469
0.100331745853141
0.03330830438307906
0.039681916124469536
0.02401046688907861
0.17598336253087896
0.09661123912842684
0.03893374037865423
-0.009920540709416881
-0.036091223946188106
-0.031339221040827064
-0.029259363659400628
-0.008700609614385802
0.0006320349288471529
-0.03605456617425001
-0.02172477822687978
-0.01110303902572756
-0.026928892908458325
-0.024895438732607078
-0.013523368037870574
0.002839851493532618
6.218574597452647e-6
-0.0015657970791291235
0.0022977799898031745
0.0024148386301980564
0.0023299201928187493
-0.0007543714340132082
-0.0016185820482370382
0.0010649265313104259
-0.0026733971526518856
-0.0023518778134345476
-0.00011558209231215174
9.061109687561865
-7.092957488793962
3.7017539500255885
-0.776855593349903
-0.4486751841740842
0.5298604427951317
-0.8577419481881099
-0.7719526946058954
-1.2555208001204048
-0.8787033997935647
-0.301420587597434
-0.23907342184119093
0.36842373840690373
0.930431591873994
0.1648030716379493
0.13523463592020118
0.006821279272002508
0.0022254149982026085
0.07971048306776672
0.05591458650855859
0.09267224256624047
-0.002938444749753986
6.937235664489347e-5
-0.0016295813822978615
0.013022012819658216
0.038729001682580415
0.012845190524192598
0.010544493630121554
0.002330499250161736
-0.0034219481508338196
0.001056951525945922
0.014675614870686799
0.019562437926366603
0.014555382110763638
0.022120223936879003
0.014373994886808303
-0.003637981636172234
-0.010625934595214345
-0.008872230054121744
-0.007223916512324206
-0.005995680144137785
-0.00466034726197743
-0.001640339630089385
0.0003555404256982251
0.00026882808378968345
0.0005781752447473851
0.0016690951932735601
0.0018488073388235925
-18.867149480172372
-54.32415563828988
-40.208340910370424
-24.850670718378446
-11.298809379878298
-3.3400871955227167
10.600972658502563
13.922475818207241
11.160546442034567
6.382519420929168
2.678291170540683
0.6792668401562457
-0.6585168389978779
-1.4775022474595354
-1.0469201822791734
-0.7388352081747066
-0.2999089100506708
-0.05188241127075191
0.16915560339868818
0.30950032937077215
0.23380954544675372
0.15063273546437797
0.07425665016186028
0.03154880994356802
0.09813690539132455
0.18468563030017926
0.15886239951065612
0.10653338846391423
0.057023883138939996
0.02041716985918054
-0.07613373602771362
-0.08320283977237956
-0.07397568208089142
-0.02036656643609582
0.0012893525041388907
0.010342203585945745
-0.004834887923444882
-0.027165218026463656
-0.0151617379028493
-0.020180961744727166
-0.016443537742626156
-0.008816108847079517
-0.0016247283453408672
0.008266816485057005
-0.00017818021013520907
0.00541459439735895
0.00366957229666601
0.003999558368325906
-9.775756049984961
-13.369174387980792
-13.50452810922244
-7.934369216437965
-3.993379540468707
-1.8305666495054949
0.2755809133117119
4.147686927118
2.1598469388332275
1.2938236001280712
0.7565747022648612
0.3020045915322023
-0.22568487650064617
-0.3309777723633623
-0.1530326980416473
-0.08811144297492413
-0.08225812021065518
-0.01995512927605143
-0.08380090791489457
-0.08773339646365984
-0.09329841509751714
-0.029539933479946417
-0.012465061149573558
-0.0077780319990900315
-0.004467406414549602
-0.007557714984881812
-0.00618859649945955
-0.0029920284375597496
0.0027694357002917593
0.0013260843785637294
-0.009842440330444879
-0.031769453160033205
-0.02241770623579017
-0.008504285582343753
-0.01772140880198818
-0.007694257560882356
0.0006487248153565191
0.0046754532457167226
0.0013182961883618626
0.0016642261975883589
0.0041302561359544635
0.0009636414648222278
0.00026217462884891337
-0.0017355897951572435
0.0011540363539524624
-0.00042459511180236397
-7.36273336048764e-5
0.0008215034619635141
24.563815978711347
18.6850626978818
10.676457572634344
22.05707602957897
3.0545847360819325
4.3924953440060674
-6.19061985320216
-6.854914352735288
-2.4460469502886193
-7.166334040555917
-1.153544939398358
-1.6233327701813298
1.2983049405206113
1.155190975330424
0.3436647792369763
1.6329622357090996
0.32677119252773307
0.4027813631320355
0.07959439146538479
0.028277867357772896
0.03235513020795658
-0.018558495095764096
-0.023025001548341643
-0.015894671880559895
0.008400279763213087
0.01533377652113028
0.014157910384796715
0.011308019489742735
0.005437788205713866
0.002366058099284644
-0.006763482769157711
-0.020384761040395317
-0.019020339208517686
-0.015170862009401381
-0.012067655014343813
-0.010570305965239763
0.00116082771440752
0.0031933707006686785
0.0037582839451557903
0.003727020818195034
0.001989702448030427
0.0013255963770885354
-0.002390042828001505
-0.005329300807857643
-0.004495654606561081
-0.00509488538699173
-0.0019814547220891694
-0.0021825408300947128
-68977.15161621866
1.8919080570760553e6
-199665.342076507
-96358.01695331502
-338954.4634196602
107287.28964122447
71.4596916213899
-7729.701181615597
-250.43933979321886
3405.2791642884354
-704.1773291499298
-30.633377486436878
0.44127527287160123
179.7251060257894
12.826550053249816
-99.44738560449177
27.28615231857551
-5.085144483093086
0.018513655267952078
0.4584212365227039
0.19674908951754003
-0.4740499653856068
0.39262691406397715
0.03201342051621779
0.00010356883968373856
-0.005992980877371838
0.0003231277908880359
0.002761667060541399
-0.0002749158367070371
-0.0004905858324876309
-0.0002713062912242675
0.004466537670082606
-0.0026111928507487493
0.01737433360784317
0.00032589852700705245
-0.0011620676660941331
4.265504970558652e-6
-0.00016365455040746651
6.506076152512842e-5
-0.00016029710852015854
0.0001435951824044488
0.00018435836312473655
0.00020268542421016496
4.006398988001592e-5
0.000498689069240799
0.00021525919512488354
-9.817501141950643e-5
-0.0001642255569025693
-1.965090156214665
-2836.5711240747064
-53.55932306491842
-47.22232762393355
164.5496299182297
77.25759622474023
0.004288858025765363
11.077572955022736
0.11281514629151258
0.014096273118056404
-0.5620933561038653
-0.30454111484896074
-0.0007728221274623403
-0.25327108102163337
-0.008786051827501062
0.03665774128076127
0.007146768453975419
0.006706128939053374
-0.00016299051516443028
0.0010291903200632209
0.003453855871919012
0.00022860277862719563
-0.0012854323099299343
0.001976085047669534
2.029425654022509e-6
-0.0007379234923395564
-8.121152994672574e-6
0.00012764303648885424
-3.4677383402828495e-5
-8.02611847166265e-6
-7.1287515841299865e-6
0.00015173568314592236
1.3724233634512994e-5
-0.00031586983428464834
0.0016802566114361387
0.0008969730387832602
1.1086559272728001e-7
1.0103659842619125e-5
-5.303912521523669e-7
7.268207769898872e-5
-3.143744180469113e-5
-2.718736295448308e-5
-1.634880613747491e-5
-1.4456949463308116e-5
0.00012285875345277738
5.329822937002422e-5
-1.494316079371073e-6
4.265597011641164e-6
0.5597481068080857
-5.878597729999511
0.3954104193005682
0.8013522785128873
-0.5011338130045119
-1.614576399779518
-0.003746854615464544
0.00982205272467138
0.00043326201437191264
-0.01697759039385188
0.002487721166255423
0.012261486029345925
0.00013193927493309685
-0.00544849484444851
0.00027317765355193316
-0.005189655771789346
-2.4300774122817228e-5
-0.0004971233714247168
0.001953684212677451
-0.004066770956929814
-0.003979815190465436
0.0004961699031856532
-0.0006274194174305595
0.0009040988928051814
2.1198067351324407e-5
-0.0005300485233407503
0.000342050744661112
0.00014145835025051624
-3.0435663403390957e-5
8.961607136149753e-6
-7.882349395490637e-6
0.004808180595442431
4.8698916501043115e-5
-0.0013243923040434172
-0.00025176258672244975
-0.0006829502440739906
-9.360840657908684e-8
-0.0003739079626891939
1.1668088152077828e-6
6.539329850858732e-5
-1.6550045572133363e-5
-0.0001657349612702543
7.19952819079132e-5
7.981314811714023e-5
-5.2736757003531994e-5
-1.486735086857896e-5
-4.260735716514954e-6
-1.6401814215515656e-5
-5.660724158724565
59.82193684299611
-5.297949192540233
10.433227841383887
26.56198295509425
11.827474888031041
-0.03430430086745473
-0.2853662525007881
0.0103937850877104
-0.11100516583105416
-0.12344030269359611
-0.06655638798720809
0.0016459249145625702
-0.0163913564509606
1.041700217322877e-5
0.005291599089782656
0.0031812841705825315
0.0030500929597291502
-0.0037880486336225603
-0.025945161574700618
0.0009158389111446922
-0.005260632106731337
0.0015990407926040004
-0.003447963947269151
0.00011863395502993381
-0.0010710882572261885
0.0002688978547565069
0.000413444910527626
-0.0008652523952586047
-0.0002853797909744737
0.00014092625389075742
-0.011428372244293297
-0.000673705263966288
0.008123314471021046
0.011739653491595774
0.0014916552068417446
-9.65504686442823e-6
-0.00022402450802436075
-3.029013107069961e-5
0.00031495354823633993
0.00018234344240410647
0.00019791762167952777
0.00023954465677038518
-0.0014384450337499184
-0.00034252997469580866
-0.00010319988953786736
-4.800049321632399e-5
5.284725146803656e-5
-0.28862403331073666
-315.94892724460146
-6.072314034740335
3.6004323664164315
-0.9308352152795625
-0.1486951683654977
0.0042093283249067925
1.3095104345630846
0.01825086395035342
-0.0600363209283537
0.0021252299488417076
-0.0027318851310393646
-0.0001037286691282977
-0.010954962945744731
-0.0014972007759814034
0.004067740619975179
0.0001669161695711172
0.0002922597159105961
-4.093251117867141e-5
-0.010724687928557693
-0.0007355708184265592
-0.0034271592003914503
-0.00016089449377975116
1.6144120906246373e-5
-7.504880384132307e-6
-0.0001233479152566173
-3.913042687038934e-5
1.1907631148510164e-5
-1.6928416667596582e-5
8.572715384150004e-6
2.1023250621831995e-5
0.001360974088611956
0.00033175107673953517
-0.001362956027772648
-0.00033864005082588297
-1.0086465222195209e-5
-1.0115552743202197e-7
-7.543714820315857e-5
-4.824323507706436e-7
-5.40578157439757e-7
-1.4258994543236417e-5
-3.2052673933141753e-6
-3.223261529047315e-6
1.9915797474466273e-5
7.1745855262145154e-6
-1.2463418633746622e-5
3.655655529385016e-7
-1.1738863996569815e-5
-38.52008211852097
7671.108883948333
213.97601998183336
-780.5561803575143
76.18099298709761
-172.7821060478482
0.10151912221444075
-23.051223187273266
-0.5627298538744797
5.329411375871277
-1.0510061411447604
0.35218643930018234
-0.002019241042201632
0.48465179985122137
0.013178928063014754
-0.15722518327399854
0.033909329401005835
-0.004948007419803759
-3.5198034396989344e-5
0.003357832819732729
8.056194858649914e-6
0.0012822959722657943
-6.78629082272358e-5
-5.687784403192782e-5
5.322150474655662e-7
-5.473721042782478e-5
4.831051034692778e-6
-4.6966176917954323e-5
2.4672569631916733e-5
1.4289960938623097e-5
-3.393346335003837e-5
0.0012396262335743393
-0.000403003745596259
-0.00028024274127249
-5.350777794531842e-5
-1.7813860966337338e-5
1.9729849541947878e-6
-2.501309451543465e-5
4.560269254081886e-6
9.619360726302127e-7
3.689188286320531e-6
3.1971496824337836e-6
-8.309262806465532e-7
-1.9566880804293138e-5
-8.83769126074122e-6
-1.595883437790526e-5
-1.3144405293365308e-7
-2.5400627538956056e-6
