-4.325468015143791
-2.1626587391539136
-12657.160665553138
-40.416472449070135
11.171495166335644
-40.82897839383476
-15.168055910550137
40.22246155875553
-19.475018251080197
2.445577339276381
3.427887149571553
3.5115056845248827
0.31778665397608924
3619.574345959109
-27.307509031822455
-7.510728109874399
-14.733115748508784
-7.676604571596463
1.3942692741974025
-1.9790454214698632
1.8291790276521147
-1.8702059280216796
0.02659820222524867
0.008928130599826736
7616.008170093236
-16.361233305855578
-2.265275455033336
-4.923312781979311
-1.8094412841919583
-1.4452435445531806
-0.14080480526965222
0.6383604129035587
-1.1792618495595613
-0.15751541263720067
-0.03540786450957713
3.940032534095817e8
1.6211689205608306e9
6.889464618664639e7
-3.612291608939577e8
-1.25878106625087e9
-1.4736950834501085e9
-1.2284406992135198e9
-9.097038517123464e8
-5648.553197647068
-66822.23810035385
253.89444001859943
15536.34244227833
49883.483887740935
51507.85878157917
50658.503980330366
32192.931134420884
-58.530478710469296
1204.138066273375
-0.702991090141196
-255.5844775569071
-687.1563967639132
-544.5586046065332
-803.0356017264545
-412.1410831425749
253.11061494758408
303.3762270725036
507.77884402605514
457.8453105179799
426.9854962253983
349.0930761780597
260.54429989873535
188.26832061991155
-22.29956723815887
-135.84552189437878
-73.981227743574
-72.35843084106155
16.09538909714329
-3.559209683577942
20.360287853996528
-17.60354986710243
-111.71267177618847
-89.13387659443248
-149.11695086428736
-105.39847283723634
-147.40118122225695
-86.77181232241472
-73.0567129826441
-13.571788988818978
7.504977382611193
14.235895835035448
6.306752753663408
2.8689140910535955
1.4563449155582855
-4.0429974089735055
-3.496259018422564
-6.823395686535279
-6.094356475202216
-11.706784020014794
-10.07766629785701
-7.399971093293498
-5.781214352356203
-3.20111506967775
-1.4968671530576432
-0.24658572125824038
14.656213008165208
27.812651180620804
23.97458007995059
17.608604931053474
12.970295319430628
6.79716962700331
3.140099415085512
0.5035412728359776
-0.9518934567239796
-1.773912915782948
-1.5616639596260475
-1.136849223704193
-0.8742357758949764
-0.4391967033273064
-0.2264096008335933
-0.03744863333558405
3.433325117025778e6
-1.0830490185983792e7
-1.1225142662738046e7
-1.1990640258106723e7
-1.2085899517844755e7
-6.951684360229083e6
-2.8865756653847774e6
-1.5468983823319199e6
471.3943996809551
3802.1257641991315
3969.651411742014
2621.709709210813
1943.7553739419786
1025.7418413030873
736.0807079176429
429.86660562120267
-63.32413038589633
-182.43114490547683
-195.27265482715956
-111.63495465688396
-70.348201014298
-33.05815190141332
-30.528771067822547
-17.175150598967168
5.722059971093377
18.640821356994767
19.976558221921074
11.69477266403921
8.095677343656574
2.8233937362368153
3.5089392822027756
1.787588003151732
9.218540198084446
0.5204120576153888
3.209411348011963
0.38018783480592394
-2.5455399863554984
-1.6904146504930768
-1.5787624502417308
-1.0520988530949151
-3.6719619389330322
1.1435905223390304
-0.4948506276413095
0.1357450428948768
1.2179862902216154
1.0101623915124966
0.9664426311409113
0.6216200944260913
0.017777572339060993
-0.22078067748848215
-0.17022197126327668
-0.04105422747396551
0.01787278801343937
-0.02659939034375395
-0.025172408439791384
-0.02869080616036526
0.050880554414355045
0.05340743945392266
0.0712695011947035
0.02076308423484907
-0.011062869432721978
0.00652096450370377
-0.008743791401417903
-0.0002245724757557089
0.010943848322563158
0.11946237362937724
0.04459758769524108
0.09214971382202748
0.12240049802634022
0.07241006196181102
0.0763565288823319
0.01631174045888787
0.0004176592391582148
0.0028798722577851143
0.007321431532164528
-0.0007737415847153923
-0.007558993440528929
0.00025752988474872333
0.0029765440299793686
0.004927902438479149
-468918.21042304183
1.2325982288597056e6
437270.547996526
-338615.4979433914
-235516.43698638945
-364599.2103653379
29755.269098183795
200566.610922053
214.6993487543417
145.43245816219263
-180.9534288298396
-120.47436996883386
-61.34813045491164
-60.16034325757828
-30.938300960519523
-49.97402944694002
-0.9401107490268074
-11.31864281444373
9.8882787650556
7.616847129235089
3.3365146223136097
3.825691866688156
0.33558975413809256
1.4818479589653257
3.2672278841762323
7.835448890746775
5.278867858044105
1.954387193412374
0.8428166291321815
0.23723305802190223
0.44773498712739596
-0.06213388252278658
-6.039602408704607
-6.716587382605222
-6.804693477124214
-2.9073391164082687
-0.8849788729483793
-0.41211863999531834
0.04011596894903775
0.2298136164266411
2.683347786717413
2.7451695758379833
2.6799239129302688
0.8697941087380407
-0.06737933294654216
-0.10847542721319545
-0.1693793056272049
-0.1609381865021011
0.07975576251892005
0.21122513804844814
0.22684895254872253
0.208053899150775
0.16691485223831135
0.07772972759826471
0.033884982586961626
0.013782480369423705
-0.059749898291593995
-0.11108734559587276
-0.11218210782543023
-0.07676040182453203
-0.04524051957658549
-0.008251550198273472
-0.00232848803433973
-0.0027249987367977727
0.130205229560849
0.25780907675526665
0.2586858414643552
0.1731932192034909
0.10568930225584802
0.04395328703565766
0.02833776697847029
0.020692608623984428
-0.016926371277701434
-0.04157825713721879
-0.03783053109761242
-0.02858586142648986
-0.015523636136822871
-0.015262231356463438
-0.008518204980675103
-0.004066116464212926
1.5041715234181607e7
2.064242837158654e7
1.8799197677809976e7
1.2504303797235854e7
7.896547677322685e6
3.380232045885509e6
-194973.30414750468
-579598.6357079594
-488.1004061336476
-968.1305402490633
-1318.4924591994256
-1120.421488798985
-984.0167262442232
-299.05563948086274
152.67937597082155
148.863401758938
-25.609286052172855
-12.934850365326307
17.56967095498129
30.0773051370055
38.470931905276565
13.1672041036108
-2.6688455029973115
-4.537372199229682
1.7331211787322822
-10.996762657182835
-15.471468896432455
-15.113913065084736
-13.200470772520951
-6.697994344080253
-1.8647532977290566
-0.10609021038635486
13.166485426968714
24.17220237702971
22.187192512213933
15.845924075423099
10.395407508941622
5.132079391490468
1.0641561556597068
0.05239116659246686
-2.6464943465838817
-4.538249687517725
-5.097329903443885
-4.169116373887088
-3.1657811630755095
-1.5811492427016114
-0.2333028484908
0.047824266478305635
-0.11031259546043587
-0.16596236172075088
-0.054491509520763176
0.11381527044594812
0.14632337531704215
0.1007257927533923
0.03452963482986216
0.010581138020130854
0.4792530805662234
0.8225019155700666
0.6460666521028
0.3880909540742592
0.22766536033325466
0.11516217261017785
0.051216901140088845
0.018507333800014212
-0.3436449054180297
-0.483773951569397
-0.3612542164393872
-0.1401876938209818
-0.11644304550317787
-0.07790790993631785
-0.05804900314126262
-0.021767444122499015
-0.006685578970017007
-0.037302990235705095
-0.025457478063221118
-0.022577181078458113
-0.00931291092574714
-0.0041606940586983365
-0.000924768706234783
-0.0036654609355947264
-1.841313438833848e6
3.3125695154760536e6
271448.23754186067
145276.68466392654
712918.3519838965
655380.0749743996
573009.9750778938
-117320.49183193596
572.6691548487937
724.8577649966803
873.6397516126628
827.5820016071029
564.2612937338087
246.40482473126488
42.75680972700716
75.64550200436837
-18.12767929043808
-39.50820758639003
-36.506630034063264
-38.20917262068281
-30.074381561822793
-15.482051580861208
-5.109811943210378
-4.286137025440585
-1.184122856895997
2.341104550771126
1.4517998202977918
2.7553797820349524
3.1595797441096805
2.1281317567109332
0.7634613046689315
0.5980309029753595
-1.1759383571141728
-0.5504547932163627
-2.4207222741875754
-1.9910638391775586
-1.5469680989447792
-0.7705027031920818
0.1383800521118937
-0.03777390426414436
0.7939565504495207
0.7795782215157611
1.652987710044686
1.304991551678412
0.9759088650590073
0.4496318827334821
-0.08344163312603964
-0.003590549533308488
-0.13139835639172145
-0.18762942008956487
-0.1906940504341013
-0.10901558298896281
-0.08496557140693649
-0.03168916245570867
0.0018191012579007074
-0.004276964271209427
-0.014951611304840814
-0.013171751102816513
-0.0076655664691758765
-0.005945476042738189
-0.004526715232378963
-0.01345087661701248
-0.007539469952261017
-0.0005235623159571272
-0.000800326196328895
-0.02257330009840454
-0.020782239812960686
-0.008852065895643649
-0.012141262039790391
0.011269101691777712
0.0014551408857578813
-0.004382267030873233
-0.001541483604286197
-0.0002284393340931055
-0.005102623933497506
-0.0009124223735096159
-0.0034455679092500802
-0.0019847730312483112
-0.0015399757661489761
0.0007910962858820682
-3.104558287440495e6
-7.334865419229138e6
-9.73089701777793e6
-8.749410537916671e6
-1.1360325550532315e7
-3.791795314461051e6
-3.0018923675086685e6
1.0327088666892406e6
73.6516387531949
200.98718753237952
565.3055897530797
743.2189178344931
1258.7295762239612
680.808103837048
469.9056690095724
-7.153523976786568
-1.594551904538311
5.396824977690081
-8.322004287254135
-16.08602970665445
-36.53718675195148
-20.423159041289935
-14.667506106759179
-0.08809296336521348
2.247273620187092
0.7065847480492241
0.491731883379053
0.900021372916707
2.3960244072592953
0.9730186556713893
1.0729430127356017
-0.19066531391402114
-0.6248198087653448
-2.326084622820642
1.555915007640247
0.15237634428606772
0.9675338165791433
-1.0408607772464953
-0.6395251160186282
-0.4482832827279485
1.0179385804693095
2.367819202441325
-0.8096442083865499
0.05894868793236621
-1.0897667861858944
0.577182054676057
0.1956976835831029
0.3267588062315003
-0.19137437014757433
-0.32821459736123204
-0.12198445020126007
-0.1409043146531006
-0.019144626373623408
-0.01378845643746332
0.01273735389956675
0.014667023588504042
0.0032697327341138995
-0.01551241470993231
-0.054517997564060526
-0.04428056716527711
-0.05813877067867688
-0.049381842163355304
-0.026843424774264598
-0.014470354558114849
0.1071299864654788
0.2235228926112018
0.2529085589319992
0.17689547300178593
0.16693738158003749
0.11989286876153343
0.06122433808761749
0.03060105257837741
-0.016649304090060574
-0.030148000845477373
-0.033477985688052846
-0.022711486524003205
-0.021039059412361824
-0.01390404375648247
-0.006749509891535364
-0.002636529734042417
