4.249009042102008  0.3       0.0246704    0.0882019
4.428818604918963  0.30684680873325487   0.00511335   0.0447875
4.365239194704568  0.5562283256516211       0.00283293   0.0293221
4.795043091342715  0.36449973709340533    0.00164254   0.0210448
4.926973913254258  0.6455473960207618  0.000995179  0.0154133
4.55041  0.3       0.00551839   0.0471606
4.25     0.309837  0.00154843   0.0267938
4.15982  0.359274  0.000236673  0.00850835
4.09937  0.397371  0.000101435  0.00542265
3.89533  0.464987  0.000086043  0.00499079

