-12486.424156031597
-12486.805530137119
-12487.533739752256
-12488.547412044909
-12489.762073076836
-12491.082164351707
-12492.414056388341
-12493.671170447793
-12494.785857391784
-12495.710218922333
-12496.414460748681
-12496.896326502703
-12497.159703330886
-12497.22671272948
-12497.13022360375
-12496.906667917838
-12496.5898528256
-12496.208700220759
-12495.794511904858
-12495.37640841474
-12494.982758164539
-12494.636844032455
-12494.359323814284
-12494.166017937734
-12494.066855837556
-12486.580075640693
-12486.95909324019
-12487.682758553863
-12488.689989639337
-12489.896764539486
-12491.207971296826
-12492.530114038087
-12493.777597171693
-12494.882438764114
-12495.797625159532
-12496.493254310097
-12496.966776781057
-12497.223518112763
-12497.284632708808
-12497.182708108723
-12496.954019266957
-12496.633126820643
-12496.248461770096
-12495.831156117816
-12495.40997556417
-12495.01358050146
-12494.665618712579
-12494.386310978463
-12494.191710384168
-12494.091848135027
-12486.881414529258
-12487.255783335568
-12487.970650663921
-12488.965330497602
-12490.156715454172
-12491.450642981403
-12492.75381720971
-12493.982607753816
-12495.06842477783
-12495.965534377414
-12496.64472186433
-12497.101595320879
-12497.345443081558
-12497.395060322791
-12497.282539881111
-12497.044125962102
-12496.714791727507
-12496.323571454075
-12495.900331270623
-12495.473687214895
-12495.071847425961
-12494.719799847471
-12494.437344028109
-12494.240322164687
-12494.139192681301
-12487.30776415779
-12487.675554067306
-12488.37772510718
-12489.354390186987
-12490.523577183314
-12491.792623979756
-12493.06899281594
-12494.270567892341
-12495.329667961236
-12496.200465239015
-12496.856492298964
-12497.2897057275
-12497.513897071387
-12497.547062580757
-12497.419404989274
-12497.167521162082
-12496.825407916396
-12496.424885430659
-12495.993369720494
-12495.55958539708
-12495.150794187479
-12494.792503772815
-12494.505644062741
-12494.30566486589
-12494.20292637325
-12487.833067447282
-12488.192667001726
-12488.878905502983
-12489.832882001258
-12490.974226851657
-12492.21193837655
-12493.45518850695
-12494.622190973208
-12495.648350298781
-12496.48638044188
-12497.112251843864
-12497.517526798167
-12497.715065133696
-12497.727796252748
-12497.58165151773
-12497.312863705441
-12496.955333849015
-12496.54189302989
-12496.100437544648
-12495.65827020955
-12495.242234240539
-12494.877192136779
-12494.584576130112
-12494.38077890369
-12494.276155750456
-12488.425427755294
-12488.775393934868
-12489.443169782837
-12490.371068249337
-12491.480114545124
-12492.681370159851
-12493.886177132566
-12495.01397452233
-12496.001364153588
-12496.80248368426
-12497.392884500367
-12497.766744997985
-12497.933053642144
-12497.92027245414
-12497.753346927862
-12497.465276583225
-12497.090743692257
-12496.661541222016
-12496.208124427832
-12495.756366983964
-12495.33276080737
-12494.961602128265
-12494.663877183877
-12494.456223015603
-12494.34952308939
-12489.052262440344
-12489.391824346478
-12490.039379413513
-12490.938415034998
-12492.012005439054
-12493.173369434018
-12494.335811271983
-12495.421081075023
-12496.36599346062
-12497.127175656404
-12497.67917249922
-12498.017665542115
-12498.152394828592
-12498.108668852428
-12497.918407657857
-12497.610388101915
-12497.217323712854
-12496.77196747543
-12496.304058985517
-12495.841597398738
-12495.40968576291
-12495.032128054272
-12494.729959762664
-12494.519325403395
-12494.411070618586
-12489.681090359416
-12490.009788119693
-12490.6364021204
-12491.505807263671
-12492.542531681975
-12493.661688912456
-12494.779587616336
-12495.819816589043
-12496.721148851506
-12497.439718833151
-12497.952579988509
-12498.25390880886
-12498.355377074002
-12498.281034206882
-12498.062564329013
-12497.733786023036
-12497.322761574986
-12496.860854012026
-12496.378654646414
-12495.903692693135
-12495.46244483077
-12495.07840836324
-12494.77134202215
-12494.557520937467
-12494.447764356264
-12490.283296835338
-12490.600951126722
-12491.206406914245
-12492.045843886
-12493.045777149862
-12494.123256605204
-12495.195924815389
-12496.190213349339
-12497.046952680881
-12497.723380933257
-12498.195996992948
-12498.460625272774
-12498.528129918594
-12498.42381071654
-12498.177352567604
-12497.824070136418
-12497.39517379427
-12496.918124455571
-12496.42201707846
-12495.935307425618
-12495.48416604753
-12495.092393655073
-12494.780240145372
-12494.56335533074
-12494.452084708018
-12490.836946225629
-12491.143765759447
-12491.728189866732
-12492.538079899225
-12493.50191453842
-12494.53880304138
-12495.568224195795
-12496.51767652903
-12497.329872726488
-12497.964471092078
-12498.398146569949
-12498.626607924527
-12498.661151690598
-12498.527192486345
-12498.254698483282
-12497.87721370116
-12497.427711536964
-12496.935815666066
-12496.427847934252
-12495.930435771183
-12495.470265383105
-12495.071268911894
-12494.753674485562
-12494.533179808463
-12494.420158949395
-12491.327077438145
-12491.622388460482
-12492.185447275937
-12492.966390380232
-12493.895382472334
-12494.893440055359
-12495.881846031883
-12496.789465485082
-12497.55988295316
-12498.153545325991
-12498.54976215412
-12498.74373987979
-12498.747053954492
-12498.584795180912
-12498.287504802358
-12497.888336355189
-12497.419045526867
-12496.910405401704
-12496.390364794264
-12495.884135325789
-12495.416599087635
-12495.011470530591
-12494.689174520985
-12494.465565228644
-12494.351003388787
-12491.745266372016
-12492.030053935046
-12492.572427743318
-12493.323225529974
-12494.216621863823
-12495.177747337426
-12496.127831246935
-12496.996744408343
-12497.729072738866
-12498.28557197761
-12498.645800115073
-12498.807585410535
-12498.781510099901
-12498.593257377732
-12498.272742353338
-12497.853638572671
-12497.367160760838
-12496.84315273332
-12496.310049844258
-12495.794308635806
-12495.320230780459
-12494.910446627382
-12494.58466837671
-12494.358678904435
-12494.242876225377
-12492.082162922894
-12492.357454800664
-12492.8811332983
-12493.605103651611
-12494.464889297815
-12495.38734575923
-12496.300880695631
-12497.134625861776
-12497.832556007143
-12498.356028786697
-12498.68451620296
-12498.815902298553
-12498.763210987043
-12498.550910202497
-12498.209496833657
-12497.772182105024
-12497.27038700401
-12496.733349348533
-12496.189000265751
-12495.663692350323
-12495.182471778264
-12494.767795017986
-12494.438872763774
-12494.211029107659
-12494.094348045059
-12492.33467315619
-12492.601389093552
-12493.108695044457
-12493.809297620042
-12494.639405440219
-12495.527718142937
-12496.403570479892
-12497.203401551436
-12497.870590449807
-12498.364960379924
-12498.665924839815
-12498.77120133843
-12498.693715011997
-12498.460139549534
-12498.099787600266
-12497.646362098436
-12497.130882391404
-12496.582702217585
-12496.029084392507
-12495.496067491424
-12495.008393467062
-12494.588762601848
-12494.256504503828
-12494.026614551483
-12493.908967756795
-12492.50190181731
-12492.761970285183
-12493.255810409613
-12493.935993833258
-12494.740642408578
-12495.599658244675
-12496.443193523273
-12497.208831855625
-12497.846521706777
-12498.315385860567
-12498.592766484328
-12498.675993868977
-12498.577773010642
-12498.32474793792
-12497.9480759599
-12497.480351418955
-12496.953007003398
-12496.395044336316
-12495.833744736965
-12495.294492074669
-12494.801907755704
-12494.378398179528
-12494.043233633369
-12493.81146527905
-12493.692888127074
-12492.589228869374
-12492.843661042867
-12493.326578789069
-12493.991242742937
-12494.774534461956
-12495.608394188035
-12496.425031827916
-12497.161974665276
-12497.77025526678
-12498.214941287768
-12498.472167526372
-12498.537088723206
-12498.421854217886
-12498.152962730217
-12497.76164558425
-12497.281919189396
-12496.744298393916
-12496.178007682149
-12495.610071769983
-12495.0658149338
-12494.5694074151
-12494.142988397534
-12493.805718234327
-12493.572591759732
-12493.453340581726
-12492.609837412563
-12492.859156022396
-12493.332503796257
-12493.98402709971
-12494.75127035961
-12495.56436562126
-12496.358120662424
-12497.071664973191
-12497.655828395398
-12498.076383903508
-12498.31498558108
-12498.364713844767
-12498.235813237172
-12497.954356075674
-12497.551369871047
-12497.06109688721
-12496.515093352158
-12495.941762782717
-12495.368276836263
-12494.819812303464
-12494.320353572053
-12493.891804991417
-12493.553028677994
-12493.318920960823
-12493.199199297951
-12492.579972916426
-12492.825026685732
-12493.289922330989
-12493.929540653067
-12494.683134681747
-12495.481176604664
-12496.255374006367
-12496.949806672292
-12497.514444564475
-12497.915433181253
-12498.13517954524
-12498.17161477475
-12498.03182144934
-12497.740564651402
-12497.32866018713
-12496.830179705043
-12496.276998350595
-12495.698118563207
-12495.120081784557
-12494.568149160612
-12494.066163307782
-12493.63588762048
-12493.296045981295
-12493.061285190855
-12492.941238624036
-12492.514314291035
-12492.755988950426
-12493.21446515761
-12493.844589971342
-12494.585922549491
-12495.37146873184
-12496.13221309642
-12496.80915401131
-12497.358844689163
-12497.744397919347
-12497.948476783615
-12497.971397478272
-12497.822703580612
-12497.523981883152
-12497.105416615816
-12496.600923777994
-12496.042219600642
-12495.458734558288
-12494.877277036305
-12494.322581912451
-12493.818607995761
-12493.386927656713
-12493.046160014062
-12492.810919486888
-12492.690638630036
-12492.428787000039
-12492.66751058462
-12493.120324374491
-12493.742770951436
-12494.474777643374
-12495.249263213656
-12495.999615005696
-12496.664355151443
-12497.200634425593
-12497.574350974981
-12497.766785270838
-12497.7776945876
-12497.620520533608
-12497.316171249411
-12496.892741130483
-12496.383928485135
-12495.8213785226
-12495.234351374129
-12494.650150128095
-12494.093509662256
-12493.58802388096
-12493.155320393798
-12492.813841717632
-12492.578190298529
-12492.457728213847
-12492.337566814978
-12492.574142604863
-12493.02259876338
-12493.638532567198
-12494.362792449656
-12495.128811197186
-12495.870515754981
-12496.526828534486
-12497.051943521186
-12497.416665346933
-12497.600242880873
-12497.602178698873
-12497.436841773311
-12497.127836620968
-12496.700935417643
-12496.189140404389
-12495.62397978148
-12495.034648100731
-12494.44838014993
-12493.89028169803
-12493.383763244636
-12492.950283688744
-12492.608340786332
-12492.37237915743
-12492.251781015817
-12492.25048058368
-12492.48584002461
-12492.931522254437
-12493.54272753571
-12494.260784310618
-12495.020174364518
-12495.754938114085
-12496.405071187828
-12496.92263964085
-12497.279843776987
-12497.456938470326
-12497.452566689051
-12497.28070692215
-12496.967377608458
-12496.538099490566
-12496.024285936699
-12495.457416710864
-12494.866620785433
-12494.279015939237
-12493.719824405962
-12493.212583762383
-12492.778639980246
-12492.436381153642
-12492.200224146989
-12492.079533486665
-12492.176542894096
-12492.411193750535
-12492.855310237212
-12493.463616961648
-12494.177331071463
-12494.931575724384
-12495.661430267804
-12496.306914820476
-12496.819788493072
-12497.171067349906
-12497.343660191547
-12497.334984657462
-12497.158586031377
-12496.841604133342
-12496.410546390805
-12495.895514311072
-12495.327567514352
-12494.735886946763
-12494.147521814442
-12493.587605369845
-12493.07988090782
-12492.645623922632
-12492.303168629824
-12492.066912845838
-12491.946161504122
-12492.123243680224
-12492.357392214477
-12492.80062351477
-12493.407360142233
-12494.118435019718
-12494.869309270369
-12495.595844568925
-12496.238283351162
-12496.748287583105
-12497.095710586544
-12497.265405959803
-12497.254079764607
-12497.07484924958
-12496.755328529232
-12496.323000559198
-12495.80724193546
-12495.238707917028
-12494.646521217657
-12494.057733492513
-12493.497436632739
-12492.989403049372
-12492.554983612208
-12492.212424916132
-12491.97610246425
-12491.855317108302
-12492.095452419588
-12492.329302989165
-12492.772073600692
-12493.37814082806
-12494.087991737404
-12494.837253985548
-12495.562095375326
-12496.202983380674
-12496.711627859659
-12497.057234503081
-12497.225482502718
-12497.212842269693
-12497.03231132253
-12496.711487448907
-12496.2784925278
-12495.762412265478
-12495.193608037986
-12494.601193035087
-12494.012230884959
-12493.451775927031
-12492.943614994376
-12492.509082629962
-12492.166484477375
-12491.930123657441
-12491.80933394767
