-6243.209408850945
-6243.400157401439
-6243.764367925242
-6244.271331012685
-6244.878918812303
-6245.539285816206
-6246.205801232776
-6246.835568761008
-6247.3947398857445
-6247.857604201035
-6248.210258321318
-6248.450696223216
-6248.582371303729
-6248.615401844625
-6248.566039301966
-6248.452177338957
-6248.294424498786
-6248.104000035898
-6247.89605361734
-6247.685990152949
-6247.488654542246
-6247.314651606583
-6247.175332031402
-6247.078562356281
-6247.029027293434
-6243.287214094821
-6243.47678357596
-6243.838705077973
-6244.342504569679
-6244.946145357757
-6245.602079354768
-6246.263586787858
-6246.888570282318
-6247.442758458049
-6247.901172351159
-6248.249708028171
-6248.485941770934
-6248.614255428934
-6248.644499523903
-6248.59252278339
-6248.4760098871575
-6248.315928568686
-6248.12393917899
-6247.91460742877
-6247.7029224378875
-6247.504200679182
-6247.329366163563
-6247.189026161406
-6247.091472526255
-6247.0415175917215
-6243.437504212382
-6243.624746847904
-6243.982302555148
-6244.479861115474
-6245.075858225226
-6245.723189886779
-6246.374994011736
-6246.990699239911
-6247.535158528806
-6247.984991311342
-6248.3255333716015
-6248.553433627401
-6248.675227165201
-6248.6998273466015
-6248.642879902208
-6248.521593040415
-6248.3564362542265
-6248.161528715496
-6247.949467935375
-6247.73523432608
-6247.533521491825
-6247.357024360521
-6247.215084873095
-6247.116120871807
-6247.065396399278
-6243.650161193973
-6243.834120231546
-6244.185372693335
-6244.673995578728
-6245.258956838772
-6245.893928272464
-6246.53215908597
-6247.134056712661
-6247.664955479458
-6248.102315378991
-6248.4312251159645
-6248.64763781305
-6248.759437697228
-6248.775831740952
-6248.711924984589
-6248.584313652462
-6248.411616046986
-6248.21197155018
-6247.996201586032
-6247.77877118311
-6247.573547535833
-6247.393737418284
-6247.249930141324
-6247.149596590978
-6247.098010605969
-6243.912000850961
-6244.091848520223
-6244.435130222826
-6244.912401878548
-6245.483554992881
-6246.102974303132
-6246.724771072177
-6247.308963610567
-6247.823446836645
-6248.244267655768
-6248.558576851469
-6248.761827673261
-6248.86011710429
-6248.866193951011
-6248.793366485977
-6248.657936778423
-6248.477412089878
-6248.269941054232
-6248.0497644782345
-6247.828456724921
-6247.619961996934
-6247.436874267941
-6247.289994009159
-6247.187752940655
-6247.135286939422
-6244.207627797489
-6244.382523538727
-6244.716367244209
-6245.180479745776
-6245.735448616172
-6246.336769089366
-6246.939512445935
-6247.504178365845
-6247.998894969018
-6248.400969864327
-6248.698507322267
-6248.886200850454
-6248.969605381228
-6248.962359261249
-6248.879193374331
-6248.73488268673
-6248.546497717224
-6248.330197675276
-6248.103071583409
-6247.877620896576
-6247.665625695894
-6247.479667982019
-6247.330503055269
-6247.226420592275
-6247.172897428696
-6244.521235483659
-6244.690866638048
-6245.01433545839
-6245.463538297339
-6246.000316628308
-6246.581533873753
-6247.163224325202
-6247.706855299506
-6248.180169331248
-6248.562144808402
-6248.8400742858175
-6249.011092676665
-6249.079533122048
-6249.057054068187
-6248.9616343499265
-6248.807521304746
-6248.610783800307
-6248.387043076972
-6248.1514253999885
-6247.919680991689
-6247.704093071713
-6247.515334489877
-6247.364051973069
-6247.258541728651
-6247.204309708467
-6244.83618333059
-6245.00033710509
-6245.313298248728
-6245.74749972269
-6246.26536559616
-6246.824702710352
-6247.383724988805
-6247.90496643471
-6248.3567568043545
-6248.717069024999
-6248.97531786749
-6249.1278771425295
-6249.18019212057
-6249.143808592691
-6249.034140176378
-6248.8691265220805
-6248.663654706964
-6248.432504595335
-6248.190428295885
-6247.951576545675
-6247.730143347872
-6247.538118583375
-6247.3847943962755
-6247.277952698741
-6247.223086109035
-6245.138121685987
-6245.296784747021
-6245.599110048326
-6246.018228523143
-6246.5174891556635
-6247.055590232106
-6247.591120104685
-6248.088707781195
-6248.518285224332
-6248.857799782658
-6249.095513824818
-6249.229495886636
-6249.265548251947
-6249.214366356019
-6249.092314854281
-6248.914700423467
-6248.699783536269
-6248.461275193752
-6248.213001229026
-6247.969007343206
-6247.742438540523
-6247.545616408674
-6247.389031209075
-6247.280444173242
-6247.224801786922
-6245.416056333566
-6245.56927575683
-6245.861099640051
-6246.265387909497
-6246.746387797216
-6247.263946454138
-6247.777499322929
-6248.251820448067
-6248.6582197768375
-6248.976868916492
-6249.1953393385875
-6249.310898475741
-6249.330157606296
-6249.265203211573
-6249.130204532375
-6248.942166235926
-6248.716625207293
-6248.47013984697
-6248.216024958239
-6247.967183908229
-6247.736773946299
-6247.536740870903
-6247.377370585947
-6247.266675756155
-6247.209918791463
-6245.663024423877
-6245.810285097836
-6246.091218984379
-6246.480931747028
-6246.9443503582515
-6247.442141848042
-6247.934876373859
-6248.3879527536055
-6248.772712771889
-6249.06985838587
-6249.269641116515
-6249.368087013015
-6249.371507484234
-6249.292063570693
-6249.145770805736
-6248.946916255466
-6248.713144326795
-6248.4582120080295
-6248.19745291518
-6247.944085795337
-6247.710231416167
-6247.507537067219
-6247.346201575967
-6247.2342180149335
-6247.176818861532
-6245.8742998834
-6246.016457334027
-6246.287114296421
-6246.661389495564
-6247.106748726242
-6247.585717828222
-6248.0587409702475
-6248.492108959456
-6248.85752494766
-6249.135377416853
-6249.316115714779
-6249.398483491745
-6249.387230767293
-6249.29465545521
-6249.136491450996
-6248.928666123104
-6248.6863008387345
-6248.425254665762
-6248.158248927142
-6247.899663207692
-6247.662213932318
-6247.457161172545
-6247.294184018376
-6247.181141118085
-6247.123198281192
-6246.044062196669
-6246.18145221247
-6246.442909549483
-6246.8043809751725
-6247.233312964236
-6247.692699936509
-6248.146833206488
-6248.561905348204
-6248.909707950478
-6249.170779157925
-6249.334929394945
-6249.401074832033
-6249.376539141619
-6249.2719004778955
-6249.103183353963
-6248.8860922770245
-6248.63692169713
-6248.369260980448
-6248.097847541524
-6247.835232904263
-6247.594101656249
-6247.386299730149
-6247.22155465223
-6247.10749023651
-6247.0490858945095
-6246.172216940175
-6246.305408239115
-6246.558384875569
-6246.907675124315
-6247.321929019655
-6247.765137190268
-6248.200518822041
-6248.597797710567
-6248.929512397209
-6249.175624417317
-6249.325733851274
-6249.378178355512
-6249.340295752379
-6249.225026960713
-6249.046807620789
-6248.821614081556
-6248.565460243672
-6248.292890592957
-6248.016886865328
-6247.750947540925
-6247.507564278605
-6247.297627075046
-6247.131235980389
-6247.0160607958915
-6246.957120117473
-6246.256536589859
-6246.386567830544
-6246.633383264979
-6246.973174835214
-6247.373997190424
-6247.8020989601
-6248.2224272531375
-6248.602866103322
-6248.918870296258
-6249.1515472387555
-6249.289516857078
-6249.330607954735
-6249.281705828726
-6249.15589779515
-6248.969506059669
-6248.737127898189
-6248.475039801247
-6248.1974793102245
-6247.918069261296
-6247.649269203883
-6247.403452971542
-6247.192095877861
-6247.024791841203
-6246.908982631412
-6246.8496816742445
-6246.299967322485
-6246.427230893099
-6246.668871538259
-6247.001379708916
-6247.392984751347
-6247.808188324058
-6248.214160706184
-6248.5814853010015
-6248.882860108595
-6249.102504157768
-6249.229848274084
-6249.261500558279
-6249.203734867509
-6249.069347356041
-6248.874959010555
-6248.636541554068
-6248.3692737698
-6248.087576331765
-6247.804774927799
-6247.53368476014
-6247.286282920336
-6247.0735527401175
-6246.905211405427
-6246.788831844984
-6246.729305849654
-6246.311097867814
-6246.435566284858
-6246.671804653556
-6246.997280041502
-6247.3813159648025
-6247.788139246968
-6248.182330731638
-6248.537224076875
-6248.827619090217
-6249.035019648374
-6249.15217990348
-6249.175824421003
-6249.110995742883
-6248.96998416372
-6248.769138284223
-6248.524896774789
-6248.253395987316
-6247.968145830724
-6247.68261485263
-6247.409401652635
-6247.160510533675
-6246.94691203813
-6246.77798429807
-6246.6611946620405
-6246.601440091068
-6246.296356371562
-6246.4190848925855
-6246.651633397341
-6246.970872751958
-6247.346728116287
-6247.746200242524
-6248.133174451285
-6248.477345966209
-6248.758071413537
-6248.956356973726
-6249.0636539177485
-6249.079965510972
-6249.009438496509
-6248.86328314905
-6248.657624663827
-6248.408738170802
-6248.133236221131
-6247.845169958203
-6247.557315127743
-6247.282403665148
-6247.03227823772
-6246.81780108652
-6246.648402861596
-6246.531344377073
-6246.47148123267
-6246.262459964364
-6246.383619204756
-6246.613452557418
-6246.92910055331
-6247.299244791943
-6247.690740444603
-6248.071361611075
-6248.409337909749
-6248.680833799173
-6248.872051201848
-6248.971870456998
-6248.980805587705
-6248.905370727663
-6248.755322791438
-6248.5461322683095
-6248.293890611392
-6248.015148329876
-6247.72448310747
-6247.434903619367
-6247.158560293641
-6246.907461514935
-6246.692317412664
-6246.522455505723
-6246.405160282141
-6246.345194006586
-6246.218822969433
-6246.338619463614
-6246.565600246681
-6246.877510486592
-6247.244249492383
-6247.630585866255
-6248.004334252965
-6248.3375286947785
-6248.603215225405
-6248.787711687852
-6248.882199416143
-6248.885098789321
-6248.804839894769
-6248.651750814044
-6248.439988542826
-6248.1853637127215
-6247.904405880157
-6247.611600754358
-6247.320438652044
-6247.043102382843
-6246.791207398983
-6246.575565872576
-6246.405359197373
-6246.287867235472
-6246.227802454699
-6246.172568511282
-6246.290929604853
-6246.51578926038
-6246.82475767735
-6247.187651986414
-6247.571115654267
-6247.939883540997
-6248.268169048776
-6248.530380957524
-6248.709419360166
-6248.799717351355
-6248.798424538406
-6248.713741344605
-6248.557951805933
-6248.34434433063
-6248.0881012394
-6247.805635896052
-6247.511397818665
-6247.218958141779
-6246.940781584978
-6246.688345638764
-6246.472281791646
-6246.3018381052725
-6246.184202739366
-6246.1240729233805
-6246.130331542161
-6246.247361998956
-6246.4697092272145
-6246.775996778436
-6247.136089403195
-6247.516581587698
-6247.8828076588625
-6248.20680274741
-6248.4660385468715
-6248.641880155887
-6248.728525290619
-6248.724393785882
-6248.636420463399
-6248.478099449489
-6248.263164330662
-6248.005839314726
-6247.722390551888
-6247.427239804614
-6247.133925281667
-6246.855045582653
-6246.6021903089795
-6246.385866593126
-6246.215253107703
-6246.097512433734
-6246.0373257459505
-6246.095232391701
-6246.2116527692215
-6246.432238876578
-6246.735857535061
-6247.093900870342
-6247.471812599109
-6247.8364767367175
-6248.157572179973
-6248.414375281525
-6248.588349373119
-6248.672174319807
-6248.666101826906
-6248.57596683192
-6248.415577480559
-6248.19958683207
-6247.941607110187
-6247.657531397015
-6247.361829074946
-6247.067993181845
-6246.788621228857
-6246.5354421396905
-6246.3189358354375
-6246.148205068941
-6246.030407795288
-6245.970192807665
-6246.069831651325
-6246.186037875238
-6246.405881111757
-6246.707768309749
-6247.063926168093
-6247.440373924294
-6247.803691098295
-6248.123378624439
-6248.3783776111
-6248.551211273507
-6248.633300133767
-6248.625965848899
-6248.534500761364
-6248.372748391678
-6248.155961810148
-6247.897574733816
-6247.613161327345
-6247.317143353199
-6247.023004325257
-6246.74334692483
-6246.489958852219
-6246.273343158194
-6246.102547356486
-6245.984708721527
-6245.924474685932
-6246.05652310666
-6246.1726076956775
-6246.39220439704
-6246.693330220452
-6247.048415950187
-6247.424210088896
-6247.786753915307
-6248.105852314944
-6248.359922849115
-6248.53218044648
-6248.6134956870355
-6248.605469144508
-6248.513435883234
-6248.350988534749
-6248.133792966089
-6247.87521649851
-6247.590663225514
-6247.294483887849
-6247.000221592328
-6246.720440380095
-6246.466950264787
-6246.250261644248
-6246.079437270583
-6245.961573056921
-6245.901342830921
