-3116.848327486126
-1558.9806681139978
-2631.77671456001
-383.1134109415497
5897.78848741785
1531.5745830723422
2816.513431055225
1000.6684445962626
-85387.18949752668
-11747.329721174361
-2686.1873531922224
-382.6767174201142
524.3244904615298
-34.45237847426046
-474.81598717183715
-352.2009739292176
-117.93921376546257
-16.942833465066844
5947.573565582142
1534.911020311004
-222.73955457333125
-188.63791466475428
63.49499688859641
-32.909511888064365
-82.74024414453798
-28.547896384644613
-7520.767153908676
-4856.146901246335
-3206.1075837794638
3750.4166412396603
1958.9579658587934
1086.9342958997306
179.26764255639503
103272.22102636077
18104.96216400911
-4812.750588018158
-2699.161966257276
1499.978616711479
1100.9844579693272
391.2532173618992
41667.1059353092
32132.585841632153
5330.284510510577
380.40622545978084
12321.004727328567
-4374.172821545475
-1590.5789245898081
-46.63433931811642
-31.30288984743304
295.9007771682882
1115.2963259508501
-442.8364095182389
250.35575585881517
-681.0147289245045
-33.8139876071465
-5315.312055619079
-4465.494124197424
388.4222673262919
654.847651278613
160.0960998481822
-212.42246144326802
2174.74316965086
541.8539104866296
9495.522889492722
-825.6513297677126
-630.4551815045536
21.323847584954425
439.10304518394946
-172.6598064316663
8139.906096386683
1587.5323137874122
-382.71156690346413
-249.3820040962952
142.67883667353217
6358.416884883075
1103.0790702765426
114.3989219793637
-5436.998468801747
-513.6514302555037
16.07742094557164
-111.55452474308265
-80.0455190756309
-5312.995300212339
-914.4537766744281
-31.728152303904547
-970.3823764032322
-56.10672703790855
-155.9711719866147
69815.93402088764
17796.532859449075
-844.6013662796059
-3126.3216119198573
-1385.6742797866561
-1161.720784371453
-569.3794348736584
-66881.90688307877
-83777.28700285034
17924.99791983672
4098.416686062159
691.565002774192
-2928.1568498620113
132.63374064460356
-255.91870395204828
736.374070372306
368.1701569969181
-20948.854402094756
-4154.535585816234
415.6453127549424
-362.7202321739346
-68.59043739843122
-48.395511876738375
-3102.3454153841662
-11842.478944629864
6719.348788762635
663.6824136461445
-1520.071026909118
-389.94204505196126
-174081.39545149842
-21311.89658070517
9733.646122466791
10492.60760068666
7605.415283443225
607.9382749864706
-62915.27427248531
-28156.0895342684
-1972.2129847104152
52830.08638736934
8126.745553548018
-9219.039286538598
-5594.6473751249805
2691.861776817772
2177.613355913243
152.0061083083994
-48865.47876246812
-2754.887614329996
-173.2253599077947
-1696.2511048434424
1519.1082805441397
-977.1578012778994
47183.414375809865
13695.19662471166
-537.4051431016395
-90.37291255982551
17300.70704150968
7249.732921892986
-321.2237278275839
-2666.5901742920705
1568.9092751205844
8805.997285660762
-5480.655539293443
333.4021838679384
10197.040901613227
509.9868438725416
1190.6770941861314
-366372.2454479376
-178630.53793368352
100983.3217327799
16799.31495361522
-14969.047682999193
-2532.1921629136605
-235424.75394404228
-179026.50079234052
-14054.331311161095
-9090.854660306493
10958.797884168778
-1904.1470984109778
3225.139415371802
-11575.200248433892
213.5458715885159
-2035.3479394671238
-8030.941949688058
-607.377861701572
34082.38578272759
11096.323516631253
3176.3504776314635
-1729.744934303477
3800.5820819160517
7190.941750279593
-2671.40688681928
-3784.612167686149
-2452.927465536387
-409.9539176655058
-330783.2517562659
-38437.81436676235
14933.072669193565
-56562.66680936089
-2882.2172605157534
-24423.21175008763
175.48388564909718
789.9109652073626
184.5081406911626
5401.422086696817
551.8458057167473
691.51028346991
473.87984924494884
-5669.544708181173
37.201110144362346
-1320.0878552401705
471.60658985764707
25.235850530003937
6229.266146966033
-765.4839851696404
993.4644672193346
69168.16281221109
-15411.762352299751
-9369.976064220067
-1358.320289094442
-7993.170015174047
62155.43845305536
20144.67112976123
1471.2618203965803
1305.4665669690694
1000.9295207275877
-472.05768714316514
1568.233746930611
-81252.57970997799
-12816.84264495442
21469.754648985727
-3133.7858930658167
61.738487225809294
13.653815792920861
-18126.486794561995
201.93427791349447
2615.0334485695594
5304.330467285086
-1912.621921635245
1528.6324260333026
1427.8453777461227
-28297.777193626407
10290.785091134825
11261.8707287155
-702.8675992876938
-1023.8631467009504
-3432.516414114036
5079.667709116744
-3701.8231665604176
320827.75606389536
164386.40171993803
-54028.25795265654
14432.624918303387
44995.67903305615
6300.6212541427385
-239987.21008152256
397622.19500212587
18202.42562941117
-3038.4285093675267
-6506.687424542737
-18012.024569810044
2521.62368109422
42650.47381944141
4725.863995470152
-2032.3905873683434
-414121.0532152255
-26126.417163217197
-74491.48881544198
-4575.5387072310095
1089.7675322307405
1934.0392331788191
-216.32950481513404
2911.353416380301
973.5573986182236
162.14248736261234
-264.30261324045773
-82.85353437877039
130.40250187762555
134.98867301997655
38.744932054801716
-85179.04481240563
-11623.766428609732
7815.750548159452
-1496.1642091544657
-1748.1041405283486
1539.665928272585
1260.4444113408426
242.07092810468632
-468.62859914090143
5699.11059110314
2744.6218037884823
-1696.8507209413801
-2075.6767242958385
-1016.8234629960684
-62.09702718924987
374989.884974149
-19486.221490357137
-12689.19252236228
11301.376706118099
-1735.2126583375011
-9624.958021017468
-2299.7284654503965
-297494.52829227684
-226258.23798553017
-40282.00604174834
-315.7471219318484
1.0652691826534841e7
5.254015362469273e6
1.4789608407244114e6
201000.95609060707
-266.49480482770684
-1843.6689046114352
-781.4791053097975
-112.58597484557444
-181.87959149162674
363.9779655064863
34.5068045453082
14171.01843637485
-10216.204532967819
5027.600118947313
-1742.9054764610928
-233.76561663244598
-735.2323969072106
-15388.410349261063
-5441.596102568536
-1.2035360557297666e6
-296591.91802977404
-51669.598005104686
180.26404329297526
-203.75156741880548
-32.75874704964275
15690.33307188992
-618.1832185056581
342.45815356109995
-733.7825858026295
269.09651995529777
-85195.61103822954
8401.096009830922
-15.374079611348684
-13263.5973706951
1201.6881624446423
-536.454945573199
301.020438355355
-17747.875640492854
-8169.365967384535
2709.1402615014
-1061.0619034801005
-4744.100172247958
1626.3181798427627
-1748.9902489432407
-354512.25615663844
31264.94879700546
37656.61117312167
-31043.605959212844
4309.373919591211
10705.889944047778
6117.638795992633
7.091293952551513e6
3.8693442932184027e6
1.117011511561979e6
88043.8347640648
-305.1967390484099
-6692.700862981252
-173.62622005087348
740.7320299361736
1291.429264276211
-2020.4695938057805
-80643.60969429438
9168.602983622259
-661.2047573257621
318.1517287136049
227.66646723351548
403.87652833016904
-26156.532643464107
28755.390328930047
3304.392723672971
1412.4983676883628
1097.3488019524216
1562.6862300053206
467272.2443610361
-65781.37912185599
28820.283823112506
-9024.817536956436
-9200.951891918428
-428.9321160142052
935917.805616802
458740.30280001863
63225.14764271909
-145977.4348085453
159394.89417277713
94149.68764373353
4287.285409947337
-3024.6570031169163
-5398.197368477755
-2064.7159930297576
131768.72395035188
-15746.56395193253
-2890.124294948804
4354.334535758605
-2160.8299379605037
-9880.764519541994
-1.9166033540843707e6
-315782.54678511014
481.521819863896
-1027.7223267157724
80105.46112012575
-13325.231869941905
3359.59990838488
2245.0706204060593
-100050.51209225232
5010.32723021338
-937.8069735450107
4162.893963479978
-93061.50920667296
-24180.738728245717
14602.308028132982
2.235441860543591e6
-353037.35151995026
139475.14347279156
12596.559677277313
-165705.92264208713
-64364.967695484665
-1.8237139857289717e7
-7.647774483140176e6
-2.3127343798107225e6
-8982.846747161222
521.8204721199054
-3747.4545401881956
16154.401074360725
591518.931227183
3421.0864157888727
-5881.652478177195
54827.527688676055
-14257.745512236068
-6.0035203051723335e6
-1.104479402242518e6
-147414.46836614728
46069.77481281823
1.9159711021472306e6
240935.04442427147
-1.826480752197293e6
-6483.83772678567
18012.425456970268
144368.11346829546
-7.402427898278572e7
4.2589161658319775e6
1.6494143502669688e6
-4.314571894686602e7
-3.881188309703866e6
-3.301157421975877e6
-1135.5679842596178
-246.6285978674251
377.62391082052415
-52277.46958464429
5361.409295033847
-139.7212908398681
238.07750551995903
107940.61132637273
89.45976665194901
1445.2661154639588
-406.3381899568125
1388.590960445344
8343.103084664379
418.54562951557546
-7571.968950418083
1.2679823985325585e6
-224215.66008969076
-2161.1368826733938
18704.91335631637
16801.91713425201
214973.8368378948
-84577.53782214905
19805.331274599208
1392.2901184873415
-2403.353754118135
-1693.6366952239166
-211698.45449952083
1.3214972364519164e7
1.9710004855935634e6
188214.27717378244
7069.805051985772
158.1796681994548
4076.8227402862426
-23706.987797429843
-56485.849531504464
44334.051140660406
-7004.084337812169
69708.72299999493
8806.684522698348
-3247.9154582991678
310670.7232844062
-30812.40490129977
18623.026282758572
15682.538427859856
6307.628690487486
26174.978244261165
19612.75014681099
-21164.904439733647
5.189455272403985e6
216141.15089035916
520200.7124519789
-578603.6374716676
-103063.45282298895
10603.477930755607
1.4418754904857436e8
4.704513277287509e7
-48438.61728250724
-367178.13204450737
-8227.039894050054
106908.98792978763
21323.013330246504
1.2690866256815356e6
41755.872338690475
-55035.834015902394
2.3389841472652275e7
381801.2841873501
5.813068241507886e6
82164.42734806302
-33441.858912802134
6560.237368912937
12176.753480270865
