-3122.9583413116025
-1560.777550584057
2223.5424910710854
1641.483384877664
4354.873179404118
2185.123785908719
10720.80746598301
2642.122822530466
-91939.12443905605
-26022.570037696274
2301.513347599788
1642.3054141449888
1819.4799448760411
745.7884591149017
202.3568735871364
27.248411765915762
4371.03153108825
2184.5657267867173
301.9421423420614
-915.0292853391529
-472.37265290732427
-79.59081590064422
-20148.1542413207
-15069.307059341001
-7409.7622716195265
-3613.8159251899865
-129.06813626855242
8920.84747059434
31647.30111294229
16804.88497260075
2661.896701170779
260.80813153327045
-5669.14545045419
-3143.0934346741196
-217.23607259504146
-979.0915172110234
-933.727012817966
715.7859529636614
816.4779124902414
909.2259177992484
-680.7753586799188
-34740.823646984696
-5018.113515106848
872.060903280008
-64.04141934860142
-116.29038658045876
-2459.447125420154
-1608.5007042171392
330.62249988062126
-5047.447511525262
46.06213358414234
300.60079823203245
1256.6303246553503
-1579.5997397006527
-166.79350584644305
-74.22010503791645
-109762.40941707074
-73954.7550989406
-15426.483717647689
3546.6152184956895
-20.409251036853192
-28292.03220152113
-18647.915519300586
1513.0837190567966
58.172311936279755
-217.17874653726153
2144.480374291357
-1955.986119891719
-816.9465320009688
-13731.223088099254
-12705.910753584927
-8226.767365144107
18.206039180993713
-182980.17249560377
-103061.0157517248
-18727.929910888393
-1186.6959348515263
22216.95807446765
7941.477398037439
-22186.30457994523
-7866.022845580602
2291.045921955575
-2697.810497942006
-8889.902691254956
-27775.349330310542
-1748.0523381698895
-630.9647108799293
-9691.956825147174
-6608.393115992874
2204.397257514991
207210.36193454845
42393.874573133115
-23377.154902174705
-6659.052782791758
16155.43969144056
-1746.707657382982
3693.365846016605
1381.2289446435748
-48.22057908996641
2321.5106738424793
6392.959747944117
4933.721879294567
-9492.033337861805
61318.16056620259
11440.607568242474
-9709.689451683436
515.6420057551014
9047.638329659054
295.20648273425013
2408.9903287892384
12581.647990541764
-15764.20455240223
-3629.991929713821
9618.841272268357
-1780.458017911685
13179.141269966836
13509.485991633057
4437.367480289125
-700.5961467717469
-427334.9602421397
99300.77199279524
-130691.98161739639
5450.407433992597
138901.57822775067
29835.293064849986
187368.9258396054
-28899.048931994897
6346.032639849288
13505.130312210737
10766.81332274194
2641.801322507626
-483.6859076553817
-606.6361526861026
-118.06815090135625
-6.979232032534286
-90584.52042757111
-25987.04898676084
1040.465682853922
5333.239110020316
1227.5142806317235
27.26981362357479
-23961.63133115309
-9689.174949265522
-19224.671937793108
-2036.2896523561246
-896.8192271238333
1.6520173383392547e6
235606.04201305122
-85189.29258699584
-67838.28258096971
-12714.1024264296
88894.36340414066
47156.87590292361
-1379.1830208916315
-2.2595406331496052e6
-583637.2835280055
-46507.22396353001
1760.4266967865103
-3587.7503888321344
489.2365776804278
34936.65985922698
-39432.359072620646
4478.256553997456
-302.8478794281824
3456.402003821541
-146305.0052466481
-35456.98755238689
-546.992283997811
2552.7175007134765
-5023.918037112373
6165.753604992038
8080.672090662976
-33262.033830166845
-12363.330991635998
4477.974720444649
-2.189567365771602e6
-632641.6255882294
129320.53554709535
48970.302528777596
1100.5115375781254
-175566.7440148143
-110235.26629866983
19512.340262345948
35712.97364481642
43652.959889526974
10011.726336308113
-16140.427825192184
-937.2438622563818
72334.05595569804
53487.48564399214
-40704.48985619048
-9956.417145322914
271105.30986444047
-96870.87390264332
25239.31300673053
-42532.47438637373
-251388.94533971252
-76381.4087922333
1.8132677538827164e6
357661.7800952459
36745.092604729885
-3531.4041461111156
327132.4829435208
-56043.00898936925
99497.16880101046
-106392.3087253639
-15862.075536546625
-60338.16728741222
42011.92453915245
-975486.8273990409
-353850.42235228163
45187.97007823154
55138.02655287626
50366.8699066128
-154499.7226987183
197442.59039016772
38845.293232334254
-2235.4624418646836
-35586.95532528773
15409.60154606689
101597.59781515576
-41120.17563659466
1.4681174246784247e7
1.6125713813115994e6
232531.34648080205
2994.3293206191097
51889.679984897135
-22868.07946842504
30146.947287454186
1.308419029305018e6
-154181.08792540614
138540.30502733466
131555.07623561876
-78941.74893440181
1.02961413950658e6
211628.47732278486
-23516.945066010365
32549.93064014395
4.326300747965896e6
598062.4954182061
-1.1490815205449886e6
-660811.8311635521
1.9475115253543837e6
1.0847977031033938e6
255903.53156108834
778112.8685286366
-431438.3473666496
-115864.852316518
