-3121.953678982145
-1562.7936800807445
3162.4451778148687
889.6432465217489
-299.40913278930094
-254.01151591708137
169.40656787356093
310.90522564598405
189.47629014123547
57.943111208063534
3707.898059501061
-103.95642267871496
-163.37024435225285
131.92055546451067
-45.13506012298299
-47.603061192227024
61.982792517330864
58.669658568139525
-227.26398587705995
232.1673060923851
-44.06158104718047
-48.190429456871435
65.97864071500892
-17.944063287726856
-102.70145469928428
-69.00659499417503
-18104.960750126837
-432.1387640152198
1031.1010724483185
-438.010274267876
5.528611394974537
189.72480432154697
-122.81816641805557
-138.440812175489
3128.2313318685588
901.6230332465676
-301.45803409181576
-252.70738773257767
168.96387150528588
310.0820236094535
189.42639044376276
57.680199529071984
15.117775402310176
3783.0159578455796
-90.14509534485296
-168.85317832789542
129.97865406948304
-45.61396295131089
-47.33553151025057
63.1684225442648
59.4064710611399
29.6966823524999
-6623.761999166834
-2693.1390225405275
1159.0446487598465
500.95749325645573
-707.2888876706564
-470.7603464496813
-386.372983876993
-99.23004895790847
1109.6880711094364
4347.635977379908
-2828.565693159714
1287.994245556317
361.5365248936121
-1323.8942903970724
-954.338071091595
-175.1125942478592
-61848.09850673975
-60640.917498312905
-20538.49320185716
-4402.95873090994
-382.1387770279457
107893.36932623209
134337.80757122376
27398.165129682962
5097.904912850997
58.0042872250205
-501.85918153155137
-352.4430023391757
131.30896316313036
-24270.91880153809
-5188.057504322741
-762.1157546671076
32.7479384703252
81.17424571839648
-37.05211421720205
-4.283291312772796
220.54331027710128
34.57628663723192
-12766.341525345333
84.70668947977326
242.06223008306907
99.23573374453701
-220.66066903258857
-197.88955403425277
-80.68233216453683
-3488.2055262441113
-1866.7532381267818
-264.33650024306894
4199.973919387118
48631.43956751501
7467.786826825417
1308.358333098125
-85.88231432503538
-4563.953611121224
-193.53288168035246
-1.4171384721925417
-30.052882242019635
-70.79907989612215
23.091622327198348
5024.810443680046
604.8662046952444
-267.80447113891876
-112.68050904658135
143.00192891786074
102.74887315422407
-17.87673186169612
-35293.548185137966
4185.558122924478
-446.6243967728224
-683.2766205761139
9.555941416520787
-11.672578462154116
-1063.0253098925814
-655.3824601127152
204.8910917944476
31.136572963597306
-47.62329605007157
-10681.395449858044
647.8465502223291
196.24524382679758
41.97877361893752
-45.959263727191285
16.05284630937943
-1443.089151835869
-258.79588556908504
260.02686160043424
-1.0118822389932356
-444.8295079202281
30.436830307584906
-70.20754994036554
-85363.4215242048
11346.718437212267
4468.337459837882
-4400.710011047044
-442.0760688241227
4033.764042301986
2870.086162417343
234.84619930658084
122059.99765241805
263904.7977818682
-36982.00817689698
-5172.695584844433
-4963.738071003615
19201.03073684415
6053.952763703768
630.2316877192634
10.609547222208656
-949.3792380011146
514.1395012886721
44.740700846542275
-93.91803005409726
266.7388487519905
71576.4379123259
18076.92948487472
8678.486643412805
-140.90257359568858
214.34072179287742
-4.549152307614397
-80.17857832363956
-134.59953240982165
-2832.637986011236
-79.98403959844849
-18.409140631554205
1406.8715648850118
-2846.662089179709
1499.3016696843194
1297.0857735996983
-1151.5273236300352
500.86582202448506
158.9048625131691
-49749.782763202005
-1939.7141511552709
8891.896203687826
-4110.3518759284525
-3419.904105479379
-902.9465482459473
-412.1452807884469
55517.75565190867
63876.522632834836
24376.04771918294
4892.902499077872
-638867.523206041
-220638.10168239064
-3508.520418469293
-11449.815999534743
-1564.0812322065046
521.4078847638293
2339.8785977011275
-1937.270855951047
-701.0753416296556
148.88374227642618
529.3985407136687
-1208.0475715919597
-60.54216193193762
-11690.190406589349
-4212.979125022095
1481.0765145773187
-193.28442605617917
482.8310178314762
675.3371617823709
-4614.481722119395
-1142.9237617546519
72372.2733829038
-6932.79434384685
15837.80482051349
2999.9615335348394
-206.2181348981963
302.33487289259045
314.7979181063884
-958.5676794876842
703.6313506879937
110.08478408644598
-153.15484045555786
682.9087187198635
2915.5352960153277
-10135.45570650178
-82.80084434874807
14230.016288853869
2091.923896916123
-954.1298198928918
-616.2658761786344
5816.999128500259
-10894.379940257279
-2183.195098323057
-869.9362248296959
-2886.1752758842827
511.77334052235983
-1099.8658061477897
79291.9121693993
-9909.083347550612
15577.573430861336
-16136.952332460893
6463.987642198848
7630.1907116132115
1332.7162397281043
-588056.6668698675
-418675.56956191093
216215.07145146013
69725.84146121547
10829.236789013665
5254.3023708783785
-7216.708615664755
5098.657401911446
-1364.7716632881315
207.82031479339884
-53.06343791827699
-176798.37889135035
-51196.385011333834
-1677.2804311961756
222.11043973183376
-55.272411179357434
332.56285966466845
8863.323839857632
-4684.10144697935
1836.9568764205287
-4237.008735274001
-1541.8925057515983
205137.67221279917
5164.676799017078
-7236.357029077918
1261.5148661755175
688.1055760011202
-2139.43247179003
360.63488927391097
1520.6792323055465
860.4486335979983
11352.389423012484
-386.74074603652014
-204585.5145242036
-27840.18731754343
10717.75780822586
2272.5586210736374
251205.08238338432
-194.53326254984398
24318.755830728664
8864.324716564817
1602.2137829045334
-62455.16352685296
-9613.02512858408
3463.9637586919625
-8347.451038724756
-7750.975105978215
3344.9224540764726
-1.3352407249907812e6
-594010.5329130144
-291894.4505005702
12636.742382292223
63714.92585418414
-6919.844787138921
10670.835195194546
148753.84276450242
-13677.806863217693
8436.07630517127
-8979.043527677668
-81538.73943852351
63308.2312549198
-852.0160388996272
-3549.4737133419417
-605.4923965943424
516.7942281693039
-1816.3533607070071
-279.4042925463469
17491.442928965567
14884.66452407573
22014.930666296346
8226.676485893075
-8534.912917223208
217.49213497766277
50.84476712807163
-123.65308433813522
-160.72080556175314
4992.34489861622
1122.438520061971
-411.0862183631288
-40.98523621118929
-293.73270281318014
304.7540782670044
-20177.76439129589
-14537.534327713274
-82.30061632172887
-43.75095774802987
-2685.4930308213184
-24.63325932387228
-164.40904220943008
8.134472419981535
1981.2611047443131
276.9918297273308
-656.8631275668612
126.59250656115934
-514.1349763235564
140.36578926581345
-419.2995743224002
42861.1170771122
-1735.681871338904
-8652.406462336641
5817.9362987255345
3059.6972597149575
2090.0375255425233
-224904.3498291917
42600.43077342562
-30773.77479442698
-1618.2758142955374
227.87681789880665
362.1388582727432
19.861259568767586
-548.3267395388358
21031.818444842487
-83.08530813170452
271.14884884122836
22118.849175781168
986.8261918724018
6735.493811635179
4733.117103765546
-17548.781966643375
2575.457731072664
-18558.86654584111
-605.8009480196334
38238.91954533471
-3884.308060266181
35343.4788131253
-736.4141954184853
952.9753452386184
1.4645191866507357
119.31184047762343
30.823162465200767
25.44842108172905
1297.4073856385232
-202.54077757403323
-4.275375871032377
-13879.490758502385
1202.9360390285499
1618.71288406996
460.0422417269668
-298.26733631446774
-90088.8757462976
-13519.48681152879
-64.77589313584816
50.23550973286082
-333.07651518014166
12.16048824509006
-5988.407098035351
-2581.0294334254468
-19881.4299211813
238.32588900400006
-4488.242187017766
160.35389214741664
724.291000888763
319.1020999567572
-6207.313760408841
-32.589411355517484
-175.85592768763448
15977.879344474522
1551.5673069155905
-623.3734960058471
1323.547167304642
-25.228379336274426
-42.267001290172836
-2504.5744925241597
2017.5416559457267
154501.82181504281
-1569.514632810723
-3163.6132388272817
12467.241018362321
-14206.48650671505
-10109.316749326594
-8664.36073935798
-1.0546134294126562e6
-1.4560838177767943e6
-870581.3465282976
-204643.38894636818
-222793.56229962598
-23794.381399132417
-5030.185155242227
4820.096844501498
-4033.359345651754
696.5056301711319
8548.56844367729
377810.3335777092
130548.78865065316
1522.480925003715
-3748.853658979171
-2651.9448502624573
20.152370201097277
14635.348793419356
625182.038136823
-3302.6028013291793
312969.6956137027
42105.439551728654
22086.735045838035
-381738.593877206
36432.85496565292
-2629.9773570255643
-25477.472262630985
-193.7621729258183
496.622071422092
161.24626346970447
-901.7654880124062
-45232.68934416937
-685.0233911724641
-198.55457011220923
31.30760537686046
-221.44873482023948
232.81505886205753
-39.84306740076866
-47.79006566885942
66.53567138709406
-15.478712755667564
-102.07044400761542
-68.79823696020858
-31.284437282559495
-17222.188309368477
-483.28962094788045
979.561992502842
-441.9519482800751
3.255207441240513
193.12816618693054
-118.48323369225963
-140.50717870862275
-60.83847473035446
-6597.391870651088
49.54710715747164
2804.5942054808806
-1959.3256184638817
-543.3267135665918
2273.6528841946197
1254.3044840142015
67.45931019628617
-23217.20927100888
-35605.0283536592
15830.558461719933
-2096.1319033958007
-3696.751224425814
2562.8784866834353
3678.647681107557
1485.6172217699286
-139485.18227792234
-191343.4753812825
35981.285905595425
29423.47831763052
6077.393783970834
-4.7576342900150595e6
264824.582161662
-385585.5425435313
-30152.21582977741
-54663.471215237434
-31400.305765019275
-14270.09905839189
-1015.2814629888753
7543.615353680257
3525.3450683444853
-3242.887741441286
-289.04033392545773
108.0835048950069
0.1318772620104142
-71.74613855848266
273.9048669713333
205.8041693434797
2127.4996358176195
-1431.2767255900415
1616.1605622087911
-1234.906162708124
451.670906849933
518.2443265740193
-95.51127452926393
-61017.979314768985
-30322.54002947022
-3425.9909558057143
-2.4960898238069844e6
407649.02558697143
-12234.7703904913
80730.50313794355
-373.04112360614374
14309.011287376434
5737.582805665328
-117.50722028076085
52.716964549261306
62.45879047135947
-52.274868954451385
5259.916828343337
1792.3127057139507
-1099.942847361395
288.76722816500865
206.29054360433452
19.84229816208775
-648.3901104638132
-1.0089995229111975e6
59809.43809552725
-86352.06067281263
-1532.7698376668402
-10.767212341791224
30.178583753474154
-6228.605976881582
-155.2379704343938
15.23613811979682
203.4927709662798
56.588262749040055
-201479.22998098828
70930.23246787193
1720.29302454129
-558.3273272895801
411.8992390075161
78.56319644797841
-57884.116330227
5679.089258864882
120.64650558053233
273.1551754791037
442.95852248544446
-621.4993362061078
499.90794823367423
-699020.351097176
20394.286660254926
22604.01197800742
-4652.356925970779
-6789.5077201820095
1546.4111713198838
17886.576699948033
686.5328597417476
6.191980967526319e6
1.816363817502343e6
-955541.5515275766
-297447.04684223863
-27681.912820217352
-177850.9464985491
-131221.15075945764
6556.076139719245
14994.627692074599
-9214.672922959975
788.1468044918847
3259.7966318768044
-3572.595644154265
1501.8776250384087
-9304.574950258107
-176625.17086706238
-28261.05812635102
-13620.170483514152
1947.8387658503475
104.77215530427131
-975.991104398862
225.58324498986985
-5222.377765244044
-9.958866033312137
-932.8808348159084
18585.333493554084
369.3304519480059
3203.4156288439076
-1808.9714889483034
-1390.4592807007384
525.1840129295757
-946.145865134624
-574209.6958431713
-17003.5039590885
33747.03699067714
-13055.77197871436
-3332.3440012899423
7071.261966707728
3442.3829583467555
1.292881945412133e6
-1.2125583793893075e6
780554.6791268158
150575.37155689366
-2.182011014898594e7
-1.1115354880530922e7
4185.42616026013
-701933.8809462838
61496.580077649305
15165.799055073909
236213.92226049994
-3553.567957056331
-1825.387826469802
1077.3494425072354
-571.2749123426314
-43.66151923196637
1486.9169327021073
9606.38419390102
13094.029672814379
-5996.335904472611
829.3578797593105
1273.845625102295
-155.4510104130623
-571241.5322097585
-99199.95182945064
1.5793488512704305e6
-1.0168149083601149e6
667731.7725089766
46770.57931012274
245.6552744452812
-966.669160584924
-537.6394773556683
35339.248388013584
-7482.714798821102
2001.4304435135145
-171.3445481326709
-746.0058287373424
12443.868414968772
-355040.71669975447
135.79678006122364
-26743.73071604913
3912.288719979958
-450.5569525108279
-1120.1568319139828
103006.57855320166
17042.237864791452
-1663.12313033804
-1006.4232094685424
33243.659776455315
3037.5497712633924
9345.46667806461
-418584.0353047245
324548.86461962847
-164296.10057419655
70737.09671849353
-2873.3110062437504
-50363.22860811909
-6727.477716028298
7.728141609847361e6
1.243535121103377e6
216436.08734658328
-672698.1127727865
458653.66432740155
65378.872873753644
-6011.308536503289
-8316.591652539471
6341.974857230173
-1211.0752764280167
-3114.7527768628615
1.2776798535285755e6
541690.7839794283
8301.221554566602
-3707.8666334100194
-3419.0470010577183
-1455.515224468263
77962.59964172741
433409.03503143473
4678.462698134689
211904.38191133202
16838.36402677728
-1.0034710282370683e7
-89845.35657992023
-2.162855770839594e6
-34881.41477589757
-774712.8573430664
-323635.16603065224
15995.177046386627
599587.668167497
37704.25256530472
-162626.7471858899
2194.236506668564
-2.178852135161968e6
-1.4803382166270379e6
616069.5167945215
27479.123342443378
-1.9839293693959368e6
26703.434314245907
1.3086773051062592e6
701174.0126975394
32699.441071840585
-81596.83227155867
-295969.0236824266
-683975.0452855476
182626.9219235524
-37681.85688381835
-361543.89023484295
-1.494153551152438e8
-4.728913871896103e7
-1.0017600941839678e7
-3.290006757796595e6
-3.925123699105224e6
-1.4526673796262436e7
4672.113537176592
-8.265535974159068e6
-325400.37702528154
-577307.7311097694
1.2484492445087563e6
2.1359230015414734e6
-1.0989219472740325e6
1805.6617468214881
3559.980106724582
6131.561196473125
7127.409917983688
47441.08362289636
-11838.45357457854
-835889.4770316832
-117877.71726014595
190585.6113841181
-12880.627272553009
48751.4438550103
229.20727332578713
-125.42166325472459
94.35418973802025
-160.1495265129093
-16210.277155886619
1905.6268399739
-329.12030430976404
-16.68335848413551
285.7568399723732
-26297.58243100833
-102177.20811448814
-762162.8694273469
-61.274790737519865
-21.986622217695388
14105.444845407594
-2308.0732411683143
422.6918940314264
82.98201056507493
222145.77197940642
-2666.4014923704244
478.9000395345409
-76.89754171794594
-4316.581977977102
871.3828938832553
-4211.558767670166
-596098.642839491
34393.60326798129
28905.140406020673
-23368.971950306564
7513.297473680335
7189.269535576063
5.00831556143121e6
-1.435618676211201e6
695505.3623998049
50062.21905524402
-4116.888916182304
833.1770891277297
82.94632032840794
-47.892369154858095
-216488.57689035335
-1341.10919831515
939.8688513527462
-881703.1942606356
-369559.7594298231
369506.27985071234
228411.41159711513
-8.397852479158556e6
281555.27719881764
1.8402920626963063e6
-217590.13118845053
-2.805897173128399e6
-92559.0755568873
-1.6750262032453346e6
-141540.05493644593
41027.387599431095
2.4759891833510035
-3528.0045012385635
402.28836958594684
88.92720923293315
-2735.71261786546
819.353779811985
-2087.177706992936
92335.53180647783
2166.595111184829
-8978.293074758398
7027.580644357334
-6488.139185250766
1.6624384453104509e6
-462908.5284480645
1542.0515103163307
-1408.1080084888688
593.3113429551889
1007.7300327386909
-3.181403310016051e6
-871217.9125770319
942199.9508515457
330.64406303617335
147514.47980667837
-11323.42390999373
-1682.0539860518827
-4074.7447564419012
455618.8568891131
-2628.337863336036
2301.7353250857745
-378881.1188720656
-80917.88069899184
-6988.666630785303
-2332.6949684072097
2529.9281606295262
-111698.90396385637
-23902.141265787075
-7626.943968625353
-3.416534538365877e6
-518615.30314069
497846.4045420027
-200512.58435689655
42307.33382324047
-28350.13415198418
-121958.7122844932
3.0199824921693757e7
3.202375735112526e7
8.277184955253488e6
1.1622103629500268e6
-608482.6577817879
-1.2288723121549352e6
167903.04082169422
-31390.780465692504
-37520.5555298145
18614.462259303873
98040.95022204606
229866.46857770102
610533.0773175043
-33410.93256558656
44081.61861720028
3722.001562216341
-9977.473875156975
4.472863434794352e6
-9.897656442095116e6
-149426.5050529042
4.883958269577833e6
-128364.32937104152
1.464897625698159e6
-6.160670682565348e6
-1.6242983869035093e6
2.1057235442967024e6
712211.2265156171
-16392.277837741112
-647.8159623814046
5812.595617337473
4338.401052687956
-492560.4519364951
3363.2615227980787
-965.9548518376718
283.96658201774994
