-3116.1892028880243
-1558.1884794502462
262.0966208615238
109.2465505834233
15.159287448737356
-1200.116605898528
-490.01586550787056
-88.39704731047429
-232.44900707384514
-133.70712567580065
273.3971499606212
177.07925637388925
-123.99991117108313
-1537.6881936798345
-186.51872736431963
371.89408785434824
57.98634823781917
-11.064806839720763
51605.832668863164
16685.312599313667
2376.0429032118
2071.018358473024
660.9329625846738
-10937.090431087832
-1431.0128811610687
-1384.399433546807
-43214.67140265862
-10906.325889525186
