-3119.222714021754
-1560.4035147072454
-23462.460014540713
-13039.879432156546
-4979.160121121295
-1194.0270109205785
-135.47095246167555
29364.02922961707
16102.462677581958
6122.932721334276
1461.8616983280313
162.18104781546066
72412.00891165234
55899.552159148254
11511.278664875574
1260.6363958252143
-45781.40476321269
4607.9204752911555
3323.0957900068843
8.477831275571694
2905.7878841162665
744.9767972512511
-21482.849510634103
2116.8068242822656
1479.2303173733253
-12030.51670560755
-1629.5907041707676
-658.2241996360171
122948.23516560283
41367.42781048175
21724.434895538223
3416.2643264356043
-9696.12735864495
-2458.808632135618
-24772.392051984712
-17919.286859194293
-2387.2341734141933
202253.96848284037
66780.50802939598
8596.737864136378
-578.2055802996559
23856.410424364713
5773.95998624267
1975.8350414016395
-283834.02017637703
-123977.8383468875
-19221.82026671258
6088.388504991085
-362.3414419458098
-46753.93495424905
-26735.11468225164
7766.681937550379
-64303.27251289611
-14310.003157376452
5706.975377858252
-524.3201725483262
25263.349702127696
15249.669337023946
6396.620370021364
1725.4051393793063
230.49922007308854
-137454.5945724424
-44820.3575431446
-2566.0680216015867
3148.8235875050505
781.8938113300619
12107.108135899367
-2376.2939056535724
4981.801712173067
461.7849382115504
330298.12230254395
344563.7881272287
33152.55689330339
7628.947302875454
-3193.9273507066173
-478.88563863699216
-143426.9150098284
44382.40462710072
-10402.500109857796
-31228.030568794595
20798.745218309014
-16811.80649716984
247213.72771032868
-583699.7023870305
239422.00507359792
83904.54848177347
-273753.3113238549
-79039.92867334801
-109935.8213962116
-43693.93863286035
-26038.552465705114
821406.1608128063
-221362.56181733694
49807.63354606236
12760.037821499855
212047.84391652988
-186101.10215190172
284457.28641186253
-7.293269181819367e6
-2.4472827267986303e6
-1.0469384580301971e6
64036.08790752874
-50422.756542698444
1.0139995198264625e6
965774.1611627082
-378794.6185939733
-4.537304935930861e6
-7.369523886725929e6
2.4622455315072755e6
-2.4795641204429166e6
