-3120.9856573635006
-1560.7961138098542
31536.193266342056
1070.8358913612362
-157.47079845878952
-229.32489262359294
42.344402661607965
-10.99250665085104
-17.808300613322523
-3.8669627022424926
803.0734595761829
-15.132771151840299
-30.965542473547014
-13.649673677047375
3.5612794299028296
-1.130696049014463
0.02563694776917915
-0.029341358665703338
97.15993318411454
11.855300849272094
5.881046407936848
1.1937041880223078
-0.42138025825895
-0.019688448772052617
0.22881736978199232
0.06921327772159933
855598.2053103191
1.9139541458248629e6
1.334417691513821e6
1.5789993460072074e6
384274.7216750128
-186475.34458888034
-404.07294957000425
-1104.0897552180816
-459.2531556864445
-878.4728493318397
-98.11494497787073
179.91178696676326
-8.265203861155005
32.93978787215859
-47.44393517269812
18.827992792825235
-10.847620503968757
-13.563427696574301
-13.994166511591196
-40.70577754763333
-20.239338155019308
-28.811232675773255
-8.519048841966585
-0.22123612489769925
8.206033197384611
19.907420453175405
13.04670109668255
13.907913893544329
3.232098619549715
0.16325242788568714
-0.9050440364790951
-2.0419551991652303
-1.4706558587791696
-1.5567726709779288
-0.36615204515264854
-0.15266786840997393
0.0922905510569247
1.1945269860315335
0.4151245712613496
1.3971372179027588
-0.1521373448871283
0.05310308813346092
0.011133017583848989
-0.05639545652446902
0.0037758315054667348
-0.06058445787212543
0.060465587449966836
-0.0017333509445587026
-63342.10276743614
13004.662806276934
-21937.487107591474
50111.83857769262
-21601.5339476245
2911.419216468498
135.17167289964226
-85.06451063063069
-3.3374134104973847
-176.64992834713897
56.65126002477708
-14.960953796749239
-19.78913730775814
19.008749822502303
7.394388201283751
34.57666525557381
-9.881154219789124
3.4424842761373307
0.9874090857669519
-4.244912040556306
-3.672014951088904
-5.028882409312692
1.116630174489242
-0.4695880611209222
0.08937824328801565
0.7509120761519916
0.7271106670771141
0.46378941917777794
0.09968792395162833
0.023932095203102226
-0.0027587735845550406
-0.14695540544029398
-0.07344647149315796
0.02242906828385052
0.005450231346497454
0.04930437817705908
-0.041600767530200436
0.014351613876470529
0.03427244300006449
0.06756887031135954
0.098285773833622
-0.02610243370142712
-0.008109457863282201
-0.02333520457403596
-0.010421663264833137
-0.019722966318841555
-0.005950465169897629
0.007250596605328185
-60658.598040788944
-68912.19260560515
-43215.28969082344
-9618.96811768969
921.038539899414
-4558.253953495378
138.69256064532632
232.7707213789583
119.68559565696857
54.652426739288295
-4.417460044805813
-9.938371979789347
-17.78613984354633
-38.27714942620278
-16.605490545638677
-9.889989985996134
1.22162674986159
3.5262528833039797
0.5557679314038815
2.7761419616120144
-0.23342008225966124
0.09215670943682595
-0.6719689147705553
-0.6967842737705472
0.046155927200617064
0.28489970830554134
0.24559021875699427
0.25147396113403686
0.1554204299954098
0.022735727786942196
-0.03860195976660921
-0.10567610965537907
-0.03905096085105203
-0.01725299980864398
0.0029399088788451206
0.01851636322228782
-0.06446384009866891
-0.12376351822622557
-0.04741892490283207
-0.08752459889445247
-0.005602727940872418
-0.0783049950179266
-0.015060196773392757
-0.01822269484782698
-0.019062044618671718
0.0005419109184147954
-0.004566004402337387
0.009760945041160428
194411.01808930005
225122.52158588794
107073.87771232222
20352.048288974187
-13671.423156319424
4155.349487837051
-345.0961837023883
-428.31687675036835
-83.85706001778406
62.90943193821339
69.55421438927024
-1.9193870666087405
36.53068692059904
42.71750315232355
-11.733982308754287
-24.96501953708184
-16.819299780425546
-1.219822659755476
-0.12225350252436473
1.5905717073937629
6.004252651165526
5.17187307952274
2.6160320179142347
0.16857463396932054
-0.38996124253276443
-1.5295222139914582
-1.2473583151541052
-0.8526527454424638
-0.47707035958141486
0.06622467420725772
0.011708305856223074
-0.0031235471286314167
-0.15308930275558796
-0.11940257792775531
-0.12095552075523457
-0.09107176867166349
0.2562966048228314
0.209182197513418
0.40164454595759475
0.13983591119933406
0.1842121184341145
0.07712692684951637
0.016436596626445088
0.029975014832374424
0.010550229021445319
0.012071559974814346
0.00418485288125322
0.006704864755705596
6874.087415085289
28059.21854341128
10164.44756163346
7539.526967531245
-10.82255207312817
-2239.50759514613
-19.29722870472206
-81.84769646049897
-27.51905682052148
-19.62845194959515
-2.2249149975138574
8.575772352609311
3.9317487952560395
16.219612232193143
5.02933295946869
3.630660860347878
0.7581273813962088
-1.54493779399426
-0.7086763090927358
-1.9558109303134228
-0.23736644696307735
-0.5416666870856813
-0.1374153297281691
0.19170299670970284
0.0490827535009853
0.10088949617962265
-0.08579147457783429
0.07646981590021787
-0.06799867731916664
-0.05501309632215055
-0.03748602007372934
-0.010656913438442455
0.009182954950595422
-0.015558173058624147
0.008343276045525446
-0.0022352259886322477
0.01782170251310959
-0.005841892573429098
-0.06181769154879225
0.03556966891594942
-0.04141574254907406
0.004031245070803521
-0.0010509860596232302
0.00472184439303477
-0.00033953417469932565
0.000553975204698574
0.0027908271400142086
0.0016644182895768334
-1243.3280421293532
-1818.188498122141
3181.0243430294518
1537.7515430799815
2348.373997282115
-46.89818262827194
4.548198201922579
4.980272103906251
-12.973231347464573
-5.484527232052943
-4.612612509485762
-0.4180147365560581
-1.1025846292510688
0.3698988631642829
3.110445902812233
1.1350283995624846
0.6315298089182244
0.35659698642961657
0.308044066227529
-0.18417164418527454
-0.27588768373298816
-0.12301167304866395
-0.07749407359415406
-0.1519293081077468
-0.00190392092621236
0.1665673657127223
0.10699702083547565
0.14244289563502158
0.10847440124229434
0.0740627464873484
0.0054664596006178045
0.004468110839605678
0.011097399570840353
0.010781467615716609
-0.004876580834786271
-0.0012421386968014883
0.013623760950350299
-0.06192812756633637
-0.03595191133725224
-0.024287371205552414
-0.002519057391170245
-0.011163666686342619
-0.002510741989829977
-0.0034437050701727704
-0.0015745227510627127
-0.00505707382851937
-0.0026288312802610573
-0.00328299802476641
