-3114.2027764630457
-1557.1246183735775
-1895.667318033878
65.31466749360479
9.771412233479866
-236.44551712753182
-1.2065332817320558
-3.544265787933309
-63.51181162494454
-0.885837133101408
-2.3754958616467308
-2214.554725752677
-11553.603402239662
-2503.7041466097053
-2279.3807089311595
-0.9232757805941564
176.19901182384297
-14.052156585313394
-21.222890451761234
3.9933647046001473
-4.126215816006527
12.760725525223668
13.33833693456309
-468.99392672938677
393.1095418382695
121.37741605782986
-479.1294909444846
14.21613032676362
-12.363732594311506
-5.234010242064737
2.8618160494979414
0.2562614511167203
3.9520359678444454
1.7802058618464227
1.480963994770991
544.7241485540209
1466.9970395735943
646.7365040686348
-41.5183063667048
-17.317651959026815
-41.98354088211703
-17.37605863535165
0.2510569159691996
1.984877728873309
5.916748871858448
2.13515998645497
0.15858567570769874
148.65178893744934
2526.9699213024314
36.22016076866103
365.5503736904427
2.838610825126587
-74.13747172929624
7.721541634483929
0.9362890739654542
-2.026960525962239
6.710541476222789
-3.6400456262144667
-1.8355718870605247
138.53825304273332
-48.00230178936934
66.83735847128544
-40.69668564277005
-5.20046621022284
-0.03769283722138406
-2.434841602501101
2.803573156139037
0.40249793614182255
0.3892366949815655
0.2841981144282712
-0.7764620803346797
-75.02596165572575
88.09951355225563
-4.415528693551957
87.47826565199021
3.2221434076130175
0.557810416943437
0.9804537921220756
-3.4146290976346902
0.020832454521750397
-0.021714593949117813
-0.03687311049472453
0.5683057896785885
