-3118.0474332200015
-1559.3404580152671
-188773.0021010681
1103.9223997305041
68.64467123264699
72.26835258811778
189.8444743710102
-94.3943362893737
8.09011450784486
7.3468122963566875
-16.210436778219442
-5.6044210288824035
-0.750168643879536
-2122.668815855409
41.96466566989254
-10.668422866856178
14.34150660184095
3.9714752182408803
2.3874265051637513
2.675295448430432
-2.3532410346240655
2.3913505087970366
-0.046778039218754695
0.016471629208944325
667.2619942724095
-55.73459121617982
-11.887920911946692
-0.6043040499285267
-1.2844922004942683
0.18733255631855225
0.16612411124078028
-0.2823937072899968
0.32809280364641796
0.04229457020233926
0.014549771493902464
-6.32917422111902e8
-1.1728037324619763e9
-9.964234728745569e8
-6.520395924318068e8
-4.8421664791033083e8
-1.838168523037431e8
-1.235370023103237e8
2.826879333531139e6
35603.82115464865
59019.467581682686
51272.71575475875
32549.71470627076
26544.22463938724
11248.948332272612
10430.451519139184
-653.9697375871065
-788.2163711921085
-1278.6028739753294
-1007.8952577160634
-660.1737865167694
-521.9117887727513
-221.77110893135537
-285.3843750358796
24.81761684344608
90.68647530309075
144.46866220856197
103.8908725665022
74.6750678761595
42.68641135793524
-0.6585104268596719
26.944485327646206
-12.746113797711242
35.774082147307745
115.38613419975076
78.1371261833853
37.22054899766976
27.836491370017313
15.853834652141758
-7.925958959554356
12.014975499553223
-35.29020410102865
-83.96040129812002
-66.39054759199435
-26.337061656785817
-23.34105475306284
-9.441649686500966
3.302534763105356
-5.716017021055936
-3.0005629447255227
-5.689380797032738
-4.455060587290926
-4.485950876347721
-2.8947517592876757
-0.6529742583435247
-1.035860872215264
0.26368574484873153
0.2231798448565279
0.3405520774678242
0.02163811200211355
0.19140578229595773
0.020703124178605873
-0.3688478768274897
0.038127791639910855
-0.15725049290821003
0.05261616822197463
0.15992424087980198
0.3470978389677306
0.09774368370533039
0.14134177656858807
0.5412809591370751
-0.006452040109128807
0.16635648157962601
0.051143997393496364
0.07590178654071382
0.07000191387279772
0.0635971442723835
0.05578868131440673
-0.011191627854882901
0.018864733712687622
0.001848835423648195
-413886.4523136614
7.0852965423692325e6
-5.264288775181847e6
2.637773390344222e6
-1.3611499520940252e6
3.1165458383107786e6
-1.235596352676455e6
-1.3494817181864516e6
205.86176021178676
-891.9746594031237
2007.0804026216413
-542.4845298238145
438.60927777341425
-659.8710613005314
522.124641884884
43.51036755168307
-10.201492502695004
7.691300105977798
-102.98969156251987
6.643327875389566
-23.573593417038776
17.290647286065074
-26.708615042376927
-1.6285073072264669
0.15549295151750467
6.276204983058398
15.0407566781079
7.651058335711019
4.183624269304572
2.6262650430076273
4.071677200840816
2.2841301841664814
0.7187241045330705
1.6326640372999586
-1.544337269837798
-2.02336181458594
0.15246270303676218
-0.41662520153367794
-0.357998049844257
-1.3292630153571945
-0.35216525550060107
-2.147919706537919
0.06395497925146666
-0.7591686186130432
-0.5365684671130261
-0.5616866490237375
-0.022471950817831692
0.27390786476127454
0.109796711356105
0.47025419940794205
0.006974607548202405
0.3031345002615015
0.0019492736619180061
0.12001852694858016
0.006263879433153643
0.05203239541838268
-0.05294181761632755
-0.2635453538379701
-0.1114552400737546
-0.21667587273003694
-0.08138373119061891
-0.12521939283877115
-0.06365258573715583
-0.046496911521276454
0.064041447714343
0.24768251095711008
0.1265741598354238
0.17325301295713483
0.06626698217120887
0.10444919755764384
0.039607181579914295
0.020035042368520762
-0.012342715000962234
-0.026537879602350493
-0.02041779999697542
-0.027407040862766716
-0.014195566474208183
-0.015103316977398471
-0.006838739228181737
-0.0019281122103826393
793385.6351032592
1.2378423516266046e6
4.0986503523030463e6
1.6120055361606411e6
-3.1321975013320586e6
-1.1863457333766355e6
139195.03446837608
370230.55908830045
44.87821640522463
-62.35563931026256
-110.92544627070322
128.26156761458782
978.6580254401322
357.0343292046317
57.052644193142875
15.241391797581796
-2.953578612519133
9.503531488540892
-4.196377224201115
-16.081693517686404
-44.24634351398306
-13.841471836219112
-2.5108436009697175
-0.015508383368617994
-1.5007369311505756
-6.894783253842469
-2.228038193777142
1.750537054261891
4.828558379630436
0.6062457154133762
-0.3313362056754355
-0.5559670645519031
1.756084272103721
3.33298737852159
2.826332115938646
1.2913691657753577
-0.5343262419512543
-0.05386340352214438
0.3110707851289184
-0.01237041239836793
-0.595554166940683
-1.0266410140288096
-1.1150706195254185
-0.5792161669251494
0.1924794145098866
0.08898447790347007
-0.06936041328392736
0.1561521505638724
-0.04141046292841137
-0.07833278627296889
-0.06277096273644717
-0.08356519402121465
-0.09996608127939396
-0.059351627656464456
-0.034806458026793996
-0.033108653484935455
0.02524687056922826
0.011415204717821923
0.025557319119801764
0.009655160601879941
-0.0009594128954135483
-0.0219934460164564
0.0001409706205403779
-0.005678311308756254
-0.02749145363695618
-0.016010979841346255
-0.05534736354437174
-0.022320061022818957
-0.008885454538845684
0.005037434904432998
-0.003924627352949007
0.005380769020899905
-0.0032552020703160802
-0.005370017319524857
0.0003482906204191579
-0.0027033590854448055
0.0036918195853151508
-0.0024916828659971558
0.00039683868736251543
-0.0003189915596440138
-7.767245726395586e6
-1.287040948679258e7
-1.6138151788260832e7
-3.674119375729015e6
5.800357236268268e6
1.4926509370523887e6
523959.572173828
442447.8044119695
1298.2196040877234
1852.1120539233398
2441.1150926598566
497.7160656911356
-1131.2648359849265
-429.053075273983
-162.86942266805673
-111.31778348920223
-45.46066900288633
-42.927266722411865
-66.78806803945002
-1.9334302588517513
43.899474365000614
15.44570019859506
5.41037711070218
4.0015114843909485
4.109564295945044
-9.169271039963961
-2.258323582510467
-8.202822595398645
-8.725649237619477
-2.345884558765335
-0.7740002859864461
-0.8822776784755669
-2.365333447966119
3.7986282835768175
0.20802639492962827
4.1272280325960455
5.729322757493152
2.294789886845388
1.0806173273897886
0.8616444807721734
0.43028402480706035
-1.7495733004203142
-0.3302535456819129
-2.2021798264428867
-2.9064983499572743
-1.3499415047334915
-0.6425966974518615
-0.4482103434029669
0.0717122044518857
0.09835391845513418
0.00569291200082522
0.10661045481497768
0.042553082008754836
-0.009183966660149024
0.015311491500687559
0.004766734142982215
-0.0670185452068546
-0.12849897318328296
-0.1451827183844616
-0.069344543063657
0.003944224675814111
-0.007625207718420409
-0.014053886778916716
-0.009550658458262131
-0.08350079021546848
-0.09586996481047304
-0.04825617190259453
-0.07558193326710391
-0.15408346607597043
-0.04598823765495598
-0.04900865154132506
-0.004707032741858976
-0.0002547848410484916
-0.01546006531121041
-0.014123319813471855
-0.002704818939877617
-0.002137107239736993
-0.005891164452758418
-0.003650078154506676
-0.004262604944090426
591554.4334791461
1.453281064914447e6
1.121333942349408e6
491791.20536325354
395904.29950600734
24417.70079317899
82828.95273387794
-8103.161493350079
-5.992777027919858
-435.3138159949938
-192.80698697801452
-75.51588171061059
-104.8579134015971
-8.57451071956059
-31.009384891907025
-4.349558653739433
-3.073866220211862
18.600772570753307
4.825528634317617
1.3328161065861608
4.820281822723103
0.2554249634066671
1.5853112765473614
0.03885121261595071
1.4242093643668052
0.14250911799392968
0.7750828491128522
0.5965238965601952
-0.7889958228137431
-0.04458642565840946
-0.34639693696907486
0.1001378242819147
0.11327424928482369
-0.4223145106587592
0.19568007434532483
-0.1627365310819053
0.2750488326403563
-0.030730222979980387
0.0871438871091985
-0.09523667259943303
-0.0957882141680314
0.1007707147774939
-0.14397449815675692
0.12177897203375905
-0.10051999021511326
0.014255381533947559
-0.004865580041795759
0.045104088346080304
0.006522963891511813
-0.007632011930585668
0.03806528313167444
-0.010003060265736186
0.0034759471971158888
-0.005107547200536978
-0.008152986030307797
-0.009221187172105866
-0.010919844622901327
0.0013610163511823545
-0.004344150548831697
0.014533654612645781
-0.0006443997503449984
0.007915499420140424
0.012882073610515334
-3.7354532455821786e-5
-0.00484900119220799
-0.005865011454606062
-0.015084184795121998
-0.02045054157741396
0.002665473135558678
-0.01807399987510273
-0.014623816726809175
0.002782557644476559
0.0019091002905907894
-0.0036156330887581766
0.0030703459435815227
-0.004666582332908638
0.001956586049138198
-0.0001990867009572639
-0.000535093663180034
0.0011260872808223706
593939.5484935152
875799.7110750998
849985.5012932792
441951.0771552675
426830.33208373236
211583.1781648138
141608.25154491913
14702.292966926081
-365.14975171364813
-461.28690624492526
-476.8195639562322
-218.29084160840884
-278.2596864471259
-175.0138096850426
-136.97138598578695
-28.849796551900223
19.297177633751293
24.005317855538486
25.18990227184663
11.68908221892257
15.567750256648168
10.244719440214743
8.090614647953073
2.0221761061486676
-2.638497837074096
-3.1340961731656143
-3.5701642614540434
-1.9009635171909152
-2.3776562208737992
-1.6829860022829877
-1.3192540619714161
-0.44535089758696683
-0.004480025801703978
0.01870741468210564
0.15964757197848659
0.2522358664865296
0.08589737073997829
0.12927290141151593
0.08538225082072202
0.12660715777249257
-0.05228917317966369
-0.20070903654034897
-0.11882338862343922
-0.1700025116000384
-0.03646249542691778
-0.07719675319939678
-0.021369149204008245
-0.03953500197499152
-0.03187139237792382
-0.054412834201997086
-0.04963953032462782
-0.014280996608188073
-0.042853960698471326
-0.02621027304209971
-0.019036225616456483
0.0007219881842907216
-0.015396357794937114
-0.055651318329313484
-0.007430622602199146
-0.024761025302859445
6.495120968463646e-5
-0.012999314797907842
-0.005332081961063157
-0.014033414729828032
-0.008165845934024456
0.0018115792237933157
-0.014576337227886023
0.006217057711201979
-0.021710831423644078
0.0028550760948455093
-0.005537514830706821
0.009128648391937834
-0.003960220088104366
-0.008375154194794643
-0.0036080257196796617
-0.0043398890655934295
0.0006040650798798581
-0.0003011290518287097
0.001649324106499228
-0.001159695052045034
