-3121.5627625681245
-1560.750589868147
-3318.1394693466123
-139.7528806977886
-11.807023402560816
-22.015277333476394
29.061273587339997
-8.278772064426052
6.768900975451853
0.70389631774471
252.82283256047054
-45.309022934211505
-29.441148498451245
-5.838732391453619
-0.2228214428148539
0.2887705481286963
-0.8924028663413689
-0.19084253296698386
83.81632787543826
8.037843502761254
1.2734209032959256
0.9696233210346491
-0.940631057160196
0.18375924327764595
0.01630474612907815
0.09606117049922792
2.475866039983322e6
4.670899318742508e6
3.6646053750689286e6
3.4591325958296545e6
737092.0861584315
-409187.769526362
-1568.6437343329765
-2632.9588811389945
-2461.716096808563
-2210.6880177324356
-476.48603922547244
490.4011956681933
20.63859002255005
-0.2842195696881446
93.47781952932044
73.9156234606831
32.214653693138274
-65.87431186781488
-7.427582967902001
-19.23635500917908
-26.9088146400112
-30.821738645760938
-10.980615939400963
10.28984131132133
12.201093499514238
23.189806039644303
18.41936219888129
17.754626919202554
3.7072150885480157
-0.4610728354877703
-0.6309056084900738
-1.511611917681239
-1.1066423273837986
-1.3052352269354295
-0.3653192589575813
-0.1506743032242606
0.7620172805594476
2.292178696814679
1.42825951809377
1.6373736183795367
0.3800888301078993
0.06623703373553132
0.003203771032097454
-0.0780677414771562
-0.012666437037074854
-0.0611202062820489
0.02153715580357006
0.010642313097421335
-96604.69886452203
46605.307809569036
-55394.52448871236
11089.982292341308
-40069.625970268404
39543.19160331678
48.43506812227349
-490.19490247276843
-70.83244862559657
-124.11006091418413
81.78985093198416
67.05484227182545
5.383386619368784
96.7665506613555
26.280148079274596
24.055024469204806
-13.666618682233645
-21.049490158050833
-1.708902570563439
-9.496384576012575
-4.192633509916312
-1.8367389827543201
2.108780279814755
2.3252213807202717
-0.14502282807025826
0.6369551702120066
0.23570790940908926
-0.08754060880643794
0.00035479408427120955
0.3296231557578502
0.03326592478674766
-0.1501913037408857
-0.01670230429067161
0.04774834590424543
-0.007354665511048214
0.001502406189246506
-0.004237286836169531
-0.07602504678396887
0.02792667556037997
-0.07306854932247886
0.10062938067245773
0.0036489621622468275
-0.003449204639152114
-0.00594825762371204
-0.002645649278327268
-0.0046713589062608385
-0.005161804771478689
0.001010073622804401
-14448.528571560184
-34406.19957418336
-48265.644966130625
-2698.0079519035694
5925.197864935296
2564.377869640835
55.02793565826196
143.10605655420932
145.76776902859777
53.43974580117088
6.003393331674159
-11.00379533216616
-8.208153905682499
-21.826813991878844
-20.857018007155194
-11.454727231676761
-3.3528716457262964
2.066930689004747
0.46895528897697414
1.558732831501138
0.2670504604137116
0.3801955116643838
0.473254554398941
-0.304320378762423
0.2356242709883919
0.4211732227417014
0.265614241622589
-0.009801524746069436
-0.16770479179625278
-0.06007675843971367
0.010009315949868657
-0.0010543918984632333
0.03721348636126209
0.0510473019598429
0.04767088159031492
-0.004490041426612603
0.0062408476298267
-0.02626675906144052
-0.04040697419528442
0.01585741671049516
-0.04463086835304264
0.03416464951692677
-0.0078609101516898
-0.010742830890461071
-0.00938446095014892
-0.0035910905026760435
-0.0019021533486966637
-0.003720897727273156
226232.58906001187
259594.65383946913
199678.6354094042
43241.22914303771
-8990.18381470813
-8958.994643993075
-277.3576273367814
-182.12891803666113
-163.7352932523316
93.7760272892772
75.78871861780594
54.03252549145262
10.172823418695872
-25.611200882672748
-16.412711172294532
-38.58968795374652
-20.887991048415085
-12.046036884436514
7.401515396333551
16.32800572832804
12.8469502762335
10.010466496467018
4.723808487158044
1.728873898045864
-1.461194144097027
-2.3607061466525936
-2.175519433139514
-1.5157146135950677
-0.6169678884851393
-0.05557845355431012
0.14526434852581088
0.25727907422040625
0.033316110462208025
0.03422232409478161
-0.06196369646890647
-0.02755866129937283
0.1937191664013037
0.20194514939509903
0.2927426189135832
0.08289486365142244
0.14757490690238018
0.045890097008026876
0.008357803990811088
0.024127963495573942
0.008461959041840546
0.013400684133306251
0.00371696201970286
0.00571763753689453
-7799.817802582797
1073.5037304531263
-16574.3891410348
-1397.7068496820962
-3856.5765042728053
-92.94986918979471
9.84756641925505
-20.805653903003343
34.33491554992249
0.6685075315406352
3.530827872891558
-0.08139675594453306
0.8771229250563152
5.454630476623421
-3.519588488750037
0.8198287529779709
0.5133129997128157
0.08889351787448309
-0.9615949436728757
-1.347940631570213
-0.11615517743370252
-0.5406773750079035
-0.4749483059737477
-0.05684037010662529
0.10960814687911494
0.005228341755685143
-0.002638654102879593
0.1949434722111634
0.05710380597485791
-0.022643547050845904
-0.03148115968645361
-0.035595831727780164
-0.0023525460633307947
-0.028404910825684488
0.011975554032503643
0.01444205954561557
-0.006696161052544511
0.03474030183790289
-0.04164454178398876
0.04083190658747574
-0.04343153399042291
-0.013346352913757291
0.00135140058326346
3.0143040779669562e-6
0.0014054892127444542
0.000726081931324345
0.006036300026738627
0.003432221311633409
-1075.5249013428588
1814.3082251295866
-4662.239565311088
-4940.656891905513
-1901.1224288522724
-1723.3613756832467
3.0843743967321395
-8.07463304562566
4.65629777345001
9.836088311497699
2.005760586914029
3.360472925431214
-0.8506249637796409
2.1462844452693584
0.6952610529866299
-1.064468094327695
0.2347822900088329
-0.22914955821673522
0.44221421520472853
-0.2321217840254911
0.0027464016909005294
0.16388005436168157
-0.11457897772240548
-0.027232643591981555
-0.08534681653358905
0.0494412552101787
-0.03262937732360189
0.022788907325720798
0.07818520538286892
0.0389109205957299
0.028836234652929605
0.01003545338803395
0.021955625378871742
-0.006100059960139196
-0.0134735341351459
-0.0038648650057853057
0.00979787154517124
-0.06114954033860927
-0.025022201188723125
-0.03927677118201087
-0.00246336725917697
-0.004981238021186499
-0.0032426121053109277
0.0011954867753443056
0.00025514548047567734
-0.0008331690831630241
-0.001739643142336844
-0.0012438229206776083
-1.5789001195534372e6
50303.511043223385
-25770.08344034895
-1073.328764878039
-3320.951908643169
-7250.3748565638325
-29476.91159703762
377840.1505512893
-15941.7114163526
4408.420998733117
2791.5279995938913
2558.6348110124504
4115.458826460323
3595.2492079372955
-663537.0550646328
2414.052107271998
-3478.1410256798295
-3400.5789653824936
-5785.703490028457
890.7202142068709
-1283.1686837890331
-2.4852945425247844e7
430721.9140763622
25257.344071396903
-48880.079641056866
-6783.343154513194
25039.1913091912
-383485.18462158093
1.2640180020027668e6
128779.3306432471
-29039.69069483411
-47599.102312374576
-28310.409404994298
1161.1058139294012
12546.530964767026
1.5269984272544987e6
-60894.387382503475
-44208.17591627568
37938.81999916267
12732.17217612292
-7990.7535982987065
7853.7511897778995
3.382393880899936e6
-92055.24346431649
39795.77584564611
25683.732569251315
16085.226930187371
-16793.81777398335
-34379.33969118408
-1.4246717325859629e6
22155.367236241585
1493.0975581358118
-7480.735499359654
-3546.628072808141
-22493.53100425847
-304.67782468290426
210923.81310974315
-689.3283400620102
2984.5316853260238
4151.113090921516
4570.015567993209
5179.50726225761
5297.69045712399
-6.802970138263107e6
121119.3555388676
-232234.69759517096
34702.548057296575
-90929.38058201513
-135869.38447223988
195397.157675116
1.6166126553354736e6
133981.27831326544
-24034.4517472728
2095.72809683876
-60340.39604221274
-53723.8196075507
-31951.79226585032
2.7918504861966753e6
-13854.285260314426
1713.374027806041
64366.04489644663
60397.49851145367
-947.638201963076
-5865.770398939178
-1.1828644510797078e7
-724646.3980162274
309404.73399257066
38688.48011047735
14872.493828507435
-29563.895853026173
-3607.519152971724
4.85390238518229e6
61029.33477779252
-61486.02818271073
-69168.26635108201
13704.96975318566
-9124.378394765276
16934.98512382782
-1.3055518846396639e6
110277.74142075948
-6201.905037717803
10594.460706755603
60083.542768232386
-1923.2521957845947
6548.40150944004
-1.9214216300447027e6
300915.2954900826
-66905.82465985733
105863.92765822946
130901.05230597947
-19022.735229348094
69698.52069521113
1.2807301143616457e6
3941.545056048453
-14352.959688327044
-25280.904341844423
-7680.6763557872055
38223.26269790322
-35946.61573475053
94462.8878374597
-81049.5445716613
27543.041826422144
-62996.27412897264
-23804.108347670164
13539.283945824573
19514.499221801383
-280.1764080701917
21.70405321460715
-12.230412727903865
1.166213874968156
0.34440472738602323
-0.18701262308295574
4.7332707499337
43.77138194082491
-2.97911562737665
0.5443648953649292
1.7448044711773656
-1.0903739799515502
-5.070483504110059
-5.429787665212746
-28.963026423997164
-2.1068546103493224
-1.5807184841932505
0.04160430589610933
-1.4710277060077026
0.7808931280407743
-0.09909480352550658
-6376.960917909075
57.01866793923067
88.99683836322535
-91.12334943943748
-63.73924390806153
-49.77077539031548
254.15667241019477
1268.1032224974194
18.815123717073817
5.266649034419259
-29.79052071880119
28.379624898933947
28.876285128654857
-36.731385321124435
-3500.0916528184957
0.9078545790515584
-20.14683337551075
-18.169018498311317
-6.46454989176958
3.236700108262841
-9.08067255282252
952.2913687927665
-47.61630230102464
18.646722550857167
8.10909883150212
1.1118882553276335
-9.380074186387859
23.529320199973444
-9.935765455471058
2.065689815581346
2.0068232264170973
-1.2224429901588811
4.710944489847126
4.6119446782779345
6.33155213961478
-299.7436242687529
2.5923207165059914
1.6089469355105532
0.630131367611565
-4.133039783782545
-1.7188974120577651
6.085644967031131
11476.122418267183
-181.6957645172857
-17.055250737740522
-29.38228679231262
33.283438834139986
62.115637500290354
-49.1632806828277
3609.8044259578164
-7.612672975675989
12.788767194429036
2.605260388724192
43.92192670909662
18.573719190649506
1.7318282078294807
-2254.371469519996
3.8766346437649544
10.567590174689403
-27.723667078420927
-40.620755705777164
1.3862677492860136
4.037725718875985
-23661.10418153595
10.033107789421834
31.411587871368017
-76.09363587616373
25.76465271024643
25.325376579086452
0.2557250211833345
1206.098854920763
-32.95574492032845
-6.086989356274957
-1.7498061212695113
14.760782227284524
-2.759021268967774
4.039853909618081
2739.37858634593
84.21055794722189
-18.467293642936443
-46.362117726994285
-7.598445362728766
-5.187992555383008
8.597938021643802
10393.315230590337
-87.88084730586826
51.21759812874915
-32.409996170856175
25.493690621061795
-25.371759873711934
19.885384333217065
-524.574540553217
8.502009079703498
-10.094060217281042
-12.204637445413242
5.092260102595011
0.7832619111480407
25.47340468734786
1370.9221858675812
-7.5160429092626995
-7.623248721029157
13.699027547057463
23.53519224406385
0.5570157040900813
10.620841591684345
150.39017549071986
-0.09585053622274949
-0.6172772106175758
-0.38142189559338063
0.3612766624441749
0.4081380746679614
0.3087848772600944
-4.325784579484343
-0.6504049254542665
0.296747701852807
0.018625519222225738
-0.4474947257740226
0.28507848140126496
-0.023356743103544297
17.15028820968184
-0.5028032938293657
-0.3283202011209545
0.0828142786219595
0.00767738434899212
0.16745355223928912
0.41989689993792967
187.45639838985943
-1.4706120706279906
19.581401018594555
-10.21730595151488
8.956785185159823
11.502646257526033
-14.035487961685627
353.84618865194227
7.193159127337784
-2.01758757870784
-3.595914284000299
1.957958110398354
-8.833817943270693
6.674834432073411
157.30893121180966
-9.684515101267582
-1.2139813460301834
-0.35840837401236525
2.9018993615065667
2.0353194144079567
3.6748492432012183
-229.61403164194127
-1.4084655714991718
1.103833223882262
0.9737855496041748
0.13722460718562202
-0.4568339778675231
-3.569899299338876
-39.477121235255076
0.568734463315589
0.18152540255580923
-0.9424814769640693
-0.6580717672660239
1.8700583193082496
-2.9428411366067078
-83.3108823184247
0.949896237317165
0.30565510880497454
-0.1815710793971911
0.0076970469810892575
0.840535989858438
-0.6747295999407258
457.11120688899763
-9.556687680235115
-13.592098988555163
-5.816231118253282
-2.8866715050542893
0.11547729824626732
-17.678254443082107
-79.77658071116666
8.180479922868825
0.21488208706922257
-2.5038749372549147
-0.835930471411006
3.2575291875536228
6.8450335325296106
-4.275956109959092
-3.4066740792433414
0.2996593360091008
2.0716822714232506
3.118021055447485
1.296897238989823
-0.26077646267361043
-1397.143708853114
-48.35396549765902
-1.8862782993942897
13.772996644114139
5.238737503565978
-4.892090967660507
1.9363100903676813
-682.7165115726542
7.653159532143356
-2.371918326427711
-2.209273152644199
-0.7994966312194168
0.68491130996725
-2.853236578545298
397.5641178851281
-0.031768627575878665
-1.8899257811580183
-3.3858687779194367
-1.0857827263631619
-0.17097450652074175
-2.7400923630257448
530.020909450145
-0.3255646165590989
3.8471735621575505
-7.312480366919718
4.093039086579203
2.2621368244569497
-14.99139369899031
-124.38754091401717
3.818801739670155
-3.8003987863798554
0.6323730978973301
3.208241960022796
-6.095592101875046
0.2713111929593044
-356.30345790018794
0.7502091412274207
-1.6681873655489428
-0.28141020164391767
-1.1179527675773602
-3.686961720487806
-3.7934978277157843
205.68641587370888
-1.989823198806077
0.22226582251321017
0.09634440887170105
0.4298212294643966
-0.254494589744417
1.4575456907462996
-8.808954330063424
0.09734628725716882
0.034601323240194715
0.15867685794186437
-0.08241743727274292
0.18536638430509458
0.039793045455890075
15.177226428761642
-0.1825610694574808
-0.24208319133431686
0.31250632534489003
0.04646001056154029
-0.16284444190159353
-0.11401360402577843
-209.11730090419402
14.058536173595826
6.109900045626072
2.1389794168583336
6.894519530315881
-4.080770712305524
6.027671657739886
335.621054771134
5.462188011814857
-3.8308924966273348
-0.14743941900742152
-0.4424532275395774
1.25003292644005
-0.9598840602660729
64.57658346719221
-2.3938898635941817
-1.315914887760013
-1.3384451156211776
-0.5525532303036902
-0.6670583588127006
-0.9964862269246565
-542.88597513112
5.297986004138233
-0.809702072465035
-0.8030656261618386
-1.2250273002011036
1.288500184350827
1.8078940990177381
11.503232634205602
-0.3904223070022339
0.02373415318831712
-0.17546001232372846
0.6901761972693866
-0.06412996910363751
0.5816402111272351
53.003748741745525
-0.5162354887790127
0.4756059319568374
0.18303686679494216
-0.3030810173222923
-0.29903114968103905
-0.23814791400165525
-148.60047443245656
0.2695568473405686
-9.424169528256055
-4.516181181886361
-1.4311735706148419
2.0887340660446143
2.070696768913691
-78.13694200569462
2.514193807454859
0.6779602830134372
-1.4171572970127742
0.7862994967515617
-0.2386642976213696
-1.4860628475347717
-13.730383615214068
-1.3169736372250043
-0.32999557864121193
-0.29625214846227715
-1.5008026967410897
-0.1525263588314669
-0.07045722718334689
-858.8276674560443
-29.238538697679544
4.120053365903398
5.291077800264612
-1.6057907284034771
1.4394877703268736
0.028689111922833622
137.0227651925167
-0.9519244824117336
-0.11207098699158807
0.8214094380026626
-0.35366614628346293
0.05448600080575947
0.09223863582028041
-278.87402482300894
-13.694826687883692
-1.0138658458345768
2.4105714510558762
-1.048978743854669
0.22947877525799756
0.2939542210656161
-563.3489638894246
8.605516888919894
-1.6323419736545803
-5.8958988838808395
-3.2331886073387137
0.19190694713793338
1.9535757550123625
102.02766241372034
-2.850912360620391
-0.8100316993400426
-0.4842844017739215
-0.43926598245630033
0.5994339826492765
-0.0582849137916069
-33.70249053744666
-2.5021355042827134
-1.2087634465318453
1.4435651470320654
-0.1263033028642346
0.646963077782283
0.20519900579014574
-3.1028914136450734
0.3728367237951872
-0.2209157933316047
0.09939256186477036
-0.14093825102472887
0.005112599095555193
-0.3453856909922128
-2.739650351419233
0.020905598287105743
0.021316503599887866
0.02570576362898966
0.01823276945272173
-0.13868857009518948
0.10017068575420372
11.122316472556932
-0.11299424094347867
-0.07018166081257832
0.0492196165558497
0.07275048348995702
0.018208117996349134
-0.01203372775109089
80.87393767716208
1.275946606933497
3.813468907462582
0.12176421703062869
1.8867801113331664
-0.4377150136333838
-1.7101549910360554
-72.6437721329442
1.023053331310877
-0.3255994682969717
-1.1026892546265827
0.5071328121449921
-0.14988614663603236
0.21663254887983546
39.392942997793355
-0.72671530405218
-1.328283755882667
-0.056571068233702684
-0.19478860743976897
-0.09879215945048922
-0.1325135565777994
-62.67179576322767
0.21143100888061647
-0.09162232039444625
-0.5237521598118758
-0.14970839497224037
0.10077664754334154
-0.4467420709836479
9.03080005646694
0.08168533610952065
-0.09973935171982404
0.110240819211749
-0.22415646480662654
-0.13502748059625191
0.06037762112035815
7.678538020047601
0.13352076668767943
-0.06139812917946619
0.258609874699442
0.00448260797070814
0.007479768841607327
-0.01733236627389543
-34.47053450912214
4.322358944892013
-0.2992899697520201
-1.2241096866539174
0.7959958959339744
-0.5820506818467529
0.5338976203160957
-13.705787177435559
0.8108151298550393
-0.3942888568648129
-0.5657889997418273
0.09962232256378248
-0.4433592180142385
-0.02825526080711088
2.2880556923286113
-0.7106324673204995
-0.3564133685333413
0.029397920974285816
0.16381221784475908
-0.14222719967926412
0.013798169179362262
-178.76942377076838
-7.427201220942269
-3.972347707823954
-2.63157999504675
0.35231626438526636
-0.0662619889458476
-0.30092709671891493
-58.748311489083505
-0.8109061158823122
1.3471673886254056
0.7472264772960711
-0.13663922095943468
-0.0017727960043646758
0.13910733031418746
-15.452975279726362
-1.2550799470728122
-0.26068893915102487
0.1482981128845644
0.16729788773905097
0.04466456094993755
0.055342296779228674
-34.73644283835349
2.050761308255644
-2.813091957665681
-1.2636395231913022
-0.16578076240776513
-0.0396122368867626
0.2866706699984491
20.10037967116992
-0.9852364837089691
-0.5494907740231838
-0.09863502371105193
-0.18919225621564012
0.13803630411495899
-0.21906085879817067
49.61624736689653
1.6486367463902887
-0.3543395327197071
-0.542097994536951
0.08680107339426267
0.09768543269343852
-0.0211564795884853
-22.383853659573827
-0.020365615605543983
0.3591504372261023
-0.05894964182376686
-0.10227973986876118
0.005033622877627622
0.052409493774156574
0.45625392189320774
0.04121414096181792
-0.039261204385632485
-0.03183013128185807
-0.018700680848801682
0.023141367284136
-0.01516607920008139
-2.7917454026632633
0.013787476212961391
-0.04829436259225742
0.022911006710799375
-0.012899428810771016
-0.008473267968526934
0.00021038779931506897
7.596411704232236
-5.278026934883104
-3.004304985580541
1.041412363292924
-2.003011240562671
0.5125309962241085
-0.04821593261468737
-6.710417142181185
-1.0734704520431735
0.012402237076118854
0.39588052196997403
-0.2272038243925676
0.0793714344462783
-0.0399782808582932
6.464947072804299
0.3140715276171553
-0.38302502611991146
-0.20852916423164997
0.07024530330849983
-0.030229280634500907
-0.00315603288421215
71.76936057892807
-0.6983265549757783
-1.3115297851888545
-0.15823805500793942
-0.262456295211612
0.026257724362955762
0.057573565676257654
-4.778725910137854
0.18366400413194067
0.21594201705614177
0.08351993177000774
-0.033798047715079285
0.024382862296206023
-0.008980252524114924
-0.8786295553330845
0.18050167172580384
0.0011639599228563194
-0.000790302229544742
-0.009307839742039152
-0.004559815695420344
-0.004511138046767546
-124.42811976873651
4.213142956869095
3.1925241514147413
-1.1952198356716492
1.3917531416851172
-0.40362623751441534
0.15732266328644054
12.298793136252367
0.25374432591308527
-0.24487465195755895
-0.2023964658921116
0.023262146247155623
0.002855508069446779
-0.03449935361996381
7.351098457797936
0.6291905857188909
0.12808012629327234
-0.004290337633916591
-0.0022857316367478667
0.009193330055110367
-0.004942277072131447
85.84888355153285
0.72970612080568
-1.2853289502708878
-0.8323147085237447
0.2970760265404342
-0.12245575604574982
0.06277154596992855
-7.090359386000405
-0.4375558507900376
-0.07302205508381493
0.0589250430358242
-0.03935108138830285
0.015056246727235848
-0.011572543415591063
-0.3864355047126098
-0.14360111035447717
-0.18539345118936504
-0.07287078022380265
0.010078405744523922
-0.011233870044320169
-0.004552354927316205
154580.61665292745
-1382.2024437054115
321.41792671068083
-1960.615775178528
-851.3381516823234
258.1349318979934
-3002.7739622534423
3647.124243980794
-1085.388224544242
210.70010440737312
-26.89034555909103
157.24833617194705
-815.013497377785
14.019882120254053
5474.771171671408
717.2158475794558
-466.3015851961841
-773.1676809782507
973.5395809016791
926.1401306104051
294.39350853610944
4.4360765691259e7
-1.2035104491742305e6
481763.3935581517
665749.2072590352
147075.7823142774
-76741.71086682644
147759.77482257012
-1.0524499119950964e6
328686.09199444694
-12780.765158791402
-89300.40327401165
2100.286025237113
20025.540610807617
-69759.99106923402
4.247319880663411e6
141930.2992381088
-54088.75203784989
-92966.0086675837
995.9379777037854
14546.464761700896
-12977.944969437525
1.1090347455260276e6
-23834.549931966416
7002.283062301764
474.733246561813
2101.233938171622
3399.3229310366874
-2702.185026524425
29793.40032587396
7752.5768987249585
-4042.3718043711306
883.7677271766554
-3219.0382943595223
2366.016686995886
243.23533338570095
167208.92260599512
-1762.6147947782983
-317.9928215552126
2052.922831560157
-247.74200651500567
220.15903075494768
-2000.8117641625681
-1.3907052605983175e6
-266687.79860203096
-142875.1863131911
-39060.06207377738
-34020.08210479409
33549.5126655307
15497.367445965043
-2.2317357286910396e6
34570.438082506626
4709.928342343233
-13631.056385514521
-16774.48902046604
15197.585457345001
-35570.828500314856
-775813.1041653024
-18554.589336619687
11569.776325117102
-12827.431287267433
-6053.052534658553
11812.15020398202
-1122.915347100004
499691.96434395225
-1695.504698727332
11329.121896738941
-5137.058736989388
5267.8206557547255
2478.29304415565
-159.6371380673784
-298378.16907618125
-11938.965642646644
6734.730242107754
86.78389671740784
1659.4481917992073
-706.1380463257644
1069.2652472425873
-122623.85355958299
13193.98038801711
-1679.8311898616923
-22.64786252044307
1189.8206110257038
-408.2257087748884
-628.2483852517611
1.8878922510759204e6
595106.3590786469
2098.9140989287866
-66924.11086474438
-82809.0618227204
30283.4227524678
-9061.312579414347
-1.1915048481994153e6
-103895.08556239055
-25263.39768974896
16287.49117514716
-12038.730947628295
11513.127050871712
-7177.896341992339
49384.85749672801
-32844.604606515444
-8564.386383004905
-8170.792369606445
-1824.9680574530303
5325.92479283683
-6674.419872680197
135.59993149267513
-1.3117610219132638
0.4754047003944812
-0.878922539267021
-0.36921049573273385
-0.03382193238000305
0.39121994656565473
-0.10996116174941933
-0.038299712293044276
-0.16951487253764336
0.1710179887977945
-0.1338795934499864
0.4031041296534645
0.7131383697132881
14.023502990085207
0.16338361219113232
-0.3362074529072075
0.20588328230009112
0.14171586885797519
-0.2591046162712769
0.23157278495494132
-103044.45091694682
735.9354282554542
-369.1405351402569
-455.27545295325996
-494.1515214556848
199.4481180013542
-161.10578782540856
6271.978684589644
228.64671857077687
4.478467331331842
-21.372591445718488
-9.864335603313931
-33.24001573812716
11.709266610436423
151.8343820713218
-96.2533426093577
-5.014278847859064
38.80531285144228
-2.5590518693350717
-15.809034298776224
14.256781672925806
-295.65269089460844
1.520135822601996
-0.9471877047735617
0.7263237041148848
-0.8188141516219836
-1.0629433747279815
-1.9591727566558212
23.648752910990112
0.8888979888996634
-0.7408614437912109
-0.19572113027180812
-0.3862306486056605
-1.4329561423528412
-5.018752000588372
18.076287380056904
-0.11584990979570417
0.1736144236926741
-0.8041420109045767
-0.07246791406196998
0.9320017388820726
-0.6057686154491086
-1869.7190183355858
-162.11018623696765
-28.907811923816915
7.245001819048633
-29.80390996206572
-16.061062518357847
6.9466512671807115
1454.763021413363
4.3084291229473575
-1.4066258923224906
3.7634677981261597
15.29780356146764
-5.882031489635122
19.287820673786747
719.2503525996156
-5.210618106459463
-10.821334734104353
20.499957363872376
1.6676623142673577
-4.34083807081489
-4.706219504816082
-2.2901234325726008
-8.173197303889532
0.6485883010444091
-2.847125146901178
-4.340065765171008
-3.719399961352018
5.60553565287879
9.961718174908428
2.480896314358117
-1.4479040091557835
2.8225528900019996
1.6312797533423369
-1.6304022947119567
2.101844411036638
104.76130040596351
1.3556348314271
1.1839992522257563
-1.9030606643999433
-0.9461843146096981
0.29214218368849565
-0.255141354671154
8884.438826143783
215.50415779822774
-36.16671395025035
29.762710024372666
-1.4743170825723035
3.257858483915824
-11.75445645370472
-723.3399403520085
-36.760907930587464
-13.930818340713026
6.028307821158225
-16.23057037010509
14.379225604810008
-7.0887594019079465
402.4667233149151
23.374345179812828
-7.876221613312011
-14.929531441922105
2.741785226731004
-8.771864429219814
3.1589615213484405
21.107643880678104
-0.10701494260745467
0.09071237619956746
-0.20450888782898852
-0.08900743717373541
-0.012271450442263706
0.06449532755244221
-3.027914592560455
0.03521376093590587
-0.037305762238412796
0.02758010664352319
-0.037462357054402935
0.2243038546137238
-0.04222691190561591
-0.5133677392672529
-0.025245376793313172
-0.006503135441428475
-0.020300933466672968
0.005773275030077834
-0.05833565008334683
-0.011740673059157665
10376.933005789599
-60.54464781740827
43.91785277563344
36.40703760473324
44.681907478099184
-19.94598789063536
10.136254814914054
642.6913975333799
10.652658088716512
10.678174590758928
4.250589530439526
7.7480174216718884
2.122400906885694
8.85293820782654
-494.22640989867904
-6.040288463821208
2.4918574664677675
1.9702229767748356
1.0299497044219394
1.677127509420023
-1.6231422313488826
-101.15351095658299
0.7265621142554353
-0.26916682675940207
0.04810402790236233
-0.5206041633258452
-0.6847466523398122
0.7555675134613195
26.447883653739193
-0.16748293672318657
-0.053026794129124664
0.06763083273780414
0.2991979651584292
-0.09115620302708359
0.9232382949244369
-14.790482299856407
0.36608892346176425
-0.08659020978328863
-0.1310420428612977
-0.21982166090425512
-0.09623645472786842
0.31017701256921765
-779.5657076783326
-12.749176328831721
-8.457810043069683
3.7679813285246815
1.4514220426697
1.1279547032091428
-4.185947481582221
32.19009208126108
2.6144355243298745
-0.35595920772420786
-0.3737455453517731
0.40237588744305325
-1.3405794746173243
1.1482370804895503
-98.77084355634818
-2.5512894031016002
1.408666140599282
-2.278877282947464
0.03411361646139786
-0.2882782775456645
0.7028919742428226
-230.57888278454982
3.1809420399868906
-2.4142517365789424
0.22694809766998597
-0.042445779125548505
0.38200984367915075
-1.4782192313368336
-18.100675170379816
0.16139623831126218
-0.0015259771625947961
-0.1299829053420445
-0.5967950043035145
0.5098228080327993
-0.5848379298000677
60.17427538918084
-0.3842167866798436
0.20264962195474293
0.03704273431190813
0.1820837754559277
0.0929347349832899
0.14735302698093877
2790.6278597519295
19.07640437076439
5.211617860519128
4.005480561757853
0.2770191270499524
-3.3513940802962665
3.028892757687686
117.02554071313904
-7.28879140760914
-0.9378354066480176
1.1632989747865212
2.809795287457182
-4.114481927118817
2.351315871960608
112.15225012928336
2.1021807444159837
-2.1103505660143953
0.008688734913219871
0.9402062874847681
0.7494947728210888
0.2991519118294428
-10.350400429494908
0.25844785272960014
-0.059109836069603065
-0.005369583322333519
-0.027318377752228742
0.003541944336872613
0.0921786295589951
-2.3855589578599585
0.04303644417030506
-0.02603203990468666
0.02789089105301503
-0.02541120225516166
-0.04691499127875711
0.016020852537115514
0.009206663635080369
-0.0401931113694552
0.018302118379764042
-0.0169163329057646
-0.014870340970508922
-0.024930147837786135
0.012479850970254268
2959.8419269734227
56.258230133487274
-30.25610679417695
-20.1018029025874
10.644939691083414
-3.032038689481251
0.6982115599349801
-491.9871941508271
-7.5742409040817
10.623597771475858
7.954179549486683
-3.6067752469079943
0.7566699461885313
-1.0465607689039018
48.89976702584401
3.603357255624306
0.7527882156656128
0.21322729680031413
-0.09513867193499359
-0.23972907081603773
0.21806638085113872
-47.351437667371954
0.5965651923246831
-0.018918866822284844
-0.3101725954073595
-0.12761087046670488
0.3128336002568849
-0.1767122914754136
3.2284677570386564
0.0520598225237753
-0.07260458835406566
-0.03099310290047767
-0.17880478267437772
0.09483278640643626
-0.09744616912854609
5.473564599311023
-0.048588457264719095
-0.03605965719122086
0.08211246334143626
0.008152203282351132
-0.023610425267650215
0.02677776023221264
172.72063461374813
-9.654696718688147
3.2374847738644963
0.3608531709452074
3.9353243859583373
-1.1147237202997289
1.0203612574792953
37.34488731725565
0.0781843093443046
0.15160622318157427
-0.39084805773021325
0.12835499751939017
0.10194761284527923
0.04921579512990606
36.410697147046996
1.8108938455496781
-0.9181826196298223
0.056697610246696555
0.12766741109359403
-0.05208852952364387
-0.013588375974010252
69.47286453708006
-1.2821112895708229
-0.583142824869373
0.0043988548156006935
-0.026968193743445387
0.02833510270622599
0.2109552521828385
1.5995472127693147
0.11492656721556777
-0.07968346964436653
-0.025288272473451924
-0.002291590457021987
-0.053935501121551155
0.01680786126699164
-10.968451075983754
0.31819496768317906
-0.04050018622809722
-0.10545518608640801
-0.008268757488907296
-0.08407847697689028
-0.007655837094686457
614.4666206237874
17.819657882419346
0.9189711655954886
0.4714329090172445
0.5681274045965559
0.10191849614232346
-0.28963405651405005
-53.33683300263521
1.7825649358222062
-0.061676896087955166
-1.9468342221737176
0.698319668745162
0.1680598038757667
-0.08192604544324049
-96.28487323700583
-3.394801342033908
0.7538267647143397
1.298709793931226
-0.47387404452033266
0.08755430183389268
-0.08484833973235904
-6.481602991440965
-0.019003447521672708
-0.08822693943444898
0.028523007064851044
-0.04295079586972526
0.0369830421926668
-0.04038084460213854
0.05867309678025935
-0.011111352076649001
0.001813029118419855
-0.017361201014892254
-0.04457386211124073
0.030423422282191918
-0.01311784801140408
-0.1313735359319393
0.07572138548343374
-0.028337972442393423
0.04310783388286035
-0.023849072983227592
0.0020336639893194595
-0.015503772824780233
1192.103174373833
58.92740705592177
1.801824901043121
-8.141082031508258
1.7726452623446691
-0.8993452684407087
0.12415333757085735
285.4672806529295
18.784106598453445
2.6728212167782903
-1.504658314733334
0.07316901532999098
0.04703054051997197
-0.49134443677434453
9.427908036931887
2.167359761211415
1.3453950413856293
0.31048148251810204
-0.2170536275278689
0.09862982798983402
-0.018696450002031077
-1.4225450309496626
-0.07910370994150123
0.22234711262197032
0.01064268620244566
0.0311408673082049
-0.012919898429738133
-0.0014933609104657872
3.078600648780661
0.11801924658323037
0.026313231177764674
-0.018675759194288447
-0.00274968422603946
0.01227481806335737
0.0028456180519642682
0.31006078831291073
0.034461061242305496
-0.0298496421021571
0.048437426181888656
-0.01965437877553708
0.0239038398745582
-0.027720534553695345
-798.6284982662138
-0.6895725903616533
9.254599029250324
2.5888128955920506
-1.4952878740851425
0.7674318685242641
-0.3134001779360908
-44.095459235698414
-2.305293155197485
-0.7746260206641727
0.019035549697705097
-0.3193800102793154
0.13913281644130385
-0.32723054201023594
-54.786847904552616
-2.5929200600760827
0.08462813401216034
0.40480753672181535
-0.20062601814833522
0.08408585012204772
0.05875318470334126
10.022048978825966
0.5981611213372389
0.3154248679294784
0.1680025829344535
0.006402192094015809
-0.011267672194756618
0.013903167273671009
-6.967857331388601
-0.37307841120098345
-0.03699949911513132
-0.018294140046400557
0.03205289418067355
-0.007368417333775021
0.018520560591235646
1.038735391002882
-0.0955158464315989
-0.1420800489782336
-0.05251616878580036
0.0194252017658657
-0.00809945656603461
-0.000745736244975966
-77.09690286087366
-0.30908220291694755
-4.694686847008544
-2.996024485913213
-0.03221442753255188
0.05375735063449676
-0.0913656862632623
43.099426509273016
0.8983140420475598
-0.30038059939161654
-0.013198767335322386
-0.15251021577611998
0.052653364222746565
-0.07649392650354911
18.014091855235744
0.9218038752674688
0.07747065993279993
-0.22633478230057294
0.04475301589613832
-0.023486432569685266
-0.012500781235483363
20.90970568536491
-0.12549932364255625
-0.12129286529798225
-0.00962721902054477
0.04940775605336528
-0.023754051656338097
0.018916242203772613
0.5333336303788153
0.06238108013870439
-0.010591732475163764
-0.025647377252470783
0.01038604707209526
-0.005075555750834137
0.0009092275382347381
-0.245274305950526
0.07577855838578539
0.0523577751790941
0.028517728478873322
-0.013193090982519423
0.007490046059100056
-0.006724255849254956
-74.2773542884469
-4.9065174671532
-2.106305052613123
0.40495731974853644
-1.0680708026605044
0.3415850581313541
-0.14105523307778436
13.131150524119596
1.0485643126920383
0.30691617494318985
-0.04215337809640967
0.06037982130765492
-0.032853603910057566
0.05000845545651216
3.5380975170447635
0.6006682050151629
0.349268084724699
0.1475305368793854
-0.052842626588794135
0.026429860475514485
-0.023913208083499178
-3.7619244937697536
0.2487967390186477
0.3002378289713447
-0.2179557442838969
0.2737502599167541
-0.07312647089035867
0.03220194544573731
-0.5630988337498936
0.018479285984698546
-0.06195886424885755
-0.07483331868547255
0.027549768990007523
-0.00860507739711189
0.0023207036549568677
1.1450342368797837
-0.06291396196546001
-0.09271283781705905
-0.03298735254530157
0.0035601664201159178
0.0013754924753277846
-0.0037855861515388163
133.136862572883
4.657873345603563
-0.6964793988267481
-1.1998631790411647
0.3614419548295235
-0.14447671155002162
0.02135006813538218
12.345805586922548
0.9118867265274228
0.19910040740890098
-0.06622398231998111
0.05373983410739346
-0.023902570457695498
0.028083086183797127
10.991809559689203
0.8912082625928408
0.24319760454971204
0.006608413966299319
-0.010561692571233693
0.0016971213375288887
-0.01939021764616149
29.577363744809894
-0.061964152954026755
-0.44833059127959557
-0.132506858290398
0.013318120132295505
-0.010523376229556068
0.003728957925012884
6.017058939741613
0.42237123981385744
0.08624323786432787
-0.030641928235306332
0.009647213557427895
-0.004469920931059977
0.0011760829443988941
-1.5948102185372084
-0.14394535769685876
-0.056727923574192804
0.003406829783811436
-0.002328358886437049
0.003252274341011679
-0.001142255441116486
-155941.10386816828
3672.0827203121326
-1812.2482852911305
671.9537423786746
-236.09233765958345
-544.1498846378706
239.37797856683824
5416.676075881992
-371.19101031014134
133.64534667742748
-316.7548764497753
37.76389085855759
-71.1596789047345
-1305.0089370206204
24088.132799563024
33.96481589222386
-36.99226315289414
-437.2095526018703
413.74246022267914
311.1028250395246
-230.21103178232892
-1.1792123107407975e6
15902.301660140189
809.7105560884422
-4893.372055840024
-6948.963244831806
1606.298654645719
-4147.226157917356
6456.472444967451
1283.417141577361
1155.3578387454877
-5465.324655902304
1192.0080813109896
-1298.3155508104855
-2631.5572156843314
-34033.019203042735
4903.545713745284
-3216.1949447333964
2811.5697545034036
-5362.85246763578
2607.4766715240585
928.8532740620536
222845.81497338758
-973.797055886691
-2334.777466852892
3463.9116555272867
5073.283823907628
-3092.816475791627
-2993.054799667465
1813.399505967082
-2843.7817503546644
1091.181915323609
1340.189753450083
-1402.417637021397
1491.7448734974275
-3567.594538762316
90373.63922179803
873.0811634006166
-102.71016881107482
953.2493338007527
239.00986462332938
-32.38957886883235
76.82037059986556
-398699.93958213495
12061.800059680629
-4834.158188255957
4076.814013022013
882.9506431653161
2372.298475995485
-2686.099741826476
89829.97391312764
4670.495007641617
-2548.780096163084
-1955.1080680783427
-1399.2934870453564
1085.0671281952389
-2407.057503222995
-51214.08348111304
-4112.540850534686
416.8132613973873
92.03749582078152
-906.9625320509887
347.17536610748823
-1869.2394356300833
-727858.2033934908
-5869.468264546311
-317.88900520547315
7261.195724515046
1138.280853249776
-98.39448917359137
-4584.326404249575
-19298.71396439998
1352.2169392824292
318.0954257948101
-549.8205512807446
483.1963547064228
1601.1375597450417
-1766.6317764219314
16848.62901333408
1608.1731836404037
2937.401990393318
-841.1134082165088
115.25210215630692
-36.14684652354231
-602.9208686072018
-632804.8875728087
6167.682037772001
-195.076551281233
-2869.9804874914007
-3969.6414598911565
2399.9154248752275
-2928.967100499914
-48962.685362999335
3582.6383041344907
-972.147320668747
-3293.7970196201645
1458.3260480106558
-394.8088988886889
-295.23730694655944
-108377.07906944842
-4078.4970112096794
1230.0507394160613
784.1255287790102
1247.2400026736166
-218.86284927318187
-141.5661794145629
46.765894615656855
0.5014511659372755
-0.05287567517848978
-0.04756713193695905
-0.005234680223696819
-0.24573903287245205
2.0053414901033326
18.084960677596243
-0.2504019087123292
-0.02802794617275103
0.029479904167529228
0.09718203127040329
-0.0025231766748005993
0.3763442432342979
2.525729668797174
0.2495949206070991
-0.13095014598604587
0.08200751927213777
0.03847554234675331
0.026243497580165618
-0.10852716923315447
-66.49735632015833
6.854899495084996
10.637600303921907
11.503347228187378
3.772531919949266
-3.420307411966574
3.173376912501884
169.89019693800913
-1.6985407166024058
-1.9298145593227662
2.1304455004527623
0.8008581737218421
3.1706501734230805
3.2011662910961185
-38.643554633292624
5.8783363350763596
0.3125974382266362
-2.370359585930141
7.935951533275746
-3.9075876209458644
-6.122381917699309
-305.7971404677904
1.3095056971078884
-4.2000522216954135
1.2767498123900676
-0.06960750683206164
-0.1080673395255123
3.7015076653971084
-32.345489332215
0.16897228358651825
0.5801980087952738
-0.13605903695214547
-0.2920752671743141
0.32576246569296735
1.274829647606852
-8.277014652271093
0.4160530332534025
0.23663866028861816
-0.7857610721807868
-0.47215464208435826
0.5297171739552593
-0.6657696205444739
-1389.9686282878188
24.20032892066676
-4.044600353233258
9.244152501732975
-6.376802383922145
1.996177492084933
-21.319594868196102
551.8477198190474
1.5597794211220521
-1.5928809104002069
-2.300958803620389
-2.323344812464672
5.12781335845718
-4.282057084077588
155.83527686616068
-8.850378736820016
-2.0570599809526398
-0.24921989476412698
2.994915968632515
-0.3843604849706628
6.057496976342118
-862.7734037160232
-15.672860797203265
0.9066068061380956
-5.34296244019579
-6.289298721692943
4.578439166421408
1.4283925253450347
36.252618417867915
-2.7189310381268537
2.3103806462000884
-0.3752141540779623
0.7821587664524267
-1.6441735812081644
0.9996630311192655
16.670996909824375
4.587350812360749
0.9865098070801576
3.2731000433661017
-1.2684549402618994
1.2315710545187677
-0.11922218356031211
-1230.0802522140314
-2.354142627462899
-5.474191109618984
-2.302207000164351
-8.792856350759935
-1.977360178860442
10.770572786073933
222.84250452796573
-5.987202345207417
-1.1629192092560776
0.5949852984318031
0.6946464723545347
-1.7143820312114784
-1.7105644325354659
-328.2461078859662
1.2564807940753493
-1.0703417296213762
-2.1157560188784417
0.8812397348967018
-1.296908278804106
1.370096179646475
-11.10577678066371
0.39399464388799105
-0.06608295004345363
-0.014174763042619574
-0.0441582529979597
-0.14474659840052548
-0.24904244596263156
2.0562784687354436
-0.013505381639682217
-0.015687770533078644
0.015836656175518053
0.006397360642304951
0.06860359998443621
0.10215261695576162
-1.3713700187689843
0.06640323839066832
-0.022289562318445134
0.022168965415677585
-0.03823330410314908
-0.004060457818400649
-0.022110593926580782
362.75795634126035
-2.983030631832245
2.1633007997387383
2.3302623386419685
1.4395661209772073
0.146961830864699
0.8134807560366534
-4.538255580095773
-0.01267958028249285
-0.5399618317658423
0.264968588546967
-0.6787296666914227
0.12480593215657476
-0.5785671443445115
85.55141547143292
0.09702799130126862
-0.05411881907159224
-0.7400992356299465
-0.5041394611029738
0.36832913448635834
0.8278856532022417
45.09959149592872
-1.6174720310298034
-0.10410734943775565
-0.08455222629499247
-0.0856897785661624
0.19321331005676795
0.07236261298455113
2.923709849029788
-0.027556465013212777
0.1142726334293459
0.02477490348738203
0.15477990646473522
-0.1344498408217944
0.20027487431128282
-3.38068389095217
0.06900183938798521
0.026598694805083273
-0.07514176608804561
0.08403810149452683
0.023843053620442225
-0.01614788862907632
3.3331183195126606
-2.8810310044792327
2.24971138939068
-1.5224023946326528
-3.1871899775878205
0.41752231876958723
4.669577990155387
-18.531887197104226
1.2467011268274326
-0.2263578375614898
-0.22368494674345035
0.9441146179510316
-1.4352547362354922
1.419421973167102
-37.35343805788812
0.41268145026133224
-1.1928068567237675
-0.17086228147934202
-0.4318756294225817
0.07737437001846446
-0.9999114748898605
25.624602672190193
-2.9354234673506108
-0.9109826981005714
0.9266278857563838
0.06974746046909072
-0.7051711398185716
0.7690319675838112
-22.531608943887793
0.531785647350699
-0.11287313290625434
0.1891275678324332
-0.2657344162208252
0.07325944881456001
0.0479193623892938
4.049384484213711
0.5401228028657675
0.5221458356996797
0.08961360639228402
0.01839739643790635
-0.10775650614339692
0.02745828968469125
14.093066789504743
-2.228500862390202
-1.0531499194231495
0.41169799160239456
0.37195479877312504
0.7704500678649631
-2.431266560891782
-25.370686705264067
-0.11999046415847016
-0.6085345440202617
0.03350760413936458
-0.477586739528763
0.40524050744337003
0.3802634796890134
87.00152780725942
-0.5944821850893051
-0.573219960542962
0.3151894950559942
-0.482450458875741
0.31850404458635284
-0.2803834957706325
17.442329538646838
-0.2970660911479644
0.14539786936568444
-0.12242688759044267
0.04534826734835523
0.1419201772593478
-0.08660881976377707
0.36834683183226063
-0.06506016932751799
0.022397013300940377
-0.0096466023406109
0.0003561139071786266
-0.06831274309657571
0.02973716247823146
-2.552702901868081
0.08641860080700524
-0.027396242108026946
0.02711128190787443
-0.009551051225838802
-0.0014059880275442268
0.020014089499088346
93.96733472523624
0.1521178898466049
0.5980964743555091
0.2774064472105079
0.016836770643733887
-0.24290541156699375
-0.19313869223444974
13.316209989697708
-0.6922480787543381
0.16211984768553894
0.18756631756739625
0.16927711342857635
-0.269706029788015
0.3191118742412725
-21.42940574562064
0.049972631779877354
-0.11202350614904297
0.14295700991874727
0.01983443579004583
-0.012219915713531706
0.08404618159191492
30.095077524514526
-0.7113274053971483
-0.09173139416709244
0.04149578093565741
-0.03374750875195558
-0.03517454600363136
-0.17120763961492202
-0.1840117869887296
0.0366905152918179
0.0353567386504046
0.01650767128731228
0.07116394468588134
-0.08595620491722135
0.06534335173613062
-1.0337738158431844
-0.024181746746180167
-0.008968099124202489
0.017167348976429134
-0.01971411756708638
-0.04342263015098039
0.10956069232840225
198.79807371496148
0.06473334352345789
0.5995027833153346
1.8024678448699014
0.7850306688233691
-0.21321401815407862
-0.46108535064473183
-43.71875590417054
0.3271693166864049
0.2620377716127842
-0.3518526787049119
0.2253801960429272
0.07621603090822984
-0.14496475697419364
0.245410739688541
-0.7188919702950841
0.13394476593522847
-0.12299892347781793
0.07152920125670903
-0.04175459351087695
0.15647392966426643
63.56060631489255
0.5165307605444215
-0.05597006507919445
-0.23616886126257278
0.4625456619923395
-0.05624596325121803
-0.20126114061165612
-22.338370670751637
-0.015179867900199762
0.12683148582084905
-0.20319657921019546
0.21181859337802164
-0.04413949152346361
0.02232037801984264
-17.13657983808851
-0.5351638757597664
0.21735746116363133
0.09652281980661238
-0.02457512198024126
-0.015455090984893052
0.061330047189487084
117.7304223387886
0.7854390697640338
1.5068758070090194
0.35740169978039105
0.8413140132008164
-0.38400136059927265
0.5068602696002272
-32.74757598496774
-0.6463929215335174
0.1969486434907163
-0.07923411635572977
0.2340714302794411
-0.06516237241291795
-0.0018050119154999307
-7.805810848971854
0.36263637314816444
0.24235613606777906
-0.06423668940224232
0.09542887490941107
-0.03762769056416974
0.03773439485444106
-9.00083893838252
0.02645026123739309
-0.029206517138842085
-0.03521064355105132
0.0267387843758246
-0.0030690189968035956
-0.04608534484169053
2.0671284089225503
-0.07677226626115467
0.012957283370675147
-0.009573823104012955
0.021227406304394802
0.022731852004522053
0.01585495159772119
0.7580318259050516
0.03289738355396721
-0.002425404946597654
-0.009299484674013566
0.036252845898560704
0.005192053041675004
-0.010769736533436764
-44.79983457374275
1.1903444351090808
3.261269127861307
0.7504839270153804
0.6941576575652086
-0.16889147787580963
0.11317193033792973
-11.060524429861085
-0.4454398656501782
0.262619767666314
0.11668540487934484
0.02321822143279091
0.0521293684394935
0.03208692317522692
-8.751374257374382
-0.30572247421753374
0.14206444414743274
0.19916116046239468
0.008709317414526534
0.04443250183809715
-0.021343198698346635
-27.63829164912056
0.8777279836719167
0.1264913398769615
-0.22253654215148322
-0.07735437075294414
0.05397283034878829
-0.054768203468974576
-9.215918101609777
-0.13822778680314737
0.08630814051251179
-0.05972967061209426
0.02376634316347621
0.06046767105078638
-0.03382732057102573
0.6562347083380742
-0.10535444064482472
-0.06694611932169113
-0.013189066932558276
0.04095635445987321
0.01190042972124284
-0.006830729517946613
-25.316549513541602
-0.9994721950934958
0.23274085795965482
1.252738406283763
-0.9739298592847634
0.325370330056859
-0.122359743372521
23.702366429854482
-0.3032400789111526
0.053499120790146695
0.5002707539800336
-0.30526331362241
0.11223432023477585
-0.04742659677699375
-13.852761969347762
0.12571128529986816
0.6176928502786645
0.4018516484705508
-0.11318043938365123
0.04606670229324147
-0.014783158167128241
-39.33520861595104
-3.702676623619975
-1.6100898567572972
0.37363529908327725
-0.5785881161476074
0.16502307255211413
-0.09126179038932529
5.909565999310354
0.21497987746455202
-0.0017600366387275535
0.038990157961811864
-0.031649447326985936
0.0374666419606266
-0.025386545390827582
-4.849299038057132
-0.5732209270923829
-0.07516324972395345
0.0070266659091030425
0.0006674317550649346
0.007541470661328936
-0.007211120799385519
-27.19059016462858
-2.6044590439946385
-1.6704947077116576
0.5692809270309024
-1.0505564840971215
0.3380610348437771
-0.1909437381593928
17.634401361372312
0.46745783245464684
0.011271100306889045
0.0585270480877639
-0.08176610704555026
0.020276203887965655
-0.019751504903934798
-4.675109607769825
-0.23963712152515165
0.043388904904587626
0.07372686552540604
-0.0198132708614941
0.00355668661092692
-0.0005417986617006327
1.4885711232266146
-0.0385022770567554
0.05577885471639362
-0.03834349818739311
0.054615496412296856
-0.018096715374975342
0.009817594870784024
5.907531919006718
0.14219897743498883
-0.012852068181889142
0.0033323567810771924
-0.01552000624830394
-0.0009798030439179587
0.0013840611446295152
-1.390129465430241
-0.0017498502647946299
0.016545499150790156
0.01674035200217364
2.2189062297987865e-6
-0.0024520723162888792
0.005885119169547455
154.67962048534855
0.3359486686177906
-1.743053446545657
-0.3627897303920477
0.09429981905337573
-0.07111298474330376
0.03856678507595318
1.235430578620558
-0.3841897559861674
-0.11350320842882063
0.08659479946302799
-0.050814135121839146
0.006734850818281391
0.004486107065225268
2.4523273263063907
0.7643630529432522
0.4224505892156892
0.1285937665409973
-0.027152369220276015
0.004158550902421534
0.002520669447004336
-39.109669137021115
-1.043239405357229
0.5667869128602342
0.32556467998911515
0.02163675759067811
0.0031747804369229465
0.01159711962366872
7.886718359127266
0.24824618968117199
0.036650688402511525
0.026936919672380266
-0.02514003838942833
0.00019518483308364877
0.0017814589755661644
-0.6879985616987145
0.16216441509344504
0.10340484497691567
0.05030765125208701
-0.012308986529858316
0.0014179082968827277
0.0011991793754572123
-36.39878257715461
-1.858093861474167
0.36122147941820815
0.6783541716517755
-0.20854372302556717
0.07168204578587463
-0.012531500980805108
-3.3965310363034713
-0.4721507632221964
-0.1448940761147643
0.023496704529564223
-0.01971353059066833
0.0031595662598428624
-0.0017059495876373559
-0.397183566004636
0.4273005404161214
0.302872077677592
0.11266320206371322
-0.022831411234761467
0.003925933043497199
0.003923443183626001
34.15313051240303
1.5025097501827187
0.8818236347517191
0.5596170381893826
-0.2003708523052911
0.055856708759210456
-0.013109471620999763
3.1897180319947966
0.24837857998708157
0.06866810369919121
-0.004921967777218473
-0.0015961309201326988
-0.001827235401061895
-0.0018081956634377098
0.7438897588337068
0.38762563840967146
0.23562543377905928
0.08264057293568146
-0.020968827731698447
0.006006591996483407
-9.503426560486117e-5
-347652.71734123485
7716.331908497552
-4224.33072309813
268.9998646857801
-1143.3952768499707
1324.8228391417954
-4330.207804231756
-88384.4638546028
224.56287380715506
433.0811090704992
-1823.518170826617
-807.696098711893
712.2814420347382
511.918985388923
15938.07117151239
416.7651758402391
-211.65802119894985
-1438.59842510485
349.9801167167491
857.2455832855774
1204.9109397401712
-231117.98575893982
-7340.613544100394
27330.383028830893
9535.617218049216
-1242.891503452173
-7865.054966859019
-11163.93570110684
-91093.15023183184
-2429.8746817735832
1883.148515214788
-1323.8400771036904
-6786.878547348053
1161.32126469363
-7722.261922401346
-15778.704127116429
1852.7837136997302
-833.464444729095
4022.147665094829
-492.3969353536137
3578.78322372648
9178.368659334632
753065.4786066576
-12024.872131938784
4905.177131770364
253.72622896970756
4522.7679631939345
-5483.946035924498
3265.2533025602606
-97066.32439850394
-449.6273227241984
943.1925903460243
900.0022777672158
-1718.2855095996676
-337.8041315774576
3857.3355062495584
-23218.931956449585
1941.1154112325949
-651.2525911521119
1730.6512317273214
-548.0274869297655
1538.778733547621
194.68729544977398
-196378.29230727273
15604.266487901044
-54580.14721836297
8362.107180081914
-20006.72699488156
-3546.637007791004
-3696.4032761042813
117771.60289661323
12667.566756961698
-4848.352183791682
-3322.7366620391144
-211.31316935365854
468.3069504283038
-2340.0965430993797
298852.8765964708
-14420.809157836145
-1759.9275076326292
-1813.2120386735864
-2754.547171747472
948.5376219063561
3264.621072112766
-682347.7044152119
-17114.36358720391
10591.837368629616
9786.909450959987
4305.03716093748
-912.1897532716936
7401.453078914032
-18761.75767973787
7899.903983759691
-2754.4939302057937
-2809.839695384579
-192.33685897066601
-2956.235568602123
1587.6065269011779
59643.497497872406
2050.829297135065
2041.3994357556608
-161.5118944022506
83.11131467799235
-1965.8474290980266
2149.794071986883
-4.161815945717837e6
35808.664196860685
2548.167224616528
-8817.162804614061
-9562.6385131911
1912.3181109951308
-1433.580051622902
80358.04837828192
-81.04690991783615
-1505.1100427308836
-1826.1754729301124
1647.9570786156519
-252.54479420403553
-34.575666289323834
76733.19878649664
-4972.638926973546
-621.5592440723277
493.33307431662314
-1270.1608385927143
-371.28805381978475
-16.03026129349729
374.08094272314
-4.30571296857122
1.5513694711954857
-1.1252936998796204
-0.1952882479595368
0.22021234973549475
2.1470715561680676
-11.529605287253277
0.3471439763307995
-0.43896096448005584
0.11436056939070363
-0.04065116887675
-0.48705558952591577
0.6069731579512421
45.89194385755155
-0.251777710222325
-0.03009241463244075
-0.2632825986402198
-0.29216371716931233
0.023181675154136296
0.33837761958785784
-1343.5908552928925
11.29850514358359
-1.2011439188022452
13.346005807171068
-2.757765284803163
-8.758235700835808
14.894709685453146
-386.78347654382867
0.4922518039577866
0.8006841983231467
0.1241493487749892
6.014962043843132
0.5582076349127217
11.742101799912964
214.21356990234858
-4.6452097246175015
-1.1326855454598976
-2.571658721684294
1.9323958429400625
-0.5160166602635681
-9.314439551103879
193.09022035661079
-10.882510701979983
2.3400850721751043
-3.8791932350036578
-1.3167286398059357
1.8174688474801408
-0.9892780542175241
-63.612620210128824
0.9241530763986102
0.4574738865225425
0.22161724417218576
0.46947197416014236
-1.0086352269003112
-1.0037631785434686
48.72225697385621
-0.2074432938757791
-0.07869588024128714
0.15780745438885158
-1.4734009691600514
0.5573565060916202
0.5243983467659138
4750.287614597011
13.215800115386179
-23.3066736867292
5.940625577137238
11.17887144819242
6.702771911454227
4.59145805982834
-883.5986442464255
4.487473918270257
-3.862433360262056
0.5984969945918197
-4.77769095456962
0.6920920062311874
-0.6577128633388667
-281.8448791121837
-14.053522296840418
0.5676722515846602
-3.9405196873067543
-3.758421665507889
-1.2698724960656793
-3.6718308839862956
-2509.6129535569876
-4.410754264495849
4.753482107861609
-4.99708745090013
-8.297650345518326
-3.388890547368184
-2.37519542341635
272.8980577363359
-8.317436575274249
2.527138026976553
-1.5857871326382653
4.140479507686164
1.7336856892010484
2.798250505409699
41.475159212549435
9.885531094250451
-2.949185263302493
0.9345467637619778
-0.8256529238226785
3.358413623577197
-2.793318071423074
817.4401936702449
-42.09380332100212
9.1445449776233
11.237481272513337
3.479730902317328
1.1632813151512127
0.4133429236745833
91.25687347825692
3.9608504876128565
-0.523061382300709
-1.7926460997127025
-1.540348977630151
0.8631634058375133
0.22833442035546148
-36.0276100363063
4.167297306954246
-2.4398307105231485
-0.49561737029496195
-1.645586438681366
0.9250919329232158
0.5573790437803291
11.123575719024569
0.21357396815368357
0.03656285038964828
-0.08863262648050313
-0.09067967600193184
-0.2028395467770352
-0.09840399013030769
-4.146913511178021
0.20430601303908424
-0.16903245991940588
0.12437435173458697
0.06102456292334946
-0.011671511044674203
-0.33886090728901913
7.010226844018388
0.018240636729601488
-0.026816016289416114
-0.00701983474385143
-0.18541759324038362
-0.0010582994768218164
-0.004817403535313291
471.9005033787868
-7.6383614002593045
2.5790851000895962
-0.5509647182224383
0.943836385255532
2.870564168581054
-0.435848574422326
-84.0366178652934
-0.7813438819213655
0.6099632905012842
-0.26991788647065146
1.1108078778315826
-0.5760664015992243
-0.9703740573773763
26.58286050902972
-0.9653881824623278
-0.4197045399863801
-0.8773681073049134
-0.2893968004233589
-0.04106301513378007
0.4232671660152331
63.92051958454503
-3.038256509061141
0.6052085452260507
-0.6800297919431089
-0.45461495264929763
0.17622650057777217
-0.1519421766576961
0.1739074132747878
0.1341688087697633
0.04994815320783314
0.05297495722319246
0.16623194037878292
-0.10036326785004172
-0.1981424076937963
-4.846539087824379
0.18772027314207124
-0.104595094098752
0.10855111156337964
-0.10971567003783711
0.013513577695230353
0.17395753909010386
281.3360361552367
9.417926703012464
7.173689872654054
-6.3787983960236545
0.633628116094765
-1.2123023324487279
-0.024686640401579567
225.77727955772926
-5.703511660403081
0.7842860173112131
0.5599851708266645
1.2282060619440793
-0.12502215766456418
0.7453915505043682
-17.272841448004637
2.26674606847314
-1.5794088713783907
1.3064258620729448
1.247620570402838
0.45348015345439646
0.14875415112103058
307.8329084605995
-10.688610274361615
1.8972631282911274
0.3703277186245625
2.2063567996356577
0.43753276360025495
-0.7248101536567915
27.69794918902972
0.3729192599789779
-1.2772848260590557
0.8512903752257872
-0.84140776225037
0.2029609632683893
-0.7723730390174176
75.00967236500712
1.117830275322292
-0.29191663317790223
-0.9953075526959958
0.35097790145238883
-0.27487479067547965
0.11660599366529287
305.73104448560287
-9.815572272853649
1.7544970861986338
2.749438369331775
0.5847696434194269
-0.3258700190527401
0.21095266241128907
11.13857468151419
0.6896432965666641
0.0690084466374362
0.023985411126546365
0.31079303893645427
-0.18616139810491095
-0.037217543194954815
2.531397555847696
0.04961859530871585
0.15252831143421358
-0.14994683858782204
0.7129803906593016
-0.053307066873769314
-0.183903688434011
-1.8999927923276818
0.16141104883548144
-0.0324053889855902
0.04315722320479408
0.03764747758562234
-0.054917177459878355
0.28290361255187596
-5.780035141250353
0.037004093634091476
-0.031145141849633875
0.010049230699480412
0.00034430139057873904
0.05831215691093375
-0.023102747523063575
9.034602621043355
0.01900761553836935
-0.03728495082867449
0.07753192121353109
-0.09821115147786776
-0.04655215984854366
-0.08070137634471405
-224.88496211551433
3.2816799904631218
-0.34236637847201584
-0.6351064053426801
-0.3721176170879009
-0.08097596135444754
-0.3828007453578702
-25.031141400986197
-0.04233753692626112
-0.21055106642134738
0.041785267372697
-0.5851466173091481
0.03616723526573743
-0.24041089200704052
-2.145398385710974
0.46734087426902826
-0.724356582462235
-0.01496896337673385
-0.18889988085653112
-0.29129352964110583
0.007049512365728622
-39.38049049115599
0.7752298347450162
-0.5712115789238608
0.45102712601700184
0.08884144358171596
-0.05544398502024629
0.07424435691515475
0.3226412315898821
0.14958649916747463
0.0026990034442428723
-0.04068837214155273
-0.1899974739482438
0.17279528578949047
-0.15641814252032282
-7.015280323612334
0.035388508347981996
-0.06290191284863193
0.1394834110430936
-0.013043435907744608
-0.14477611360448545
-0.12408181860595455
-98.68596090533055
2.292141430988571
1.2192888463858016
-0.27733105418158693
1.6467124481275452
-0.47104351773754666
0.1732607369664983
-35.4020651996117
0.5717788974774126
-0.39183560318902155
0.010631283451512529
-0.4055969984199028
-0.007373335642958478
-0.19856489405182995
24.447663274825278
0.4370821861442633
-0.4135192290715099
-0.6564954468138445
-0.07371841407458056
-0.23047918140008522
0.05320610633451107
-30.825523447420515
6.119824712430268
-0.21161812418118536
-1.554500237029043
0.9814691427116347
-0.37043798135728967
0.28614150274682654
-9.019138045683182
-1.0423846579519622
-0.5881565580081658
-0.3194849385803791
0.014055379679854561
-0.06942997346523967
0.024725162599240832
-12.42955507244694
-1.1520825373326529
-0.7155761350842014
-0.254998935074407
0.08310373688727991
-0.12237599931950073
0.060910606413441946
-176.87875761184716
0.6608462324234218
-0.1295695945507864
0.05985594288123037
-0.5867924874919397
0.15702148023441814
-0.08528291823533785
8.955376470023953
0.36239892504172233
0.07179185993620239
0.14154195144364334
-0.10343148206941781
0.025698357658463566
-0.0017030023021516987
11.295148580692342
0.5165668885950883
0.14209436521648852
-0.08800035132099078
-0.08127060292521082
-0.05814331282664482
0.055869565794208265
-19.204102863802532
0.06124739160069356
0.014771187342371529
-0.12507899656138258
0.056006355421158685
0.056842839263205436
-0.07475165905058001
-0.6066199910749387
-0.16780110292405281
0.040317597543303274
-0.04849656813136679
-0.007605772407339099
-0.00855460005459707
-0.03797569609373088
3.6052547157660277
0.1395502321155388
-0.037995108541362524
-0.014414324553949044
0.02671323450554444
0.011424422438012508
0.06371482105337622
-487.4323155538635
3.042724071502008
1.5829807646317502
-1.6849457028604087
-1.151371373825873
0.5113809457402559
-0.5160704628251637
-38.66934213283131
-0.52315139325844
1.444329827070562
0.8848364295423273
-0.25707708733112816
0.13608385919098423
-0.04337180952868446
32.349541370477624
2.0250842684233166
0.5765847604462314
0.047374752732204053
0.03180586196325853
0.08301528309411012
0.03455267186674625
-5.258599684232466
0.946231259367986
0.4071100328499071
-0.13347521659793588
0.005642824776147968
0.05979817949521894
-0.09044877121720497
3.7218460838763283
-0.13987121855928875
0.0031884875539179565
0.0030681525704745506
-0.008109927619240282
-0.0778041170193044
0.021878435736953878
3.2619597816782915
-0.0915481579834157
-0.1510048683782345
0.04427651940399967
-0.01832194693424109
0.03996370499086798
0.003177337555361262
111.37927115232499
12.634843627994227
1.0463559624689382
-1.4650801430702944
-0.24551374170767876
0.09657482082205912
-0.25287543306143123
39.90063006307011
1.0286668380604018
-0.22112618545490173
-0.3325864251987637
0.09268740305352825
0.007584898122968089
-0.023266736138104708
17.34588979482823
2.101099771857069
1.1734316433116443
0.4161768398116561
-0.10720015035170043
0.08077395857084649
-0.027627194067453138
-256.6817051269407
-7.928079944112658
1.9035431196101378
1.8101574735749266
-0.5279666849387743
0.24996915124326496
0.04151079980575912
-12.939132031099149
-0.5626027708656274
0.32152175870324945
0.26853934363790805
-0.07641540140649594
-0.014817509672273924
0.038406936812472196
13.31124112025234
0.2839832210543255
-0.45865010023907965
-0.18709318088301463
0.04410307495402195
0.007417094988243985
-0.019118400000150994
-10.757734480937751
2.2161219757286093
1.2052245221291729
-0.28859246224770563
0.34663908206284594
-0.0977634440899737
0.030903512506891398
-8.416154233680334
0.10156445268589236
0.4164144629005138
0.214803196439835
-0.0717415693072651
0.024208114102886938
-0.01223129003833389
2.8501519569009064
-0.3514769995113717
-0.426078648932066
-0.13911491685256785
0.04339686960912281
-0.0034330888040573493
-0.012868096237413187
-18.505378344212094
0.08929425212275413
0.23292564311649613
0.0756469265626132
-0.07307913260055045
0.026545026367505418
-0.01815400246827014
-9.151261331504848
0.057536332601550506
0.1380402499201075
-0.026354118280973064
0.03755914523245744
-0.004442074514929975
2.1984669876965477e-5
-0.052766737452128586
-0.08875605607164762
-0.03977343244947448
0.004029549336529833
-0.006418943776123525
0.007834157480820067
-0.004618828545676201
42.51732246445904
2.9735668259019437
2.053082658666799
1.4458196824611989
-0.6157704711395273
0.16692442242329844
-0.04225067528340421
12.970613704260709
1.1221335009169577
0.2478316904162548
-0.07087074601225321
0.03187112593309215
-0.015602974128585296
-0.0027666725892464624
1.834851066157785
0.1856185739565715
0.0892762849287238
0.0034105763139940693
-0.005260266346329298
-0.002938829405835895
0.002225311924798077
-57.670632188441864
-1.3527432086460993
0.21537145494117071
0.4163330918620931
-0.2237570653421985
0.07748881459985696
-0.03828621968581014
-2.956381694433828
0.24366950490988643
-0.019911635354681868
-0.19393721067201053
0.10567715295363565
-0.0209977744051485
0.0011130989911458126
-1.1923580327826122
-0.040593346365698085
0.06817033662452049
0.02202941764319634
-0.0012678538254275984
0.0038241910390432853
0.008703600957774718
-64.25156247125445
-1.2811888995456668
0.3067590795936419
0.16591278737982507
-0.02470653272491882
0.02073562408259296
-0.0023310634702890043
-2.7357559516166785
-0.08883507763225602
-0.0067048589185803795
0.003227910502207358
0.004950416913470305
-0.0023832233093800596
0.0017758934802701424
-1.1040426088863922
-0.325733634916269
-0.18059050431650378
-0.06835907010807837
0.020756002402462503
-0.005978205214088985
0.004136400704663886
31.04047750912069
1.1937063593252146
-0.45177899632315766
-0.19647005692572486
-0.13133727080535043
0.028079794791438496
-0.04010041411100906
-0.2266815639267148
-0.1676845383373921
-0.18983635229095783
-0.14011546472606182
0.06589257059344863
-0.013280057220289838
0.00592762784405324
3.5908329294809076
0.00543743542997756
-0.07122937694930624
-0.05972050022019216
0.019095974637493556
-0.0013563903077619145
-0.0018335883328936492
24236.459649854558
-161.00645595056932
-548.7401845472543
-52.03147254737936
-163.74593044531625
-295.4123437528477
-394.75925160346833
6769.937975049668
-452.5201224609063
165.00931558201742
-49.042812989699
219.04421337123978
-121.3146811628583
-28.8832657144155
739.104561379211
384.82910459933214
-306.8523860680411
123.34061153408912
-124.6794557250182
67.06572304920897
-34.351284690290704
-1.8488390478011703e6
32240.508652147393
-6763.506938373218
-12242.230485136535
-3971.7340319865366
889.3832696957853
-1960.5198048651728
111479.40584983132
5115.8449266881935
-2751.3954123498743
-3722.9069546193055
-448.14468250045155
-820.1383990700298
-1896.8754372361866
-497833.5055597365
-13895.012398079
6445.938510211835
7817.534171529558
-1948.302017719258
4.666905254190752
833.1493377829032
-407594.5907095278
5823.4577341089725
506.8878988935563
-203.23448275183347
-1835.0699853192068
-49.955846083316814
-1241.7140546463565
37175.87527343475
219.82592248344116
-316.3751004764794
295.8178286186311
-585.8823495275789
-416.86288372392505
-736.000034095272
-11388.388865980156
679.7286026175082
-582.3103433425395
221.7408593429263
-416.69488696181674
123.60415909416754
-217.1822661444488
-635033.6918192166
2644.398165235391
-3755.117636705715
-4479.900543649549
-3492.3292471476293
778.0194270589823
-925.1578860797863
14911.80069238712
-320.1371136339527
149.1729585615163
-499.6001967024774
-163.56334896451932
-305.36258400073785
-185.8707424090882
-26520.109195936722
1518.150636249713
-730.1192379992473
273.92270893685975
444.26167367194876
-553.817026995944
778.3856520267129
-31089.550101151992
-5912.681572447055
-186.92769322489076
-858.1793407766241
-238.96044781110825
-386.47979410045303
429.91937899293265
-981.7416397954543
1528.423487749908
732.1308557869257
602.7935536667153
-355.08969049199413
-111.68914193411756
-125.67993701913589
-6135.460274690515
536.4152545964912
-356.84404768591565
213.5870573228849
-377.0307234914715
29.060004107135576
36.70615885758251
-221185.1366852258
4631.900420455737
2106.392511711422
307.02118419229805
-768.3862387447756
-74.07996586946672
-4.564116708446018
-22324.337990004184
-856.2549616280236
42.63103673000456
495.06307462303516
-634.5078770649264
247.78517322596306
-354.37777780873796
61391.420992401596
1613.8331935895135
-629.2033182330508
-259.81581704273964
-159.73925796925587
-21.581498478379885
116.42062953307618
13.683880236665864
0.38231016370808146
-0.2609332128288237
-0.0368707090772069
0.1503337450515759
0.1852077113846498
0.0874397417072253
-5.3540057734494075
0.024016514137546564
-0.02246610646218967
-9.294960453680729e-5
-0.043254318788979985
-0.13312838172158578
-0.1944778808092571
-6.528021831534921
0.21825886735508604
-0.10493675631513136
0.07957405349638004
0.011419492680341717
-0.07783250410542655
-0.22027979245604543
-3883.222090606238
110.28647269038804
46.271163963112734
-87.08940798755832
30.981120356963785
-9.589530210554468
3.3983198480190473
579.3472273724796
-46.04274877661276
-20.865050190593152
1.37659624090711
0.7914293285821422
0.8271536557710838
4.377424824091953
1170.6527982867685
52.55342671740414
-15.812599736099436
-13.053374795679856
2.320655227454508
0.904709906205381
-2.5537182749408496
-151.604678597981
-0.07777329611066743
1.4971796316646837
-2.0591439513863437
-2.1017609289639942
0.663125140647577
1.4676235211469115
-5.367626258688168
-0.3271737388832105
0.15110531671888408
-0.245569415841666
0.2246452342770514
0.7757677104468987
0.7180782196529935
9.293828507706564
-0.16155048970109206
-0.2421723530574285
0.33549447194013543
0.18000874291378585
-0.050263796213988916
0.14524857007445652
-376.52573055517297
-0.25215738639144836
-3.200203350750877
-4.987908767425984
2.873419888585255
-0.6788614734132683
1.4172311784809786
215.39521179259313
0.5905195727923835
-2.4111082928061527
1.1740253019769948
-0.5569109037255437
0.5772665532393751
-0.04612767408164604
71.70199426719233
-0.8916166138758755
0.25320924621282415
-0.2855580736302265
-1.554661624859908
1.7986287086198167
-2.3937743417655577
-281.89361683636014
0.6026766467036229
-0.9234876122026443
1.7622659845489448
0.04800313531072481
0.21933520909117377
-0.7096385665436683
-32.19899311927082
-0.4732671875914597
1.0843345495169974
0.5169415781684831
-0.14359623428805948
0.44506546694799487
0.028296057445398443
33.88510374156049
-0.7936346685644675
0.43221397781773796
-0.2359482044817176
0.5974736142071304
0.16800944264942735
-0.4039944791642661
108.2371066311468
-1.378126326039755
1.1476079554060021
0.45302190082708116
-0.5259949831885828
0.7380144968377326
0.11827788027902005
14.048504993702876
0.5046034617132867
-0.15365280891462224
0.21278360521672812
1.0545931679325533
-0.7174563572335049
1.023749323331759
-57.75819077982847
-0.7386887236409907
1.3544355081007748
-0.9727683459371607
0.9751850835251363
-0.2555712921506761
-0.2467194479172669
-6.38739450463957
0.18062365147833612
-0.035407307907658704
-0.04669270002399139
-0.034588532085839695
-0.02446949809116639
0.12325043625585891
-1.7958419753810606
0.0232973263823165
-0.010580325950528668
-0.0012527139091886546
-0.027732153777294904
-0.0008534829371358577
0.006541318334587111
-0.509399780968181
0.01763898416997515
-0.007848508486794008
0.010663219097054706
0.0019870955747485703
-0.017796471828888837
-0.016276007466314198
1312.490819298681
-46.971048766501546
-15.640267812310103
27.289886370104387
-11.013782268718812
3.434743573179545
-0.7088672576508306
-381.4625160960102
-3.734749059551136
1.4518417218700692
-0.2018979155162046
0.176479192623291
-0.11388609923648566
-0.6698911052117185
-81.07240399089935
1.4361977220902038
6.557813007506647
1.9439293906993222
-0.2867115814032878
-0.2968915874543414
0.4100671564678856
-11.700186460450125
-0.010160474622427534
0.04917213908267709
-0.06135046859103896
-0.09268760664372991
0.13013507624517873
-0.09659232002376278
-2.623007147066831
-0.029173272641646868
0.015620522253392648
-0.03599673155869963
0.05596947234505182
-0.11748479188450708
-0.025837908252706685
-6.802517419798296
0.0077429872574938646
-0.011919892414015733
-0.06174820022198044
0.019889736450403477
-0.03280377894762883
0.0030736510926988245
81.38964510274569
-0.2952579010572229
-0.10024440581892949
-0.9234738737559245
1.2825120972668664
-0.33648131238695916
0.0015970505063807614
-36.78602634261494
-0.8105872679130414
-0.012738714351952554
-0.1646368214389035
0.07156139992580321
-0.04385984653091386
0.011576748987684184
-11.24398063388254
0.015345183278961066
0.08978552664383893
0.0772373625244821
0.194278466704297
-0.290206680732352
0.330519582414341
-1.5862956045479728
-0.9729345415666817
0.09227715739673766
0.12488302767428426
-0.125205013197347
0.10292659139591814
0.09293152152989839
2.677954011283104
-0.04297594155223471
0.12542141749433494
0.12987383546071846
-0.03661336180984173
-0.02885887432731011
-0.012857634673610955
-7.268948197001122
0.04866157414670844
0.007584732161265129
0.04902105596704682
-0.08554493964960369
-0.053369232462489306
0.08102069744750726
16.020816414390673
-0.5114778536033117
-0.3575647439873273
0.4042492097612204
-0.0937632043845769
0.002595993803872871
-0.09880266612504193
11.251688640288402
0.13538583621237507
0.011699802168782438
-0.17115762758632183
-0.11095806993805704
0.11879448034071763
-0.15840573825138687
-3.233838747930918
-0.051100906597367116
-0.048868063454691926
0.36472523469461077
-0.2050437724965967
0.06822539769362139
0.02764906886864162
-3.3373963763778045
0.03433573691466795
0.10942021286824467
-0.09329883027192504
-0.05595240122582435
-0.023321543682614684
-0.04871358791061433
0.8453627689080229
-0.0020161324823109016
-0.012020601104350617
0.020497368522019502
0.011033348014086751
-0.02381202882219353
-0.0017225152289653458
-1.7226038539919302
-0.008303489162768851
0.01723456402639727
-0.01689476420743419
0.014034450811707342
0.009257597993800886
0.021498920891018517
512.5287933368534
12.822039710985097
-9.735516255619329
-11.558051995543895
4.94755726839625
-1.7310614073886323
0.3741818723424252
112.9033255994022
7.009589966255045
1.9692899574443075
0.07642166711964678
0.026539822163821402
-0.05181875424282266
0.08206358239413945
-42.227502567751436
-0.5441135147455602
0.9006972749480329
0.8390864631827133
-0.22789624212682988
0.1497386817358464
-0.011181918620914763
29.619286088268034
-0.3555108933979743
-0.11379041838990564
0.24917931190375026
0.11975612682043692
-0.052112641720794564
-0.003924766248203998
5.825998966505771
0.09834833693113394
-0.08555661415112578
0.03421692987985121
-0.042619227921361115
0.002965228642076191
-0.035758684262061864
-2.932126714715756
-0.023469813867966087
0.03482164333369805
-0.09394711595401455
0.04308662904413864
-0.019872026532703847
0.013044933932223252
138.6819027242596
-0.3599591935168715
-3.2026381576908682
-1.8966382992909443
0.6098233115621945
-0.2322220777545661
0.06686893081854738
-11.626764996252785
-0.38675014960370985
0.20159407120591852
0.34332606244576525
-0.15046979510816444
0.027205211869661235
-0.005398077224505705
2.090204936408971
0.14312085859128312
-0.045578080446321854
-0.08441958079383927
0.021257747887821102
0.004154617600792692
-0.006297563618578062
33.74638191630625
-1.3475064122325202
-0.3227516885451083
0.1694252595670091
-0.11772644881124428
-0.008213602467118747
0.028320681654768254
-8.453264169865033
0.06164060439468856
0.055884524014575714
-0.00651273682028264
0.01621517416642348
-0.014090847207125435
0.016339507090716476
-1.5510128423476164
-0.015890116191794628
0.02530290046351536
0.04238218821897686
-0.020195761428876358
0.020319059530983945
-0.018072098526907273
12.57253390143473
-0.8044591913239993
-0.5546985370469215
-0.08621019445470042
-0.08401013837569042
-0.0055457808860074845
0.030113262644995697
-6.967754516967995
-0.5203284430121312
-0.22981233921674446
0.047761978116866936
-0.026325201241325473
-0.008407859044082462
0.008886401940690947
3.0715240490035636
0.06656817194996593
0.006917346007539278
-0.061465564362597015
0.017073034850830136
-0.013764878566244181
-9.680388935723578e-5
3.3360869293130615
-0.1229260764340727
-0.0453170885489321
0.06578246237428183
0.014295711347807832
-0.019777299301137766
0.028958504761123615
1.052427454184496
-0.008794673305453393
0.022365391338631024
-0.016229937633268462
0.03188276093019106
-0.0048360143629823105
0.005832045954912363
-0.5739399447067104
-0.00829523771866794
0.022395305034806547
0.0019886991273877185
0.014429301813783452
0.004248303511866955
0.001707397266166853
-46.73514473796884
-2.3559108917051033
-0.5882332350677605
-0.5100659980418369
0.4541590887011544
-0.1366502064158074
0.10583023753086233
-17.69502764695017
-0.12577218155119246
0.20280627009557556
-0.04905719443281599
0.10477374047655931
-0.02690955876674305
0.020492464914765612
-2.717270586225288
-1.0553837931861736
-0.6852978233836425
-0.23065949030691613
0.06005562634549175
-0.011930652908164882
-0.004684375282675393
-11.755306357434167
0.13604012116572767
0.3547426119982345
0.061950593914888316
-0.019795371862071667
-0.006198173217555159
0.01699327370043632
-7.52669650326716
-0.12755863453910737
0.09177965690885846
-0.05168288222805884
0.07245732097350523
-0.012851509616324024
0.016693429598046552
-0.1461486998537525
-0.03252181868390136
-0.020091266114475217
0.02935360516877829
0.004065291549039169
0.01940733173580975
-0.0035836728055096585
-3.0429548131999424
0.250643514997334
0.44214191857405766
0.4709924866584459
-0.2238333782423941
0.07164575078555456
-0.02635535560502216
-1.7876916906830995
-0.4486206782526381
-0.3016862101216564
-0.19517417612889906
0.09750255363907046
-0.018440354312924265
0.012654996107051977
1.782648227504878
0.4369707860007169
0.24964862269596985
0.06612558789728554
-0.0003774823682082001
0.011510440858002067
-0.011270360400554298
11.589524291814207
-0.12742754817007965
-0.1723217901265499
-0.014602363669341078
0.018580967377509753
0.00565065758319381
-0.014861875761258716
-5.535896928448767
-0.29450464620720695
0.0020167313959108847
0.03266132410684776
0.0014116745693703641
0.008296239398933118
0.0023325050358300446
-4.2875025350977385
-0.1798816329576838
0.031117833796168434
0.032146544721495356
0.007314853472624331
0.005359553221376062
0.006643038900394474
3.0071725838716694
0.22739015013939512
0.14675635473533152
0.13073320298537652
-0.11392408010056466
0.043364081281582305
-0.02898462726399683
-1.445312248966584
-0.21872025069894208
-0.09569164837090195
-0.05585484161204601
0.029362569178807984
-0.004839548818850133
0.008188543999805125
0.3108917009598626
0.31675792619420556
0.19545047643770055
0.0739193369264226
-0.013472218372374625
0.010214053212154123
-0.001821448167550614
-0.3406584693995403
0.1010067719472642
-0.05163931147457776
-0.08291204538520965
0.020361762611304273
-0.004656576108835205
-0.003902702505107759
2.556743006649075
0.019206164227941542
-0.01976086352579525
0.006472205450603602
-0.009921392941524807
0.00032516159327045563
7.682488404382958e-5
0.8594561900574629
0.04378173236113901
-0.004544930944818847
-0.01126261348867701
0.006143685571676058
-0.0019220470265816512
0.000991484597719515
93.12906345531076
1.434204381282958
-1.3486112440116085
-1.1192910741621338
0.535606618060676
-0.1827551537061417
0.05770413416877798
-4.698710848094125
-0.07607920455418622
-0.023818737522590804
-0.051370676781429946
0.03390365032416785
-0.009363682997672552
0.0039519620574591675
2.07406549177731
0.15410320804076041
0.050136094348389275
-0.014783744185758554
0.009361717520519019
-0.004011365949792321
0.0031655417392596353
6.603544632676484
0.16161594375410673
0.09810857604977977
0.1986329595118491
-0.16528479986484151
0.042767505927703446
-0.014880372650939434
-2.269249543349899
-0.12188251389942344
-0.007820428178687597
0.0348550519484411
-0.018561652825574294
0.004415759256967423
-0.004294297658301612
-3.047568836622064
-0.12215843304672987
0.017447033728600816
0.03383546237735186
-0.010980748021041651
0.002171338628285851
0.00034106719217524525
-4.229814577529656
-0.04143197008314458
-0.05613585033659728
-0.18477541499916103
0.12964102971999716
-0.04041345173306557
0.013232988937163194
0.26013256253150596
0.11379281554629253
0.039580333810327155
-0.0032772073314464648
0.0035318678456060376
-0.0017551547353482117
0.00046902547885422133
1.836839974290931
0.055952247310346384
-0.025189165317352335
-0.028763638460632155
0.010237995352822877
-0.003941051250056263
0.002306965242577332
21.35387827250089
0.1067761807662598
-0.5727755674774997
-0.3122546776817336
0.06946712459080205
-0.02741964601865494
0.004229142932429346
-1.7180115658564414
-0.23846799105410293
-0.10366665712338503
-0.008580929221586597
-0.0024713830816701083
0.0004070337295001608
-0.0015472514199363191
2.1433971608890556
0.20568085951682633
0.07282669249459828
0.0029457341849126206
-0.0013655103686445206
-0.0017135344862937367
-0.0011162843178916747
-103811.02322487735
924.8433868678578
-445.1924297785645
-503.0977605500957
-643.9475874157274
-76.76889837597187
-432.13175892153265
-14573.331306585285
88.24849324404109
100.06370572001676
-114.96394323662825
-106.88250167366385
-29.3229255765193
129.31811512948238
-13616.685580896326
242.28274015229798
-181.08219246907447
209.51285960447993
-23.47593764041666
-33.13628778124782
-5.60618214103568
386917.06034062913
6133.307965010006
-1012.3785682165259
-6347.817157920533
2584.1589651486347
-1982.006667097578
1312.5034112063124
-164559.2243937792
-3855.4985796448254
-284.0064874048552
497.3449458687036
-28.776283498278588
-122.15069761345316
865.2552032186835
-60784.065609838806
-2435.2499553334214
-2033.2736286598245
-56.81878117172995
-736.1956652414842
60.65264016188778
-190.45869615776385
-331956.74741520133
3302.5548450933843
-2285.097728613179
812.9616447398301
-904.0332209476128
40.78506603450863
-1475.9662431741565
28456.7986338824
26.541206862306762
430.1255912503043
-101.47404926011775
266.4102865507033
-83.9195192109346
636.1177655167344
52318.449226382894
1233.4815994550668
-56.048373487713484
-330.47852294336343
-194.3729177759898
36.77917306353848
436.1562880417363
-317339.9188784452
288.72543466261624
1089.5040008976011
2753.0231109122424
-218.73702122280667
-691.487422100075
-1225.2706531821757
30638.090431386125
1374.7392860640332
-326.09924079924394
-86.86357603332793
-330.1553563934466
64.70634346437406
16.845908123930993
80372.04108629472
904.4681358706736
-583.085759515782
-240.05966652964148
-270.86698572548676
-245.45648760783595
664.8868798717366
771893.5492071842
24163.46674425404
-4087.881838289723
-10695.953620587044
6543.323558649607
-2573.1711473066894
431.6594797996379
-31989.419842312254
-536.1186038152226
-157.2926556284258
-646.9314733144486
350.0656903690042
-198.43993141421674
76.52393459626683
55341.353541801065
1633.6546382864863
-883.0803359464657
-103.44743676858904
-234.13016737288692
0.08554133064233307
256.94531453882087
209096.4837017369
-1507.7249437384626
-1713.0452762596349
-473.3100522124518
578.111331120898
-724.0285667968392
-2.1762286487504547
-68131.2437179458
-1448.0927524065296
58.95036074211539
-105.0405509280368
106.66006974359652
-75.99175602735596
-5.6860819427027325
-5622.972179831664
-303.95232456740314
17.620373493969602
421.99352254889646
-198.47814382013786
31.733065068918552
208.82894828729457
53.31530382828826
-1.4519448988913022
0.38502794742704755
-0.9393283140905315
-0.39367674149951887
0.5154632513276677
0.41992631439521777
-15.734982928615937
0.1786968236739593
-0.036367355311607716
0.0775844293922175
0.0707680372556253
-0.05505368590127987
-0.06688199644356013
16.868990289558347
-0.4187783401621683
0.10493022058986012
-0.11300238249633086
-0.20332189795493025
0.11638396196587998
0.21763252790030688
-830.0406716744886
23.5227767567333
-5.995874212730269
-5.381115633259342
3.5531019403641952
1.52644027064516
-4.834897952655713
268.8429245476326
-7.320912953794619
0.4168895327299599
0.5997332548467046
-0.6413386937708907
0.4511027808764571
-1.0615450245353422
63.88012318946783
-3.5290359980639807
-3.266165450599056
-0.3283021897945267
1.4450581274717895
-0.4068029340033813
1.042142253968176
169.49989966281615
-6.535879431536037
1.3205778188210047
-0.6592760902745695
-0.7296988080902462
0.6500682140363112
0.9058588007652895
-31.528855884204074
0.8486891687665048
0.18094815661433292
-0.18206191159420745
0.13362072902304772
0.04766216237974206
-0.42689235340440596
25.60401678411742
1.4466453887607482
-0.3757878957346316
-0.0641260327132564
0.24312580138866882
0.05926860562663623
-0.6371816239978716
1417.522523944036
-19.016422047788726
1.8114087028725232
1.5974160955132402
6.747078961405306
-0.8146538833626398
4.122259839818477
-39.56745045101767
-3.5357335062803177
0.4313814074504304
-0.14532578425965698
1.3376808708793273
-0.42740141641044277
0.6915631155200599
-28.193028193118803
4.938149431174689
-0.5120883660878177
-1.7098020615197895
0.6623446707132759
0.5802134289943723
-1.910555313072302
1583.270367879278
9.591964623622186
-7.738368756575218
6.173577799818985
-0.6461199255449961
0.39883042499638494
0.13882262516524
121.40466044523515
-3.0750595917242363
-2.6278120864009935
2.0024789856399305
-1.7373358375757668
0.9202153887406109
-0.39951199179383745
-104.928734870439
-4.612464783813946
2.181190012039807
0.449341276070353
0.6742780234404512
0.07781004075650967
-0.6781601541444343
90.12061526187865
-2.7161707737322693
2.8529139792936054
1.7069126336684628
2.5121815302097574
0.28048182730516497
1.125869639634517
10.056795724558626
-1.6864166298573986
-1.549428390011385
-0.3355317934863293
-0.2073462304227033
0.17176357731268005
-0.15681384819913724
26.597983306674912
1.3415473838440746
-0.4910450964974039
-0.495220179328882
-0.29307412951377715
0.1365769829995477
-0.9559607265862553
-7.857621720501617
0.2183571419369726
-0.10051611706281333
-0.045912100734914016
-0.03814054412334455
0.009872421510834081
-0.13227932299978679
-2.1942706125549747
0.02343500608789762
7.958944874197104e-5
0.00986195049911704
0.01040068255441176
0.024545487578285764
-0.025147249550119852
0.8828707900475139
-0.06764899752596913
0.0350631820645472
-0.04590239369145742
-0.01475200196877275
0.03291675894939715
-0.021795306565867912
237.22292770998436
-3.0800336533419648
-0.5422517810013439
-0.8087604523380318
0.14160346777834934
-0.20555570436099577
0.859651615574615
19.457350955748293
0.7035730644328976
-0.7492734531828481
0.5823653187492542
-0.30918948286214226
0.06461665243415306
0.0888278123473624
10.358106955803004
-0.3805780716520359
-0.38652036660673983
-0.8376494216286264
0.20522769679306938
0.02616510215106822
-0.20966061196287325
42.237677780065106
-1.1643026043736822
-0.14775417717432388
0.23288625791677614
0.1000441959940876
-0.06542709307273438
0.12733588068638885
-3.844175619733775
0.15501020586958258
-0.0126057650861032
0.009720527828922399
-0.0013345110783687705
-0.027329964348114705
-0.004264970527950004
-1.6055639896665934
0.07328945121139956
0.0342758216006809
-0.12218862943592695
0.01349304152895581
0.0076740820169808295
0.0013190666765978268
-225.06822174786979
5.6631490536350615
-2.908407231840549
-4.516156592029346
0.387834707982817
-0.19817755134924245
-0.6124051737672519
-6.058962668512845
-1.1397253776876026
-0.5284023221769519
0.10088182969407818
-0.29876192211465974
0.11576827971744504
-0.17125669999050197
3.8020210555434857
-0.3992673045019039
0.43721101860834155
0.5386317701445579
-0.16011011343314918
-0.019842276623294422
0.26883424322799765
34.814358725838105
1.6116259236615562
1.1877062423208542
2.0919079676073427
-2.3741443092707826
0.6350286387405853
-0.15500288178596056
-26.466342173866668
-0.3037478137299359
0.4120570925738533
-0.1800496895405016
0.2504312418747478
-0.14872546955344462
0.07737914459765322
13.063816637641029
0.7964599964818505
-0.36527937490085577
-0.007988728913040696
-0.16746110147797447
0.012679871839926143
0.08022828798986649
-132.84168219729239
-0.2857298738298971
0.03526385778752658
-0.37214363767033737
-0.514804986440569
0.06106760354152598
-0.2858047695104764
6.561142109520946
-1.0215359179910792
-0.5458125560489552
-0.1624049633328517
0.11075590394588829
-0.04033507876059103
0.0507200124393831
-5.929653188499412
-0.1373856585990691
0.2523121148207063
0.1116609904477674
0.10991831241091417
-0.025928008801695854
0.17956900563205083
16.39653787070647
-0.14801170502370734
0.07380328649891346
0.06870899553019146
0.07146166648521529
-0.005451356120730235
0.04734270492294225
-1.6784191070511467
0.07031468145397461
-0.023784701939641013
0.013714910841211155
-0.036170803959436254
0.010521723860894684
0.001708986441711035
-5.418342523725234
-0.029651437036514995
0.033090386684968026
-0.0214955708905499
0.012851215712494856
-0.02490992568686494
-0.0064890739902928735
178.65479518586582
-1.9841476204857111
-2.7967872094740582
1.8192453844407586
-1.6500791795735283
0.46236308388050984
-0.19254566856999922
35.57135975350639
0.18125786001744967
-0.4680547089014151
-0.15653761733864377
-0.004118633980335322
-0.011148843337228738
0.024623099484754312
-8.582801560071095
0.9155870452680526
0.7991137915004971
0.33010916888556907
-0.10900462303311285
-0.009670200426702458
0.007777568187608508
-15.58908262011703
0.06302602523452797
-0.26088880536475745
-0.10562068126951855
-0.07912201722204333
0.025006708752920933
-0.014683040622616385
15.599258946698509
-0.07902101556636659
-0.11211528553609827
0.1371378774781071
-0.08484921589973292
0.024053440465889177
0.010049082996256455
-4.992786133766037
-0.13966398153306142
0.022705407482143117
-0.00539096450715352
0.0038635263510757296
0.004917361927016145
-0.016424884696868893
-20.79239946605716
-7.424892391573293
-3.974527178088483
-2.020999120058067
1.51429157641592
-0.4500628009374283
0.2796520069672549
13.035569095637433
0.11568192423239572
-0.4350907489475928
-0.26318818304379077
0.09990376256468425
-0.03836329846699224
0.030171019194196975
-7.628374260395767
0.22271995351380336
0.3564075564325269
0.08429649130495086
-0.038896558216355966
0.007610930642287182
-0.03800493138246809
72.13544233309075
3.9491483064418524
0.7928219927158229
-0.7264443101067343
0.7687239327386328
-0.25239590980410453
0.09491891123115986
5.023497835039604
0.22278792681611922
-0.010641144455974189
0.0350100124184227
-0.04830639809566709
0.023479326316045337
-0.018111789978020664
-7.8878966475183585
-0.4764243255537993
0.00591676026664871
0.04850174909272309
-0.009211766107935775
0.00950779773228579
-0.008148641266393739
229.72212571765317
2.592650154393697
-2.2066566194159662
-0.9906267940332714
0.3876672412218776
-0.1717902147950834
0.10466571551981749
-3.333475938907203
0.15045031310853418
0.039075065095815174
-0.01827842046939217
-0.01143452106883621
-0.000716467512963614
-0.012940783194674
-0.7581709577975233
0.822776499953642
0.5808235225017233
0.2509954456988531
-0.12456295489771982
0.030767432247379937
-0.029387739141479515
0.38106870937612447
-0.10916018765895566
-0.08700023233864657
0.052511923060522395
-0.11187072321480628
0.025128038589876153
-0.02689598724585278
-1.9241645441730755
-0.024794942491457427
0.04562488888347036
-0.015193264303156064
0.021670868664186792
-0.004992570237928833
0.0094647206845381
1.0562706257080672
-0.041501165630359514
-0.031999851311992136
0.03902093194530527
-0.02825618228348575
0.02610030044007293
-0.012222399527653891
-29.271051475915456
1.01856030158937
1.6299008868690545
0.41719978496359483
0.04444048711031739
-0.0005933481362757076
0.012810542957258904
5.023182866445739
0.4326814194078111
0.02409643142767735
-0.16929634967389148
0.09687938475730547
-0.02587810426187947
0.016333869788840362
-0.3542822619760966
0.02164798984624386
0.09547425778979038
0.1127425813156666
-0.05189504577832703
0.044749089724736596
-0.019842008267822297
12.235734426248438
-0.06521451391553262
-0.11832441293502045
-0.2071065188003975
0.16592988820142107
-0.05231933422635113
0.010985592043959984
-7.681091435863764
-0.10951640964960727
-0.006400606353673645
-0.07579526126105048
0.05822580979343699
-0.014367516874410782
0.01133376356558284
2.8005352052396364
-0.004488807022248596
-0.025396050032776295
0.01783822845096298
-0.025626693208150628
0.026136189068251076
-0.013658361973740563
-72.02600277319034
-2.119038377883766
2.079464892217195
1.9699964457807566
-0.6647304276162571
0.21472473749312074
-0.05282650100096509
10.360172419539499
1.142979914906411
0.1778877526119874
-0.24379537520483768
0.12995273171146093
-0.040973331849213694
0.01591837013765129
-2.7591606306643977
0.23317463857858234
0.3050544572272832
0.19177270911261785
-0.06870005103799261
0.03432079127525582
-0.013059011994585088
48.55326151272778
-0.008519766953241565
-0.30020347926354074
0.3478183740301187
-0.20982202661779475
0.05553820121585992
-0.026212877013855943
-2.230172512831424
0.3933501224758674
0.21323971952789172
0.00546757010158916
0.02013583732209512
-0.004147916480355626
0.0018813116902563463
-0.8760331363390172
0.10780891350521925
0.143497669549655
0.06228896225715176
-0.01672049388056047
0.008367501383382514
-0.003983433704681765
57.16892889600816
1.9813204382125689
0.07749858842838027
-0.1877707435163814
0.09376517733771272
-0.03524844901033912
-0.009015021514355133
6.80537644883091
0.40674674675447103
0.0007188502687209589
-0.10179617685672952
0.03967546563704418
-0.011379427794951493
0.0015376165719278554
-0.24455984920491805
0.35493979991602764
0.2795485048424159
0.1088205115405485
-0.02352054196774227
0.009612337018650746
-0.002108444079288849
-3.868533677550674
0.05454926717446553
-0.05520102506020291
-0.02097804496614998
-0.02176277536538621
0.01231414750843593
-0.004435881071872622
0.13631513891883723
-0.0036914691339554875
0.0009587880656275039
0.005527802533850971
-0.0016702821634247437
0.001272365328620976
0.0002893089916173395
-0.03846606821273278
-0.017422113459937414
0.003627050963100596
-0.0033874575271981818
-0.0008307326127152131
0.0012144079179045293
-0.002048875572192325
-15.322266742357082
0.22959734956005243
0.7169270998645237
0.36675536493679867
-0.0667677081431588
0.02103111168252844
-0.0016975831056739179
0.15539224279876832
0.1615436475011909
0.07804752294304307
0.026013043552320054
-0.010227082957592476
0.001950859035860873
-0.002891919250164928
0.40450010820076493
-0.35319631021960124
-0.24010755135811127
-0.09049162456205956
0.017334690141921634
-0.0012500762809363462
-0.0010081507928373587
-12.156025395742663
0.06693493377588063
0.15193932844508432
0.08919984499143947
-0.07044114694445759
0.024456150306672
-0.008366922444653993
3.4746205410988367
0.10446435155910415
-0.010772145831527576
-0.020378135889205364
0.006403526671038107
-0.0011766039231634348
-5.569606484520969e-5
-0.9516069158696419
-0.05655092699567465
0.01158650655846954
0.01937360146134289
-0.005752770938636935
0.0051657911156580425
-0.0035931931668534817
-69.07834964359813
-1.8681481885744846
-0.41809576766607326
-0.5722966816565401
0.38865542948468174
-0.090523090411445
0.03080933361401964
3.791047117283193
0.2903781300368251
0.05805467939200512
-0.016820885044481173
0.004057156570689963
-0.002222586579227382
-0.0014582600026740579
0.24396048463714798
-0.07874175969594843
-0.053917535772471444
-0.023558068022140406
0.005490332307651934
-0.002229795062516634
-0.001048807425274528
10.366043674051744
0.9150107945607762
0.16700421922477143
-0.13882717063102626
0.07014646518126755
-0.02454536230973645
0.003146947744929104
0.36358915985513773
-0.03913415954454402
-0.029488203426979647
-0.007586931452826806
0.0018043149156660766
-0.000219233207079176
0.00014417397567244127
-1.9794649245644602
-0.08801045912621755
0.014503364903122495
0.027532325875497296
-0.007930304341171857
0.003429741184272944
0.0004408219224057296
