-3111.7839806018824
-1555.9235268540742
24.27591318288034
-12.180457685148225
71.76873444594901
11.51372867051826
19.086905526764113
8.990246973781675
-194.95569663010014
-136.8082060184917
-157.90347965995323
17.701553076623675
0.8429884360491107
-35.012236544667424
6.6130992040068195
3.5666799682419574
0.648986121744517
-30.072181189287196
-90.06754609626188
-8.64274019007096
-3.9289849293055794
-16.736138876943986
1.2272534106739768
10.199628868402659
26.001865176618697
6.4778527123748635
1310.4425707698408
173.98942627707132
-139.4740331891975
-13.31146242194305
49.94793666284189
-0.6723085337515986
1288.1247062629313
190.6622031929531
47.78877596616247
8.26443729773192
-74.89431268772333
-18.221786726960502
742.4542104405203
15.19582797945417
-82.22518010226679
-27.967976998221005
9.886497963030772
34.788935382612856
-357.47642564153807
-62.44836290942219
35.38952148766445
0.947611011254684
-12.813474044723636
5.78786734386126
-1390.844652730341
-246.39895188453605
-48.16372478238579
-20.85204430955016
102.72831376520716
44.58958039134898
-382.0444888363226
-73.697011701179
-11.087978625186784
-5.34308834690074
7.550045121159728
10.162559221242503
-971.8994602103588
-127.85876672649482
-58.465169751548764
-1.2787434677704057
-18.832708915665272
-8.878779453010033
508.3104893857812
78.28428831121148
28.723697963039772
-4.8994190990189335
-13.481520641815578
5.807413296059272
1962.5812566646644
318.13228357045296
94.69825471043161
-6.155090217858496
8.860073324423801
10.546257915155547
1789.1888843197762
240.96606975319776
87.14524236021467
-0.8268147205065924
47.77806606158646
18.030534142129177
942.2003799481772
181.52664297085812
39.7409362441991
5.160556664407113
-29.771974399414212
-15.47831151618173
-4264.385919709203
-693.8293417472867
-190.3710530958325
9.381065098734412
-3.8342645001527704
-13.081222229444691
105.32813438670664
10.469384418655094
1.3548990132597216
0.22783839572174025
1.261124492229245
0.4694634279863688
114.69083468765254
19.374559346033948
0.70822337690052
-2.2780847740355
3.345193668615782
2.381257836545082
13.829323679111576
5.8855852164699325
3.010057366476815
0.04664463662479401
3.973094547602683
0.25554783664730685
-97.97393711788857
-8.606027681902091
1.1276066294377514
-0.3165422902866528
1.445986074478436
0.11813714530040278
-153.18992739888608
-25.307308352434912
-2.4412957711715415
-0.7161191000444536
-2.1888833508224246
1.2424670409667655
-70.78190208817988
-5.001190789119073
4.628851674338119
0.7257973646776039
2.119278420371321
-0.5125687623255126
