-3116.2857604224932
-1555.1117279666898
918.2535919844009
-40.98267812726319
-4.764784760273935
113.00632503503098
-18.790402414376864
-6.185999992567663
17.580850908440222
-7.5774496710146995
-5.609742098845801
-2132.8765654527183
-20298.294894632156
-547.8213339699593
-6959.405476189108
-12.8540355521243
312.53867337315137
-94.82059869476326
69.36589837975502
4.639775109861822
-9.125494661737987
22.050466969372867
5.928276571432462
-399.76036969655524
1.2338739129984928
735.8048133181002
-770.5841695574599
4.726052038015707
-2.477479617510635
-32.95132968545732
12.177221698592469
2.4267792921612563
2.4856327814336545
5.9823300728757935
-0.41131763267672733
727.6967841298344
1182.250518556678
727.4784850045745
-42.30757670612626
-21.012308297770797
-33.04897573221547
-23.207361236371135
-1.2146651319788235
2.570211732245311
5.639336839907029
4.073587037144386
0.5113063915260831
-233.54578586327833
1467.3558305634808
-451.1339198940958
134.67854304558824
10.901777434254761
-41.527259811287124
19.097988001614443
5.116270649838619
-3.5104878886422073
3.1833448298428504
-4.853198329148588
-2.2215502172232715
127.15707833116764
-138.34857329878497
49.21714309162108
-70.96449120752155
-5.694375691044741
3.429663703445206
-2.338379987769283
3.480592404938462
0.6126105902645256
-0.2094964306519582
0.588943541200402
-0.9422684192513682
4.405352677570672
217.4994045503616
55.513049750943914
46.05607789257491
1.4602644990529992
-3.600301989449056
-0.2883011550248242
-1.350805359924336
0.2266642467980845
-0.6895079624720142
-0.2292741335670626
-0.024969889763917015
169233.7154811896
-6001.21500901045
-3612.4853826835097
-43195.60310818783
374.4004386836857
-264.73061944947716
-10170.614754740176
-154.3222401663403
487.7193100391114
1.4909777340028104e6
-60990.40779543243
1505.616296388848
17751.406742289244
6120.9233414923565
915.2363281751909
107565.19540391582
-6973.17475602652
-1949.9476601882366
-335397.1805509394
5468.236994120884
-822.878638135486
-26934.23328929861
882.0019757065505
-67.90015280101248
3151.2392670068507
1060.7742022984824
696.3703699737819
123571.63419033439
-7038.367383299638
-8676.116738510793
-53867.80483191116
2082.5192320931556
194.0088990194476
-8755.939274412929
-280.0166000759328
1354.3418548770335
-2486.8013499552426
-72.38772812335841
18.014249373889125
412.1781198831568
0.12298314805349397
4.822084563830404
453.8111842078703
-11.465350067537749
-13.753924131989551
-3954.2515898186357
539.2719738059377
-64.56683209197787
-471.63296263649835
-106.40123757090791
-21.88943208788504
-1087.9115948081198
31.52787379596477
16.558429681475822
5301.353600397467
-215.3531862205679
-25.69135260372067
159.35943549414998
-1.0660856684787432
5.6031239890882345
-105.62150186237676
-18.614385865391338
-15.213882501052234
-16281.72933445599
380.1828640953968
97.5468532038901
955.6850116548767
-37.35820593701578
-4.632085255882728
-1157.2103400368849
102.82256766067299
10.941378929703296
362.31151986295976
13.394880794849463
3.558244074886215
-12.032727191070066
2.035389928342085
0.4757850524961099
18.331570044571585
-2.3470737593364555
0.09235384021978227
-6010.574044710936
130.31966255635515
13.06005865103918
50.65305747126787
2.5307336157197144
2.4245584841312717
-184.4217460576539
21.84038862684162
2.9800377431785177
22.745143249289335
33.3167686134648
9.882365787421795
-17.3945955763081
0.2862171157366426
-0.21514996849995782
102.56644348264543
-5.292336728991858
-0.6891281393726343
2657.3312716675537
-30.22349033939493
13.34903716908961
-8.554226096219788
-1.216645282671043
-0.8240439388294037
294.29821697479287
-23.864641362481887
-6.952797849656896
4339.763719459154
-452.08693883797486
107.53180934974942
518.417227132258
12.664117101373877
-25.10875707414191
-1803.0863040039087
293.6080410857885
87.34446093579997
-931909.3167357988
16617.4744228586
-3704.9856685246386
29487.82987193166
-5817.821213959465
-131.32007909610462
-61483.71386964308
5451.503596181555
-125.57033754697277
-7937.471151647285
614.6495606213949
-34.68118373821933
-4059.901104739783
176.01793866057372
-8.953365204589014
-207.2624184099243
202.7836494658997
158.53843012748888
-796792.6043223703
25335.659560189208
-521.3397195216237
20706.54538445148
-4745.336835163526
-483.1667389512635
-21842.55292233214
1352.192586087115
-367.30790449155774
255.46029939336947
11.71872630031523
-1.097985561980335
41.953662151867356
-4.037135594791693
-0.5677093835827892
-69.4973166331435
-0.992688054344726
-0.22771596435403776
31852.15890906212
-781.6237666572908
27.256642918526563
-122.97777674917342
89.15691133067291
-4.203572150135568
1239.2829280616438
-99.71245334601215
5.812492045259487
548.042092186184
-62.40337619372584
-11.764145687819163
258.4082269192765
-12.345826954884911
-1.1398098215308128
-46.207898319306885
-1.1283172227883675
-3.2283691483958497
11595.438775832048
-265.36190901209244
80.03364329562457
79.74532654464846
75.35743836194456
5.406205172695535
339.6937963362405
-11.554110584956717
10.294688038792382
23.916142831692724
-0.3752420073043351
1.0254406117961326
16.09099432179076
-1.0102583009636907
-0.1295713081818635
18.286655163299777
-0.5929183780652206
-0.3908058520052923
-3150.2047228091847
90.01921859037405
3.0655716961882113
-163.0423077501959
5.671420300601668
2.8150571863771385
-14.564206546793947
-0.12144052426631273
-2.036171989311535
381.4388538096869
1.4298660347673204
2.9724839415617366
-58.453257293227615
2.2093953197103686
0.27558095714653935
43.1258972944527
-2.554363825577508
-0.5073936279565182
633.3737458941623
-43.664283784675014
-17.984239086555124
-104.19810725873353
0.03161716995160655
0.3580123624366032
5.409105783885614
-2.866357692677154
-1.0628250253726357
9554.423907336874
78.18360908387541
188.69972102229943
2788.689338681732
-17.970948868394387
-28.246158778407338
2732.443588428236
-138.2085554576833
10.02916818234007
-36835.688359254724
2712.4729341326597
536.9463822224474
5584.052084911336
-346.7914334270066
-116.52937265666289
311.1100162341208
58.09735240246822
95.0623409087892
-2596.4458801843602
-951.5990021609948
-184.6733978007122
2963.333579026212
16.105213089532825
-70.14091093717363
1838.5679478062752
-190.03729959062684
37.49030002107104
-157863.0274568708
3486.7869172870382
229.09402815068393
631.7144892375645
426.6454543288023
154.8329621207515
-4093.0835185756964
260.9411479311432
27.301522015984375
-531.8492021488048
1.1895728733350712
-5.137064641224739
-0.4013963077656121
1.4160084963637365
1.2393160991263898
-53.763503205546826
1.3973448474888341
-0.5719308812897638
42.484382333894715
-27.582901000847688
-12.260423936670838
-140.80222742888728
12.91559742176084
3.2086624305150786
270.4725218493018
-22.933950080655293
-5.290235429561136
268.2421356835353
6.728694868491666
-2.903763549409338
-75.25251965028738
2.8976529359912613
1.5980234397797255
-49.86420549856018
1.368166749845419
0.015927675456325157
3083.263288872764
-44.695196290885434
4.143067292146265
-339.4161469752575
10.744766020707074
-0.15659220852126177
103.67601220365198
-7.399374613092637
0.2174283848181819
144.74337996284203
-2.898856754373639
-0.34222921621196817
-5.752682648226505
-0.13127538554044346
-0.04351442287810427
15.3872313323471
-0.46425561968727597
-0.006435904815859116
267.2074400702449
-0.32116417905309425
4.294713186744022
-95.85314480963335
4.409481886386769
1.1850478087945866
-65.70468567722976
5.3011955494793614
0.4098086290411282
-21.6284198084857
0.998329289016914
1.095755193317386
-30.753283820927592
0.5320641112354305
0.3446839065845527
11.075920965382675
0.1354290663162313
-0.5421961707272887
291.11986638454664
-21.831544406497173
-5.751008530375775
42.70417871152302
-2.200144651927638
-0.026902249287147472
-3.456642947351294
0.26546706995009783
-0.33933687032639037
40750.892190607796
1390.096820654587
461.0305794298986
-28.14656519399269
-77.71596502091073
-52.820685393968006
1787.1708996018058
-267.93073333738545
5.176589439034921
-126315.25093537645
3042.0980547147115
749.7044244448549
9421.67021031661
85.32742207449395
-124.59446815045564
10827.90417239614
-700.7875369716078
-2.405037134235082
31436.033639186295
1281.9682034793268
226.63888076730282
5757.999580892272
-467.91008685646824
-63.4881239685074
12.804703032059262
26.655684558509172
29.328987230406216
-16232.74535451748
771.7765558691937
266.23626654420764
2418.569529290327
-59.08950656876245
-32.49683900925237
-44.26833643723799
3.9682714276748863
18.784346350126313
-1845.536596967429
8.942837270519712
-8.574366943309457
-196.051865246341
3.939594168753089
1.8489420258778648
1.6974121698137983
5.000644877255688
-1.0154278369862964
1871.605284144032
-45.73478138929494
-11.070164588393705
-92.05553407700599
-8.587331372664408
3.9813901354555483
-608.770410588792
46.84104222296491
4.3637004148655905
-1437.956483406299
14.883387324217313
6.058156571849225
-27.19341150137936
-1.5211755677091843
0.013617806477064861
-21.775854891004133
5.72622903248563
-1.3284832347700393
-34.92212629839689
-13.36993354449278
-5.943627626017046
-29.81291357557326
2.0225060276655302
1.0672123495921733
24.152163168960353
-0.32129838835793545
-0.427968560143621
179.8754228468009
-5.7430350814489435
-0.6151128423565505
5.0829444387681315
0.4155887285595989
-0.29489243561421646
-8.57519924229204
-1.486392072132831
-0.057222938630081495
-284.56102402482924
-0.30495827779084317
-2.7430071243897167
102.37962844075044
-4.812902640717886
-1.5372210696986948
76.83664265340096
-5.665498532637077
-0.5064125476341665
-257.7105543025636
8.03473504498915
0.22181225063318172
52.01767262471085
-0.9602603795769983
-0.7095164721512406
20.85877798933077
-2.638170333225548
0.32157964430727515
-1.1388659403490677
1.5107837178778998
0.22613994023955425
15.100627543793674
-1.373593309619937
-0.34318635696451083
-4.5788626176057035
-0.05820664854338092
-0.046215725623639785
2981.4467885051304
-169.46880111883914
-10.092976925145281
-96.63554199524899
-13.39082775805878
1.7877982956072886
-294.25399360295273
24.609881258615268
-8.675938043374892
-26210.942554113622
-189.50002504468569
-67.63071902515338
-2584.51571174414
282.7743438043979
52.60070721416998
3557.750064504784
-209.61216052361738
-49.04020970229028
10020.56139786741
-942.4040726555008
-155.23632787280516
289.8668156242308
19.87094487055777
7.788167385058367
1347.6426031874848
-102.86931847445159
-43.20887695339868
-17603.748428839055
712.0780783286987
142.04135074912438
-960.6376852802614
73.22471500722816
16.205363935852116
1199.9830529579076
-92.0673373362656
-27.597422090925736
-201.86640548427098
12.746343334834423
2.2637973262582425
14.261596135313999
-0.024287498284980415
-0.2081966886134728
-5.523832171400348
0.88959985206905
0.839503062866089
3175.451391583218
-91.41882232557803
-14.942541907919278
39.77741768388968
-5.563591852391202
-1.0577265726614191
-240.86536147869538
15.340583669329458
4.238880996154919
186.70442775922626
7.6464379704260175
-0.8468911702602391
-16.450476429322272
-0.40508150928229575
-0.5260172061794463
-35.3857260722556
1.9596703581780592
1.6894315021377848
999.8631257152254
-44.16910385144577
-8.659141221121093
23.969184322571163
-1.4205403863319592
-0.4613909417145494
-30.304375944404
2.1510077570952517
0.9406044060948197
-57.27350973891706
-0.28268548452480896
0.2548720230860987
-10.018794270057551
0.5358107301092065
0.1740719688566337
0.34401215852456757
0.2758647551620138
-0.1183605327295455
-601.6835083362591
19.58568748185443
2.9344308841550806
-2.3741304091248643
1.1249333190382287
0.28876712997060877
-2.0476568933461685
0.6473861100844575
0.20801363268745462
-568.3941555771181
17.295831974177727
2.494173262198604
8.563942974716264
-0.22607225830532665
0.06527285190030303
2.055033213162359
0.11286370463453638
-0.18506456300078844
-155.55120915231535
7.600222128886323
1.4599989691107966
-0.46412493699499424
-0.07584032518763355
0.023056203927322567
3.0183484583770377
-0.21143852576192415
-0.12792117229589006
639.4779172943399
-55.52885393517204
0.3196987916209004
436.0595990063442
17.577231031461952
2.105605053927412
609.6437863988609
-29.49658374485139
3.3373568727109997
-109740.82679448862
2682.25450861218
87.34433488880578
4571.49538234041
-98.19455708629654
-20.937345940581707
-2172.307235017462
147.00793585084668
73.88774938855674
-5173.078865353466
109.25749660679352
15.021655650886315
5035.66201077665
-208.0699833185474
-42.10439545731453
-638.9858891894949
42.06341832610468
19.98856047015567
14667.195117675497
-783.4553693991281
-157.21544440277262
297.1326137467347
15.408698436865029
2.9366596542640786
-1385.1517467087353
71.65664097359694
20.639064951782498
-612.2211131776817
21.207035749958138
1.2277998396820102
8.440810201818648
-1.8368634485175894
-0.5045627205562271
-23.06848837855995
1.0012207025071118
0.2970483990612874
3252.976846075312
-74.44618792386855
-2.091205005175639
-101.17671874243565
1.1981460460897266
0.15872443526338048
46.32789228389141
-2.5101919826557073
-1.241600639794988
-660.8413574992834
27.18072345417419
2.8772149095143535
-127.30880755942908
4.987098735719849
0.9427661517793651
-3.6862704253226655
0.5466269288590306
0.16995243691216175
-1047.8893939140985
43.99937634939638
7.072170113947723
17.532098114777977
-1.5513485361149433
-0.3691903797818387
59.123187676565166
-3.2159764693766597
-0.6858139290380818
44.84148527686068
-0.6069583376805698
0.03876567171298712
7.525678951120308
-0.29510736374234825
-0.05137720117367512
-0.44443959761511237
0.0034784974531914107
0.023195248411679227
804.4654370750552
-35.76702549113687
-6.2557597017166655
36.410006988202724
-0.918621835286626
-0.2919935911421428
-32.01575768713569
1.4974404153267982
0.6142186496386034
56.813376238356334
-3.525629250222554
-0.4330724169857545
17.829561097845286
-0.7144606541286227
-0.1473542741801651
-3.975227328647257
0.23829244132631752
0.039057671095852925
352.32618601049916
-12.674237202259597
-1.660158223505143
-7.172622798908256
0.4005919778347108
0.11070684134559948
-19.728260774592513
1.2015422802450102
0.22377319415926364
