-3120.8851907180947
-1560.3091867887872
-55373.08414762445
368.0032385975275
15.036154603828878
87.44326760616947
76.52574819121047
6.060511351798808
13.422229985882458
4.618056359569373
-11.620763463752692
-4.760609080410705
-0.2727761720046259
-9357.995399498272
305.1208968892824
66.704304962894
-19.416412346928574
-9.820084469985966
4.651098356407504
1.1567358626802886
-1.7246864838540334
1.9886777401849194
0.3710676712751636
0.029094885003344638
148.39571040030603
-63.28647287822796
-19.151142827162
2.455212042683717
-2.468854921262787
1.3066939583967074
0.858121964964551
-1.2146096914385602
1.214444396498518
0.11522975655980311
0.006910941773984292
9.180615699696954e7
1.5936068971610922e8
8.743042946970658e7
1.3790930265022e8
1.2738254307281123e7
7.723146699165146e7
-3.708362424563599e7
2.9734403232893717e7
788.7175388388433
-7126.562733816075
8265.383346486451
-143.35343110989137
4949.902639688302
1672.5301751028105
4615.861997338641
-730.8500202875277
68.31582930849562
429.95966744544126
-132.4736968166636
14.590058670602145
-95.56504574755287
-88.0595777917829
-151.32362440485645
0.2174080347967729
-110.32416850068904
-218.37718545274504
-152.10038912577517
-97.0258909676017
-58.54705187826376
-38.62809123343829
12.891065212900333
-6.851316003584356
23.643136559440205
67.71843303010056
41.91600017502035
4.841262143166658
-1.9704774140669765
-13.209806494278217
-18.666981124505412
-3.1743709296512503
-14.834528450927737
-35.45928518094681
-28.839837027472402
0.13032792356666842
4.558570548989345
15.068324619814872
14.649441532177649
5.164782891581768
2.4687663919805423
3.767359475881902
3.705308988850491
1.2176111877429103
-0.18605664392839555
-0.22596778958831087
-1.6424766432919986
-0.45946562497511945
-1.2519877013035867
-2.217873585079501
-1.7076266746093158
-0.9223047878655032
-0.3382300433790761
-0.14126177229701484
0.3148256515423493
0.1266990753485461
1.0704479364632016
1.8400203921261777
1.441851728591415
0.7238204849653896
0.18117723420072598
-0.024922591784569827
-0.4531642489818422
-0.20073049106702323
0.07393879437758001
0.15665147202455887
0.16192900814653738
0.1723231819057402
0.15272063661329519
0.11996906107055427
0.0893416867135832
0.04327836083067253
-877197.4159484489
2.4100214088095367e7
-89076.60554924073
1.8678910691237576e7
-1.0338158575563818e6
1.2195497375123845e7
-390581.1625576707
2.318596566279832e6
-16.084953677592846
-1370.8452885139534
179.97010245485282
-2104.0527968955703
610.4755959626021
-582.075796027519
410.7364793603086
-244.01624950375603
1.6626166938977587
12.641095565056444
-21.01628816802785
52.47741457502912
-34.53568117759127
-1.7603110072509502
-26.489063865504
3.666481054180416
-1.203047767392542
1.5667216033978606
3.8774254850496717
-1.5391507988070163
4.3953136876735375
4.671144804365545
5.1934535984283485
1.677809811732295
1.6925977305000697
0.12370610647862632
2.58933153221026
1.437832581031088
1.673519601377486
-2.5877771263907348
-0.1824595900571629
-0.8589317931753891
-1.1842229994631075
0.6699185279436285
-1.7560643288552145
-0.16934599252079305
-1.0308561975401618
1.9574271845538247
-0.11261368814737467
0.47568254959359213
-0.05993287606011628
-0.0330861430599584
-0.11624569449291183
-0.01992285928250034
-0.08352988119932854
-0.10837031941840063
-0.04092638988706
0.004754404220038208
0.01037805346491017
-0.05897645705552694
-0.0031833071989884405
-0.037252736298827756
-0.014835287831185096
-0.004613200411223531
-0.01625113599002415
-0.02802007069222659
-0.013494417835486171
-0.01030807268775102
-0.0014689735229770438
-0.009333651341683132
0.02694059915809834
-0.023474232084239068
0.007052082324155482
0.014090577241852333
-0.006446902696721177
-0.022417882229582634
-0.011892464311357097
-0.023845067908944844
-0.012113965671640263
-0.0075845362445807925
-0.006539376855356058
-0.0028168893973520522
-367477.0792250488
-1.379421776812171e6
363094.26357509935
1.360870738889264e6
-650487.6857046293
26820.96899734704
-933988.8342206156
-97150.52243398143
466.0463643694297
364.9228293948756
-51.92199021918465
-253.31003452550624
166.59541958659258
-72.50586953179968
54.719820867994954
-23.35886963979947
-27.25833092305965
-15.719026793377864
-0.842840537585477
3.0152947438219786
-13.231885109492506
2.5050914657534813
-1.1104630677653258
0.8870394519933443
4.551647003654808
3.852842583350478
2.6175905898735685
2.5657096176274816
3.8664982883091925
0.07599773120680715
0.5955571358900197
0.19048553102766447
-0.10324488462669432
-1.132363985641214
-0.991157418655755
-0.7263451249683759
-0.5852886078949393
0.10635733960709692
-0.43120585833009073
-0.18870838135960544
0.0008376759297395373
0.7049331433943963
0.31322457301602474
0.23463056219181327
0.03121905196869233
-0.11703299549658816
0.1702425243955996
0.11031633601563179
0.021685652603496586
0.00043772862594068266
0.007639550825000352
-0.03818888065368849
-0.03479731992872685
-0.03024562683232029
-0.021987771308866578
-0.009814590437042973
0.007602710937695948
0.00601640696546642
-0.0072847813715069395
-0.00986831698040855
-0.030031096116926913
-0.029164335428242656
-0.004468061591778709
-0.008841364616321226
-0.003787007750808745
-0.014009770602318306
-0.01274082183992278
-0.001906853291854492
0.00035831751277133313
0.00542044100896058
-0.01610227151443241
-0.0005112048909242021
-0.002393648337124246
-0.004508475637425893
-0.005393759011303049
-0.0032882982969535666
-0.0012023442464160277
-0.0019982681237115563
-0.0007900786546150497
-0.001217789654726564
-1.5046908828198602e6
-5.685956371404505e6
-6.31909032307731e6
-4.216395102588614e6
-234492.87240604594
1.2832872058446452e6
3.2084104987756093e6
159620.19637710147
-1726.9143466127534
-2817.6292876302577
-1531.9699047382207
-1758.222021163083
-1890.0050192058209
-1679.3092021920818
-1039.7549740553607
-151.74167251802325
89.50748057716449
163.3088594517465
83.76835981411695
98.16590372904837
90.29231840273982
75.11300089135236
41.47317683834822
6.760707695899543
-4.365755463960851
-14.276326388203271
1.9741655039805457
-4.167354258376097
-3.305081659243072
-3.849718799219588
-3.109857470850894
-0.4510142395227407
-2.4959075411677114
-2.7553250423321827
-5.98161995541878
-2.994571538653375
-2.0688493646048323
-0.5142595750314286
0.7262966144839405
-0.04065416567646805
-0.7505340050287697
-1.7469138010699845
-0.43351456670262645
-1.3916204552695657
-0.8042239085897974
-0.6879559653819125
-0.5759619611296347
-0.007307146415086181
0.037788007037288004
0.030260360751281055
-0.028351787329722197
0.14716527322205689
0.08948971296531907
0.056933795667023404
0.03178484404294771
-0.010754403464801941
0.19533991116147287
0.2955850810769717
0.24257587855121704
0.1707238815621432
0.16697171442776157
0.08417629402595998
0.05115631763048786
0.02790005452241653
-0.39703753315886464
-0.6426487509868944
-0.5531941974712249
-0.42347201665683437
-0.3728123352507679
-0.1878639339211787
-0.12827787485748143
-0.058720370469247954
0.07201364714331032
0.128097473990518
0.11718783688817125
0.09153791985391496
0.06828638189788697
0.03883337673145426
0.020462313645569
0.009241917110605296
398117.5356814714
1.1490411156441374e6
180634.62918197922
298570.6038039266
64755.961332397026
-110287.27478540211
-34825.07107349054
-34476.210851076066
-145.792844687159
-359.5624425697317
58.39489199637989
57.087825472373666
16.733231775227193
131.2186215763088
43.29499780790387
13.51923323047848
6.807190344157708
18.025343039632556
-2.5988850894335194
-3.01791511694812
1.4227237386773957
-6.227342521175648
-1.6890840503011924
-0.48064541666793653
-0.04432022103644725
-2.0933498421531245
0.01911427543246323
-0.3086594060263806
-1.5154509142576735
0.16938964416269806
-0.231077472026873
-0.026083163178585948
-0.3654305191255411
-0.3513663197412429
0.09860754525767185
0.2259678804611763
0.5405832507523848
0.1813438316890931
0.16150430098087684
-0.03553787713365379
-0.0031477862261092586
0.09726534710554653
-0.13839087782481233
-0.037854803141192425
-0.18771945733602655
-0.03888080831766317
-0.028388040922722436
0.026695425553249316
0.006131696260278082
-0.046358549723376864
0.011336633041950183
-0.025508272939578257
-0.006369984177612343
-0.01576826546191858
-0.002959507207327063
-0.003998522963572935
-0.0012259098733869577
0.007682439089243249
0.004732921171131908
0.007377249686561695
0.013097733094014248
0.0014659305964127602
0.0013679025739361539
0.002850125487285482
-0.013217060771259545
-0.027975456473054692
-0.02933772656658348
-0.022793070968841773
-0.02666034128810686
-0.012534311350189651
-0.011221017884932289
-0.009175703605481266
0.00022585646439919128
-0.0028322712173794048
-0.0002636402484266353
-0.0025705471895241835
0.0018339161882171807
-0.0015628625221215944
-0.0002218245465093703
-0.00035270864198510784
785136.9650819341
1.2837378547411647e6
1.2637447805948935e6
647320.5814896692
326978.4368194366
261419.54987386533
129781.6138399907
100164.58497508893
-329.2025871606411
-412.3148764984991
-476.46679873860916
-185.5937933187169
-79.6717858085529
-65.01535034822872
-44.87269415389913
-52.0438523110375
17.168356574889692
19.35181361761813
23.20772937964377
8.570204479107572
3.695710301264876
2.0332271497416987
1.838472309050619
2.51396241204098
-2.967321816138406
-3.4713975757537288
-3.5072944092471228
-1.6092215741510258
-0.6918535751342311
0.08986093029958842
-0.1091591150613186
-0.23064652025775237
0.46231462868905193
0.863964052179469
0.5940519026422069
0.5513691750979044
0.3081097647500872
0.03027134422374539
0.026109279449080834
-0.017697221528883027
-0.20320792371365887
-0.44772103809265223
-0.30346593758791135
-0.2745818599086024
-0.13179448041211347
-0.04195463669005928
-0.0008270383195527648
0.014527941033283146
-0.005363118406096477
0.011523654036815191
0.014377344170020154
0.031000251279693653
0.019603610252114097
0.014343919898844452
0.006196608715619468
0.002178135166557339
-0.0012561455957643842
-0.028599416868419512
-0.009985728766730685
-0.011038284054581772
-0.0067198904870301845
-0.0049235819620583095
-0.006774218221562725
-0.0011250694067785312
-0.0024815732053879045
0.016928932782026215
0.0069207623664010445
0.013981079027690533
0.012547808253918545
0.0115681911043859
0.012637912498202217
0.0006422154407826973
0.00016163013179612413
-0.0044563559620267815
-0.00013667109697912874
-0.0017304441652342673
0.000889724342935981
-4.382236518761758e-5
0.0012582955821935468
0.0016133152011102289
3.674101689695402e9
-1.0413571929769164e7
-1.137374864523528e6
-3.063584742764176e6
4.221617241881811e6
-1.103398933268795e6
2.364739675246587e6
-1.0689306101213952e9
-3.9223251843389478e6
303729.91728801373
-50831.191537679384
-321848.7329853691
-358899.22921925137
380922.75929625955
8.00462570861137e8
-1.9375394206300145e6
-8084.427089946785
217303.58974443076
604895.5388115844
-223455.7695171128
-164002.2454135067
3.8316074465406006e10
3.0453748853621867e7
2.009134080829495e7
-3.933690117093668e7
-1.4110554384647426e6
-9.19580671590884e6
2.567135954507191e6
-5.612339176151812e9
9.357525294998592e6
8.45343633120531e6
-5.820865694446479e6
-1.296110671973424e6
-414333.9346629297
-4.430806732755083e6
-1.4285804236494794e9
1.5155463965703646e7
2.465493973944462e6
4.1047798186319713e6
-2.3176390512873856e6
116353.00423926012
-847783.7554693789
-6.231875996405159e9
4.43828846788054e7
-7.7194849938439075e6
-3.240953607695329e6
-1.571932989142219e6
7.484930625909285e6
6.127511015551956e6
-2.754603658592081e8
-3.649383500764541e6
992995.1730740028
-262854.6557745422
1.1115017926466935e6
-1.0723710739427565e6
1.1663285084820995e6
1.2189230933060608e9
-2.6783971880140216e6
3.5708039700299613e6
-215681.30324715754
-212577.8498059151
94036.80831582083
-223446.76100799278
-1.4541901310641453e10
1.7695033062350817e7
-5.597063304996154e7
4.344824543263765e6
-8.368635165275516e6
1.9120107089196062e6
4.338783352259777e6
-4.278749497865681e9
4.014432258997449e7
2.676315019335086e6
-4.928534129752201e6
3.7801927282922524e6
-7.095788783952681e6
-851814.9894838098
-3.8543567180227547e9
1.874820943326479e7
-4.898149336920196e6
3.7738571963649793e6
-5.749221929573299e6
4.0570248578328737e6
-99453.15866952087
1.5424880783424835e10
-5.4264004425879754e7
-2.1586771184095345e7
3.0044000714713566e7
2.7476672750782007e6
1.8124743673124576e6
1.47760200273754e6
-1.4457160593165596e9
-1.784504266508751e7
-8.965993397371426e6
3.3107771521417e6
-79790.30198963398
-644930.0888304568
612820.1766405093
3.088139189074162e9
-1.925204283753334e7
1.5299043555129443e6
-584527.10169967
5.140161850927278e6
-2.1686269447873323e6
-333324.58119889494
3.3205351333187183e10
-1.3173184557743298e7
3.197239668220661e7
-4.951290833887017e7
-7.97673986401426e6
-1.8055463609201822e7
1.068710346452266e6
1.6248490980227847e9
-9.265291574181892e6
-27233.836607192345
4.070346306384201e6
-2.4816966121199015e6
4.561694625368936e6
2.381196904768337e6
1.8525137580807586e9
2.46398383756555e7
-1.5708748645882846e6
3.9680666791253714e6
1.8206447846899026e6
-1.5146691119848017e6
1.4077409790092553e6
2.679680753317628e9
2.0833906659728214e7
1.1451611273414216e6
6.666237312381169e6
6.216391825721992e6
2.742311374271242e6
819398.1109034778
2.0979773573031434e8
-8.277037324556951e6
1.9540689520556072e6
-538313.3377447524
739105.0974347156
-277091.2036978853
423735.2745192257
-3.238777733899478e8
-2.659590887414862e6
-2.5814435900237514e6
-409285.60341077414
-1.6361220111297998e6
476291.2322765361
377377.8566502777
-2.659225464149115e10
-1.0802810779251665e8
-16371.242484720764
1.2508148544514563e7
1.0066546842505237e7
2.6326948904737398e7
1.214617353206795e6
-1.7657928450483184e9
1.0097942884852592e6
2.0668957253153515e6
-1.7193423471507574e6
11784.587504986948
-510552.88411571435
372643.74961698934
-7.754836989080238e8
-8.98591769271544e6
-652995.7332874336
1.0084642287758704e6
837049.2540179212
2.015792239640261e6
-412297.9866330971
-32409.864358260907
-569.2044301760452
11.398175787651006
-110.22136012621768
112.12967692776449
0.27812320412298824
-90.07947314048002
-19758.782382090365
36.62746556784063
-33.124606692731525
-35.616105810315
22.203827962064643
18.77964367677258
9.028035116365041
20996.340691220397
-105.18650352899432
5.540210711564981
2.5100804544103723
4.0291812589702705
-4.417315118234907
-9.669099695449251
-390050.2458704527
312.67192158270717
433.90786016181124
-129.37567280151413
389.9074472335713
282.8421410310722
-89.29852379710438
241980.13614031486
1301.8660939569238
153.21143644265547
-55.84136355366092
-86.10124766437328
-132.2866184049119
343.80350942371365
187.74939836840355
373.9372029867011
-40.51449259906694
64.20820285634727
209.56374098847826
92.36140382081078
-102.5442120025442
-164670.70244698424
761.0105415108991
-152.30017915832246
12.727660740292707
-25.358068997722615
188.5374254387391
-132.7428197522754
208.25691665279314
194.634854211799
-10.98070723934834
-30.90724406839119
22.32725553165346
-10.818435759558758
-13.897792052436653
18336.383443065602
143.49868303448338
52.308216368382595
-27.95783842284439
83.50963704680257
10.510160159261337
-5.248692651382996
-741590.3893690432
-7022.740942773802
-457.35401864078943
-681.9722662357118
-228.5587326155138
-355.8723322141756
-73.88824624474763
-14248.419865722792
494.9947422231301
224.39041802497366
150.51136341425976
71.07892015403735
191.49884162395108
12.562323076842924
188509.16198869798
737.9681745311865
-121.38050326261256
22.797056261159504
139.5651360698433
-197.08232161536952
43.834728172934916
1.7263310270356997e6
-164.04455886855206
-113.05892059954738
536.8263008932222
424.8669316260533
147.27010651122592
-65.4123620543429
932.9008581636111
-619.6099578809868
-12.264181708926518
22.631538328800204
-40.21540506008339
81.59047003845524
-10.97420530290723
51412.62350663555
304.11257689863334
0.6518387388924557
96.34048961012186
-32.41706034494609
-17.07743279559377
33.354940186977174
-683965.634967523
2898.861206984251
-116.74373500501157
-294.42827270953967
145.7184508371989
98.52924182717283
-111.69117934729992
-226345.33548883753
5.1224568737568
-211.12981157603272
-18.977619225846958
-2.4757710313697063
-225.69115940431055
-67.89117583179656
-42154.314791432334
-291.69288950563504
-50.102517744985974
-36.33037009032474
168.84803802800536
33.52759063497238
-93.771869359123
423912.46019362984
951.8845638928851
-50.368613400131515
-96.3509217072173
-91.84860288983322
-226.2165628704342
49.135437237671844
8979.660277594796
-66.75026121025947
6.761055642151394
-21.771788721641176
65.1632527934208
-13.690346444533501
-18.539547737162106
54430.32984950329
-306.8931623297031
49.44138394135424
70.8378043250597
31.702300571285164
-31.310858713528276
-35.42140323927089
797657.765525128
182.42980455987873
-1377.5159417262203
-277.31846417056505
-284.3691414426825
-499.004273477754
265.61591587584536
77305.51169374565
23.441986127990717
39.62104468927307
52.252527259832846
9.944517976379984
53.39576441081691
72.00245493927089
67222.33110575644
344.3608489057791
-164.81347397889508
89.11658078845599
61.38033005582121
-203.39668242840813
24.84751008169945
-4379.537426312929
-40.04469637280153
4.31184785828114
-0.2808717908224724
0.7783304851241882
-2.8578489737875006
1.0734773423369175
-889.4446685674164
-2.2888364325146338
-0.37217093176626387
-0.6287081995055832
-0.027169692892804173
-1.0797072884154566
-1.6996977932669002
298.3814333926331
-8.11298716777333
0.8975936532397604
0.5480143376320447
-0.599667700217723
-0.6275601459819053
0.362236338668182
-38878.025151790665
-175.3974572362516
56.03061209755401
33.59686220435369
0.4038080267070956
-3.9513797167639364
4.8490764478362784
5187.710042831055
27.534291769959047
8.810791074201884
1.0229051133093745
2.167326828577178
10.049975309465687
-6.933142407400568
2612.4678347265176
2.3706981639340454
1.3284110085521694
-0.33160096379703846
-2.878747181387954
-7.521003426699136
4.770254437189935
-15839.694083977174
-52.36606788613345
7.556516654035237
4.330784905053897
-5.63324527706381
-0.766626240633978
2.5482962955167965
-1338.7527756692846
-3.2120095781485607
1.5810011655394258
0.27044276829210906
0.2699190868072884
1.6300107473000343
-0.9672902603286023
624.0179036710789
2.4729403170824753
3.432407114433348
1.2671255464567297
0.835103373320218
-3.7867053924475598
0.017009645951244524
-8516.263883212352
-172.28893301418924
-8.433750759835704
-19.160076694959564
20.86403710139821
18.719553684125962
3.2645728014305466
8624.576129014853
20.698657458313924
7.819845572819814
4.49748697484406
-2.971750265513759
1.5906671760673712
1.472593575341296
-2345.751058929712
-61.07817200716366
10.395153951475532
1.4105388698900783
5.214881823118582
2.2721989771178643
-0.9654878925998194
14249.137769378316
-338.556640493173
25.232466067371536
-40.02221918722927
-6.635417335902809
-24.828457367709348
-5.047269156978485
-341.6800001015773
14.92711612920206
0.3047607470664531
-1.0068578707140334
4.06121957452438
-2.7636336686760568
-1.117576318529987
-3754.2475677483967
-15.920967707526254
-0.40079007004421735
2.3125296013603602
2.412547099504805
0.41009551096394414
-1.4498715050355044
-31420.843640584644
75.00393530284234
4.396153247179115
7.84688802744857
-3.6642302429603584
-6.955375036997599
-0.5920254758328275
3367.113549864164
4.237025406165205
-6.7457549645960615
2.021354474056825
3.116892749273155
2.987965371930511
-0.3326006547629287
1404.3806321164695
-21.82255161284076
2.1750053837460652
1.2543317886036545
-3.7539689971360786
-3.8242561387656684
3.472345614654784
106.85322013145556
-32.09336176709591
4.592795081078556
-0.017731475626126068
-2.0408213255272956
-6.6608912981462165
-6.753589502306276
-236.48472370220225
-5.422528970783386
0.24142555751409223
0.5797990296293045
-0.4940581332999306
-0.73506327457869
0.2987816027740973
-541.2455382232944
-4.603257643640258
-1.5712458576172499
-0.7994128621841254
4.330349825571522
-0.8810549215148277
1.3213604191371642
2707.3955415970754
-151.96059666159024
-7.839702593461356
6.884777139723809
-5.1617762910191916
-6.319882870605888
-13.412931808433447
2179.9162522915562
0.1973686309345983
0.3969339468924489
1.4496936139926668
-0.9257805169581556
-0.685181458501402
-3.513824091801021
-1038.674961534119
-23.11609574961325
-0.2686298010934728
2.3307262379501057
2.6330863156720326
5.338401727449251
-0.10221923852533782
-677.0416010691184
-2.7522112056864874
0.16140338709056842
0.4214230197089273
0.34901482335691725
0.17080730521959342
0.12553513695121468
-85.33321083591792
-0.056701090284720694
-0.19682521987318827
-0.10935869030380463
0.1671684742735116
-0.007950615127817025
0.48210638222827046
-216.13682714207312
-2.5787337216535082
0.045883192178562245
-0.24063708021996674
0.6331447722792649
-0.08236288575352137
-0.1889821810494322
14809.602516570472
79.0539125429323
12.351359518737489
12.759234033883397
2.139948760792981
3.45103689794117
-0.5978309120188144
-618.2358476833448
7.363048434018831
1.4848080384584599
-2.488332338070819
0.04510784931384314
-2.4812667106590176
0.9956434319398275
-437.88203571834873
-14.66722145661453
0.6809541092977458
-4.229808250487819
-1.6977500023268544
1.1651073502163158
-0.3243865697886684
47.18971652541429
-21.75025229215647
-0.015268961276640161
-7.55514411937835
-1.1183645740972852
-3.317965309204119
-0.4154853528116748
248.48814501095688
3.8911681727391514
-0.20011243551624303
-0.10177081275212868
-0.035135333190964214
-0.6040418176996729
0.29726473856208835
-360.49520545510705
1.9265062050569508
0.741668073300306
-0.11888833226024019
0.7225693102232092
0.3223525347019804
-0.2719779475452011
5387.688618931772
-18.0865967930851
-7.961520534264989
6.978973818897625
-0.041876915457493294
-2.265442463030042
-0.28094952119717337
-1248.7021741215449
-1.7740828156218487
1.066956296269707
-2.0319577992324
0.11061104583525072
-0.5865691769760738
-0.17507491466511912
-189.04771667680188
-0.21905789003272458
-0.8971601542010514
-0.8823238873875737
-0.6040566946712094
0.06065719761307064
-0.43142376406913363
-15254.314576726341
15.080493690071926
-3.756384512058419
-0.6983475905993864
4.054045721384057
2.3127602886022056
1.6750018976442271
711.4966729416625
15.089321060405831
5.63272187292471
-1.072159008216424
0.5227049689076915
-0.3871851438829144
0.28346241485096146
-17.4890568219731
-4.510906599145366
-1.6509529155375655
-0.0273112900003099
-0.6382573904903821
0.32168113238099605
-0.017203430528391864
-5906.328443015123
50.171829021659484
3.9754427074196217
12.340098613920322
5.083446151580686
5.634750520287118
1.6220005029596616
1804.9081817314916
-18.882678561237373
0.6021221155467952
-0.4515337690131868
1.1372401201733517
-0.3767733661585654
0.08986262403805283
-343.661271156655
-3.1347600744105835
0.19387089523244672
0.1720328336849527
0.08298834053195739
0.9565286657836095
-0.7044196765999379
-2256.6387271289223
-27.426721441993678
1.5411501505601968
-0.09476730915955975
4.859911752070144
1.060301365769618
1.1941570375866706
-174.78391622016807
4.451605734121124
-1.4383806381770987
0.5703851250879464
-0.5894407158969353
0.39915895938090407
-0.04921751419501478
-53.871490584662205
-3.0830925150104678
-0.6324996131703714
0.5430619441799833
-0.4539803137703626
0.22997939221929703
-0.24596267942891645
13107.176220980884
-42.44488165472767
5.624521073346281
1.877851359260588
2.2360022057857547
0.3629323857076213
0.7340987268101524
-1333.2784973583541
0.09895369881770229
-1.5980908448757396
-0.7282713520929748
-0.27424560486032135
-0.002165003185020943
0.17409066871037954
261.2012181685463
-10.131068924979843
-0.7743590056033207
-1.4645136454341026
-1.2987672531105943
-0.3068360453522752
-0.19505921333399143
765.8768443684194
-0.19435857411357718
0.002726471040902561
-0.6136163352364346
0.5040146399517413
-0.22352986359491925
-0.026475401998832953
11.132384183344358
-0.04798135264136979
-0.09582638816832446
0.055176624902269655
-0.20232359200527006
0.06428354697514224
-0.09847342733041808
-183.19092621906756
-0.48274156489460374
-0.06584662926521477
-0.038194650667556077
-0.06961877133333604
0.17538369664325573
0.016495177397276236
4773.834274643847
51.367536244384574
-7.3348008580877595
0.2505774602991991
-2.12788086041837
-3.9926442792355905
-0.9615631088125033
-1386.8755606395312
1.4342730706999007
1.472070188754456
1.037972488645257
0.6819863683299701
0.36503748519901724
-0.6673046768276213
334.0158107366845
-5.2747531823280465
-0.46353749401550554
1.0907542380411959
1.5679468146543052
-0.08404908992387572
-0.04495929223517108
672.7118618346789
-3.0913862980187345
-1.1512275266022636
-3.3153303894341573
0.21659849284799157
0.35761623019187966
0.14005427241003798
-188.0285128342488
-1.1308487307582955
0.5397830033267265
0.07353229995603572
0.2187179874696671
-0.04790347280282538
-0.23760204560361145
-135.61474665255727
-1.4479671974030597
0.5964157370879929
-0.1970733599342621
-0.16021409165420228
0.32507222956993864
-0.024831083542254283
-5.2215010563331735e8
-5.255051382249692e6
959484.381440352
164215.77788425947
17663.31426124949
45033.33121775008
15979.830814275529
3.816380917714703e7
543673.1818458972
-117679.08498372902
-24039.112273845887
-5746.332610180638
-13871.683760128979
8368.791200016503
1.6548909340760732e7
-127334.75334409787
19059.19061098974
3913.456139930414
89926.8104747374
76427.47492675624
8645.194023621762
9.709658429752907e10
-5.927463995437891e8
-5.5129910224521585e7
4.865455992472381e7
-1.7013851253198348e6
2.2137010361453384e7
-4.043727102832957e6
-7.849216168630385e9
8.630456199867618e7
5.272189622598459e6
3.9566293606790304e6
-3.4856496091629933e6
1.3615455039254914e6
-845865.9141861273
1.0571750579962445e9
-2.1630966596655242e7
-2.924592638795817e6
-2.2664805760289794e6
40037.435394656124
954859.9878294778
172848.04105788734
-7.739175181893033e8
3.748683613284123e6
-1.771184856626929e6
-379279.6664490061
85177.85432152767
99818.18526879177
464482.5758809719
-2.5733750837055728e7
-360675.1103925434
107293.68482958658
-238283.13032133863
129525.18656342791
-171650.62892994803
-140033.77879575308
7.292979714919719e7
-1.4891775088254928e6
323623.9607001677
-122118.1837870523
-58810.36183759376
34109.73992003258
-8673.28532298947
1.1438310020113666e9
-1.5226839144644973e8
-1.2001384665953543e7
1.2273892102744056e7
2.0142227723799955e7
-1.1001235554394831e6
-468484.60041538585
-2.1840989545291176e9
4.170214649317877e7
-5.278174295192786e6
6.694999929183607e6
-1.243829421530051e6
1.3448407532933208e6
-138063.44555541498
-1.0883588839254975e9
-8.119375397168829e6
-1.954087477777974e6
-2.231749516507271e6
-3.9701657422371143e6
1.5635311446309353e6
-171951.47621810483
3.0725384520233564e9
-5.535092473741777e6
4.329650493413863e6
-2.5509107185570993e6
377233.5839995541
-1.9349315816848914e6
-478194.3031011198
-1.7484262616176516e8
1.1991409660236717e6
-676370.6214402944
212674.21561258298
-31456.182534200485
-44713.21234558557
-1937.0869013527042
1.3102609559852231e7
-375384.1240820291
-440789.11425552773
600491.1894295362
376908.7981206874
-168704.91449004394
70887.83489485542
-2.7839841342753704e10
1.3063086369813044e8
-671519.7770771786
-9.472198926405389e6
-1.0242608665541852e7
5.99875527661133e6
475185.03640693484
-7.731543986900865e8
3.0934856181278136e7
-873583.3701807406
5.764330790077171e6
1.9002691052839162e6
-584160.0235121325
-229406.6705921045
-2.694490360322093e8
1.0049351872889401e6
2.5741871687759133e6
-2.267649214005358e6
-1.2264828592769431e6
900575.2583152102
-247373.92235969807
1.4738155627379541e9
1.49887617695479e6
-610009.9640971182
1.1435255879679748e6
316122.5681302058
-1.2269383679836004e6
-235899.89333615542
-7.958431474453915e6
-105570.36040871078
39635.50936137108
-178355.54339534356
95460.05616784561
-129770.16071272356
-29185.371075415096
-3.2480900854310423e7
-1.0283752310011998e6
38967.35813027714
-349384.3201095762
-234790.74872571183
48294.41414521281
-7419.955507829126
3.438104661825424e9
-3.656207294302156e7
-4.746634525810698e6
298848.8913900546
2.2882929633638025e6
-2.8450636031384263e6
-609806.2747374116
7.075110645243495e8
644047.2721561835
77590.20461407633
338382.80103355384
160573.1551985644
64430.38378996637
-127668.51771447055
2.814344270555023e8
-2.768285479236787e6
1.0126644209010986e6
-220213.77436304872
-210980.30755600115
13130.218921331807
103023.49715884977
-4746.668356728026
-94.16258264909492
15.96890343760021
-1.3192599913446361
6.022715840728914
4.709842449826358
5.837957212135298
-189.86365332687825
-7.787579132075976
0.23980166007521697
-0.42118862830781356
2.1436943107992636
1.7444369653637295
4.65268474752574
2409.0271970715025
-7.933040003378701
1.4869058882560517
1.1129561868135978
0.41169407168171973
-0.9317443928130162
-2.4601693147940953
4.117823992266073e6
-38286.31468158621
-1507.6824707351225
-2856.47710450996
-581.5489857871409
-539.525292407393
106.53473310956001
819277.6485513797
2298.2309593684345
737.8879330404577
649.6264089501846
-9.288913064291087
334.90738465131756
69.96031069748929
71090.03137206838
-568.9752161629606
79.91709552604426
-222.58315921959368
-276.725990529478
25.889027917750955
27.530864033105132
-119717.51605860732
-418.6381754352758
29.58163694832213
-7.483431177286383
7.6046772087222045
3.741556300119106
-10.534413849805302
-1982.532098058914
17.66652293332157
1.8825976141307197
-3.2166766933653377
5.775727253090893
6.017675740267838
5.20125745222691
1798.2212697290818
-31.71009783279274
3.5681017941334154
-6.4177010912636945
-3.0284140297075073
-2.1421542156958426
2.1505960430588305
699970.5025366327
-5852.873625222402
-1425.8821361999383
575.146050605454
278.2269827667111
-406.81077950666526
-80.9647341708149
-159860.11393497468
112.6603040458088
-37.92319691126433
-3.4786444405026002
-11.790575224457877
-27.214590180014575
-54.370195833895316
25691.6318048387
409.56593969681126
-133.86288616885165
79.25555178342914
30.455311545409828
74.38472658081633
58.00111032146668
121407.67036041775
442.3987816137414
-9.918180516186213
97.89605763494066
5.749647708327061
-49.593151038209946
29.841502553232733
7090.6429539304245
-38.83600569102306
1.7761657826971908
-9.516537578245995
1.5854350193872309
4.574666534016304
1.064168756016622
4462.816054734556
-71.27187132390583
0.5878806326074119
12.386252297532572
5.530474036222933
14.302835380405373
-3.3911320380392875
79684.203606713
1926.247958953776
-70.27147902186688
661.3173171521954
29.76340691229095
-81.55812031095807
127.33969645803869
23872.482547522795
518.6176726650634
-136.74052734482672
-75.81054426493625
98.83750188361613
-88.585633009814
-10.570151347688368
27654.851620811445
315.57282698616973
38.500164789609556
131.71997389226348
-24.127118338848156
-54.45439691424202
48.434907390141156
74323.60294144867
-826.0730859248331
247.94492430896779
-137.1459199477383
103.79217348661717
42.838194050073
35.57578757521218
-4271.199509057647
-140.14698708100124
-27.343470434572293
-10.742785229913293
-3.0122223414806575
7.171393009038828
4.578899023816365
8206.413761803276
-131.6406524580384
11.138389853217765
18.23628941962492
9.035757167325752
0.8103090907249779
-2.111979123276764
18702.43690472254
-560.2393577380694
12.146597150362814
208.57654190788438
108.29604798542499
22.48053479405026
41.8352675058949
-41079.03760512849
-106.94165645015272
-9.786919120495757
-29.359508224723687
-3.7213680768124417
-7.474884649904342
-13.073171039601288
-32155.325419930155
191.90070187907034
-9.86259308908183
-3.047105676456581
12.548593083094456
30.997643470930647
-18.09246864606029
275.7489747111671
-0.27839053864118035
0.11938384999837236
-0.25101314926326823
0.2676273998129434
0.14299818445364507
0.1914740248627948
11.798161824603724
-0.38535228253260456
0.014549198879581364
-0.0033565498699920046
0.03660491682410778
-0.04502704279465775
-0.08316146743932867
64.10074076962455
-0.21278249996512652
0.01970857440200337
0.03471595747550625
-0.03743493690762398
-0.08335887732208647
-0.011048566768470125
30127.858471034615
-607.0643836959799
-144.4929901826003
180.96055625973696
4.283021027142897
55.74888557346314
1.2153331371699463
-37314.12005664806
14.379803737408436
-15.858209891331793
-42.25120476777574
3.4273304315477304
-20.07105714093447
-2.8137300710451365
-14965.01231827306
153.41536451551588
-13.789669623045288
16.226130202680725
-3.7623077944591747
0.959012047830826
-1.6199746200334946
-1596.059569591127
-4.716076890491033
-0.5670002006325656
-0.9141207203453168
1.056463045427277
0.9998172584293106
0.5377879428147271
185.56292760994992
1.2437731977846562
0.0538972484027345
0.030791750391718904
-0.24910937200959496
-0.3421021886037503
0.1647088568712861
27.294797635439018
-1.2018701957596374
0.12281069451420787
-0.27155824498378334
0.204024197637569
-0.007855327292164573
-0.2199408543836555
28898.051548220865
-259.53258657981837
-39.89622384254453
14.286555121557013
9.866887760249345
-12.941160282255264
1.7649609163235442
3806.7866797057422
12.771162089939068
-1.0218570892422185
-1.5288766660385413
0.616600337883332
-0.2824341271297361
3.533011750023269
-608.55442244129
-13.210342592502181
0.7386219323980594
2.500955149791242
2.9890520009248327
-5.394167251916458
-2.3942842933597963
142.95217427830875
-2.4279896755787393
0.015492294784158048
1.0753759614853238
2.763810709094883
0.4249984095774907
-1.921076473459057
-22.710674636862894
-2.4553090813692955
0.7261031729167643
0.12513391745164976
-0.03407879441392182
-0.0700716712880698
-0.042797266153520766
-122.4897785075916
-2.365691666192378
-0.29420847141635326
-0.30652299142477196
0.04293607139934333
-0.6428284940296529
-0.08383202868670503
8207.525239613604
-69.68076691233983
6.879829987812057
-9.948042326772864
11.072493292706634
-6.4094278617187985
-4.486054851052625
-3479.097190390536
-32.58808142953687
2.453194335222298
1.2499732373295596
0.33320740608272953
0.23985479811439914
1.2569648177787456
-1904.4477542484371
9.159897207422485
-3.8955366724959295
-3.1546752505315396
0.44561102403855374
1.0718154976725547
-1.6874506034207208
5830.791841677591
4.321916944409135
3.1741446694468216
1.6176505622993438
-1.4155285828028519
-3.7390988644269716
-2.2360235431430393
791.8265566541577
-4.526233847968041
-0.04547826492349969
1.0776819437261382
0.14638819109679305
-0.16602962933298354
-0.13823359220224607
-98.03335515408173
6.536512190987997
-1.7404315999685787
1.0732970092075613
1.2396581512971494
-0.5055429210944451
0.23828311391170218
4269.148897125338
-5.413681796509182
-3.288405904551065
3.1984784120001697
3.0487992796590806
-0.706390439031778
-1.0679325947770197
-139.1453678661101
-0.9722723503860478
-0.2724041661902649
-0.2789767749679755
-0.00040319929277923925
0.38543746084364233
1.2296714404567024
339.0545591271296
6.907885122579248
-0.1938505458825702
0.11661831848325208
-1.3781886654141953
-1.1907240821547525
0.5448819025629406
295.09000860971895
1.5822616173346646
-0.2472492776798166
-0.024497105377376104
0.06565004726892158
0.0462692365987994
0.10551949397779883
23.611180685856343
-0.1613848764198393
0.011096510605655238
0.025484544113122686
0.011460207174391923
0.0028911459178644424
-0.07121921980139637
-27.18191042703102
-0.1572897061826814
0.0038821807840192348
-0.009548948782603355
0.034683754177368825
-0.020966173815534773
0.06982966340508348
20001.798442732677
-309.41565301551435
-49.198449295953885
8.66973920824129
21.46369271025165
-14.346477572544757
-2.0667057462859884
5001.940982015704
-14.95554865844695
3.2043986032867107
4.494676971858863
0.12322975430270178
2.61910753677618
0.690225778195033
3197.223395120174
-27.54158831398735
6.53319073871245
-2.7396247384689065
3.313746488904064
-0.33607410807840216
0.15163367684241627
-327.9613202502561
-2.045994515479283
0.12249228975597674
-0.28595616265421153
0.21348613241268136
0.2836206420090278
-0.061560308104852864
-92.29572875041804
-0.2509391105282217
0.12331438779576219
0.025605779566092092
-0.06088455155248746
0.07636539101744626
-0.09293391380999583
89.97654533520087
-0.1507677387071303
-0.047036668825027654
-0.12659723769425693
-0.015539532926284384
-0.00650172894107418
0.12118250253321718
13002.7069986667
-100.09338872660265
-6.106180987907491
2.0319368726743954
3.5083269094789884
-1.4642473405027996
-1.3332080149412937
993.1425708205979
-17.91390009036487
3.1687392544416997
-2.1512509419473944
-0.09837702724107092
0.0886494305184979
-0.5605952646608291
217.55901466105098
-5.533006295959228
-0.6086776528030927
-0.7213039501534282
-0.3196028610241488
0.5335257225883366
0.20077325650514816
-376.65223195536083
-5.384599377606756
0.038919718730733244
0.5398085938040135
0.9767079058626198
-0.28266351518892624
0.27882974520954085
154.44329091806705
0.045150782401801835
0.15244829559384224
-0.0031061653572953536
0.03162413980876451
0.0016304698170828344
0.006030106600638333
-50.20623547643692
0.7549586179724118
-0.41567957142842643
-0.05446668495621498
-0.240730536561961
0.09689840098602782
0.0647090886205435
151.48306725338838
-12.479981011996015
-0.8490121192209158
-1.9290998123909335
3.416097905883576
-2.6704589355240014
-0.3441557078206165
1916.9639012224518
-23.419834696659972
-1.2459687410072193
-1.294436284769166
-1.7943010007019622
1.173978521137318
-0.2338559503189237
141.43693806749684
0.02935094575639828
0.6604699861006992
0.4388475884272795
0.4307038435935195
0.06874804370674432
0.12145994135290689
-1430.1651151219273
11.67582410115582
-1.2189271399436605
1.7333283467423346
0.8821944274263871
-0.03248965537571393
0.22782336038067894
-148.22063932390174
1.7867502753954834
0.025706771557567665
-0.08057469451313334
-0.07574467737638778
0.04743444843452637
0.007649217022635994
-94.28393511050321
0.47259562994996834
0.33155711462317294
-0.36818142906714596
-0.4444956603753021
0.14337947360405562
-0.04681567011339943
1124.749949632757
-9.489156148739628
-0.9675893456724178
-0.5996059885176291
0.5361482682369677
-1.5046365598841234
-0.26540370674240144
424.244478725583
0.014661420532803136
0.06798059715751278
0.31184772294550567
-0.14763331217303616
0.017244259173874434
-0.21903495036447543
8.693850788679041
0.4356650108715136
0.3748442860312305
-0.06927628136926135
0.19290963532384794
0.1269106165960615
0.0017496643866546063
96.30490641421399
0.8219863996517898
0.009139505034398818
0.018904527761246594
-0.02295312035003121
-0.03640627488494715
-0.07931968882289192
59.067982300782596
-0.15523045813948771
0.034592116782925765
0.032625106395646475
0.0026944970257966267
0.009572295282391143
0.0029968384160073227
-8.141220094828114
0.015144190584167227
0.023618569030301417
0.014913658954634517
0.006747658347036009
-0.003914940648975551
-0.010034125596616084
-83382.67564248272
832.6450606183143
89.02165751225269
-25.306125570661315
15.767622493079367
-23.36665593891852
-0.2053833387345633
597.3942878392409
-43.68584641055723
-9.277035078877686
0.5197739806143826
-1.46666243591747
0.6096922011006556
-0.28053565312054424
-129.34637255326686
12.890055475244203
3.3623240491415163
-0.7904211848238923
-0.0006036003726262078
0.03581205349068347
0.03192669492907523
68.52368280636693
0.29118543095777877
-0.741945840726872
-0.22051654586813135
-0.11627228211901401
-0.15253845739986943
0.021934135856496915
-99.98840967159553
0.07487611819423126
-0.019945427230114346
-0.007263876760659205
-0.07002800693528816
-0.001977648772458435
-0.03848556977897965
4.5091424587672115
-0.6482867796621209
-0.08907997764848534
-0.08603419226809911
-0.0041861676251163105
0.013087770373582604
-0.0200486009991776
1.9811285824125236e8
558565.1831767067
-106221.26986509851
-16718.675877912516
-61657.01829517994
-25070.244255280802
79456.75578453374
-3.7144067890243833e6
-3058.586888510366
-8036.658478495053
-6291.322385290953
-12688.064600643542
-8202.991473682048
-17093.92734550673
5.453236488263445e6
100984.49867904844
-13732.149685588727
-899.7209625314952
3632.3565824423613
23692.283611073402
19608.30945197841
-2.7737867525010217e7
-211219.08706924666
17542.15821949484
-130200.7855336462
136044.64093377962
64089.67731858495
92116.47740273562
-4.670390789100081e6
-24642.345312650206
35041.28291017765
52520.97892737254
39691.7116127859
9585.133482221601
-79341.26215776269
-3.289472052042394e7
-242875.52094172573
34376.453221114556
30840.900847363784
70153.61070526454
-38030.03228462504
-29531.89776256356
-4.7740082503058827e8
478738.88847866526
287122.93592002307
447970.9443523303
-109910.06738047744
-149122.93688742112
-76286.77888740195
9.825837146443555e6
-160555.31396155263
-47981.6343229791
-106948.20447525407
-98072.20885747638
-27267.79921050238
-117035.78921331603
-1.682704453703661e7
455638.11734248925
-132628.42710043944
-117748.19202080737
-95806.08900889456
-22547.520185846923
-8891.663831533147
-2.8265568951564705e8
-1.0651213353914076e6
44849.310461568486
-62083.762679089035
114788.17159671619
18240.173798222317
66205.48972557086
-1.14381562391672e7
-28888.386498482596
7107.407381597608
9477.164114994654
47091.37038635599
-17508.952198840907
1724.8594585383933
-8.693709171932327e6
-155646.64782968382
12035.336632561264
32174.041546679673
72481.11223707908
31792.217367534846
-29583.590300121883
4.740470806182104e7
-399494.94253338967
65675.81506607277
91747.81723065168
-85015.77047239612
-68248.01826279791
-94904.4393351763
9.598968317100173e6
149643.6777269666
5766.793066410095
-43327.19980535416
26920.366710314465
-41891.3940768546
-3392.831513711161
-9.032848320696406e6
309786.0919079607
15763.405049211271
1931.5808216259404
-50680.68885191997
-9130.561767624795
1488.9284896765753
-1.646162801427862e8
-600428.2421012408
111284.47325575454
-4808.170328633614
79003.78018351502
37376.66039920059
21956.835828604926
-6.428166522460615e6
-97148.75789357668
53384.957185978994
56492.216766042824
91466.28577729172
48515.614723339415
67280.84726929903
-6.566421483880568e7
-249666.57013002556
19413.967326953436
17966.908623188123
82272.89790856541
37670.476258638686
-27160.213775038508
1.4866133352171546e8
-411461.61920433916
-52944.12464662123
167524.37139188623
39088.971079224
52609.217794186174
-88575.99317554629
-681215.2275842237
48441.15087242539
-43702.21540431183
2254.6152784596
-45756.23767040739
39088.03691857089
-3694.6351456278044
-2.7883384874074012e7
-515376.85136740946
47145.337543069654
-28719.870299715385
-17170.729331630835
-3656.4532728956365
-42569.77642799897
-1.5800773637689206e8
-329736.1226950841
-46087.90528524055
-107254.35515974594
84968.23199451278
-15845.504842077497
-14847.44137944628
-1.7824292941466046e6
-31597.997107302643
10092.175721855228
57073.69318903594
-72450.11304396125
3917.6199651739535
-56601.11294878474
-1.4201723386969168e7
34608.79135916116
-17291.4063409233
-12109.98017626722
108979.06911061407
-42348.19564052316
-37764.90100364886
9283.11970039786
-1.1489216545181544
-0.7734732339033573
0.47952466510531144
-3.297988250761833
1.0570593900297827
4.238328817883099
-1746.4962456078633
-8.560872153379025
0.25791214703558196
-0.9085656703009642
-0.2869254785063025
-0.12403577808806174
-1.1447791399633251
-245.7590647162688
0.4906039763623175
-1.1735877302379216
-1.807792267377138
2.029352338310771
-0.6822370249188046
0.5851359330833033
156816.82639366257
-117.75705278931666
172.8775041576294
42.57688463216167
95.89670729797659
-57.10587136522865
-47.711023997664945
-9623.38562284436
93.54373656370659
14.301255708403053
3.740742040208348
26.458032098174975
-10.019299708291213
-14.848935456898298
255.0647147868947
-56.94169629429249
-6.837631318383301
46.72991266703389
-2.508688639996908
11.866260940828202
3.7251148358435273
-925.6411741400273
292.08955185655515
-12.830760361347307
23.222676264372236
-2.094268719466539
4.794038398914775
12.821592815120178
-2850.6777540723733
-28.61402775673897
3.3192224569244075
-4.2393307326328875
1.919413265376882
5.864910363280874
2.867730161484123
-5881.246887034142
17.393290360001586
2.4224410520200412
4.33521379912697
8.565212975320106
-5.499195980751307
0.24976475750654098
-107537.55192241317
-993.4874791908857
-48.49592179699201
-54.0357880845687
132.98789154801844
-160.94162377408003
-28.360451566570724
-4262.158750228104
60.331065905294714
-41.56071547573342
2.973983499372572
-5.686814989623483
-21.573037412167793
-5.903011776509166
24060.047704467077
-85.60026424997713
-47.74697934276046
5.920099368063937
14.688356195250272
-14.271600709895608
27.28996509448176
9737.491851324776
0.16343457991676794
-118.68374192443221
-21.210296768943156
36.00673001499106
-24.0609676022163
7.763067899627979
-5002.293796784352
32.60033568798886
3.617777837668587
12.531744838682878
-4.253297148538424
8.550820972723963
-0.5253457055503334
-6910.83371368199
-9.033238873563992
-2.295495732071549
6.650395804077481
-9.043603854867525
16.479588174923922
-4.588296434263908
129354.96544412612
188.69696068087953
-52.250048831182625
70.91641581653931
106.72675345359092
-11.334578076390976
-32.979027526362316
8266.008346118244
13.40565533879299
10.006123666040907
8.54957216153269
1.7757610240795374
-31.94990494659943
-24.210767213333714
-74.63333484470371
-51.953612350238146
-16.782707898757632
1.8659757106223829
-26.416878413786264
16.285419048290642
4.113116326663198
2146.6704302562425
-407.61278815868536
-10.930266580432848
-8.163943880563926
16.65212800793358
-18.531454665817847
21.068338349911507
-3296.7391691424855
7.066681131508863
5.1695206705347925
3.386564438609285
8.092725895859509
-0.06386734810100164
6.417019204711223
8851.721158370186
1.0676722306133704
-16.239517013990017
-0.067971403618903
13.649798076307029
-10.763707367031621
7.367342572107275
-91635.79255866287
-150.281466541656
39.752016580893205
43.150410260340706
11.393567652607485
-78.99546029761737
0.22003703127328736
1580.6259656666812
5.210168109646044
-29.124309469843134
1.9746377282203755
-13.214916097883295
24.526709589929705
23.974016151668316
7350.126588812258
93.10411373622615
-12.819550200146216
11.359539821175153
11.411818384048466
0.49422536170680215
2.403768158966073
-32.00944751445968
-1.1879877973940995
0.07579084824389637
0.10486043226644697
-0.02658086222865791
0.09245696982102745
0.09384720673951434
-49.899729158648206
-0.25423076260567656
-0.01567199941254918
-0.04795747376353128
0.021221162530612462
0.026322622134370286
0.09285417339051186
32.3335211536976
0.07781645685909158
-0.02212756854473631
-0.0035472570420751986
-0.03312877668291682
-0.0653098772664831
-0.06162049090600994
9371.10793782482
2.1048588375874733
10.652705016628698
5.9466604874538245
2.466649923316298
-0.6232042109755992
1.1079355824560873
-642.041869682011
3.2772533844588487
0.0661013742122294
-0.3268973822720508
0.8049201581059897
-0.6333056954900284
0.9866001285262473
-514.1516758444609
0.3117123829550429
-1.845121511295285
-0.1871042490136867
0.15201551651990802
-0.8367244481232672
-0.8676880911226689
1027.4915623124286
11.212955555851561
-1.145137568635077
-0.1843601857592415
-0.03074955752165983
0.07948019665346594
0.1707504676198877
-154.23892398401782
-1.2116970083630596
0.25340274213240105
-0.037796240068314356
-0.09025185800252775
-0.1400696279023068
0.054236047962477156
144.65316422043256
1.4430206208059757
0.0521549338261727
0.20400572967297845
0.1917919896498594
0.18179525629572765
-0.029913419367094813
3925.1130396819517
2.812394129384058
-8.963053416796438
0.4706250775966256
4.816082654958705
-5.281098614322095
0.8615676342608544
-518.2228739224811
-10.867092508958141
-0.7620140885785524
0.5315165386150318
-0.12604178060866436
1.1682463444241065
0.11656720631462036
-389.9283434394821
-10.804393752311572
-1.471528631320072
0.3064836896601464
0.3676212215201638
-0.38234288709985037
-1.070928566168712
-707.4650795678676
-1.6323090316463864
-2.5659683237622457
2.779307095831862
0.5866695881121334
-0.924282316045131
-0.08993618424285477
-747.7104494419362
0.700049573428515
-0.4669996795490614
-0.1339944049029937
-0.31418004829683477
0.21310959503408114
0.04885764978578694
146.35962256060697
1.2398984466760175
-0.9472325486621161
0.1748622839072442
0.7805753715691065
-0.7813797597537959
0.3282866245536284
2984.7273688901614
-10.41619498616798
0.8112109624939996
8.520766546465318
-0.7764291879441129
-1.7717278689307407
1.2284661602510392
331.2244127995655
-6.740859004453132
-0.194773681387178
-0.1165633152411437
0.3206220142035741
1.3657613796206503
1.073727480086077
223.37637658333696
1.771367121381607
-0.8657218750075708
-1.2738650285058235
-0.25483181996114335
-0.6408704943283565
0.07779126860175876
-114.0981119732708
4.232067032429431
-3.2295992578235864
1.1716405002934327
0.43587938041800856
-0.6226993192260641
-0.6877946128102109
131.69816241948746
-1.8686913219006707
0.5406872364493058
-0.301789643715871
0.16565218554267658
-0.4107898418450885
-0.3948899181981931
-227.84292894686726
-0.6917659270430174
-0.8680889143934962
0.7162424853736616
-0.14375821073872602
0.36319931027408325
-0.15412966121859603
2066.8841604556405
30.304886751545983
-3.3642160064579762
-0.4577876287535868
1.9238753204345589
0.5131941022905003
-0.0184610739256149
-123.36593740732837
-3.2039282768204087
-0.7271994553057262
-0.06815809163744574
-0.3816974380559959
-0.3481372011405932
-0.8780522270691821
-360.7152201934715
-4.208340077064687
0.3863852939593836
-0.14650075988433142
-0.6320301460727196
0.08359879405738861
0.023677171236537134
-235.35897097285113
-0.5747673327652787
0.08755519132272874
0.1609185510755348
-0.031233395817764974
0.00415919636025527
-0.1269117369413734
-3.4329716298958677
0.041741764229303174
-0.03149108277803312
-0.01970133458901941
0.007156748949724636
0.007492655857751959
0.0002210255332454546
-4.800391902770016
0.021268993463865047
-0.003981747163565352
0.003763596028806041
-0.020591950449554253
-0.014422899782036055
0.011531637838777429
3934.77432002683
5.792192294137631
1.3810621789104869
1.1367674455041719
-1.4114386898170281
0.3658050816566468
-0.19591620294305154
-37.21655403387567
-1.3930824289946924
0.3015963156631251
0.20609845382094336
0.3729708308039916
-0.3029054357128196
-0.13798208860179628
103.9678561726327
0.33468085451830526
-0.7110410175075205
-0.08356730370691484
-0.014181461534700091
0.32285772106859195
0.40428266218842773
-573.1361819890836
-1.3686677741045508
0.3951071202849606
0.12679531233858757
0.0652261803697293
0.24339625438537435
-0.27933566716413216
-20.26951044455048
-0.13135828781704895
0.03305079215946231
-0.06891081323389434
0.020402653690224464
0.010863675968443634
0.029475803366183856
56.009082991832464
0.04231720559168632
0.11390446605003732
0.11389490107921266
0.054093185206212945
0.014536451677621744
0.03030890423205712
434.59505211029466
-1.1422468753426889
0.8610544256891096
2.17376934642791
0.3074161214649661
1.2558552954790627
-0.2528142553888895
351.95237740165373
-6.013714174109317
-0.47424946347128993
-0.2948971342163718
0.283823100512157
-0.26792150239715423
0.035335420055861363
5.422398049827255
-2.4570328434969
-0.693722348320068
0.4579380079721605
-0.0037879135360687787
0.2061543851212559
0.05038624399649468
320.20077845156743
-4.427010727917259
1.5358394531826622
-0.43040882936404234
0.21707361450645435
0.10103559655362487
-0.11391660038398548
499.5802976976315
-3.142473164601137
0.10482517777588408
-0.40494396149252965
-0.15084250876076677
-0.004938364251638476
-0.012890287871328152
143.14193810205617
-2.919737679783639
-0.10254773956286341
0.13353957417061307
0.11229139337575668
-0.006505012456122744
-0.05914094121441444
361.1599446031531
-20.34152014875483
-2.1508214108589923
-2.1842082452670617
-0.11691538577432954
0.3384351961669259
-0.17175133624312858
71.70462819865728
-3.670189418460906
-0.7665958472128422
-0.12003929919059485
-0.20659488094733272
-0.05276481603115414
-0.09719615688193352
-50.960104054611875
0.47251059166355114
0.5300580197101458
0.5215090318028095
0.4777227737989708
-0.006469883689914007
-0.0704206207994343
-17.557500791106495
5.596743308057386
1.8261405438918632
-0.35686992910799853
-0.27745071015187295
0.4992980114567731
0.013253035829747876
39.440903333989496
0.22376722938321073
-0.08525975801964171
-0.03062088037989891
-0.17629711811962923
0.1468775682094294
0.06228709218863046
31.9597101616996
-1.6067325987149101
0.05430854901254467
-0.15833720743551372
-0.0687322852967551
-0.001496368598721262
-0.01770521444557952
-103.25295945609068
1.0603750404053998
2.229191608818661
-0.5746426319391518
-0.627576626921325
0.6275250565649821
-0.002564623622566983
147.84808799139296
-1.8382034175329347
0.17870679204362616
0.07633035865922758
0.4282243729349749
-0.23460217675242134
0.022536942400511434
54.756139040860745
-0.2562910504270197
-0.07743898427136116
-0.08036705545266602
0.030159232516205885
-0.017634071167081385
-0.019777838951315255
-95.536370174227
0.670716737845964
-0.08036819972345971
0.09078264405502269
0.035516194331491606
0.0496455393342877
0.0009276435661903572
6.818686029758058
-0.1270057855403165
0.0008640085854007493
0.009307483406647835
0.007391858991507823
3.588308586957381e-5
0.008721639249050839
-2.6327651728126216
0.08797477856400589
-0.009039735872525347
-0.004027461058498528
-0.025820526775233752
0.02356787244808067
0.007735241631141312
2918.5790726253526
-13.28765037091511
-0.6647035557647639
1.2670454060024066
0.42496617640577167
0.03266423717029541
-0.1630146163122421
-608.7447027601337
2.4057518577136316
-0.4925399827611402
0.14730004883337527
0.5471605817040325
-0.445231205911732
-0.014594141419443997
310.64726393559386
-3.3429293542686924
0.5056796969615417
0.11581188955866552
0.47368829122372613
-0.2677455831035802
-0.026973328016059808
426.7077360977068
0.40438323886856137
0.1493833364235026
0.17849632485495254
-0.12896508704084977
-0.08088350995086104
-0.01875073954519347
68.19160120640743
-0.3043099456799511
0.06887991662949468
-0.0839034221187402
-0.004049064052667898
-0.013841472845748621
-0.023738635943555818
-30.45216156959462
0.277672050351489
-0.06489964445107434
-0.0020206632418786744
-0.07666896973077277
0.02240347389883653
0.01210903623950978
6.084794886774293e8
1.6188581829449332e6
-396220.2853471859
-103342.94713948909
-259264.0311608772
-84884.93592721765
-163531.45541583747
-2.5633671165780947e7
24977.19293470594
-30099.75438272133
-17314.612772113884
-32111.92792585017
-84783.18133364213
-75994.1547649247
-7.404795180897518e7
26503.983955802294
-7179.01354229396
60727.3991966977
83421.24661858298
56142.22341382574
-15664.631061849219
9.960339696564386e8
-7.0099122774752425e6
2.350915400617396e6
652719.6513009941
1.0088519895341486e6
-484311.6172797328
-37529.73294490645
-2.5158574146397308e7
-1.2614227824679646e6
440744.0909909991
227939.48743463462
-434026.1868766824
127538.56590693086
-143745.63195173588
1.3079902687376645e8
3.633923026459528e6
-720213.9546973337
-499688.7091242224
123158.22168940248
17749.06673191863
120007.60868265461
-1.74266771471442e9
-1.9527458233632513e6
1.021789112485021e6
480591.128895268
608727.4673109561
185333.91527298896
266569.14065729245
-6.6890422517746175e6
-9518.179447379578
-75546.76813674634
-143509.38542958695
-60353.97738779706
-79836.35303356027
-7783.960388424562
6.6119696912779994e7
-154494.80843950523
-106302.01337988963
-97478.47841306672
46300.884747881086
331894.78705742
10785.403019073236
-1.4674406477185144e9
-757442.0914696032
-1.4880253413338026e6
1.4217792978097962e6
-1.7829686375714685e6
-765.832817583223
144681.17787614526
1.4018545182479852e8
-762653.9189636462
-120114.65147355573
53511.55927255912
149178.1307115705
-96611.27857791101
-116647.37566802098
3.1764932238491523e8
228424.28229682823
-18712.824183965844
-59004.38295920497
148813.62966044745
49558.74171737336
-67007.64191985
-9.372807277417701e8
-6.537595317485352e6
1.8184461465846088e6
200329.14513819083
-120624.25654147388
-100168.97698280944
187751.72865274825
1.2917416050199738e8
1.205705313242727e6
92161.61963517248
-71081.23205778986
360214.3714499366
-197613.82630567538
-76906.35858816489
1.428814492015512e8
-41728.99855806044
555713.3661811621
13196.894830098041
171445.13470444322
34932.32292015897
-96112.26081991261
2.1935712576560404e7
-3.512602328884035e6
370918.2626527843
-417078.69438864157
-386257.2340823366
-281850.85444983555
-25719.91885405187
7.798661759773172e7
1.130278401885348e6
170436.44011580653
261340.1490436282
253262.3086237917
-26386.520819653066
-73170.3948416637
-3.834012436710058e6
-343974.48711593915
-89450.21028776174
166388.722555707
-18416.01769495444
160670.9724122832
-104317.45846448831
6.132077239325383e8
-5.495327219922403e6
163676.8265472188
208323.61429215295
152404.92049641532
-107974.57752729062
170445.38712148927
-9.228673274542412e7
589464.6581064141
-260594.38899291982
-14686.023757558265
-85723.47155901363
63163.087147607985
-19100.281454554628
1.1318318845492086e8
-1.2793128228839831e6
71721.14815100486
-91358.05531551581
-74026.91514699129
125684.38339566038
-30.932334839028545
4.591703206688476e8
4.761430864321848e6
2.598992537267419e6
-662450.3605058814
-465822.95174879365
660446.6525667744
44268.065084764254
-1.0215586063513683e7
-542675.2244942831
213870.8054696996
-34821.064155885055
17585.226145837136
15731.755012481553
-29590.60551864437
-5.742714274824014e7
1.0269750022502331e6
156378.4424806149
-78443.75676846966
-82787.4535464789
119672.5190183061
-54239.17411044761
22113.278035069852
2.6934754668598733
-5.723667122503907
2.4875114457607874
-14.690867476148082
-5.869553800615561
-1.5018344079647734
-4300.632766229316
-15.047971840635467
-0.8698092054734142
-2.802962809374181
0.21880149222260764
-0.274841190327017
-3.9459414086249525
-87.44460004325799
2.715697407796176
-2.7659020111160286
-0.9890419552381093
5.1041496527959955
-1.375337516047244
0.6748472657343303
-24963.58175876159
-721.7671704222538
195.9904974731676
266.8301311858646
125.55168217723369
57.27011364133139
-79.0262993120766
46146.6676169082
-107.89754023469658
-3.451312676110069
-7.136278252339936
-8.512008025667178
24.236657495073597
2.3091918747872224
-38692.751476159894
-61.39244153636602
-9.24211293510808
13.356897560426042
4.041648131920383
6.918381421467509
-6.0615125560946455
-43764.08652878356
102.3751183953941
33.01579483218306
35.87289449548192
12.247297733676222
5.054299828265624
8.910718949309882
1944.5729931648252
34.242336621329166
-5.215059939670892
-3.9879755577084124
2.008170686378442
3.183755629075259
0.8774180871865017
848.1151332278936
15.255862188424002
-0.14309429199556203
3.803120385218656
6.019088286735853
-7.836934907252576
-0.14452063887379288
115717.01058309905
-1149.3406692273957
-18.524090786964088
-92.83071628710914
-220.70468670297416
177.03328252479088
-68.8639741945366
16523.949252719452
-152.65180124742565
-52.06547650560599
-9.30882933469686
-4.222932398272582
10.712195892518016
-3.927758321199491
-28977.06649084103
-13.19156227516182
54.08020024443251
-14.849471550991924
-33.0636515468002
14.192250826484152
4.996617091611219
-29779.81714721882
165.29544990751245
-6.284981637643115
-82.03639204240928
17.024022092394098
-47.766091118631884
-57.02379155634099
3948.6160755591236
235.6589377189282
-30.222624037916347
19.977749924286154
2.875203354558848
-9.750531383448111
0.7756490477769616
-5738.453188326273
40.24730037741727
25.786986546508576
-20.621318997313164
-26.16246087680352
-19.118889990645563
24.727614338184978
-11073.919341822017
-428.21658174951494
119.59392304927918
23.184676450176887
-52.767053119609905
36.42791346647939
-31.913413130573332
-10812.000673528846
25.41180679284667
17.375796400497563
-22.48888719058517
14.26288673091676
-12.241709403437087
4.159212319575333
3871.2753845929906
42.99209827293282
2.119429346384158
-7.783187460063211
5.203805326970468
-11.087478424233765
6.218326418996366
19666.236503559398
-108.18878179007406
-10.729543535888054
-64.76669019730059
29.168269736662253
-5.506955183039548
-57.077931392994635
-949.1376640525306
74.34874561813236
6.215142597122945
19.007611599868465
3.3612625970096226
-19.396130035042464
-14.694840530180844
-15823.869296794157
-45.559818404249256
4.509405990967395
5.8889910643743635
7.135129621265487
-6.610626066273333
-11.959828956548472
45081.344078916794
749.3701826072938
64.00322766206168
31.294358510759128
-40.623140259634866
-5.984791058538534
-9.911119834022449
19535.191234763515
122.57886105238885
2.9716507541259785
10.630075351379999
2.6107503823411187
5.364549245892527
3.6707131371409423
1975.4023997644908
-11.53100920546809
18.76626673079885
-2.347871480551505
-10.549737261378924
-3.041657667556422
7.593342411116294
374.1132654823017
-1.0772926305554462
0.008064130307462152
0.2596808982850069
-0.402174368208162
-0.252478822754236
0.32569250906747654
-58.39882355616416
-0.2837407361995381
-0.06745759187712706
-0.09795137651308913
0.016489695799591704
-0.005470215940790134
0.23297680942911134
104.29896938801976
0.17003694000914268
-0.03520793431891133
0.09484701898385342
-0.08418468540926669
-0.16779504712243604
-0.0796566523630008
9818.869143960805
4.9603631857647805
1.9470357067659492
6.236121241562563
1.6007033490350673
-0.6600913223897903
5.844646924534982
1027.9011354639536
-9.146742263734984
-0.9080189993976759
-1.489373110922335
-0.17616563276253733
-0.12336471894742626
0.6476700575734712
1210.4629611749135
2.7039439912509153
-0.8153519082338779
0.6309878311871111
-0.5223621962107716
-0.1505405884565563
0.3713786056007275
2.122586029652449
4.427505998547427
0.7005019868110237
0.07614918854924477
0.3014063571779657
0.05443174829928944
-0.09423654715615763
-47.492379714653794
0.2775016312706711
0.10183651419386443
0.09857151002014466
-0.1633989566778857
-0.2061723560750751
0.010770200096214098
238.01740593748283
0.5070266441806849
0.09104804518321333
0.06180611208509609
-0.049991746118387095
-0.3025620166106578
0.21405884725007862
8538.094279695764
-96.9018625481928
12.050736260280054
2.134454021936987
0.6204550414841605
12.13288188393068
5.09634641568716
-30.339033880725953
-6.727973176154717
0.2867015648407447
0.30822069786739253
0.4069040862160197
-0.6545021731161822
0.4795879025971801
-268.8649530172371
24.915721533962202
-0.9689976916881281
1.3314428515237249
0.601443678024439
-0.11806029732899646
-0.2668755241001948
1514.929944698409
44.13287706833019
2.5067936180748425
4.103305164934443
-2.8164964702015993
-1.0480804212638486
1.726891917190808
-1677.583785896874
2.3700610513452145
-1.2436903778651143
0.8621608327992637
-0.17694695296947813
-0.4461176948301637
-0.08253402689442568
464.2096957660779
4.0211646002513675
0.8057326555358759
-0.35897052996804646
1.2397098580023573
0.8587738791839186
-1.2501256537173269
8091.763020474624
15.770958523679012
-0.9219461468466192
-0.016662849993389586
-1.1997679711758216
0.9143558446188006
1.4510229731324285
698.3378707231046
3.075312528384124
1.0352754581652344
-0.12260482785293582
-0.2050494508544725
-0.07846051183795656
-0.07542348740498972
-52.749747203387976
-1.1705082923586412
0.6489588744813201
0.009785202892629992
-0.442768322950404
0.3394671197834143
-0.08530203135763252
-2004.9797719511564
15.142523338949085
1.5765296356993632
1.9629148769829163
-1.2775637946787066
-1.4102966103095262
1.774834851915169
486.89314963076686
0.16502981890326784
0.11605845087614489
-0.35235913915741285
0.6957505440487481
0.4567225017078708
0.9509471122567623
80.4904429709134
7.096556552097572
-1.0112571373679444
0.3674021221656873
-0.8373708084453654
0.17957832659723066
0.5287277903484607
-1724.9039777111866
3.005218295129744
2.3481993309725544
0.20229997146722123
-0.12146719559399863
0.1809152108944869
0.3598187449075478
-1067.2555160229658
2.869542955379981
0.181320518259504
-0.10953853062446257
0.6644315196374242
-0.8558280812992659
-0.06871085285934729
86.01295074986626
1.7745196784043928
-0.040807610652470544
-0.3333277909113313
0.5437193070158821
-0.12807298198375894
-0.17047642032151908
-133.06970218569998
0.35700208129758954
-0.12591969388608565
0.2767483733113526
-0.157361082477874
-0.12304103337312954
-0.11082481489881153
65.12117327815356
0.19707762656443314
-0.08139354794158976
-0.03331252868938157
-0.01600804824584216
-0.036250684038885886
0.013201096977890014
65.26710364932674
0.3412673299004591
-0.043968144802245895
0.041743266583199566
-0.0509872515697612
0.04884903924993694
0.03212511108553416
3987.9282554876613
-9.899177369979574
0.03680617842638818
-4.353988426406082
-0.7287766347348796
-0.7962420972623822
-1.4620774851346106
714.924523542435
-7.517365682433397
0.29902086992502636
-0.1632096031168711
-0.23941158956995504
0.18252039597035657
-0.14550853265154023
40.26566250497529
-3.40599914902676
0.33086916799547894
0.15563104892207605
0.015363302096180458
-0.13179638671533397
-0.17470814987273198
-321.8409542553493
-2.0514024643198963
0.7226427847737834
-0.06563929165401647
0.45603734567627585
0.5197342077582873
0.021098222271281598
74.93169502507382
0.52214248498644
-0.033579297365288224
-0.036593121315564726
0.016727426621716168
-0.011827390744010405
-0.04797906586409242
79.19036954331382
-0.6270580601934679
0.14317962867949996
0.0853242679969173
-0.004912120701279519
-0.1826535132150047
-0.07167751116290391
7097.317495526937
0.5071677179776103
-5.318057507727824
3.0650326240221384
-1.093516110542333
-2.401329623793607
-1.0653754251974168
-27.317690581785023
2.277719811830809
1.0301051592587438
-0.13237327032121404
0.6722406481263252
-0.34473163523577044
-0.037613458772161594
289.48038759428067
-3.788761955885449
0.7230527497531595
-0.5342582261897798
-0.11932208740037804
-0.17372518006631874
0.10435847439335258
1327.750574251847
31.152106377187252
9.070612834521356
-1.844902396774941
-2.60289644411575
3.496103599797365
0.10966552402734663
505.0013023850143
-7.790519709585517
0.28077313123915243
-0.17583687364172546
0.8868080716906273
-0.20814582802486958
0.07832472469284534
-229.63674404166886
2.4632456374506506
-0.11907112426226504
0.30458480153918427
-0.3534434970506705
-0.07008063396506632
0.2092792341735458
2041.4669740599336
-3.3877667074590825
1.034277866294459
0.7463781694076728
-0.21677030157252605
0.1912268446800528
-0.2587638440101767
-282.580000348257
2.7504425968705752
0.2642801194998795
0.05996572925064494
0.007233102279466241
0.03782811640779827
0.017299618921841498
-24.584440573972305
0.7700311493908478
0.06029223763168416
-0.07717179351214849
-0.0059628097376388635
-0.06829062221549141
0.008365355422886998
-578.9768164563224
21.507002261111626
3.278026848352881
-0.838268755115188
-1.2714688580977556
1.1614426397107411
0.04601145229255638
-243.1301101842115
-0.1446507889247906
-0.23060085355422832
0.03378050563667932
-0.12223943440738408
-0.029603415286061887
-0.1458615029741612
139.56458658845327
-0.14573787737676178
0.7788989971632772
-0.2628827971593954
0.23819279172552296
-0.057756030133511306
-0.03215859348163157
-1224.7461151211455
-4.5762765400306895
-2.6219953850832116
-0.4830900633268997
0.40573080907249687
-0.30213566356499394
-0.009658699830482344
122.87358177808976
-0.9256155087401478
0.23400092001317774
-0.20560261011332945
-0.23855542853210115
0.20310982625799132
-0.008480013586949072
-30.813303770269787
-0.6835863649572231
-0.13175464987391147
0.09357830398156819
-0.07813313190455591
0.04013529127845862
-0.014958167984940974
-70.80479141040796
1.597489886774201
-0.19564832695846068
0.20866250342133505
0.02268187128017173
0.06479917782317372
0.040937150429313965
12.068369986926824
-0.42350235884642595
0.015824836754221888
0.013919514517634457
-0.00123838041932024
-0.02400487715693528
-0.03484562919529905
-45.99065707038715
0.25393344692540193
-0.05631263828092003
-0.04990195477897023
-0.0020173571289073527
0.013905361414706108
-0.00033312786392783694
2710.8222701406867
-12.002131433948394
-2.0695641779599643
-0.4372838701498183
-1.1094722520533753
-0.5080494240343609
-0.06261887206736214
-31.899517235272498
2.2794894033707194
-0.21024987185357416
0.4910622500227278
-0.012645910564636704
0.050711858577417564
-0.00433914914499526
-146.41013270709996
3.7629263072819543
0.37227036812666325
-0.05470555319287963
-0.05875972195897018
0.1258352448872127
0.06185900864476919
1005.8230262297058
-0.32906947715179924
0.6089592406175949
0.24305508544562318
0.1408907957821818
0.15775014722113756
-0.08145089221620974
-48.143222976649874
-0.6737051481824751
0.1616734251026177
-0.03541548011604264
-0.013608862752940034
0.004326490701864856
0.04191984393209488
-80.00023367733263
0.6364445340588529
-0.198158452464975
0.00862173089888815
-0.000853344228912875
0.0779067274692594
0.01611166437898322
-3.7034760714488834e7
-221491.97181766902
15501.916791324857
-60759.37611614466
-24384.85906836793
19594.650921404143
1755.1449741660276
-2.028105857558986e6
5249.188759691149
1745.9657108368815
8454.034350478485
4592.037898216634
4652.947477140583
5817.898541227598
-4.231726568627458e6
1975.8584437764828
-4459.640910426616
63.70362678264656
5814.986271288388
-3837.218362492967
-415.17561168420974
-3.569283822235941e8
2.740608593397586e6
7640.708378895062
312315.0700441973
-157198.08815039005
118180.62420980053
11994.569917690262
-1.3698638194413546e8
-460530.95447074645
-132570.6450473511
-35829.91804065232
-83055.91579111986
-8885.640669162425
-25385.363822204483
1.55488499851905e7
-51396.49108486302
-11910.614873737763
-174020.37959132387
33198.08116836472
-24683.503063849963
-14818.353905463966
-3.8048775053145136e6
318997.66805448034
-3816.355177548043
173768.97892865603
11431.669484358425
-61861.71932744654
619.1261556028577
2.552871738035288e7
48951.24146875573
17311.278908703818
10941.083446844521
-13708.657010957
20422.286560614757
11080.479765159802
-6.084767759785195e6
-163241.0466319183
8077.132087688577
-51357.472997311415
6704.272055611086
19994.061320711324
615.5694211353217
9.104154979364915e6
-470051.19278123754
-119397.0272933511
44783.34584391916
143060.31025166775
77998.0181413543
-5058.274662778897
-4.573960977891135e6
-225954.30047429033
28365.32697735901
-32288.240754752183
16348.154528637077
-24849.41639810059
-1390.2013403628139
-437565.88182155305
199449.4796215058
-26323.41353178452
64526.50396338906
17892.189023630002
-11954.806840397949
23137.108671960294
3.5252395023296463e8
-688187.0982920936
218870.33536613418
24351.733997173193
38884.62083539091
124080.74281670353
22233.180498663634
2.5099096062272012e7
-264434.781074645
-64309.80690171201
10999.509760651305
-18228.122626140183
35018.762793186506
7609.911676218955
-76688.75336806204
67868.06066105704
112254.26616349531
15513.49332652662
-3182.2765881881464
35744.86909493006
9175.010720430417
2.661627699771429e8
1.012315622387136e6
234480.80216910565
1014.9279809599024
-73667.88512856429
52126.551023342035
32385.75103524629
1.8559406515345152e7
-9149.499347633822
22715.1940861656
-27919.6805013609
7323.396488187723
-3499.024606167771
2755.1827099577285
1.4410534246440758e6
-161072.0893304939
29141.578698423153
-13458.10937946304
-17085.22233422458
9501.86278338808
7392.342484732211
-2.486956179598731e8
853076.4344440129
-137523.21855106743
-239891.02513788894
-111599.15642592082
28334.694563224013
19311.56258250523
-1.1986909427107187e7
191597.93361635917
-29612.155361707275
20763.494592767882
-14258.08099444345
18762.16519119102
2671.90496406787
-2.3035534754503015e6
8531.747275127223
15714.349373251882
45247.04695540379
14045.422448975827
10228.953173241247
3200.8520374758664
-9.174000924888247e7
1.3015562145374622e6
-131810.21154489863
5867.945613686746
-113181.60777318684
14023.045963539551
14599.49902266229
-1.732405659362681e7
287723.7320454732
-21159.038620961073
28928.579981628507
-1650.8865176156596
2545.7319592554977
830.0213158863012
-1.6948097983804354e6
-22543.820543413512
21698.074173362023
-9914.535976803738
2402.3068133844536
155.6542687340609
-408.71744909869034
-2472.059525535571
-16.942166031877903
4.127059922982603
2.9689595535327045
2.693298004322584
4.558227461395882
0.0291206189431856
530.8377915360297
-1.8479623317162475
-0.1991712362342985
-0.1463836489213187
-0.4208432341478058
-0.09536275607130922
-1.0250077938169972
667.3634910288201
0.3915445219722228
0.33203011913986946
0.11109541831944815
0.49117829806083635
-0.36619011943868673
0.47587250371153006
-404301.6096309843
1073.0798725157547
99.6831295021152
-245.7177080048278
47.19980248471213
-30.411789336283768
17.967280575968335
15278.3821884011
-215.61232665467088
-21.837325616519912
6.913531870720951
44.93078913338405
-26.975921496871536
8.921428600227987
11578.047658602938
-206.70442870052113
26.564535514231626
-63.317867687753534
-34.11904543771442
-6.7374728601000635
10.242852346550329
5454.406556042424
108.76190248063092
-19.875414648384556
4.3201094386612215
-0.8962333008111685
-1.385839528381618
-5.772625798543001
1419.4609488276767
-2.33372754356928
1.2031315286205784
2.4623093940576175
-1.9258318343497
3.313389267794735
-1.5043862925567688
-662.7822265498766
8.090875514267147
-2.3995241504545906
2.740541585376124
-3.8415816630337343
-1.6106756039495098
-1.2918070980449843
55075.98450351852
-131.6193785563109
59.61805970712286
-24.336300253379267
-22.863635281100535
-23.064194252681652
2.4649399078800345
-6476.1007964464425
-25.015645742059732
-7.2404870776241905
-5.787120502718539
9.153904887670112
-2.2633290531162698
0.9023275413836034
-366.67485232872446
-12.459106388339459
16.468372039876346
-5.519733885448264
0.7942986921807913
6.692693761494277
-4.174496112104639
4705.907268213467
24.713777407258437
17.8034423479582
-18.271081865135493
-38.20857543741339
20.20277352721731
1.2437578327508865
-3521.9825844192756
12.12157667912112
-11.331998084734865
-1.361895428997217
3.4850248695764403
-7.782249520063432
-1.116316227253281
1198.9784508726173
35.59056768926821
4.5892619187763
-1.2253510538566945
3.0650305730415393
-11.26208064851879
0.7296893773887344
-29217.975734423104
51.193534526740955
27.456070927875274
0.33401180825020466
-5.253256265797002
25.76300912100006
-9.430338966186056
-8344.953593681836
-25.009311053727473
-3.204290679992455
-4.780585237167518
1.5054632914842427
-1.0770953712401687
0.0244945425143455
2256.564963399816
-10.787944586172289
-1.6270052062099765
3.6823425858627408
-2.479905372328038
1.8023196788767621
-0.44244009719817096
22486.681668131117
244.31743213687915
44.02652323132791
26.0492026597131
-9.718770194227655
-6.735300884507288
-10.788310733519051
-1894.0834889321159
8.17070890243014
6.291148796555033
-2.9751944281111005
-0.6856149151892753
-5.236452160399281
-0.9607984840320981
1021.5752077554168
23.173059824691066
-6.71469152920238
-8.327025101051923
-0.1625689186425006
-5.643972689826635
1.7587879701777291
-13897.74571498017
26.402978660067863
13.80777685613176
-2.136262782754511
7.64587960718208
3.836410467934518
-4.88292331246968
890.5075681893911
-5.644431278285205
7.251928191069223
-2.5051929043887347
0.9713335828131581
0.7595329102553937
0.16085272593634584
1601.785363183102
0.14822116402199187
3.203542447146557
0.6685432008738155
-3.5937222346490914
0.6184747390365761
-0.7594036490919889
-7.652320330989401
-0.08437957571106144
-0.004260072360771849
0.02332722118096257
0.1448027864686143
0.14294279129134066
0.0349961038236664
25.773886924408842
-0.14407879330593332
0.010527836798070796
0.00027289340614204525
-0.01723575237654094
-0.022428537534803453
0.043191611256577146
19.401608282457303
0.03720572456669689
0.005239454744077798
0.0021848291626551143
-0.006061564385784889
-0.04017849142506527
-0.007160872072992859
24735.850223122354
167.19260897659575
40.24117155360096
16.60488279195168
10.422667734639774
-10.410953769735361
-2.6887068948102817
-499.73044148340597
38.38564355140819
8.297720472594325
-2.2873087242762487
-2.8810488566556254
1.8409940142484158
-0.28904748796985835
-1168.6122939283082
46.328847899421284
5.939146091385692
3.5175619300415315
1.5662115252108764
0.6655258976940356
-0.4757805952923853
149.63657547295816
2.5512146228108974
-0.12672373961206593
0.46135698888817545
-0.3983326502666636
-0.21800595021505614
0.25473871504987905
147.52281962208272
0.649704144338438
-0.16373715985182
-0.009388017855747962
-0.10441105186179511
-0.0325484036340988
0.06771109439407981
40.699779312107374
0.5412705258594102
-0.12117045518422502
0.04298739934353027
0.028713228685141062
-0.11417632560164055
0.06388256669367781
-1992.7524636968808
16.143851503478437
4.110318743079653
-0.6456895602977811
-1.1778717423522918
2.991421057279553
0.06607040300507036
116.5132431314531
-0.9281756050121638
-0.4626300274494908
0.19772774893431755
-0.28527692899035995
-0.1564392495697822
-0.08223622038959148
208.22323037509568
1.4170766715059382
0.4922856753610114
-0.6503727492363789
-0.2658632133155066
-0.3681553202554065
0.13640629761076
-297.6869214700968
1.440796318354757
0.2438752366702386
-0.13821982954783132
-1.1417368689709155
0.7916291094141997
-0.14372449462775866
-194.3698880635438
-0.7705126004291587
-0.012506804051892206
0.18045123005029093
0.06468041988436324
0.03944623981862035
-0.01839063675824266
1.1459694871614732
0.5870846980780045
0.14423500246959733
0.04979471470841144
0.03553355350091395
0.39175305030614826
-0.08266795910765347
-1188.4813448221296
-4.201311036691148
0.5646060740140789
-1.8794659944579817
-0.08415484880725638
-0.3195305913274756
0.5558185575728507
172.6231983018002
0.36219589299231236
-0.22055568572581152
0.2663378405227213
0.06091198288346934
-0.17419789769537866
-0.0433433875508561
33.41592990735085
-0.8862432095980636
-0.1564418081108344
-0.1765242057451664
0.3382421428104234
-0.22839124055120869
0.00581174853052144
-328.56108375723306
-1.8067284835814017
3.2365141120688863
-0.8045921455947646
1.1624441188145673
0.8189452772343008
0.633246720482828
136.25373368732252
0.13679764453847879
0.16609126268495686
-0.05457753181067846
0.22748968099748576
0.12815916967865426
0.043458666314301446
-58.96322768173501
-1.426105377392319
0.3626342613391502
0.18189732294147165
-0.22253592575987893
0.34357638804417456
-0.11333414134207778
-64.25436729614219
-1.5753864812295892
1.5942382109139046
-0.3169258176820476
0.40707656533114206
-0.11664516242208867
0.2980790197235385
16.552799313040897
-0.13120197302165024
0.1722691840102498
-0.264614958366012
-0.05543431062633812
-0.10390248315738908
-0.014057628715247857
-50.99118465314694
0.30310359783292906
-0.0711464477201259
-0.1918016299282851
0.12470583150853243
-0.020571791083165595
0.058544538171204676
-84.20739380184104
-0.011998144709392663
-0.043371773366390726
0.020376525232933318
-0.004645868536526235
-0.019497101647954016
-0.07401949088296175
-0.733771636633396
-0.09842449946244755
0.025193614315452213
0.007234101190129693
-0.005813119327287984
-0.013011571871635152
-0.009799134538304782
14.775955347808141
0.08602443533108066
-0.013543473248523681
-0.014951564990484554
-0.0021980028678416346
0.0038002835945524214
-0.0017157322738622944
-15962.022938039323
-69.95150796034069
-23.91009644408619
-9.357267083257545
-12.353837961972168
10.11303416516892
1.6956323591798406
1008.441258631265
-37.26078854923881
-7.580588281653232
1.825635570835647
1.115265321588388
-0.5650554731198069
-0.014135854265882663
519.7712127423605
-26.797363684840825
-5.32335740310569
0.12138804952053328
-0.0015137868634203689
-0.30943410810835925
0.010709702809220206
89.89342517693777
0.039104813599422146
0.28994386528683785
0.19247924495284266
-0.13499077083964767
0.13412413973527393
-0.08950252205258072
20.826584896778048
0.012018885798516822
-0.08056767250051786
-0.008810303648798866
-0.03627823825186756
0.029672613459244334
-0.01604536250057227
-25.086981868576814
-0.030898405263105784
0.02134540558009004
0.06650672960118967
0.0035862524143940046
0.04299585815057363
-0.01801645976257656
-4383.294799552846
13.8886647987814
-2.5937959994160007
-1.0523335364240096
-1.2156975071540959
0.47528054639395
0.20764066426075511
173.767204711536
0.14029013334589654
-0.028034450741952693
0.21884726101364965
0.026405364756453463
0.12051742904209904
0.02449701446083579
-79.16030959749204
-0.22927880633303202
-0.32518186495175083
0.35491341139849736
0.10112895360981804
0.03288605411159349
-0.00945295481156358
170.55177393481583
-0.9250030858361076
-0.03028145930227351
-0.21233955047506728
-0.09516828093962461
0.07364888923525875
0.07710073160014437
169.41774890801128
-0.5200330181991294
0.03417576882509061
0.01020665187975506
-0.012745133962333831
0.06306621714656738
0.01690912282546269
-18.373381689828964
-0.32159438011566366
0.004923507685158389
-0.03314880593497452
-0.04647048011495663
-0.009357363285719322
0.011219761065417408
490.26096194015605
1.7812679830019857
-0.7668150642508664
0.6425393910203732
0.3447315376968597
-0.5089831536056252
-0.1082209338358832
75.88092350311771
-0.48278653139177924
-0.07742609075584475
0.03600363983150522
-0.06797131755071083
0.11268467652103174
0.016711093009793124
-39.868548678799826
0.46806024421630943
0.02867321996746974
0.11665625748914488
-0.020360887386911587
0.039411394548901246
0.001266887564350546
-901.5161504152551
3.9362720971309715
-0.8838619648817472
-0.609200628508982
-0.6546027488506385
-0.07006025710961533
-0.06488743315378505
-3.049694430556172
-0.7110476700154066
-0.20832291096777464
0.07369552733527697
-0.029145710295228517
-0.005818270380090254
-0.006142859544480878
21.89078365078402
0.17758122151423736
-0.03693550679839531
0.07494080183447899
0.13231566967305683
-0.0761425691142075
0.01817012379973446
-368.9820773503759
2.5431798985619247
-0.6915506987488957
-0.06598537825845222
-0.17842991698038016
-0.09051801111103594
-0.03861224805080032
0.7743390471635216
-0.24178694961557115
-0.1936898360426929
0.12889992254521454
0.012872722921611408
0.0304006936095895
0.0035256300017190013
1.3320975966240653
-0.3251063670346153
-0.08826478182536604
0.10731588202662022
0.019406438674631626
-0.006384195318314057
-0.010935335072358552
-33.69344290405574
0.7089618285720397
-0.16771150632491122
0.03356716110543967
0.03750213852493499
-0.035546394108768954
-0.0020020098960370283
-16.058701793837155
0.12359380055171737
-0.0007751369431180164
-0.0067098770723242225
0.018918685161358736
-0.0024281902440221035
0.0034606547299582016
1.038835174516272
-0.16393998514900818
0.030283183381470385
0.029238973055874536
0.00820735414812223
0.006216862438910026
0.0014705215526764081
11145.763822813065
-116.63039993267985
-12.723120083641842
1.8969854702578273
-3.524078752517584
3.9958790318749964
0.07667373002365857
109.86503451556608
-8.101130766651957
-1.9734428902503571
0.3888882951230165
0.09248865531133844
-0.04022098955765464
0.011137951151890018
78.82490883326281
-4.7414154521445635
-1.3267002383129738
0.4837581803475404
0.15038315047007644
-0.03957536945721846
0.021093532070820358
345.75721011282036
0.18785605928861387
0.05905099102774362
-0.25806513216448645
-0.3929631507139539
0.1025902830863961
-0.012631948565277364
65.09567330855235
-0.59926399244642
0.02308203319443495
0.031197983665790425
0.03175546503307369
0.017113347286522165
0.012093852843167231
-18.81126116856049
0.1806223027121538
0.013100916498291567
-0.05021029310216245
-0.049123689753432453
0.012604047483666374
0.0037697519853254822
-5.489441620222328e6
-283811.9027512517
-16218.22808502344
-61501.003039639545
-13636.209162441332
-13576.190048402206
-13873.668840909248
337671.0915665644
-3701.4806252918297
11127.665222282545
3981.4889851896373
-9213.843623507679
-2326.879450201335
-3077.074414218895
1.1184371539198823e7
-19162.928913828695
1887.017218370259
-6429.645901704545
11286.347539827439
-8975.259490418493
-4058.3971251406588
-4.0601575521296567e8
2.9894636642250028e6
-210718.0828972718
211531.91728451033
-119427.68037306238
131033.70561453722
6511.914900956715
2.2806626238272913e7
-212923.24303872447
-84508.92382564628
1746.987587313363
6612.559871349265
-21428.52442863155
-9726.912265880683
3.975627201411443e7
-185040.66735233951
55128.87742530391
-25852.148988087716
-9469.256762374063
-76037.0325537832
-6779.708681874658
2.4339873130875406e8
-112599.09989334729
-33885.2990661308
44864.45822207875
54046.102271398966
-138626.46828793496
-8442.801240124363
-3.533717714549544e7
315.3198212412177
-32030.68217742021
-12809.485267311857
9637.865696167059
-22655.375004016245
-10329.309920319223
1.3034933749930874e7
12672.084602241513
33404.52718773098
29161.47500054027
52585.285536575575
-34719.06603333565
-10193.624022141797
-9.854668227789987e6
-708808.2166485348
-12781.367401137562
-53815.799118250805
15655.531997804526
-30405.25948122704
70238.90952399527
8.902013909964582e6
267164.34036289464
13255.97490436399
8707.795650805936
401.6805306719724
6179.876034684125
-7666.364277717146
-1.3940811951022038e7
-36841.52421034401
-36675.262266019716
-5894.0875546882535
-32146.2678866332
19059.009999665595
-6080.6808613833555
-3.9559124137319267e8
73074.35307402807
-4591.106299955115
-426074.74974216876
-52615.110667419176
-35199.97940540799
92203.22194576795
6.567964444917627e6
-370976.474328288
-94205.70760644272
14844.223983243846
-39569.152788087646
36477.992909026514
926.593620825689
-2.330930179524309e7
93498.31227471275
-8082.237934979509
-47224.151438963636
-49180.3112650866
48426.73637997901
-7103.475256975164
9.901832880606814e7
212312.57774123707
75902.15528241129
1576.431354943993
4643.577050496349
-36891.8747958909
15218.150893988022
3.7710521987895705e7
-201279.7333570841
11993.676202009903
11338.32947042899
9119.46849342464
18438.15472893476
-6156.4469340542255
-4.450082156746092e6
-7838.0783023162885
49188.78689752678
-15796.911595147902
-32841.461974771475
46908.40364410446
-8074.208265090716
1.0918897776217741e8
101321.2368625152
94917.9488090026
10789.670571118977
-13319.168761464396
-1487.109960338879
-11426.24941281725
-7.555962364792389e6
151836.98587946093
42284.36189011755
-17012.775939570744
-791.224265854054
3817.4444904575494
-3552.5883170203197
-644405.0107561699
-81823.99711012884
-9041.24812308412
12236.976180655653
-16086.217392715627
24270.716776584275
-2788.2379114178225
1.7877777213445768e8
847252.7711642585
226576.49555216846
-6420.316660055398
37134.36679720559
-88842.1364802156
-25359.67653152369
1.0470190926023655e7
32348.227109051433
74392.99735441229
-30508.200010962184
24622.141076106396
-10010.917879563207
-3263.2964810978438
-1.926827344919844e7
277182.2290609365
19820.9250569113
22083.71185495298
-35357.49720618263
33806.50316986838
2334.7057485737582
436.86373269045555
-7.565544147041209
-2.1563777915409226
-0.5758167681550862
0.3837255527171782
-2.453309399956527
0.8658495877191411
1663.3461125324184
-2.5904022704258667
-0.042355887126775016
-0.34340005617315483
-0.21423588538918284
1.463414569294959
-0.2820322209023194
-23.338537842563547
-1.585605056670158
0.7708725185277943
0.4297669329605989
0.12583061453763958
-2.104436356025876
0.09414067739330562
-160297.6768993993
105.11410509680806
-128.99214333531373
-26.490656226965985
-15.734057927281757
-74.35440544378073
4.017861578212105
-18291.033690958142
97.66649305780159
-12.799573250831811
8.613935614744003
2.502105490679547
-2.145720589859777
-0.15377758355922708
-1517.6178301903578
-22.041220216304712
-8.565703352384935
0.22645094612190866
24.790536887205757
6.782151761323433
0.9987550146895147
10602.817401179922
-60.70914622015263
-0.476280647875863
10.226442267039305
2.1805991043035156
-15.837860265989232
-3.163545714325003
1866.8861291820992
29.943562663546153
-2.2661108593243915
-0.3016227375741563
-1.6425816707522416
4.349878146809027
2.1347774937111663
2187.3275774908775
-23.01324348068446
2.055165132537337
-2.3417389030206843
-1.1845168356037166
-1.7468622855717282
3.3868349059001757
-8344.793366804202
-267.59966759430125
4.61107629577166
-18.16192142725984
9.269305713596996
38.358508438019015
8.750299117373839
1253.0970604769298
-37.10810376009857
4.675150268876685
2.1500464584699728
8.893416776296645
3.0849481479911276
4.510242102885048
-2045.8760387337766
-71.55551736126093
6.473906972823342
-12.154134554851172
-8.29526331958482
-0.5738136503369443
-2.7399820746644092
45871.707122835774
-517.648348581188
59.77497497512571
49.80585258472122
27.797296460235547
88.47757551028452
3.3720739352874993
9794.35389607274
1.3173533094255243
-1.3792921275098815
8.330025878616643
-0.7180358364263358
7.015972747058438
0.5373018737763041
-1572.862231761187
-7.746257886953179
11.606465031561623
3.2278625226951925
-3.2601429479382182
-6.426503780354071
-2.9632494073355375
13727.185957289988
258.49381079683764
40.30732832743922
8.83444676368431
6.679348659561652
0.2897961224447539
-6.831972351309938
-10006.186701429402
-2.8302346946508417
5.875814904447632
-5.518812044229839
2.4145542935840445
-2.92346951676591
3.875273884152316
-4633.738823725625
67.37772341327366
-3.1198647129852226
-3.5209124165783074
-0.6958159896698178
-8.087323921784137
-0.2490776952250207
86682.49887740886
82.96943555225616
5.75933457523458
32.400850674763774
-2.9090719499933546
-8.410656120903676
-8.875546093982042
-1148.066497762205
59.37427939468243
16.06403076638275
0.4257199345427163
-3.01863936863115
3.373131755663591
1.8840378104942483
-255.80034252968827
1.4278735301740286
1.9002529412810913
-6.669903261810473
-0.7234994535207734
-6.090208738876518
0.3185603704500798
8266.417256326959
-231.98831401498688
2.687847194915186
-12.817171173086534
2.300011081794279
5.351667515508591
-0.5548031769474246
-1875.73762862903
3.3822915033027483
6.923456770969921
2.8168968537252566
4.204461741631856
-3.046363348637324
1.5769273443713303
2091.6275009994406
-15.249340981352578
3.724275999628232
-13.046319210836483
2.8944593794793816
-8.927528666823331
-1.1461217582249195
13.943280188027725
0.10432068156907913
-0.20237484851393664
0.062288333462941985
-0.02320194638273312
-0.15918301401319296
-0.05306755189928211
80.16900360403689
0.05389426451430095
-0.024769782256333292
-0.022812213446611312
-0.01655622679274554
-0.013544870243229158
0.055779457347187096
-24.678241682746023
-0.2417698893162904
0.0467422980534563
0.01654640145515903
0.0504617334378084
0.05500070426962688
0.020373501619475126
-6545.346827694389
-6.809921583518832
-4.393165367035538
-2.9153744665161354
3.8008674412368193
1.351327269263787
0.25720476163122397
-628.1998811829524
3.727265677561495
-0.5899783262785047
0.035829741343847324
0.10389928423823747
-0.1773258619123829
0.08556062170882037
230.32684563410163
-3.409759703224816
0.26489229985905827
0.23960910171571828
-0.9549167294544161
-0.3781461784157154
-0.005214035049291686
385.2775017654376
-0.9419518281747894
-0.20035916834848944
0.3906763266215743
0.6756858265966343
0.11957234372313337
-0.010432144639508985
123.64619255585463
0.5383888904548275
0.12486045085340518
0.07111905627712879
-0.25790799601832276
-0.01592850040295392
-0.05613517956889919
-8.581373289541315
-0.8204397153480888
-0.010251371837055085
-0.15702795987294085
0.006399972597653638
0.005400512517783132
-0.11930800397529372
2073.7795923743374
10.713871327473234
-2.6892332850148275
2.7951291834774654
-3.3354389394281925
-0.11791745654876595
-0.7582203681908104
-62.41242336008646
-4.570172227840942
-0.7766904403875079
-0.28240360655436386
0.13598026566043836
-0.686763502438851
-0.253134945537529
275.07177977933424
2.7530895172909173
-0.2604357411652954
0.5293898697733123
0.6852619008062956
-0.13475822064759688
0.1703482775286659
13699.658631603566
-18.772337354312622
-2.769615105971343
3.7729470557148477
-5.805406181027079
-0.8423248207790063
-0.8079166869405965
-819.4642601207344
1.8087135739876579
-0.3325826619549781
-0.19753511442044133
0.42686073352508885
-0.7689106616271889
-0.05205440396509785
341.2322775019383
1.4822486198043396
0.471585874145044
-0.4074513496021566
0.6264883826586272
0.008962722603740052
0.18724620113403703
36.438364072080574
8.609233905699792
3.1782917707708633
1.070463232073543
0.26334456041517135
-0.11392723615443781
0.3071512727630728
388.72720765138297
4.221258142427039
0.5573655651573508
0.13923791630411533
0.19448732863208656
-0.16092456330744892
-0.20434178004366066
232.6483338884378
-1.1916250661435295
0.7147781347876215
-0.2228444513053098
-0.06925712679235055
0.3103340702910284
0.04951387886693072
-53.81410371040367
-25.52815647013684
-0.4627735680163232
0.9502354612664762
1.3158659858873183
0.03628943453280042
0.400127884463343
-79.25348635018965
3.1519606676518825
0.3172221695772151
-0.18854719092296518
0.0954431104852816
-0.20449595715208446
-0.08269916362687436
35.92211712912447
1.8179338204123277
0.4329413134786604
0.029761124830332285
0.1025617812619524
0.24423970467172612
-0.0067478201462148136
14.612427740416921
-1.4225627961381724
-2.4694816126786394
1.8069736943286163
-0.7323663672271257
0.7744500112922706
0.20817100008238576
38.60614679455854
1.299856422958207
-0.2360747364490685
-0.20594695267709032
-0.37323813462303224
0.21341597484618663
-0.07370032910895424
-1.239763105692211
0.25574969521622687
-0.01850632511417401
0.5128984411148128
0.009029976993734451
0.33913432987075626
0.060017806203894096
-11.117509137421186
0.63246365136909
-0.1207875210899499
0.12623021443981677
0.027612580143748396
0.011005210055311021
0.016960568622477648
20.191051886379086
-0.10115773249884069
0.03823017696102352
0.0226447677325207
-0.009149967266972899
0.030801581921130215
-0.02101804796429783
-4.176648635446016
-0.029642443636260576
0.005213891262817608
-0.0005688507541354878
-0.02292480421751837
0.019053448544049386
-0.025106221659838106
2487.0386670810053
0.812897070412507
-0.04541794215893286
2.011667379479449
-1.1799553460911714
0.33479605561874515
-0.09331325322437692
327.0005112284204
-4.749704852392559
-0.0810389119675375
-0.3590425607736442
-0.043553621918570276
0.04826608048385521
-0.03854170162592628
-53.96694356800977
0.7708737577926174
0.08622036075847704
0.03734133652073173
0.10936932477965186
0.01931279246628408
-0.05274852398752015
-79.19965027899376
-0.9575230257365595
0.046075240252898914
0.009513980790167562
0.12730801221697755
-0.117045640997897
0.041915009517995774
-90.28553184259238
0.053129816160306785
0.010848254425124835
-0.0837026685224644
0.04296197761790629
-0.006334854716830702
-0.010483534019334483
-1.4838623014530972
-0.16661635880266237
-0.001608659203225404
0.0372869538499572
-0.009996114202590747
0.021540050133395057
-0.022733585292037596
-3035.9453043822878
16.558836230263296
2.776561714980465
-1.3462598348433803
1.6390810734728392
-0.791711238646915
0.21468735516058002
162.9172850339692
-0.8128650398032556
-0.5565831941707005
0.3412135520835573
-0.15871923886241562
0.2519162648108873
0.038476629787914864
-36.15055703734505
-0.021228558831588373
0.24674507150413527
-0.08806695394736508
-0.11610244429162336
0.02744037613183578
-0.037464385672850035
-1962.6358029246808
-27.67974069387531
-4.833343439810778
-0.7733059014848369
0.8709337986834202
0.42313147087858066
0.2672407944034091
142.53395830642194
-0.18888381423527223
0.0971146824840694
0.02727467155228114
-0.11971366670884277
0.18035108702091196
0.01149646908473482
-126.82421164867417
0.8934928835162177
0.0638076552228491
-0.01879055621030974
-0.2619468577042806
0.10044459010701345
-0.03934650703953346
-296.1612751415914
-15.394552805563695
-3.7680127470589984
0.21938133545265437
1.1525703826716822
-0.8246707825154231
-0.07434921395104795
-38.66860622732423
-0.42257834251374604
-0.29740590824921403
0.03776638533130224
-0.3145757316325026
0.22423169199621332
0.033225066489952534
-13.653175991117628
-0.3157607136742035
-0.16525165261702815
0.13647054262549327
0.06471582309930407
-0.030219388256730227
-0.015150666600960599
-967.6582170224125
-5.830017307590254
-2.7118135582957588
-0.45238152817254723
-0.5318545560306605
0.39425997832689313
0.021223869075044432
-1.8195101826201083
-0.556613931859999
-0.17870171649864205
0.07258094661315358
-0.05063467944683019
0.06755117094505568
0.00967717858210794
-44.66578587265335
1.1457675521470323
0.2354621935786119
0.014007679605577163
-0.043986716033702786
-0.005184598468117642
-0.0016479092656223181
252.6496735791663
-5.789159212226444
-0.7214057223438295
-0.26474115866257864
0.29571599044791064
-0.302537288092184
-0.06123891634516289
-78.53804562341796
1.5206566583647343
0.160962674197916
0.034703941958991485
-0.06733689062868269
0.04191027884504647
0.010719355523772175
7.49046141015994
-0.8029700477971673
-0.20939751459667846
0.044434984482937985
0.030350245465489537
-0.04025925776976351
-0.008131698089989366
103.2420634683897
0.14696642203389923
0.08005691164828238
0.03841882490968902
-0.009697158422177695
-0.02854281492589639
-0.006087056728195885
-12.489569532583902
0.07904400176722351
0.006270939510959202
-0.022208194352962844
-0.012854472595168018
0.00842434529419264
0.006514334887834169
-2.3676064125322
0.0273105115655602
-0.010722955712180106
0.014005263600637512
0.011509961658559801
-0.009522497199860301
0.001131575761835539
156.14721918891777
-9.379604467313813
-2.086487747252764
0.09353201660771363
0.03005878648595826
-0.06663820705075557
-0.015567063592886513
-163.1018405516173
-1.6339385182710897
-1.0375414906407607
0.25215667819821524
-0.14067850929776188
0.07076048988752347
-0.002864543443524726
37.48533727989329
-2.7188404700251656
-0.643939425037563
0.15857274318509185
0.03730160344902678
0.009370624117878895
0.0005303192826318431
104.29686433659471
-0.3859987699598862
0.10100988889690848
-0.11093339947396462
0.31244931073863286
-0.3375678011158382
-0.019529800344851148
-99.55817610679021
0.7466077799419211
-0.05372170621869297
0.06577714381279358
0.08302227401614
-0.05395385488330407
0.0019998674981071027
-4.4050908694399205
-0.0878750809510862
-0.0027441667063478775
-0.001432477861312344
-0.02269950961640607
0.0024846450339057937
0.003753180999771821
