-3121.168388869937
-1560.2108129257106
21989.123180500505
887.2890475313988
1005.8427356829321
331.04678348887364
-113.20535747850475
-33.431323871548386
-348.2815345830569
13.353412442456646
3.662474994919229
1.1230826499864168
-0.8153001940154653
-0.19206230485253606
106.93614953968184
-18.25922999654865
-11.623504502877607
-1.8073233963006035
0.5240636343041445
0.08523560194470646
-178089.475386975
-511991.6911569824
-209852.6041152235
362949.1555420141
287406.8322686558
48.18121105344263
82.71577766128942
-138.55563326822278
-292.166326702932
-45.88184126210645
10.04348758891704
51.245496357545875
50.04522856656614
14.726607140074643
-23.278001382084195
0.6973188521201563
-2.468538760852098
-1.3966568247233153
0.744119323068773
2.578984883522193
-0.6320819476521384
-0.8575105717098623
-0.6717613563498499
-0.5196785096379389
-0.6248440862435919
39535.57050081482
50930.50568753194
65987.38767747943
29706.881658424903
4671.734949118605
-91.35926559361603
-107.83381665448461
-111.44528563906968
-54.87011471935796
-8.064023271493111
11.625110304561174
11.079686171908591
9.130089713057773
4.018138479854445
-0.04350569230654173
-0.370158794616247
0.39049010072144513
0.6025939157029963
0.6392791969041738
0.3671494122456895
0.11878310835193892
0.17649977446287576
0.07102062893121137
-0.0049585004706033005
0.07241799509523421
-15241.900938143537
-33519.030999778035
-35346.87140179076
-14533.986625733376
1898.2295914706083
46.109888982071645
122.63609093277486
60.30701293608772
29.141343120412042
11.833728033698906
-7.244548137127309
-18.84940632041401
-5.88215572788408
-4.3063827082154
-3.423183608089844
0.7252599171044924
1.4465353558277059
0.013193271318288697
0.3990249371050488
0.4289074858283606
-0.1481173571863284
-0.172866761797063
-0.06378557742240004
-0.206777952736787
-0.08863220607682751
3060.2984190117204
16722.070068341873
21189.246381685938
-20020.01768192998
-24813.304738741906
-4.0920938765589705
-22.644744944408995
25.39241405908716
46.57572877723265
18.164313805909984
-2.3724278364134777
-4.842306179628443
-8.770578052753974
-3.7733303811467485
0.6062734244227699
-0.9101799357348335
0.7947608337407827
0.22942344859855107
-0.5907257344065632
-0.3421490625305355
0.30810153586821426
-0.04888273040308641
0.009646984454638687
0.09672286314491291
-0.08178937923560511
-1129.3662974212257
5895.052516244617
-2768.7682436217483
208.8477579524612
-1957.9204317160288
7.868285997745995
-9.398837505118076
9.038906094891473
5.930927280540325
2.041002521698338
-0.16280245776645583
3.3644554639710567
-0.5834449728906997
-0.7625957823446782
0.3189578463556613
0.1756319463903366
0.07633239261456805
0.27614486598216204
0.0646278308834811
-0.1127472447636662
-0.004632145661090387
0.06822100464293981
0.04986501373619891
0.11331170657361997
0.00541458012216973
-510.4531237361019
-4081.6405659198203
-6662.367563963187
-2951.450385378928
-1309.5008429604695
-3.7347949780095857
4.992111645444933
12.289262162470884
6.020235925272335
2.4680594222827024
1.1552173806993407
0.3316746384019539
-0.9649867643476658
-0.8686090628700416
-0.310791997409687
-0.07431985697705515
-0.09869394345770173
0.19946096328084956
0.15056676020755042
0.06564447902845713
0.06098452309972278
0.15052418413090843
0.07236274048981578
0.04882627372459937
-0.012153390439501699
