-3120.148493072561
-1560.7644969183789
30539.74282147712
983.7882729257069
1227.0896225641175
401.56032710253095
-135.8961744662709
-41.44885015062668
-357.24814477471267
22.229536747902923
7.680328228479579
0.6454769323751275
-0.0393861924990771
0.3128355119187674
200.18628269324847
-27.766960129989673
-16.38588824106143
-2.647870851482885
0.6062005040808341
-0.06110703487304526
443598.38111932116
-653441.639998377
349020.46589461784
1.9784712020250282e6
217202.8398295436
-438.2057724005185
-318.4567036851248
-572.2173267890861
-1180.0421100555775
-114.08349142852967
34.10784887294125
154.08160341512232
72.22212665282007
-11.308878973919851
2.5141632629318407
0.34627714385432673
-7.680802105551087
-2.3763921561714625
5.438398270491147
0.20466194568438817
0.43799979826657587
0.09945220625036197
0.6269458593956521
-0.5327414409178219
-0.1750128105595319
-93322.1974539245
25794.154496661864
-114572.79405880788
-83255.954804421
-8569.552384541388
44.47603695416635
-62.403116106176356
61.91919106026448
31.185505725103955
9.925600799552939
-0.154196188208212
0.0744711130186076
-2.845115499022764
0.27374353701030896
-3.635527531948564
-0.03350125399183926
1.9789528816145303
1.557117435970329
0.6542528399428786
0.9029124805310693
-0.021851296252212972
-0.0041040707018869796
-0.17539289417880388
-0.12219394398694616
0.007276657281658087
-8426.50615170679
-52570.64102415692
-36333.31181422506
-6342.813181673741
-5649.865894927162
9.296445242780784
118.12471803337259
43.95619038743133
-12.252539600832465
13.790278330093956
-1.960326294716265
-14.819687237738565
-2.29600823167526
2.2366234015532567
-2.3891965724675965
-0.18830332190567156
1.0389703076981116
-0.22085633251552225
0.17122303733138713
0.26722957188084284
-0.16741478418309988
-0.24652174387098516
-0.03729075265821864
-0.14351443592368227
-0.009655070465986132
16899.636720019433
-41003.47000981881
284.3663239446137
-27469.772679601152
-9656.83951143336
33.728002911805696
9.397206037565208
29.255150065285648
44.03390291156253
9.860321352387958
-10.941761473521288
0.9993518071465743
-6.370168556631459
-1.8576928347211197
-0.17002777994730942
0.9330160066874202
-0.843642743005713
-0.15572300405655407
-1.010874850395634
-0.012177645812529616
0.07690224357904164
-0.23317385940508512
-0.44653150776943373
-0.16339955897732722
-0.1987504344408688
-2383.5004446877047
6109.454652578804
-3255.5090726467947
3298.5263148533336
-2685.9020860847413
6.26577946696428
-18.29225243437969
-0.5026614554749909
-6.0732935803067205
3.1886401486564226
1.1980617462648586
5.361496991809936
1.5852788099752924
0.901148177672104
0.08224108512116526
0.08160338905623457
0.0655567894296891
-0.13965377498295647
-0.08990513092811186
-0.13399563038516932
-0.0037872841521245696
0.1001940640439354
0.05954591491074098
0.06619969568800639
0.011965429435030976
1762.7120142154547
3898.548293133345
-6035.462930558416
-1124.858127849009
-2294.5876466974883
-9.471042569445355
-15.663425652914468
8.561577305794454
-0.9731213577119228
5.067473958734077
2.135744358260371
3.0163200072856013
0.11006255731903923
0.5281367194348183
-0.6000536007759513
-0.26612789814721843
-0.23881984007514473
-0.07485494931413737
-0.05074221189048909
0.022286862529811876
0.08957091734995862
0.12696252977480582
0.12617323277373338
0.040294264620098
-0.0024421691354992643
2.9060019751965236e6
-95212.86008785694
-15810.719483047715
18349.556549305296
-17930.925997773702
-6025.297635693797
835909.3172726373
18007.863789892344
1557.091172308951
-7240.248378664386
-10123.30995085317
11195.304906451614
93050.99345965723
-2657.1220269498735
3619.6393461395232
6968.350085662636
2063.019470551888
-7654.643025150834
2.4015049414429706e7
1.6849864078958707e6
-230081.98626199178
214270.57426391222
106669.45967208827
104477.2625456012
3.6611236100324146e6
-225195.01721753192
52726.945979374716
-40757.47553311376
69254.36870188113
49531.52874340899
-1.7104291690746495e6
210735.56169640343
63999.85111857128
-46954.99318019419
-99134.68876257294
-14546.776029139714
-2.4252943466623746e7
21111.811155934287
-30367.461068597644
63343.47547568877
37510.39216590634
6023.797015578598
-2.8400810258172136e6
-19477.20011593555
10728.048876894352
-8041.026015619603
-3446.224172961014
18735.190459720867
530377.5340520776
13898.770164066122
818.988801968805
9254.227044747
16361.488257258205
-24143.36031660366
-3.0430774259485356e6
-1.2589941870125823e6
650926.5466158828
-43959.95068430634
151028.73051862707
70344.41076364834
6.343782877512434e6
36243.07649833246
-123362.18358635982
-105875.67864650072
-39171.982141790446
-1964.7378530544586
-1.7664687000632652e6
137178.15364124335
-1669.1537489031095
60383.07256143089
78283.79889865528
12141.703120848864
2.8918007555512093e7
249113.84756453708
230803.5065503637
-232048.64073412213
-10194.503825892687
-4017.567341020823
-1.5122149741979057e6
-52078.856767212725
-36665.56252301626
369.773375826364
-9286.629001879228
-8760.91473616836
-1.0697176733394428e6
102248.98021951922
-2848.155991778712
-2335.387006809461
48631.97601737997
19282.300064235606
-2371.712788824698
-81.86881696341187
-4.189465092950209
28.83420538603414
17.345715476592403
-2.764256446188062
-237.271121959678
-0.19950059614168014
3.427973834560008
-2.129554228874939
6.363410989487144
-2.202495655995318
25.953057526923086
-2.221411810361244
3.09321280620712
1.1458765662266248
-3.742061469504796
3.803523524785356
-34611.32555138973
-225.2993902104072
315.60489923837764
-58.08425957987112
-12.16327373834672
-116.94476419420366
1277.2755537651647
-69.54762814024886
-12.526399225130083
10.841096972400821
-11.058642617949547
-43.62761828411115
-112.29054213907656
55.99290744718686
44.606421957054756
41.36138451026086
24.79281298132187
-9.572591182919695
-1964.7992679441547
91.19938584347207
-29.742165237268427
-7.866808554699492
-25.368629758125618
-29.74875348684761
-87.76568398888493
10.32742754929555
3.10026226211586
-2.5129238844678037
15.799686736981359
0.7066660523748576
-168.277950109543
1.8118656817343024
-2.107055121160579
7.254254612615367
-12.724748406826752
12.798791115621997
38816.43258760877
121.70185197698032
2.0909942919108895
27.85180418951113
-53.92083864879338
-20.770341884041066
-6246.845650969515
-90.95102639648798
-72.96363248916134
20.754489151930436
36.09363051522542
-13.754903791949667
-1549.080166214521
10.74446915841782
45.65974497503734
-45.920977487642446
-26.83042182162428
-8.76833567972728
-1806.006198965891
250.41880172030537
57.06208652657392
-1.3650905862874356
61.02451664374181
22.514000511929797
1186.338459688996
-110.38454034323699
10.950103035295413
20.934122244494002
-5.7882861234593195
-8.604651461595974
256.4547153675863
-36.71730133339185
-11.317492812040525
0.973530034367246
-16.467100846517976
-6.769165619485395
-37.37098965846267
-4.426563291751793
-2.929248399037622
1.8853035466480046
-2.447847260891127
-0.05890144665661157
-85.25247638829845
-0.9513834597111093
0.7366802498617229
-0.669021029346204
0.9791976914517267
-1.0608460008388787
74.9076055634785
1.1597826307957575
-0.04200819722443713
0.48163177337956137
-0.2097013219247488
-0.36828461620531805
-66.45149388571681
34.878385786699006
31.58880404470847
-12.66679325372079
-5.6209816291285835
13.342129102924552
454.72613961976464
2.244229278825846
-9.200545788035008
0.7017301923970757
-6.255618448596055
0.9582523373818815
-52.81468734160738
21.373191903247154
2.9805830123124806
0.4176811972946636
4.189592864714483
2.475088114202628
-25.102246285048643
8.843092117186723
-4.366737198086207
-0.13045918344020613
-2.4351322347583264
2.112106127952508
208.13322003340298
6.18403701262366
-1.2053573532357156
-0.032443905696379054
-3.00134196030521
-3.5914939663426497
41.18748377790438
1.649352419322774
0.6726295904470246
-2.2774779568069654
-0.14342766893518064
-0.012361300181052134
5257.0073694806815
-15.640217098895338
12.691821192849922
0.7621061587140066
-8.10661566742142
-6.217756250089181
-42.83476185971602
-18.10562664587607
-6.417897381896512
-2.874700386572768
1.326850967551981
3.1682418949982787
290.88622825580245
7.398767000202124
0.03472988640374965
1.5819791106121897
-2.056532471156709
2.004831083195123
-4819.435317497991
46.137388815817474
-12.267668152391519
20.111672212276098
-5.587012168230232
-0.08861357049124687
-39.5559139546311
17.4402712498452
-4.949484408909594
-7.049191988827875
3.543363987782236
3.023493257380245
-10.169515511041569
0.21381527194193992
2.950713322234092
-0.4474307692253674
-1.8897513815170635
-0.5068390068109127
-126.85169715016525
-0.24898229061634566
-0.570786754454804
0.11384861544998509
-0.8035080719081648
-0.39037447188376784
27.509623233483087
0.43330588450381874
-0.15467172536728754
0.02951821838177996
-0.13236257157577971
0.14076424079237537
-12.681590596881993
0.26515374307907424
-0.12095044042507302
-0.07762700585855081
-0.04443135713956387
0.029943791095135265
-306.0931111226709
26.619655675463004
1.7045006596511456
1.0359573834697544
-0.9499881676635012
-1.7295832355870073
-255.67555066283194
-2.983159056937796
-1.7580604642385633
0.5810594096272949
-0.18293412769890724
-0.09444279003856834
-55.51965166667088
1.192083414531101
-0.59716359770423
-0.27833049073392174
0.29040395309295525
0.4399583973395895
272.24841464139183
-3.5405076576461108
1.0519805101938255
-0.5688005815090471
0.25735227003682554
-0.23764787495873008
-99.8034024282453
1.2433978640782668
-0.33531714147405006
-0.049471996820847006
0.11553666736939075
0.3275656261096472
-19.936080180604424
0.54659319235241
-0.04548957256085883
0.16858191344379742
-0.07153531615560939
-0.044463552603218534
-169.96973146215146
-19.998643855842307
-0.5868974131600334
8.315915739729771
-1.821394769280671
-0.5494700679644727
99.21435164059444
-5.390925339186724
-0.4693882294329238
0.3790347734613393
-0.22482818099161855
-0.3299454968829338
-18.277737577419902
-1.5459790584438244
-0.35372875568699624
-0.042042308789387035
-0.24219376463872294
-0.41965637148514334
905.4241630820555
-25.991190199559643
3.96229930638316
4.285658665356666
-2.1977094121457097
-1.4359213762969698
22.287652866804024
-0.8931683743204748
1.6278299620954233
1.3184422141317644
-0.7045814473346568
-0.39900840652199365
30.120881455369858
-2.2974751270297626
-0.9783083924897704
0.0060981193701322494
0.0501509543066047
-0.03924698491366833
102.02729835438728
-1.1861278730942897
-0.40965720977290426
-0.17678345244080101
-0.01224794568463146
0.11712809484968531
5.0485448296879785
-0.09319652123425988
0.0025698190930898267
-0.03463903129707299
0.03636551331383324
0.03450739223504618
-7.5576128777327165
-0.16300095573780743
-0.16406517650030386
-0.067476205671026
0.04813572695189654
0.00018525314931824039
-109.09446652881199
17.927685204282753
4.873453822566213
-0.8780098669218739
-0.4185779094057254
0.5574021863741542
111.70283171703169
-1.4251078645591693
1.4727685081575885
0.8618173695429053
-0.2245012861091952
0.01222141721127979
-11.66776883645686
-0.49848146873087074
-0.4393601772778006
-0.007055208498883791
0.12721872807908197
-0.01414487576125636
-347.64303755910663
7.572792574018628
-0.1450414877960163
0.7246152138453028
-0.6533396198273759
-0.16654238864066592
-26.587275064912024
1.4567004187441648
-0.058809295517842745
-0.2298824105438651
0.08460418739662896
0.05377883321978154
-15.915058676459672
1.002458649897368
0.3461420611957724
-0.015672476040108848
0.03206829713352412
-0.007592723003253828
-356.89244638845474
26.166128609721007
5.677554960725079
-1.2749181067583235
0.46569903249157923
0.5183039797778058
90.12651879584756
-0.5910318523381454
2.122208939539767
1.1908061648678947
-0.5273579928472135
-0.1315792670397798
10.773112352907097
-1.172367160832257
-0.5544559224235854
0.016669097642402583
0.07778117741852718
0.020390494903376324
-177.938970398278
4.310075567430223
0.4547634991729687
0.5881064969867218
-0.3716120569994246
-0.06401091826364333
-6.872760486275975
0.5846117846361577
-0.2028131461784065
-0.18199545686932217
0.09939963649822171
0.07226671929337818
-3.5339581171186194
-0.019010732674463397
0.1070798397984693
-0.028895725447983273
0.010957684124844004
-0.0062927173903394055
324213.98455201066
-11509.849442269775
-239.40361245641452
-1257.7098506822847
-3199.638344538812
2388.77477008189
30056.646782237858
-65.92053249491556
830.3533774182282
1366.998764128882
380.5329640212929
-1116.1831598144568
-43671.52223456268
546.1231783833954
-1001.5438629049625
-301.2729842139616
-574.6356147885894
-119.09517335046817
-1.520407901000509e8
2.977053679611984e6
-215712.7833078578
203850.7616771815
-192122.65722402994
-12278.691452191904
5.241981629705069e6
-113301.40064094242
56642.53623670486
-2537.9357308306803
17366.055128240023
47801.24812858785
-1.8918577244280393e6
386336.25656390074
178974.98188343013
96838.71488254766
-21312.768396897427
-17902.706367384377
2.275329998614544e6
36678.26637452633
-14997.91549316099
4545.226643068442
-4806.945351989968
-6424.31089619927
28911.527932145047
-4082.9208390197437
-2128.0000400862655
-784.6492082773193
944.404321772802
879.9962486074899
107131.06739477468
-9763.33233842317
3895.264860602123
-3166.193728634027
-357.2263718234984
-9.368729977878376
3.7541893579289004e7
-707250.0040365654
10117.681249336487
-107400.85158953593
55531.453800657684
27151.41910034986
-2.883319651243272e6
-46053.413555914616
4058.247388959329
-6629.620774405668
-497.4148777037052
1961.7195045827339
366594.2476649361
-15495.346610841685
-62053.40870715459
12321.339172347683
21532.21619865318
12649.638338684877
1.7312436821372877e6
-90091.33403091828
6408.965908907452
1658.4333057564006
1148.3886230588835
431.6295418233203
402437.94165331236
-7144.082169085531
15721.13872900948
7542.563372355463
-3702.6591597684424
-1387.4311114172922
202897.74231342433
6782.369422864415
-2835.07219336166
3838.1579391271307
-1660.658403877498
-372.8342062222185
178.54100034763215
-0.5477484881681877
-3.2418697891409205
1.4149095005591026
-0.3346437826279137
-1.7212581650984178
-5.970901592491252
1.188215331139803
-0.30682826469908125
0.6196770188222114
-0.5890677224217329
1.9938714308920555
-5.563835522934647
-0.7402790646323772
0.5639256290501081
-0.5529751679417121
-0.18835293527171484
-0.08944408356725471
124685.17149180194
-1253.1237883661383
730.6582495478647
-116.74579120336767
155.6094643685018
34.58933247946777
-15132.269568289514
283.66228077218193
-97.54307648645305
-49.879953903088904
2.0996248384624754
-32.68917537626117
-6367.36594182405
166.21937026832236
-136.95842783622987
-121.12611639106993
49.31322073548315
36.312852343609165
-758.5252390405553
-25.37097428039609
7.702955869126761
4.659224563802135
2.9269923795830404
8.131733276231211
-146.51400999544555
-5.382136836879914
-0.47680997137230996
1.3896925867932037
0.6042108261773179
0.7907683645029597
-12.908345297661969
-2.481618886593465
-1.0279478168832488
2.7184315698228936
1.5850020127978561
0.31224755439686713
9457.884954248017
-255.4519588541541
-84.4539887443482
-30.653590465631012
10.225120609750693
3.6968528203030133
3530.2843898696588
-25.954491305951066
2.549920644652914
2.2533581549998094
5.225610177145756
-1.1126597897343147
160.2608446418816
-59.025990229101104
2.1974711836609226
-12.477373176217782
-7.96204895994404
-5.231673092879121
2373.9280411416617
-31.000236533292647
-4.331642426120228
1.4482278221954934
0.5685605493681505
2.1302131725212066
-251.9363164671655
8.910700676683375
-1.3182935516278553
0.9478930468747335
0.5864644260308399
-0.16241212404147032
9.17885120708783
-11.679764463957111
4.828681923023138
-0.8458759299679246
1.6706285848777385
0.03340791625021412
-68.48071218457714
-1.9848300834341197
0.41658480614893856
0.18386130276104973
0.37522644556036144
0.03469351309897874
-9.231728477568348
0.3111173957376171
-0.1916412011749305
0.08244122891963852
-0.2109647735303087
-0.4973760774587273
-1.2631749877220007
-0.37452989645724366
0.18097618155416598
0.0199701695215956
0.04765772887545816
0.0017873429870415328
18414.89557954844
-533.2697362107828
25.868393324635583
45.501548694569514
-18.437152185754055
-13.370124614990633
2437.1381407323515
13.424020491991287
48.31653159797967
20.961897872122286
-7.036471828800686
-1.6517643834288176
1615.4639003979053
-120.38817396821369
-18.533030919895538
3.7449729174211215
-4.1323670548091505
-3.645697318094981
-117.16674851695485
-4.470569293568822
0.30675843206539016
1.2862163430001534
0.3463412629920944
-0.32966676139084555
31.331646592627248
0.2294686352574259
-0.13161332019591665
-0.04055732687661286
-0.26468346526553926
-0.4868253875012776
-9.737013513536454
-0.5795936720932854
0.12460875571329184
-0.1869482628089763
-0.17478667084813942
-0.23820731261781292
-2248.784406383648
-3.818659421111933
-19.040140149945852
-0.4783125315701005
-0.9507501897498292
-2.1047021365059386
45.843520087793635
-9.945801939068097
-4.913493378313825
2.689663165507136
-2.310997114105244
-0.43740724009135223
-65.53718355929557
7.257235346765004
3.1575027245437735
-1.2556069617826575
-0.8897846530450076
-0.4379392979347559
-86.5923221191731
2.486786228970406
-0.7136936595275204
-0.41039994176136085
0.026486688406717907
-0.4223433884678158
22.110308400870675
1.5587253033265125
0.17342433525182738
-0.45352805875517127
0.06942674391942089
0.07906033657366249
-27.530875790293216
0.5269101267262627
-0.7322106103730883
-0.5221294743215975
-0.009589713900416788
0.059582374001630904
8.973175419619947
0.23900029520501997
0.10058997788290912
-0.14445052421642623
0.04912840950988559
-0.07965462762060052
-3.720363863340873
-0.13894798705924394
0.004884006087332217
0.03042202518058561
0.009181522430995296
-0.009568008678764095
0.36544409400945876
0.04362871168614578
-0.03456105461801968
0.02864917550935443
-0.038474794488524165
0.020283970531896175
-4932.927361009875
233.79762232688623
57.55448103875615
9.99434536061133
-3.220316708756872
1.6575582815462029
-176.71717723973197
-16.429138409974076
-13.096392102193718
-4.305499251559914
1.580586291855278
0.4547818953674298
-129.05567266589046
16.48169769261805
6.510340529739151
1.7914520133417515
-0.4560850864553488
-0.11015907352646727
5.563631411119097
-0.7072756060551564
0.027538786622598205
0.031620225961333175
-0.4171386616598873
-0.3236288613563354
-11.326294499080989
0.31210149886262306
-0.07913206453373361
-0.147561804503125
0.03618808666421437
0.05802986704272789
11.211836473393642
0.1613967686493957
-0.09897227387565363
0.1492540184807531
-0.136271156043843
0.006823107555504356
-473.19649215361136
7.036602118864888
-5.485257247018568
-1.9416026321151265
1.1880627700377686
0.8261342639846366
-28.445203780908283
-1.5804834624058468
-1.0813631000912411
-0.8244998421948083
0.44190684944101755
-0.04444889372977289
3.0114512345683226
1.3227236280446546
1.1358084554608168
0.7638473876426134
-0.05880686845977716
-0.04237468136277446
-143.70986078788093
3.074201081207621
-0.020153415926929687
-0.3080035752692919
0.1362787512016332
0.1210931019576721
-2.3442272199813274
0.1587884306262964
0.12757420597117788
0.05418118421165007
-0.027147584866833316
-0.008713221520296714
9.039447169519189
-0.2579667523537814
-0.015452086915954738
0.11955160623297414
-0.05366940421914611
-0.03328800911311986
-30.04761566726648
-0.056522630385783194
-0.2449804697618904
0.055459691674322936
-0.09451746818805114
-0.06042926082169481
6.3569836396610375
-0.12426613302777086
0.047615656530481804
0.024677663357710537
-0.012231836507732458
-0.006609949491316532
1.9056247838359188
-0.025980257218769596
0.03151533052674936
0.04373185471436035
-0.006926079313261049
0.0018521055353468128
1551.5844450113232
-54.808659813804134
-3.782373549385532
2.5897748265412655
-1.2767363718319773
-1.1713474477769408
210.83951732247723
-13.802706266055544
-2.7169975803687345
0.6057080577708674
-0.3546794494848422
-0.28311580034227135
-17.735806283523594
-0.16454723181781017
-0.7521237010435317
-0.4343365134753838
0.2651033189783168
0.16804181874105822
-6.686936483457639
0.04567945106600524
0.005516274900081628
0.03804695272589085
0.015383609752839362
0.00016702623514291645
8.147392042374474
-0.21316691759150824
0.02264338932756783
0.04031980418909889
-0.019954112273494848
-0.019038246562711598
0.9207228610679064
0.04749400530990661
0.09452134940360364
0.019703549586773395
-0.0005788428095867439
0.004156727784479147
-386.1433780403383
-1.2422825982939025
-5.914923202176303
-1.2330842265168385
0.08314781542781348
-0.16680048515050674
31.547578584996266
-1.5149012958406012
-0.1827003174652867
0.132783795292806
-0.08133244827186745
0.023232401497150564
-0.5659149520128305
-0.6674346475403502
-0.6601028988483109
-0.2469313645892791
0.10510010429144331
0.07357867044488546
-94.98793822205819
0.6994207467604446
-0.4781981041544129
0.20286488368243188
-0.16920022455670808
-0.10805542077632808
1.1945819419720853
-0.03099290501236269
-0.0360430803054349
-0.019939018854794235
0.0038370445599377463
0.004908236989820741
-1.6097626412052193
0.014178946128958684
-0.08611743252176032
-0.05813205746719169
0.026977796200666253
0.02447035460576695
233729.3067876527
-6945.577953678778
523.7022168547509
-1049.2110992181538
-706.0548183633009
614.2136190732539
-75618.16570697649
-22.407440670075456
56.34853669006689
220.110288394632
473.0394955646749
1532.106562496258
-10771.282366064197
218.62179125082994
-346.79953347383395
129.59171400073762
564.2013659699281
-268.8372920326228
-495704.2110962612
-57271.19465200848
15415.676050814369
6277.862258818658
5559.144552662541
-4679.59594408636
-50354.269227573735
6764.048407620584
-2448.5552567305963
-5861.0807039566025
7284.677665838039
4937.164830453402
-100875.17905967486
-6042.153966778285
-348.28558929928414
2625.65848073714
-404.1151617885927
1681.4116176709838
-249642.03970855664
8840.857599624745
-1578.1514760978353
1372.0665808024498
-751.449610684344
676.2877920910403
-56747.138384580416
-3523.0763487813783
1231.7819413639056
348.8681197346735
1868.5411770107903
1647.5621310394697
-154736.19082942084
1146.6868693081224
-652.7373935209209
533.7017259675894
976.2582226807654
344.38419832034066
388068.2736238752
9002.780710168758
-9175.123922901126
10670.29350782976
-7726.181658781311
5082.104988122155
-292395.4778625447
8884.602617628756
-7446.998366292094
-1362.0726178545585
284.28756479329155
7007.215599837882
287860.0120523084
-8815.7321951522
1969.3412968009322
-2277.789573011156
-1885.8183857239285
-2658.4815338363674
1.4512070676869291e6
-38610.32484859364
-15565.173273493558
8672.279727364083
-4383.504664793562
2236.795968399531
39156.9779066504
-1778.0690311098647
688.9307759476982
2144.3292601155986
-548.5484207320208
5571.717567372043
81520.6928038732
239.61880685725052
103.74744761618169
-573.4289607510907
599.5796653513642
1562.9798877477383
-21.485565222224572
-3.217547212337739
-0.7597965846471957
-0.09981115034755698
-0.9631533896145845
-0.21644020630819275
-1.7248575738078529
1.055614369167578
-0.12156597229663493
-0.52332236764557
0.5423645238490719
0.013871498945611804
-56.35243594357767
-0.1184227101692925
-0.018991327822489003
0.5427839588636335
0.40584962228973187
0.02260403835078705
8279.436325808212
64.1436786595214
18.615564321706646
-6.429968531179699
-13.249445192952951
3.4389108560850876
-722.5834879053575
-33.106326056545726
0.6006476856940077
8.170479957045616
-10.22002450671235
-4.389703311321549
494.0675619623372
30.497627722955553
-1.0361539162617397
0.5527312607007004
2.3870801919144298
2.7883255345720395
1099.3204101120689
-1.6299188022728288
-2.686481546979964
1.3710491810207435
0.6754086256722195
-0.43613766317032127
39.83051696772106
-1.5577743341458627
1.426293395919332
-0.7449296683775367
-1.607585974910005
0.16525237887121733
152.55443763048424
0.29390880910650435
-1.016280198748452
-0.3964727753931858
-0.3961260075574077
-0.804805102458264
838.3480846307502
22.42688740325878
32.13193176075025
16.027404966467266
7.477286183935452
0.23940781300875386
1085.4639127229054
-42.57738221346346
11.126459898630218
6.841062804757486
-2.6689966009406976
-6.9321292001043915
-503.9529602883759
-7.020325171460753
-1.8226226506398904
3.1408275557340737
4.300962738197433
1.6687221788430708
798.2386081838783
-0.3879776406024492
5.611648271326398
-6.00593974432755
3.4536120691203274
-5.758244541341545
-379.4767375073552
9.547048996656292
0.08508670273830378
-4.518508620702706
1.8665850487671727
-3.8310210541976883
-62.445570303690985
-2.1688962738082336
-0.9484227270886959
0.229415231214839
2.604048455911206
1.0919945451847466
25.38603822144541
0.40065700113880715
-0.2620945733574838
-0.09297875574084695
-0.1756186518643704
-0.10377019023886505
-4.706682908501622
0.010334324045443714
-0.0278830519196339
-0.07425192585970308
-0.009945329533394666
-0.07524254827231285
-10.37341643803042
0.09606121602849998
-0.05639808205819734
0.07311932034840356
-0.07844564122724453
-0.0573499215957828
126.99446476142622
-6.967242070474782
10.134347191319948
-0.5309306788700822
1.270832851898019
0.0846502640518445
102.09983790763619
2.785757849886196
-1.4784545439708074
-1.0829886052757625
0.9793700776442819
0.41319968312340116
-142.58363197964474
1.2166387841336834
1.036985571017061
-0.4926184183005515
-0.07950618588722144
-0.5424096028935965
-34.65059492148674
-6.043345397985919
1.232923847655019
-0.24824459077723077
-0.12548917051791714
-0.14119310964032045
57.01632209531028
0.6786093478721889
0.06880740708846395
0.009165693125554266
0.19012103207988632
-0.043619477218471175
5.175529908542092
-0.8349566576851387
0.10628769731193498
0.02705916151090491
-0.014075138411278852
0.09435238173371052
373.6827100626299
0.7105732507772186
8.16747055571525
-1.3956622663596236
-1.0490694280761321
-1.1052696585610724
62.98234902437681
-3.53718462896601
-0.34709214853479753
0.9985847450720927
-0.4456354989407693
-0.22618980549850232
43.36713815846127
0.9912916170199261
-0.9686306061812979
-0.6299102172799084
-0.28869671824867477
0.12903209110443148
390.97960151967555
-10.038526835554118
2.507270117981275
-0.13405817485061922
0.24935936350601856
0.6492974987750956
24.954079687244878
0.47956141824069526
0.4917046417598996
0.6564632010851207
-0.25475536435072954
-0.13722349625935412
-12.215435080920232
-0.08656692977437527
-0.04346571508170058
-0.11566724571732788
-0.4582017173913488
-0.4514656922287414
-4.759636231344842
-0.22087471137168635
0.11626062230826893
-0.05383773015829293
0.04362641570694634
0.08478805464011406
1.278843891633354
-0.11113757168296753
0.011245635153299351
0.01817938374417287
0.04411912260448778
-0.06911368465916605
-0.9355207630325403
-0.02970952608280294
0.023178466494649958
0.025153480490208262
-0.029954873027272334
-0.025777030859279227
452.60952964454157
-3.057977267737763
2.1156519419419113
-0.5830030270402395
0.3795096254516962
0.24503539394602156
-38.01553752007069
0.1566216798790552
-0.09032806487866614
0.017041024520887064
-0.040091187973969385
-0.06808781177661356
14.235661406195755
0.4363974965027644
0.5224758893598228
0.4383564919917721
-0.1403700316811254
0.02015851473596752
-15.281512874829783
0.28361866815374
-0.4097230482658774
0.2542339019992009
-0.14715541553828254
0.04543116042029298
-5.280637924836024
0.1090008233171497
0.11023870625971893
-0.037620089656318495
0.04641940397058811
-0.01638347777307536
-1.649536532032774
-0.24477004338098685
-0.06937603802103308
0.0641961797251749
0.01114359368638991
-0.024923396576704376
-60.651389189933155
3.0089535734420165
0.6921124091771638
0.6261134321416599
-0.1489731333929887
0.21867732763756587
-1.0186819816328962
-1.2949705195831254
-1.290117261952826
-0.6059807651485978
0.26083129568658125
0.14683112896557868
16.686552338228214
-0.9143337676565978
0.07217032950825834
0.13621619421372563
-0.08356051651110769
-0.08576013223222122
-221.09273163746994
5.762870002878209
0.9838672745077431
1.1313034189905358
-0.5458987977285369
-0.14489223276051494
-3.9063341367263305
-0.04013062818380155
-0.23273937830397137
-0.14943682585327447
0.06206979614377906
0.0901732113642565
8.043305089695757
-0.10160735920658585
0.0932316309067614
0.07806818164291879
-0.024653516566860906
0.022026622470156295
17.35818764188612
0.4029040645818245
0.1431072222254106
-0.27989157187788355
0.09512132282581107
0.027810374548457254
0.8907161761244483
0.05822547498839221
0.06053408423526839
-0.019928227772203436
0.015936267149368872
0.008629906110077433
5.081679264286561
-0.17846711780729513
-0.013514934629292666
0.0700861918469323
-0.036470135833364906
-0.02818050560024176
387.1104905924957
-7.696320255829688
2.9246766608452037
1.6026024587030403
-0.5813716757434066
-0.2783608258661804
-35.0262854940526
2.3801557208374513
0.37860158046445525
-0.25251599275637243
0.13867098146033144
0.06314049267407221
14.370918084139142
-1.4987470582166456
-0.5527529041614258
-0.03873650311777749
-0.007102945678021818
-0.04285001594371732
-23.443297200748233
1.978686577611999
0.4556863139450453
-0.31310206105316635
0.12860422971891522
0.057409309557361864
-9.803815575018174
0.21054089841840007
-0.11525092341527157
-0.13391415183151054
0.049087103588165246
0.037468591180930946
-0.9756270516122001
0.386562937273697
0.07257485825170527
0.049687541544558046
-0.019030717027213803
-0.005313251597158835
288.00202228644855
-3.3539362469510894
2.6660185636918574
0.7807524327953033
-0.19266686174858305
-0.07378692319174514
-34.72942963258788
2.2004821751553836
0.4470286975617706
-0.12629201435581824
0.07215952113632706
0.04696370418292482
-1.3461358801201266
0.07430067506468778
-0.02396636671290489
0.015064820571948644
-0.01024208292062901
-0.007983284120492293
219.59688760349766
-1.0229976265485308
2.7975285693329277
0.6705587541179294
-0.1562054098632437
-0.023307555045165178
-24.30854900222164
-0.1942615184823278
-0.7329304720539389
-0.3344523255801102
0.12602706991710994
0.04301568105058486
9.044760655941062
-0.8219253675109962
-0.27634000173976536
-0.012320966838399115
-0.009968691591688611
-0.01942346085006664
1.4644619123104163e6
-365.46746683860283
-5420.813532338665
1603.2410591652772
1128.8605082214208
308.25890364896907
-190398.46261820974
224.70135873742655
449.6373037439816
-1199.340588788256
-46.8575756556482
-818.3903654969189
213026.9607508698
-127.27102031463625
296.868646446963
-717.681365500839
-94.05161485428235
631.600024411087
-2.579114883187579e6
173151.5628147012
8719.116923519652
7029.417230192031
8447.59734214322
7104.832084252485
465883.32284515165
-53880.23234722039
5803.342994170403
4221.492202786294
-2986.0345879101374
3489.1307295024358
145548.95127857543
26584.531744676868
1492.359797298395
7687.984322319278
-6029.333316130176
-618.3445918511487
571015.1216323355
27881.612834400585
-9640.869924327508
7337.964609177797
42.517435462450024
-1917.6358865884467
-221348.63388450816
1356.9263875963638
-462.0327980444904
-456.16325596168974
-105.62977632690423
419.1595026674197
-76963.64920804842
-1924.3846653011622
886.6922425212175
-531.5446108116331
-793.8068722773683
720.7078876669538
8.620728901951665e6
-102029.55770114347
-7671.57680370196
-19096.29464046196
21989.14817700184
11230.987335118765
195448.03551732763
-16835.073058489797
-7972.450134574453
-2443.447256355212
2058.228971357017
2203.605218879339
-295232.10921495844
8766.573782828667
4393.496858693415
-3388.5782833685107
-1131.6921477067904
-4.797257823478819
-2.826120592726316e6
-105807.26985543745
-8129.2915313528365
18179.298422106156
-5893.744283074549
-13450.359450817037
323401.97975673905
-1547.550485869111
-558.5996734373256
-3266.126759801769
1906.7790073770313
-9770.934060836074
-194548.29734961828
-1252.4693068278398
2175.3380420131916
386.03593012342685
-3017.1977132706124
-3538.266582616288
-151.20142038393882
-9.612836964359376
-0.935525835541676
0.9927855063186061
0.30133966091281217
-1.9248447992902964
-25.2989024855162
2.5205749953160446
-0.5526453531356306
-0.9025116831648643
0.6421255598441641
-0.1517407683932214
5.886292860751335
-1.1539238678858412
1.1148198864493017
0.3280968517274067
0.29238905455270053
0.3172712748555343
2463.924664099413
58.963811676807275
52.54524004712266
-29.622467367424928
-14.202700428434946
-0.5930985878433195
-153.83295487542915
6.02720051281439
-14.032052356467517
-5.710601807874717
-0.9484765990408967
-6.147768073691249
-241.68286780078145
1.1743421425883067
-4.0128286680731975
5.453935211321058
-3.754127008279647
-5.424331190433898
1434.1799260306425
-1.1952757096791633
-0.0893332009130239
1.1716788823216
2.5960497591973932
1.6791571729232833
-216.82421802867427
-2.453439544450037
0.9624780740810086
1.4461574363672702
-2.307332791761503
-3.9141928568133553
84.10452084486731
-0.9110591334963151
-0.973407575517543
-0.4649650374953365
-2.4552868605254843
-1.9471962449024798
-4666.434603562229
-112.94121784888029
-100.7397028155014
10.330690968930975
-26.190272177599635
-14.309549366089612
236.2573207688626
-33.71207191593862
2.3633757918112743
3.2756752415431825
-2.7411532683931705
-2.553551438034112
171.85625192067076
6.5329234822628734
0.38213553346276724
9.008537485399831
-1.784950125530754
-1.5517065780558428
-1792.4831354595321
109.21280969671743
-5.327186434491868
-3.227959869657149
1.4164636870303013
16.13036054985138
-580.6940165536839
3.932998842108063
-5.005765349587122
4.7397765361184545
-3.4668209824843013
6.552102723780848
108.5228554857126
11.689415056447189
1.8105447435278716
-2.3732112680020676
-0.22948442943449063
0.797247205875768
-120.60258617699584
-2.7784372629235077
0.8549871628664086
-0.15065236998871684
0.1526497420801444
0.051576171265182054
-4.878863863661173
0.3239932265147201
-0.244455845967859
-0.007877440466012084
0.07812718540326483
0.040776527565988666
-4.347060286398038
0.09175287370248641
0.05130767787583262
0.04249353138804397
-0.18524680847099492
-0.1746015481774663
-115.67733134664041
-7.473122560475989
5.530813994599284
4.774503621207931
3.1746014292987534
0.5188330178318916
96.5951285557569
1.44773919414392
-0.7566986830760623
-0.5242711900401983
1.0689875059528646
1.021385637280676
70.60813612988223
-4.402186935683204
1.7656409487605649
-1.3566576364106704
0.5531315977111811
0.5234439953819697
-128.85904926485776
-10.132102724364799
3.3076558604023307
-0.897809625386365
0.030524576274053812
-0.04390856108716716
33.758773274099745
1.1250373399786235
-0.16701467419003366
0.35209752181544346
0.16717009455991974
0.3810247932477229
17.203657516097586
-1.0777001567571163
0.22448459631532758
0.17201080161486043
0.08309173668866102
0.006437099119411341
-416.9106389578323
-19.122828032122307
-9.184913144163954
-3.878882596533612
2.3170051476866727
0.38116095104696895
2.4203892215508187
3.0640116256633854
-1.338725852012871
-0.5526111377591285
0.3968728612664038
0.18623611508985616
20.686689375662162
-3.380021170586712
-0.5488471758073628
-0.9484596862267031
0.23276738269174907
0.12607070789854524
147.59329179194262
7.345853899689529
2.7341188137303107
-0.7207747662468323
-0.2609794123505781
-1.0686394192065745
219.55263375457056
-3.365060732839341
2.9209634059041627
0.7803418088902732
-0.17389465249064895
0.07962162426563572
-16.855704081537812
2.87316123673047
1.2591379127454367
0.9826668493735219
0.20188181774575248
0.3456007132940697
40.790591256762305
0.6787779574167846
-0.1643396264993625
0.017952858206954768
0.15508847521357805
0.10328710504060452
11.751467619161595
-0.20934418250321032
0.024359267007338852
-0.026774127543887947
-0.08384777417664761
0.14661544942438398
6.201037518642691
-0.03535988044498521
0.08336010169489778
0.07477250086534241
0.011932113393310894
0.017028200390137863
556.0793950738072
-1.871710063388503
1.7426919725413776
-0.6571655594347556
1.0262817282840857
0.9024969809020044
58.67902794584775
-1.903489164489984
0.7064711621622745
0.3867424252248365
-0.1008140644884489
-0.10332516623240323
-6.085209177361909
0.02492881782116694
0.3964581481481364
0.2503688220107202
-0.06365578153010946
-0.10049013347100594
-7.679942784531223
1.3581077162916777
-0.3869883081035437
0.2222997085281089
-0.011395795154062777
0.03745314144649724
-25.057124969337867
0.15272576179796415
0.1003835193974219
0.014089831754195528
-0.025821010849791163
0.018625085003582436
7.2873019101612595
-0.2439799899590558
-0.06281815382680196
0.0923984225863312
0.01260766078842783
0.014520708399804048
527.2424083367424
0.5591534044184714
4.388411701537174
-0.34778123520070886
0.8771265959871734
0.5987047413353938
-5.491879296984583
1.080645540747636
1.0035644754878001
0.3483661808415775
-0.1194437008875838
-0.030294042042365504
-3.5917022424140512
0.11641116389119852
0.04456044290044543
-0.043623267453698523
0.0754223511708805
0.046616229808553775
485.5152794544545
-4.111937845028129
6.892856587936885
2.706869078643746
-0.7902571660123763
-0.4248806562790422
-8.858029075088014
2.5596099069825646
1.4339951349832254
0.437513499931042
-0.14025738851126443
-0.17543774667053652
15.639136897840919
-2.6563899280490273
-0.9807888931312138
-0.2988128673689185
0.08358861998723068
-0.04469945836913545
11.242365251096249
0.8353743060725473
0.3878308955758086
-0.48351787664999796
0.2926138205638585
0.12945803510949838
-6.4283232496871365
0.3139253869989349
0.018383450772186
-0.030392991900406167
-0.013727404368870304
-0.0073038590240681375
-0.6724610536489996
0.04094899755575949
-0.20179125163531103
-0.09547688352128254
0.05341854066257976
0.04958805078844472
-51.069036575074016
0.614137871656343
-1.691282492209257
-1.9933372273288046
0.8340853143287227
0.3148265115673927
-5.627108360356866
0.5993865627895858
0.13986661526221922
-0.0138465482335177
-0.03043480413113533
0.0035936427838595855
17.760187875495085
-1.7794215227316206
-0.984231426998248
-0.20729739136412462
0.06376173824873302
0.031296720089958784
150.2334191139439
-1.0976222578288226
1.1474830281585944
-0.41474555382639294
0.35211957756771056
0.16750235447050976
-0.4604052082270065
0.67755080992714
0.2853838738473963
0.1073895386282505
-0.058501552744687414
-0.031702626611659145
-0.4204222356784057
-0.034984764000198905
-0.06942324706813122
-0.07966960116099106
0.0030692193098875273
0.012926347250406329
-87.66673071487976
-8.366679647180312
-7.355046336590993
-2.6485392161209105
0.9135657252522034
0.2620862508992365
-13.45060549403496
1.8777461046618915
0.8240254693120973
0.16087874177654504
-0.0652051273522851
-0.018546459437159088
10.527813846396024
-1.1215352457400234
-0.48648833555249227
-0.08155449574855192
0.04230111792541019
0.006143822734760919
-227.3417335968015
15.281071278824417
5.808588933118298
1.5455372156100582
-0.617664841768701
-0.14733611469254185
18.044314030779354
2.3058334376925846
1.8911843266172175
0.605430813840649
-0.219112675598065
-0.05795166990426305
-8.019724087899576
0.49094090437633525
0.01899069565721295
-0.06358762317142924
0.07031924599060083
0.04611983408822532
15249.47271223099
-2093.856651619455
-1039.9473625965359
1312.032023452313
193.98643252691218
1046.5567031523287
-67349.84672271098
51.57291276813731
36.28487962482081
530.6454910868778
-103.31327804355179
31.656039402071407
-32356.559442650854
-568.0632854070326
-218.37104827714856
-115.7653352931852
328.8637353711431
45.2439164683582
1.8761631626667406e6
36855.45125019492
27611.192220569417
1121.189784197518
9008.037590587597
8120.877972637068
-375657.67820950155
16232.042718945197
-3067.850265659598
-5671.589038831889
3613.6382612185043
2649.028831510886
104903.75524370137
-6263.273182922189
1578.567181153688
54.066335326279464
-1089.8173225903415
-1054.479027457182
10341.70268397981
7931.302672341974
-977.4411368873274
1325.7458130021314
1784.755430665153
2637.37143084008
-82437.55745215237
-1227.1974222154374
-1442.242356596417
-987.8562287021886
779.2099811149102
736.4372232997505
-52317.25265958622
1338.2883822527474
-253.60224696440747
128.3863506197632
-53.65098785242359
219.62277621814926
132917.86481291588
-1841.3619477630796
-196.15313711370658
-2642.762413608009
2799.9104619135906
1463.3795601516497
-48924.29127014277
1985.8363039271705
77.0646548667025
-758.989835211663
323.5710967220872
282.8285296791293
-34319.60183272742
5826.965030671229
942.3428421890185
-226.61133521765902
-284.5617353125401
-208.99331221982987
573182.202745073
-23937.537525781114
-1794.7668814606398
2078.7578650751316
-1178.1272464631038
-462.2135034425977
-49390.73904375865
630.2801946725789
-1084.7563887134409
-761.1227542847139
341.0378710404788
249.47765028943752
-51417.87392731504
2904.3418296163063
365.33494061078625
249.06139085600782
-260.85778387821074
-11.865286362713007
54.78719635213129
0.16236780080796692
-1.2471205481970808
0.4766816974659102
-0.22211223773502084
-1.9517198670629685
-12.068295774203795
0.06057737814537066
0.14061882161024955
-0.1646051290082368
-0.05553709196458045
-0.22730583131474216
12.565419488658037
-0.12571146725126667
0.2025573147586917
-0.25118645628176084
-0.10384617994146506
0.05013793482147157
865.1240664316754
181.7492662569396
169.14597827391873
61.188983493977
-33.11031235309221
-15.861684651911848
1428.2990106530126
-8.716225705395038
39.35908793649679
25.850253839482587
-12.666163491363575
-7.399688246877218
-904.9197529864133
86.89275962098311
29.974466967724037
5.486461938715251
0.7922176961778307
2.361531650607878
-209.12467857653402
-4.6679685190130975
4.609889077916726
-1.6812367258646117
0.2864973970347432
-1.7681227654128515
-15.373326685165859
-0.0745665617529801
-0.7896905828539522
-0.08379899210048063
-0.29735573171742263
-1.031267433753077
7.168721229504097
-0.9138031906542801
0.4979800705093269
0.005678503194006216
0.554927087944787
-0.28481997512102136
-471.2599340714752
9.333968474401896
-8.259376970957273
0.7682655803725342
-0.6420752097070767
0.7388596975721504
319.3683806469226
-11.6058116927894
0.8968651881117115
3.1193285337952603
-0.8842601704484612
-0.4860871984479637
14.902901881377616
-4.294791669220334
3.6939582477043933
1.4973537906661503
0.4990199053142405
0.42826922572571063
-668.8599570675052
7.688838346272551
-2.4391768118243786
1.029579756132917
0.11112809465373497
-0.34753099810123256
-4.523379658266572
0.8336627341480507
1.7456039485720867
0.8662515732290988
-0.45642133048420996
-0.4688962984858018
70.91582054633523
-1.249941803451613
1.375976350914963
0.6898408749201427
-0.12692405777739832
-0.21306400050616164
-8.070476088559705
-0.42558661818253435
-0.028162411277233634
0.020779567567866874
-0.04716302314074485
0.11238587256129617
4.049215925010528
0.14148629267738044
-0.05540292453955629
-0.014578098854016723
-0.05216964393405361
0.04483693213653612
9.791189599550925
0.06420932004798603
0.02783578290700882
-0.013887918605214445
-0.0021408419543831555
0.014343071534967321
51.3349888763697
-58.52339755735237
-26.59932760818316
-1.7255580330285925
1.0018355177403853
-0.12047479460932899
152.62084265005376
-15.737053776247222
-7.565397072989696
-2.362894656397825
1.009585343210914
0.4963268041977474
231.2498856476408
-20.482409162333894
-6.969066416430787
-1.0823423188480767
-0.15450071803157508
-0.4327039945646702
0.7651070350271422
0.8077608615695729
0.06866319639272987
-0.1016139971767286
-0.28003285397243033
-0.1783994469356613
7.249058681978221
0.10090355246915912
-0.07333982674036912
0.04226956169343497
-0.07884466085849533
0.10280684560904182
19.013327125785196
0.05038980714395545
0.023794084479730734
-0.020878345409690954
-0.14302148971203998
0.025158688676451133
-21.580460265146755
-2.6728499601544327
0.4838795907136462
0.6238255999285972
-0.5442784442300134
-0.5470913691484347
-25.21466690035163
0.13935988091850895
-0.5733519729550662
-0.43514604777021315
0.08775117107961948
0.01879976673150404
-3.3028859668582498
0.4045665282617488
-0.7421429328192858
-0.3085251375969386
-0.036354094332685445
-0.03746737926996909
-93.02253602841614
3.7883240928170974
0.05624459177395929
-0.46751272319166803
0.09691171815244384
0.08486419268202909
18.306487550114767
0.5215193426879055
0.4950539905156482
0.1732854607489337
-0.04366105909295336
0.03270639056655107
-11.79693124961497
0.3556670231397134
-0.11729117213153799
-0.18650605209057408
0.0880713298494688
0.06340896491657795
-8.991928342497815
-0.164381889869873
0.11508315881930807
0.0018589086723933984
0.13409261927406607
0.10739612725915762
0.5262536403779504
-0.07389166166170325
0.006581472267400819
0.013792988975024139
-0.005285282997274051
0.004178109094938618
-0.05113060450183016
0.01574890506573845
-0.010212867991731371
0.0033504131566074714
0.001617898850709849
-0.010342582736149594
-940.0504721643447
38.33507280931646
16.611611145571956
9.24005838680657
-3.9880200654927966
-1.4507784976708487
57.25474001845526
-7.833404938338575
-3.1436396925120325
-0.4688440806823313
0.1366021371977411
-0.01597954992648572
18.541052111877267
-1.7644346768289434
-0.574279046622797
-0.03890426534702976
0.002117743818160464
-0.01575286429442886
-42.977375684840176
-0.2437853660898392
0.06232194590157447
0.24855628110650477
0.10064986361364131
0.08105341265647213
-3.3461641599969014
0.10344666882770244
-0.0031139562216949412
-0.06617216987493832
0.04018888630565993
0.02550513921214792
0.22955781465663053
0.06984935397912494
0.006322786520243819
0.018432093670479
-0.0037959035762282923
-0.008089568030062808
-278.58208774740405
5.159933889503875
-1.8087271638857227
-1.0830422650128015
0.4495151932894391
0.20673570600694563
-13.89564981651137
-0.3125917906212069
-0.543003449430119
-0.22481065925126179
0.07804533560327526
0.031139283237457547
6.608408348765049
-0.21869534090148282
0.0025174138099227526
0.057841460105042264
-0.03126970339410031
-0.013189034201828164
-7.633193713299145
-1.2597098692374393
-0.42128870186110695
0.18623673833312232
-0.10628519175834418
-0.07323968510992669
-1.3942104237244042
0.2678590785252702
0.16408824410084155
0.026589212417393083
-0.010208521478476888
-0.013036110297830845
6.058329073352703
-0.3191135379714893
-0.044777071527282455
0.04991721765107196
-0.04235748251172424
-0.03139141367385269
-5.021598729733589
0.08412744736067167
-0.04117409363169754
-0.003908101718656854
-0.0015877198866724664
-0.00893758851765515
-4.369290048487761
0.0688956862000159
-0.006334426096623437
0.007586279048842254
-0.01254587178657055
-0.005182090932151961
1.1488345021437858
0.030361540935660746
0.03133603638850691
0.009716060840365163
-0.0014480235506999846
-0.0005011629917512839
-45.21431862521118
-0.4664834628437793
-0.8963326745367843
-0.3201621993774364
0.07069044775379188
-0.006445040501305753
-3.273884910055743
0.9618994848686492
0.5079123863729686
0.12526208816818207
-0.05619718778348866
-0.01482636022762084
1.83763892495145
-0.16351719517311153
-0.11888463428405041
-0.028664705618383805
0.01689279490013822
0.006561638678473336
-15.38045511226048
0.10883201281140514
-0.10623598469568199
-0.07033782781126355
0.005904494195302839
-0.020438216710508876
7.4004100607643135
-0.22848103372567827
0.03364266932707103
0.04671507001468793
-0.025213471134052354
-0.007367341220515784
0.24684584041205562
0.14958100276638242
0.05610778098491103
0.017652431018929396
-0.011140741846791136
0.0019880918748864823
-144.9483393984648
-2.202662939580927
-3.9053656727507073
-1.2962298304553712
0.42349324272674604
0.1219153491425788
-2.5707024353255146
0.24551459760570615
0.10738451735069367
0.02577671972401134
-0.013491022065210795
-0.005096465525668594
2.259022067841879
-0.2580141405918344
-0.12996374749846543
-0.026902346154179118
0.020075025521431433
0.0061997229689650275
-17.258684216547948
1.6300279513877336
0.585790720036266
0.009704160370883314
0.02208911388353913
0.02671276726127228
-0.05436967673452769
-0.10455952747143171
-0.06318343784145582
-0.014127022437678672
0.004781558661285514
-0.000788956467458743
7.063246200574809
-0.5735640928427416
-0.16948339414863053
-0.004278366849518963
-0.0008334073479999258
-0.007494629617580751
42070.13760790087
-6694.35885068898
-133.61570720698722
988.4151477843817
-204.557564061761
-241.000514761477
55383.224234377594
-155.0781033046383
421.7381692116349
110.34149710676007
8.551796116881839
442.01481959549557
22952.888137034373
-381.0031239311472
-167.20824729124902
-11.434570249921652
34.767132313612464
245.6313931637441
-1.7104833214481878e6
12915.419954549785
1692.514519799336
2705.173055349738
-3425.2881838553726
-3024.1013071350762
-75538.24325509256
-8387.831817960374
-2717.2179169869896
397.6945791129964
-951.1722688928971
-129.97721385072393
274826.5351802229
2640.861673247833
1559.4369404679192
3144.466147467642
-2471.629447804763
-473.1677854576026
-362472.7032050464
4824.2210397681765
-4607.333242990599
1553.3982302760012
-1066.980054578505
-252.824098719407
-111878.92069190081
2022.1068085188128
143.7776641802951
-313.80178666208707
352.2011657037815
725.2512617898914
11303.7220899209
409.1678969941718
-357.39030958205996
651.7779715396657
-1027.849752160694
-209.0553213804425
87292.85734251421
-3263.1646433477235
-368.4855394006775
-906.2883153054851
-935.1083291895359
-262.6159272765531
-184388.01419605277
1375.2625560117617
-1193.6703443142837
-612.4729884493473
122.40312714641769
79.62538062603271
-9805.675959513377
3167.828058009585
-386.85473627594286
590.8439314781059
-541.2037313601777
-215.29719403275945
-972419.5545398202
-942.4148741265543
-10453.656588372869
5343.7586416709255
-2409.4380498386595
-845.7097009068532
-111446.10384018891
989.7622001883276
-2326.1725242338707
-1373.074241916096
910.0119353822589
562.6997185931157
-94115.2466553873
3399.036456960252
1474.7648684881663
-362.60844563232604
239.01735009100648
125.07492714564518
-32.577711096000655
-2.7801273528954975
-1.3049897390031946
1.4346685444799399
-0.4040544154753322
-0.10991593445596425
4.296275862728508
0.39305103793125895
-0.08610577187409568
0.13500910835157576
-0.14089560880535534
-0.41517060847002873
18.390684224762797
-0.39147813848006346
0.32557898037634053
-0.3713607446565227
-0.35152833181146137
-0.19028678205367655
-269.688125797902
-7.204064793555632
-12.94862279114339
16.277235207812403
-7.20248423871374
-1.424594838800776
390.8877581797322
-4.801491994985976
-0.7507703666078775
-2.7335700565193743
2.8253088084052034
0.9532635296760722
-371.8829741101151
-4.16927004374406
0.051611505666208174
-1.916031430883049
2.0619902891579263
-0.12179528954613708
-683.8066457631033
-16.011739787350532
0.4516139306323976
1.4135239701824498
0.17210743837971565
-0.6997386980534426
116.9419058515219
1.6646649865785028
0.6303420900692338
-0.4163344873094543
-0.5095259164838019
-1.2433129105806713
88.13968173962914
-0.6861322544400184
0.6269068944415797
-0.02687386717034684
0.8433610265429218
0.23127676989747672
-1851.4136977306619
55.54919716815837
0.8338412271419415
1.1121823142888785
2.5615793990759883
0.980204443240328
28.10497792039811
0.8756631050013668
-3.050375655515047
-1.8067830946494958
1.0047938181122222
0.42267206169682847
32.941886178258976
1.0014367308226793
6.030708893656348
0.7893279395010745
-0.13219003232903048
0.07550247879170924
-535.0341009490772
25.630655591135547
-1.8194689232123624
-17.658293147101404
6.8751100803290015
2.499068184508747
245.09059911465403
-3.7364550384374473
4.21025472420902
2.9905100559219018
-2.0851601732344034
-1.2627366016367665
226.9794200152025
-5.6117916310279785
-1.4606509714752987
1.6430844713276571
-1.0142028177554188
-0.41098648235932606
-30.072426632100445
-0.5977259373824979
-0.009251418110231783
0.031029888708637047
-0.09740702971368684
-0.10460339008482199
5.219867763172079
0.03908581404340537
0.016059879557390227
-0.05160031201127178
0.051412172366791256
0.03793345888787901
4.61267610324577
-0.03301911242680249
0.045332552290296806
0.035932842925354674
0.0020697831235440838
-0.01728790610624866
-252.0779519982997
1.6636791337677024
2.863514020273405
0.8201517779855281
-0.11248624807825068
-0.4222610427994014
-69.62725000338352
1.2702820286714938
-0.5409553641721947
0.20078943884885192
-0.2522869123620362
-0.17145783412643878
-4.96094979644024
1.6091250241375812
-0.22523913926403183
-0.6713074684615091
0.18839683352272402
0.2383002762032151
32.042698912204195
-1.2986899417511255
-1.089130464948253
0.5902243414267566
-0.4687024338964743
-0.268543829557626
-7.276142665465001
-0.13383615620247932
0.07061592021648008
0.23501821317441826
0.01718539499974168
0.15739247526649228
-13.809328689956596
-0.1583389932297668
-0.009222943401670023
-0.11193005629832271
-0.04427733986112961
-0.03070910415709789
-138.80383522634693
7.4668525845496525
3.683937233856365
1.0053695958514295
-0.7948251813032601
-0.24609896416008784
42.36105823509316
-1.993623401839041
0.13104403356538039
0.33530416903264887
-0.17683705080007064
-0.08019016775664752
4.314301807887839
-1.391563407709975
-1.3475775766569458
-0.30065277922961375
0.10878027661472804
0.02089703232172929
-764.4744990490401
8.15526358746392
-4.306976166082519
1.816746464276714
-1.1369757552199302
-0.5551084647231378
-78.83229202981703
4.667300460988182
0.714929006997803
-0.3957323854913006
0.3038233698636277
0.22739398436914188
-13.335320857144302
-0.5859933312571362
-0.3180844883771785
-0.26673990708822093
0.13471379850241555
0.04591139069701733
-23.031215436712284
0.49478284082633467
-0.00010475558545184358
-0.06712227937177122
0.04045716096289036
-0.010476203324460684
1.694192514565076
-0.03934271643500585
0.02661567363255845
0.02144965087201634
-0.011661415659823508
0.014895860932128227
1.2869351432085419
0.0919806262386598
-0.015463389481806346
-0.040885067409301076
0.022501435209710274
0.022518065385841463
195.26184738884106
-8.32139501795733
0.6256021799197726
1.8827395400461753
-0.7804405612795495
-0.481394579965036
-25.154218482857594
1.8131341540425459
0.5026011053955345
-0.021973993146304577
0.03712165145866037
0.021078020237746346
-20.035061609230915
2.1779111257056525
0.8259405246532464
0.07052668946146835
-0.001999789926388966
0.03497100120359344
94.5000940812387
-3.8003147197133202
0.07190896128146626
0.45238769768296216
-0.05060290322570868
-0.0464766611883825
-7.144945688768401
0.07110357868278078
-0.15660362596992244
-0.07929265870175561
0.02951777199206892
0.01581987983491879
4.95650832895245
-0.2280941181305574
-0.04484766255582166
-0.03900442327731459
0.016481085612369478
0.016640933375795548
188.4055741199287
0.5250234732376707
4.511520727464166
2.006590688693506
-0.6971860460879716
-0.27104280979874495
-2.2152845752182766
0.7859001646266971
0.4604998163749473
0.13794308967381666
-0.05345997230064059
-0.019000227884201915
6.350313113006395
-0.5518601990418345
-0.1299710818123492
-0.007162838364314144
-0.010849522356187774
-0.015036043864976353
186.94261961897803
-1.6634947033130036
1.096880819781807
-0.2300540942192215
0.2403153926331195
0.14605961237154624
23.25063015788676
-1.0929586017426842
-0.10153134990176363
0.10027144134611232
-0.0452013811629466
-0.029861278637013024
4.302286261598736
-0.20455132418590727
0.008837485298315401
0.031035894287900555
-0.017996158671116244
-0.012011944624473001
-5.355179875512615
0.09807704268790698
0.00897166538534243
0.01022935538482104
0.007414912127925405
0.0019196790976721643
-0.1186508469263179
0.04975720641484634
0.044047431453480834
0.01093748774458277
-0.007183978563662918
-0.0026600158109911873
0.9943576094127855
0.0019027335057045722
0.02010638808673767
0.02732985679032351
-0.02236963277547253
-0.012075003137388626
3.6937330954176537
1.3421092175330338
0.8296283995731939
-0.057376907863245445
0.07731676677956964
0.034916116024283204
-12.295006021792027
0.5103255391367525
-0.04527541861643398
-0.08825472767044287
0.023170551119875815
0.023150491960375136
12.004082244778902
-1.0272057892006163
-0.3997206419816119
-0.03547603597181367
-0.008653141886943163
-0.003299744859677523
40.35932453794471
-0.5163823124036776
0.2285761514778839
-0.1050121939426898
0.055799462073182884
0.017605804356807087
4.075930949330113
-0.058514415307249545
0.04481136718578
0.028610770538071022
-0.018691301458571778
-0.0045505906054546
1.5761427307804121
-0.046000262805880016
-0.031026449910924892
0.010696817521270207
-0.014530668388442502
-0.0022972787594334387
8.716786379421611
-0.6856545561755805
0.5262479029259677
0.5698004769018786
-0.24029312022270793
-0.12349488937336815
3.196303308991661
0.35330862442785205
0.3009086594462646
0.10571920947843065
-0.04543745107689411
-0.015391874051670919
5.058198545056645
-0.4020334131509937
-0.12533439192901974
-0.002366324242996646
-0.007714538928198055
-0.004902575106817627
-69.23625425350895
0.4137778875996269
-0.7911549370036368
-0.19573998032768597
0.04910194478482099
0.009853685527305029
-2.3318554324000007
0.17692042286583104
0.06907252171580244
0.012921217046214512
-0.006508161432473935
-0.0030775036440122885
1.0157814805296068
-0.06428659074945417
-0.019126964884530525
0.004569572952335459
-0.004310089174758073
-0.0028540934492170887
