-3129.6402208643376
-1564.9071478140181
0.004115391544355409
-0.02016216463789078
0.11776099820369032
0.005545978681415178
0.15458439771021476
0.17413261360866675
0.0894623254139595
0.020353073121753038
0.2104887235973904
0.23227800237358423
0.12317868087286998
0.11857467985741896
-0.006836546340369963
0.009279542978398623
0.22998842327015612
0.15421950685283686
0.07306568495814425
0.0944997362904809
-0.03979774139330391
-0.0006626345260232759
-0.00845416186943597
-0.012193207662825273
0.005729017762948254
0.12419414288799754
0.08927455080262944
0.09671868120795793
-0.018903937472001274
0.012770224596511443
0.00830733021766956
-0.011674461588126055
0.030919730001165657
0.0002522070391835801
0.0070644924954887025
0.0851651891778543
0.030119686296731694
0.06318383070367699
-0.026211509959568783
0.004286548533722387
0.010728034782921341
0.026998208349790186
0.00464727629622434
0.0039648534174956925
0.006953495646512331
0.019115619418668097
0.0091219911212225
-0.0029133323266215118
0.007688129489996674
-0.002724989070361365
0.006712130824777789
-0.009693363810070278
0.0036265135271412534
0.0008572786576392376
-0.0028689987716720503
-0.010179275803886287
-0.0016987378715107846
-0.0036494831405809495
0.010029765820797586
-0.28559458636544083
0.007470374784903929
-0.15279525005771755
-0.0640036731911067
-0.05719179187305746
0.00654714898116276
-0.11806627061685514
0.10520974795577757
0.17237074389313364
0.17686352141604347
0.13703905271160455
0.021296984242122993
-0.06381497219318062
-0.02912506390499574
0.10695526450808407
0.18435511554602374
0.08837470722659208
0.04668335892247788
0.03124669441485434
0.017654590147431086
0.004846723238405447
-0.02032113818715101
-0.01399768313215443
0.04387174729286177
0.07628107649026226
0.017926853912176355
0.05147565315391979
-0.013859202174841967
0.03263234231973688
-0.005166982604339031
0.004181562916946416
0.009447050704914977
-0.0014126044220745479
0.012529088394454728
0.024841680743909404
0.017072999469020623
-0.014075586536660285
0.03841226914827372
0.001984903596789488
-0.0026430793772160236
0.0010283203436693208
0.0006369878426120043
0.007369907506387751
-0.008780747775932895
0.014599715013183379
0.020205984748659363
-0.001855133061123129
0.0040004653929952595
0.0014622943519396498
0.006932395682120793
0.007817330062620101
-0.013064184512472272
0.0046532385117383866
