-3131.231653052485
-1565.8736988202636
0.010947726974401101
-0.0055138824178255835
-0.23675331842385477
0.0721930451930036
-0.033683246862266085
0.13349621307418547
-0.035974435169512105
0.023794936770744467
0.40757224324858055
0.39021885716541416
-0.09740977225376331
0.22064924213205062
-0.08607715797425419
0.0031742960325491275
0.12748090285264646
0.1978322602852891
-0.02964212795297624
0.11502356363877853
-0.014112348888773366
-0.01151853468975372
0.004723053934347234
0.03808170051582488
-0.0009287449265363313
-0.037992453686340986
-0.05162197642899485
0.013232628857619813
0.0022612721451491843
0.018319915009150686
-0.011377133216958907
0.009454285198686055
-0.011221677172141783
-0.07418597398200971
-0.24615842248525957
0.01900009799660769
0.07564283507185539
-0.009579024316020084
-0.10028853195800773
0.04626094523981764
-0.2470553974181958
0.075710769675319
0.04684549234054834
0.10982715331777922
0.09817783940867339
0.03322309349724808
-0.08422460476589212
0.000899178376181284
0.04083812340020591
0.10848539870980843
0.013487360748453147
0.0006971104079383099
0.01194669322032033
-0.03040479349769967
-0.023200153846496097
0.016034220840253716
-0.0010895791550940529
0.0008980182945687239
0.001769106832646695
0.026007410604084784
0.009369769278138866
0.004506221054514847
