-3127.360075261472
-1563.976613462873
0.0037381614093935623
-0.016646353908852527
0.09854223077974295
-0.006425694094691176
0.1311496235152459
0.18778324749210717
0.13757060824894576
0.02737777152462112
0.11599904276977525
0.24270597537958766
0.12424361447583133
0.11808900511528155
-0.006208575167116097
0.0031885288658658633
0.15177645549274435
0.14015799661867134
0.06118329536112053
0.12104146642362745
-0.0130800919748822
0.023001310063411207
0.02231290160462122
-0.019173540182410874
0.0028099225738703318
0.045412829389388766
0.04362912575146355
0.09909548384355645
-0.0026143547167562934
0.01637896680422723
0.051030277846970326
0.037603670161296156
-0.01963664875376396
0.05443597411659604
0.008057275853448448
-0.0038820189607557784
0.004715580612425293
0.06542160680674737
0.022729571040820025
0.06655250833650579
0.01700668006242284
-0.019360991212547935
0.026600889921147706
0.03399420034531919
-0.0005034629343756352
0.0533213030047249
0.020478163136433043
0.007102521059381104
0.006844525980090553
0.0033829957927071805
0.002105233023032653
0.03167151895459601
0.021963162691549267
0.052250670812219305
0.02470849146923194
-0.005551384877070248
0.02033272609512555
0.020833010363502522
0.0006424686645590171
0.008369529665957312
0.011601113130675468
0.004974503536079393
-0.007258093873370822
-0.001543732369342182
0.004941929775401254
0.011249161348009446
0.02002338398081259
0.02769801126885163
0.0037447828651892856
-0.0005079192897952759
0.02057409641476944
0.002633785277952902
-0.005074003972662687
0.0005016541786621008
-0.002838851116475484
-0.005597455077017806
-0.0040934019153221835
-0.00010625046269529649
0.009032152981864841
0.016571317351665296
0.014331922723178318
0.001316377970599335
-0.0017662684430881576
0.007276901737362945
0.005944441217330101
-0.00026990514804131876
-0.0004391786162795819
-0.0001584985226337965
0.007662702546328494
-0.0008938919464357447
0.0011092088177720508
-0.005170529646725856
-0.0008764423503473647
-0.0002625928481359095
-0.017921833948183183
-0.19273238706205348
-0.013239867851587634
-0.3407668039440982
-0.07753505184193213
-0.06855646100167992
0.003436870732790502
-0.1868952660868855
-0.01708386905702887
0.1052084600813632
0.09965129918207238
0.1153311498337999
0.016181336989416494
-0.07141089656285933
-0.024940979914643887
0.06347007133451114
0.10574053916640626
0.053999285360096426
0.03401708405139935
0.020373241745952272
-0.0056104659792059475
0.006373255573136298
-0.01875009948339899
0.018192416962542875
0.012651368965485053
0.040322903558378816
-0.020194065638382806
0.05759388436850877
-0.05290122555360699
-0.00657311182154208
0.02253201682700571
-0.03609425458519888
0.006176701475188004
0.0057335369825493795
0.04634656393790854
0.043478818684980484
-0.013272009434180615
0.030906454829357798
-0.019810198988464672
0.028159626710976358
-0.035847967614423284
0.007390429140210882
0.021792684726172327
-0.03424892814919211
-0.006879451907588471
-0.011763515825173805
0.0013951485427226415
0.004410889551600546
0.03466988942768392
0.05055587863642128
0.012772995557200899
0.017478229366891303
0.005763884011494603
0.010628951796814183
-0.011005800302403362
0.015112233770181916
-0.014317836010295923
-0.026840556112754974
-0.019458903790947342
-0.008462015322295643
-0.008453283400323293
-0.0005626348170682073
0.05298737779034229
0.04020001230975169
0.0026230094142487685
0.027636471727972158
0.010549467988452623
-0.00031568808716870417
0.013591974377311697
-0.022240500940820706
-4.271273154656614e-5
-0.0076889792803942324
0.0034375541876991286
0.004479726996017998
9.56173931385529e-5
0.019240119814588067
0.02654501254782694
0.005989699296690036
0.005693288784985019
0.007541052743473317
-0.012721972035353154
-0.0031132923933203786
0.001592670184136313
-0.0015774866496576258
-0.0006853951679186156
0.0023328887767615865
-0.0013858371154485633
-0.009015135026190169
0.0021900073634327417
-0.00065998421952763
