-6243.076591734857	-12486.153183614832
-6243.270953034451	-12486.541905929596
-6243.633745124507	-12487.267490249014
-6244.123670021529	-12488.247340043057
-6244.698916033002	-12489.397832066004
-6245.332001419756	-12490.664002839512
-6246.0119608497125	-12492.023921788386
-6246.742267209022	-12493.484534335612
-6247.420954174818	-12494.841908284883
-6247.965384856521	-12495.930769713043
-6248.350758454065	-12496.70151690813
-6248.572454206793	-12497.144908413586
-6248.63473732678	-12497.269474654799
-6248.552467958261	-12497.104935916523
-6248.352141364103	-12496.704282728206
-6248.0686273128185	-12496.137254625637
-6247.739228879667	-12495.478457759335
-6247.397824457583	-12494.79564895346
-6247.071373902439	-12494.142747804877
-6246.778674198802	-12493.557348358543
-6246.530883737226	-12493.061767474452
-6246.333140586791	-12492.666281173582
-6246.186637851069	-12492.373275702137
-6246.090837829059	-12492.181675658117
-6246.043634451059	-12492.087268902118
-6243.15907685405	-12486.318153852699
-6243.352731583273	-12486.705463027754
-6243.714109084003	-12487.428218168006
-6244.2019422052435	-12488.403884410487
-6244.774525292243	-12489.549050584486
-6245.404622233849	-12490.809244467699
-6246.081695320879	-12492.163390730362
-6246.808570694421	-12493.617141306957
-6247.482714485823	-12494.965428907348
-6248.022290819576	-12496.044581639151
-6248.402899521184	-12496.805799042368
-6248.6195774091375	-12497.239154818275
-6248.6764227889935	-12497.352845579728
-6248.58871012681	-12497.17742025362
-6248.383634132063	-12496.767268264126
-6248.096639426087	-12496.193278852174
-6247.765224341907	-12495.530448683814
-6247.423071756672	-12494.846143551662
-6247.096730531998	-12494.193461063996
-6246.804565398561	-12493.609130758143
-6246.557408178408	-12493.114816356816
-6246.360212763391	-12492.720425526782
-6246.214104858089	-12492.428209716178
-6246.118551712831	-12492.237103425661
-6246.071464678587	-12492.142929357175
-6243.3204943408255	-12486.640988825204
-6243.512719410813	-12487.025438683882
-6243.871244869637	-12487.742489739274
-6244.354881288137	-12488.709762576274
-6244.922151769092	-12489.844303538184
-6245.546317356164	-12491.092634712328
-6246.217677015425	-12492.43535411875
-6246.937650127633	-12493.87530017447
-6247.602670815892	-12495.205341568451
-6248.132399665973	-12496.264799331946
-6248.503582452966	-12497.007164905932
-6248.710215483062	-12497.420430966124
-6248.756205311124	-12497.512410625
-6248.657752628773	-12497.315505257546
-6248.443467749093	-12496.886935498185
-6248.149890732584	-12496.299781465168
-6247.814828217281	-12495.629656434561
-6247.471503012794	-12494.94300606393
-6247.14560863016	-12494.29121726032
-6246.854645826095	-12493.709291613406
-6246.60881490469	-12493.21762980938
-6246.41272882075	-12492.8254576415
-6246.267402650954	-12492.534805301908
-6246.172329935127	-12492.344659870254
-6246.125466721373	-12492.250933442747
-6243.553883475678	-12487.107767093314
-6243.743918751147	-12487.487837366165
-6244.098097031577	-12488.196194063154
-6244.575382912629	-12489.150765825258
-6245.134680451545	-12490.26936090309
-6245.750008451918	-12491.500016903836
-6246.412873861923	-12492.825747810693
-6247.12231241153	-12494.244624743875
-6247.773027578793	-12495.546055095852
-6248.28838042268	-12496.57676084536
-6248.645625701373	-12497.291251402747
-6248.837173478206	-12497.674346956412
-6248.866976892497	-12497.733953789233
-6248.752836485164	-12497.505672970328
-6248.525497348452	-12497.050994696903
-6248.222993009697	-12496.445986019395
-6247.883387150212	-12495.766774300424
-6247.539053301178	-12495.078106640656
-6247.214333209269	-12494.428666418538
-6246.925445645775	-12493.850891253081
-6246.681704126504	-12493.363408253008
-6246.487280741002	-12492.974561482004
-6246.343083284695	-12492.68616656939
-6246.248683900482	-12492.497367800965
-6246.202127740227	-12492.404255480455
-6243.849108028335	-12487.698216196433
-6244.036124640841	-12488.072249147754
-6244.384345709502	-12488.768691419004
-6244.853001878647	-12489.706003757294
-6245.401568145826	-12490.803136291652
-6246.005090769604	-12492.010181539208
-6246.656603147827	-12493.31320638108
-6247.35145543912	-12494.702910801272
-6247.982237057013	-12495.964474054277
-6248.479490710576	-12496.958981421152
-6248.818413721963	-12497.636827443926
-6248.989858036121	-12497.979716072243
-6248.998398659842	-12497.996797325868
-6248.864273083011	-12497.728546166021
-6248.621019478622	-12497.242038957243
-6248.308350093659	-12496.616700187318
-6247.964299506139	-12495.928599012277
-6247.619849038729	-12495.239698115594
-6247.297452034605	-12494.59490406921
-6247.011675295223	-12494.023350552427
-6246.770777893371	-12493.541555786742
-6246.578478317944	-12493.156956635888
-6246.435645627577	-12492.871291255155
-6246.342022098338	-12492.684044196676
-6246.295806937054	-12492.591613874109
-6244.193059045512	-12488.386118227885
-6244.3761154662325	-12488.752230801432
-6244.716568897747	-12489.433137795493
-6245.174068720958	-12490.348137441915
-6245.708896160388	-12491.417792320775
-6246.297409207302	-12492.594818414604
-6246.934428045781	-12493.868856175173
-6247.608712089272	-12495.217424104503
-6248.216139571085	-12496.432279084682
-6248.692030740454	-12497.384061480909
-6249.008343862924	-12498.016687725849
-6249.154833662709	-12498.309667325419
-6249.137608376923	-12498.275216762342
-6248.980261813729	-12497.960523627458
-6248.719604570681	-12497.439209141363
-6248.396902352181	-12496.793804704363
-6248.04959798147	-12496.09919596294
-6247.706600688104	-12495.413201414012
-6247.387949741728	-12494.775899483457
-6247.106295589738	-12494.212591142008
-6246.868808822184	-12493.737617644369
-6246.678854338511	-12493.357708677022
-6246.537405192632	-12493.074810385264
-6246.444502769735	-12492.88900553947
-6246.398581159532	-12492.797162319064
-6244.569721176696	-12489.139442486525
-6244.747711328661	-12489.495422529984
-6245.078286797109	-12490.156573594219
-6245.5217200046245	-12491.043440009249
-6246.039392502043	-12492.078785004085
-6246.609288733676	-12493.218577467353
-6247.226703513468	-12494.453407107982
-6247.876167931994	-12495.752335793022
-6248.458562307271	-12496.917124559564
-6248.910116866162	-12497.820233732324
-6249.199704045641	-12498.39940809128
-6249.316883209731	-12498.633766419462
-6249.270443998661	-12498.540888008361
-6249.088175808489	-12498.176351616978
-6248.810313245634	-12497.620626491267
-6248.479164878033	-12496.958329756066
-6248.130755912393	-12496.261511824787
-6247.791181100837	-12495.582362238943
-6247.47764194997	-12494.95528389994
-6247.200787916384	-12494.401575795922
-6246.966841198151	-12493.933682396304
-6246.779037440289	-12493.558074880579
-6246.638662457154	-12493.277324914308
-6246.546207345489	-12493.092414690978
-6246.500423645146	-12493.000847290292
-6244.960178231893	-12489.920356592236
-6245.1317942577825	-12490.263588392849
-6245.4500187602	-12490.9000375204
-6245.87602161261	-12491.75204322522
-6246.372221113383	-12492.744442226765
-6246.917337819166	-12493.834675638333
-6247.5125637308265	-12495.025127540239
-6248.136203039851	-12496.272406011878
-6248.692342295661	-12497.384684539058
-6249.116813192182	-12498.233626384364
-6249.3760090572305	-12498.752018114461
-6249.4605433596935	-12498.921086719387
-6249.383075948233	-12498.766151910124
-6249.176139849855	-12498.35227969971
-6248.883083972192	-12497.766167944385
-6248.5463518161405	-12497.092703632281
-6248.199551240951	-12496.399102481902
-6247.8652883897175	-12495.730576816019
-6247.55772052512	-12495.11544105024
-6247.28565908091	-12494.57131812553
-6247.05471193169	-12494.10942386338
-6246.868318688733	-12493.736637377466
-6246.728322008965	-12493.45664401793
-6246.63580251878	-12493.27160503756
-6246.589889785856	-12493.179779571712
-6245.342931020956	-12490.685862164471
-6245.506500203488	-12491.013000290148
-6245.808899809356	-12491.617799618713
-6246.212132176735	-12492.42426435347
-6246.6811326577645	-12493.362265315529
-6247.200091978497	-12494.400183956994
-6247.774871588931	-12495.549743254265
-6248.371698787453	-12496.743397510265
-6248.900593778775	-12497.801187508165
-6249.295621439543	-12498.591242879085
-6249.521709573321	-12499.043419146641
-6249.5719243433905	-12499.143848686781
-6249.463768650519	-12498.927537317173
-6249.234575826875	-12498.46915165375
-6248.929977064946	-12497.859954129892
-6248.591329162495	-12497.18265832499
-6248.248813523143	-12496.497627046287
-6247.921105147571	-12495.842210330968
-6247.6194341437895	-12495.238868287579
-6247.351219834016	-12494.702439632143
-6247.121962796968	-12494.243925593935
-6246.9356999605725	-12493.871399921145
-6246.795056102352	-12493.590112204703
-6246.701785218222	-12493.403570436443
-6246.655403826878	-12493.310807653756
-6245.691099928073	-12491.382199971244
-6245.844609131919	-12491.689218154246
-6246.128091288018	-12492.256182576037
-6246.506098308774	-12493.012196617548
-6246.947601379623	-12493.895202759246
-6247.441748485113	-12494.883496970226
-6247.9986961883515	-12495.997392450858
-6248.5673461528295	-12497.13469224421
-6249.068263921542	-12498.136527796743
-6249.432269629531	-12498.864539259062
-6249.624094761982	-12499.248189523963
-6249.640537773202	-12499.281075546403
-6249.504451512239	-12499.008903042759
-6249.257417109715	-12498.51483421943
-6248.9460506872565	-12497.892101374513
-6248.609268987719	-12497.218537975437
-6248.273018302041	-12496.546036604082
-6247.951983185039	-12495.903966405249
-6247.654965946565	-12495.30993189313
-6247.388699317359	-12494.77739859891
-6247.1591876769035	-12494.318375353807
-6246.971438751031	-12493.942877502062
-6246.828997920646	-12493.657995841291
-6246.734272804653	-12493.468545609307
-6246.687096692441	-12493.374193384881
-6245.985365545166	-12491.970731197385
-6246.128090406972	-12492.256180712066
-6246.391620287351	-12492.783240574701
-6246.743793697146	-12493.487587394293
-6247.158454052938	-12494.316908105877
-6247.630151871368	-12495.260303742736
-6248.170750693911	-12496.341501458397
-6248.7111683661715	-12497.422336674068
-6249.183918105392	-12498.36783616751
-6249.516627442032	-12499.033254884063
-6249.675127511545	-12499.35025502309
-6249.660841781226	-12499.321683562452
-6249.501850567733	-12499.003701155383
-6249.2428398238035	-12498.485679647607
-6248.929829907958	-12497.859659815917
-6248.598059104256	-12497.196118208512
-6248.268830858532	-12496.537661717064
-6247.953253137538	-12495.906506309791
-6247.6585618148	-12495.3171236296
-6247.391678917199	-12494.78335779835
-6247.159718354273	-12494.319436708545
-6246.968918562426	-12493.93783712485
-6246.823733208392	-12493.647466416784
-6246.727065010923	-12493.454130021846
-6246.678899354635	-12493.35779870927
-6246.214391885396	-12492.428783869389
-6246.3458698603445	-12492.691739626802
-6246.588978681972	-12493.177957363943
-6246.91560747132	-12493.83121494264
-6247.305233257526	-12494.610466515049
-6247.758024736233	-12495.516049472466
-6248.282882271972	-12496.565764611098
-6248.796099831694	-12497.592199608203
-6249.241483626686	-12498.48296721308
-6249.54439454471	-12499.08878908942
-6249.67284386444	-12499.34568772888
-6249.633197421861	-12499.266394843722
-6249.457991965266	-12498.915983951432
-6249.1934512717635	-12498.386902543527
-6248.883405947233	-12497.766811894466
-6248.558540242353	-12497.117080484706
-6248.235639108057	-12496.471278216113
-6247.923113394901	-12495.846226824382
-6247.627750357886	-12495.255500715772
-6247.3575667878595	-12494.715133539075
-6247.121262686122	-12494.242525372243
-6246.926371747944	-12493.852743495889
-6246.778053721864	-12493.556107443728
-6246.67940050588	-12493.35880101176
-6246.630295591654	-12493.260591183309
-6246.371178217354	-12492.74235652481
-6246.4914299687425	-12492.982859851545
-6246.714596458547	-12493.429192917094
-6247.017295096208	-12494.034590192416
-6247.385179835126	-12494.770359670252
-6247.823913665465	-12495.64782733093
-6248.333303231389	-12496.666606526776
-6248.821224935814	-12497.642449819306
-6249.24145821866	-12498.482916399727
-6249.518047088844	-12499.036094177687
-6249.621862242948	-12499.243724485896
-6249.563903001395	-12499.12780600279
-6249.37988060345	-12498.759761228142
-6249.115839928036	-12498.231679856071
-6248.812101911692	-12497.624203823383
-6248.494463818668	-12496.988927637336
-6248.175868784027	-12496.351737568055
-6247.863264660181	-12495.7265293552
-6247.564194750873	-12495.128389501746
-6247.288547861199	-12494.577095684954
-6247.046852545568	-12494.093705091136
-6246.847732173966	-12493.695464347931
-6246.696497533199	-12493.392995066399
-6246.596131788516	-12493.192263577032
-6246.546257579256	-12493.092515158512
-6246.45398970066	-12492.907979483398
-6246.563708453441	-12493.127416828307
-6246.768662961582	-12493.537325923164
-6247.050664008611	-12494.101328017223
-6247.401730992983	-12494.803461985966
-6247.832482959178	-12495.664965918357
-6248.32637830645	-12496.652756674099
-6248.792152709859	-12497.584305369866
-6249.191024470364	-12498.382048905383
-6249.446532546137	-12498.893065092274
-6249.532608661106	-12499.065217322212
-6249.464049982214	-12498.928099964429
-6249.278203650303	-12498.55640732165
-6249.019375748934	-12498.038751497868
-6248.723558020103	-12497.447116040206
-6248.41193258187	-12496.82386516374
-6248.094730965332	-12496.189461930664
-6247.778837780037	-12495.557675595484
-6247.47365209476	-12494.94730418952
-6247.191443113944	-12494.382886189538
-6246.9443152929425	-12493.888630585885
-6246.741616880901	-12493.483233761803
-6246.588643539857	-12493.177287079714
-6246.48767721315	-12492.9753544263
-6246.437684315802	-12492.875368631603
-6246.467057828564	-12492.934115732194
-6246.567672503931	-12493.13534493559
-6246.757457733993	-12493.514915467986
-6247.023570629135	-12494.04714125827
-6247.364148300565	-12494.72829660113
-6247.793811410322	-12495.587622820643
-6248.272047675656	-12496.544095410234
-6248.720115470664	-12497.4402308934
-6249.102730316683	-12498.205460599667
-6249.343504181894	-12498.687008363788
-6249.41919987407	-12498.83839974814
-6249.347262763131	-12498.694525526262
-6249.16517589727	-12498.330351814971
-6248.914358212816	-12497.828716425633
-6248.626260485218	-12497.252520970436
-6248.318257029368	-12496.636514058737
-6247.999260052137	-12495.998520104275
-6247.67743670434	-12495.354873444896
-6247.364827284106	-12494.729654568211
-6247.076270775072	-12494.152541511066
-6246.825410258125	-12493.65082051625
-6246.6213981713645	-12493.242796342729
-6246.468675258608	-12492.937350517215
-6246.368537082087	-12492.737074164173
-6246.319171505648	-12492.638343011296
-6246.4204248580645	-12492.840849785667
-6246.51398591516	-12493.027971762833
-6246.692693417637	-12493.385386835274
-6246.948852619607	-12493.897705239215
-6247.286041575697	-12494.572083151394
-6247.719276071191	-12495.438552142383
-6248.184082403184	-12496.368164863643
-6248.619797963302	-12497.239595879983
-6248.9919166719055	-12497.983833311118
-6249.224453713758	-12498.448907427515
-6249.2964816933045	-12498.592963386609
-6249.226886789	-12498.453773578
-6249.0520795881675	-12498.104159195975
-6248.80999489124	-12497.61998978248
-6248.527907541485	-12497.05581508297
-6248.220550591755	-12496.44110118351
-6247.8969376066425	-12495.793875213285
-6247.567618552525	-12495.135237142156
-6247.248345470618	-12494.496690941236
-6246.956510094238	-12493.913020149175
-6246.705660770288	-12493.411321540576
-6246.5039352162585	-12493.007870432517
-6246.3544760096775	-12492.708952019355
-6246.2572942576535	-12492.514588515307
-6246.20969405058	-12492.41938810116
-6246.328576751472	-12492.65715356873
-6246.417487657918	-12492.834975251408
-6246.589725702759	-12493.179451405518
-6246.842228171343	-12493.684456342686
-6247.183005111071	-12494.366010222142
-6247.621030055876	-12495.242060111752
-6248.077550088671	-12496.155100233647
-6248.506480135894	-12497.012960225828
-6248.873660181087	-12497.747320329914
-6249.103642806241	-12498.207285612481
-6249.17717627872	-12498.35435255744
-6249.113546949366	-12498.227093898731
-6248.947325450411	-12497.894650919648
-6248.712920124626	-12497.425840249252
-6248.434223585949	-12496.868447171899
-6248.124910541425	-12496.24982108285
-6247.796291076698	-12495.592582153397
-6247.463035074623	-12494.926070186615
-6247.142808389127	-12494.285616778254
-6246.8525040178965	-12493.705007996874
-6246.605151907128	-12493.210303814256
-6246.408122292828	-12492.816244585656
-6246.263494192658	-12492.526988385316
-6246.170299715086	-12492.340599430172
-6246.125124563319	-12492.250249126639
-6246.208156356839	-12492.41631277751
-6246.294832504771	-12492.589664946423
-6246.465083962168	-12492.93016792434
-6246.719737478608	-12493.439474957217
-6247.070050600281	-12494.140101200563
-6247.513127499787	-12495.026254999573
-6247.966278960803	-12495.932557977587
-6248.39342347296	-12496.786846900064
-6248.760243535082	-12497.520487037866
-6248.9918490204545	-12497.983698040909
-6249.070075032569	-12498.140150065137
-6249.013872528965	-12498.02774505793
-6248.855927201808	-12497.7118544217
-6248.628493496182	-12497.256986992365
-6248.353205552641	-12496.706411105282
-6248.043136816271	-12496.086273632542
-6247.712645848993	-12495.425291697986
-6247.378625693604	-12494.757251424571
-6247.059394846523	-12494.118789693046
-6246.772154768976	-12493.544309499612
-6246.529631276493	-12493.059262552986
-6246.338364123898	-12492.676728247796
-6246.199353704344	-12492.398707408687
-6246.110989728382	-12492.221979456765
-6246.068443131418	-12492.136886262835
-6246.075499623179	-12492.15099930984
-6246.162050467416	-12492.32410087153
-6246.334097949539	-12492.668195899078
-6246.595508768817	-12493.191017537634
-6246.959600717051	-12493.919201434102
-6247.407227765594	-12494.814455531188
-6247.861074556104	-12495.722149168349
-6248.290261868188	-12496.580523690227
-6248.659855768921	-12497.31971150521
-6248.895648425832	-12497.791296851665
-6248.980763794464	-12497.961527588928
-6248.9338223679115	-12497.867644735823
-6248.785403627911	-12497.570807273138
-6248.564289125428	-12497.128578250857
-6248.290173157538	-12496.580346315077
-6247.979394253278	-12495.958788506556
-6247.648672515559	-12495.297345031118
-6247.31537583693	-12494.630751711069
-6246.9984783728705	-12493.996956745741
-6246.715441832908	-12493.430883628196
-6246.478638153602	-12492.957276307205
-6246.2937623579655	-12492.587524715931
-6246.161014704276	-12492.322029408551
-6246.077718012125	-12492.15543602425
-6246.037836811018	-12492.075673622032
-6245.944679564897	-12491.88935919412
-6246.0326843306175	-12492.065368596657
-6246.209225462305	-12492.41845092461
-6246.480370448128	-12492.960740896257
-6246.860428547459	-12493.720857094919
-6247.31165996284	-12494.62331992568
-6247.76912768994	-12495.538255436573
-6248.2031802345045	-12496.40636042227
-6248.578261731529	-12497.156523429807
-6248.820900752514	-12497.641801505028
-6248.9142611378775	-12497.828522275755
-6248.8758861931265	-12497.751772386253
-6248.734364934417	-12497.468729885668
-6248.516058476807	-12497.032116953615
-6248.242290414862	-12496.484580829723
-6247.9322980713205	-12495.864596142641
-6247.602615937196	-12495.205231874392
-6247.271137978012	-12494.542275992955
-6246.957472058628	-12493.914944117256
-6246.679292550987	-12493.358585065165
-6246.448598081848	-12492.897196163696
-6246.270270603826	-12492.540541207652
-6246.144048451877	-12492.288096903754
-6246.065647754758	-12492.131295509516
-6246.02832661483	-12492.05665322966
-6245.82638180641	-12491.652763678729
-6245.916790707378	-12491.833581348268
-6246.099303797705	-12492.19860759541
-6246.381481719192	-12492.762963438385
-6246.776320522	-12493.552641044
-6247.232002372043	-12494.464004744086
-6247.695214068266	-12495.390428194007
-6248.135866855118	-12496.271733662732
-6248.517336068824	-12497.034672103719
-6248.766592213307	-12497.533184426615
-6248.866885935633	-12497.733771871266
-6248.834807635542	-12497.669615271087
-6248.697151808797	-12497.394303634312
-6248.479536015221	-12496.959072030442
-6248.207359324118	-12496.414718648237
-6247.899139771924	-12495.798279543847
-6247.571298730271	-12495.142597460543
-6247.242270392444	-12494.484540821482
-6246.932244714876	-12493.864489429752
-6246.659063442424	-12493.318126848842
-6246.4343615439675	-12492.868723087935
-6246.262329586185	-12492.52465917237
-6246.142350317999	-12492.284700635999
-6246.068421170996	-12492.136842341992
-6246.033427231756	-12492.066854463512
-6245.727602510154	-12491.455205088105
-6245.820772974168	-12491.64154587971
-6246.009617143906	-12492.019234287813
-6246.302621476777	-12492.605242953554
-6246.709370616238	-12493.418741232475
-6247.170219337282	-12494.340438674564
-6247.639560300643	-12495.279120659576
-6248.0866943454785	-12496.173388642743
-6248.473903571321	-12496.947807108158
-6248.728551112663	-12497.457102225326
-6248.833926244051	-12497.667852488103
-6248.805882804373	-12497.611765608746
-6248.6689874675385	-12497.337974951733
-6248.452809796696	-12496.905619593392
-6248.1828727358825	-12496.365745471765
-6247.876862979245	-12495.75372595849
-6247.551179754636	-12495.102359509272
-6247.224764051402	-12494.449528139061
-6246.918308504597	-12493.836617009194
-6246.649780446747	-12493.299560858219
-6246.430487269246	-12492.860974538493
-6246.264197409292	-12492.528394818584
-6246.149616692313	-12492.299233384627
-6246.079519491821	-12492.159038983642
-6246.04651259816	-12492.09302519632
-6245.652160417943	-12491.30432090549
-6245.747891995785	-12491.495783920998
-6245.942373839904	-12491.884747679807
-6246.244598520092	-12492.489197040184
-6246.660113619657	-12493.320227239314
-6247.125684807706	-12494.251369615413
-6247.600381239348	-12495.20076253769
-6248.052885819036	-12496.105771589286
-6248.444532389304	-12496.889064743695
-6248.703023658443	-12497.406047316887
-6248.811690140922	-12497.623380281844
-6248.785252420161	-12497.570504840322
-6248.648597641715	-12497.297195299972
-6248.434220472911	-12496.868440945822
-6248.166562321507	-12496.333124643013
-6247.862694372463	-12495.725388744926
-6247.539046548183	-12495.078093096367
-6247.214987475627	-12494.429974987204
-6246.911608975153	-12493.823217950307
-6246.646966442268	-12493.293932849885
-6246.432098871557	-12492.864197743114
-6246.270549571607	-12492.541099143215
-6246.160244890327	-12492.320489780654
-6246.093168468471	-12492.186336936942
-6246.061723681311	-12492.123447362623
-6245.601615457063	-12491.203230985098
-6245.69928103149	-12491.398561990949
-6245.897926677186	-12491.795853354372
-6246.206784853971	-12492.413569707942
-6246.627981538806	-12493.255963077612
-6247.097061678	-12494.194123356
-6247.575627588573	-12495.151255236628
-6248.031874162369	-12496.063748275548
-6248.426447885861	-12496.852895736545
-6248.687308972025	-12497.37461794405
-6248.797833422566	-12497.595666845133
-6248.771414922763	-12497.542829845526
-6248.635322306487	-12497.27064462941
-6248.422507612105	-12496.84501522421
-6248.156664677739	-12496.313329355478
-6247.85446153259	-12495.70892306518
-6247.532374061491	-12495.064748122983
-6247.2100801039	-12494.420160243524
-6246.908948240217	-12493.817896480434
-6246.647089071295	-12493.294178108361
-6246.435351236325	-12492.87070247265
-6246.277173885908	-12492.554347771817
-6246.169827322783	-12492.339654645566
-6246.104833760058	-12492.209667520116
-6246.074463988276	-12492.148927976552
-6245.5763479682855	-12491.152696008276
-6245.675046537826	-12491.35009300284
-6245.875890741536	-12491.751781483072
-6246.188202357762	-12492.376404715524
-6246.612173577547	-12493.224347155094
-6247.083106046371	-12494.166212092741
-6247.563682128442	-12495.127364316617
-6248.021830231799	-12496.043660414223
-6248.417838174785	-12496.835676314251
-6248.679806357843	-12497.359612715685
-6248.7911415777835	-12497.582283155567
-6248.764457769509	-12497.528915539018
-6248.628772293416	-12497.257544603199
-6248.416850841838	-12496.833701683676
-6248.152006078587	-12496.304012157174
-6247.850707354072	-12495.701414708145
-6247.529461837979	-12495.058923675959
-6247.208109493586	-12494.416219022776
-6246.908160478582	-12493.816320957165
-6246.647751793218	-12493.295503552425
-6246.4376333331165	-12492.875266666233
-6246.281206360571	-12492.562412721141
-6246.1753708809865	-12492.350741761973
-6246.1114392347245	-12492.222878469449
-6246.081616916817	-12492.163233833635
