-3131.6986266513663
-1566.1074253990284
0.01102959063776545
-0.06373446513417638
-0.46587833203777357
0.033754257281889875
-0.34629616201199853
0.14124285422063773
-0.05960661169070729
0.00943486196822512
0.19428867909079006
0.371346344373218
0.1116596413137045
0.015013806907199195
0.04840970259097125
-0.04001530634944885
-0.01030915939476898
-0.08500512866028044
0.09132969112789714
0.006259173830121611
-0.012653241671604816
0.017704034354270745
-0.2446641191330275
0.05131856816112346
-0.44950174195742054
-0.030050875460096518
0.05263211857988942
0.02963478982067193
-0.019916565035947523
-0.032198457080957595
