-3117.7780644805657
-1558.7005865435228
1239.2953307478238
415.17355881986686
-1498.1181868489507
-619.1406043037119
60.32440086575406
-364.1439172440131
10652.749512107055
2555.685380475518
1237.8941791694883
416.44044237399845
-90.80325809763916
-120.80356602022513
103.02546015051124
151.27813330413727
69.57770453321713
11.804067587435796
-1497.3704178652201
-624.6392492843061
-40.661003624080045
157.93775786473523
-16.751987623144487
-60.530222534008395
-18.02556710863527
0.21281699257407283
8962.910184849748
5451.724581529153
2702.111537366952
-3110.184045225706
-4829.929127981623
-1465.0920058011773
-189.3141535351028
98396.017853162
5481.733744031215
-6369.280645182108
175.1160372384514
1959.93510473465
1339.4116304915603
329.72984680205076
-8844.297247107419
-7418.18351117951
-2531.976864445344
-469.17625818650333
-8907.711393380698
-28662.62701563278
-11825.428306069882
-1806.3937522472886
-30.708074335849243
373.687051390629
-1104.6521097685209
-157.6801195529283
538.5624483106545
-566.9388086906569
-78.11509658471535
2596.7426610404177
-2800.6133245438573
172.20539825876293
748.0002709920407
-108.72619189076816
-101.88100046842237
-18.09479028286917
29.135890032075714
29950.12717202564
4598.6685725237
23.632729441704846
-139.2557996850383
215.07660144270196
-85.51342054032136
2529.5281441459892
939.3996548297071
-70.08401910872693
-165.56281595013994
46.67124923763395
8129.7441866455665
1449.5766039385505
50.51614536966173
-5193.521830392079
-366.7263626393862
331.65254707855394
-182.29351311082084
-199.98410307373862
-2385.625765636085
-305.9160136744615
386.39464840230664
-735.2661242888265
-453.34551397668315
231.6682794271543
-24491.00448036472
-14826.958633442504
-864.0557314634859
4637.399411678307
-2197.293406963072
-2215.267106274662
-682.8749781347958
91905.35641515048
46981.64609966037
19106.949179443982
106.78853258259629
885.7747752760768
-1787.75269751729
-97.34285307287341
1081.058555778251
882.305977388284
387.8282031035935
-2808.6542120437657
768.8730455520296
625.1152278175839
-47.79712854092461
-132.3044316015397
-9.40953133038381
-11464.619169566875
728.0544021046403
7920.319122654749
5460.18655487287
5491.182285206417
88.10733739748012
-128486.13244566551
-45267.40977486112
20452.514443682547
-1989.4896624832734
-949.5867023992441
-518.1185087678138
20476.002507028614
1246.7256746705452
-6050.3163211392275
-54147.90103352468
-14417.805067992038
-12724.310568154722
906.0807719117194
-1230.2756562041923
-1535.9386223281335
1272.8090427405784
76925.77714173257
6360.532898852153
-1023.7361921391695
-8508.774769571088
-841.9641569689302
967.249196760212
40958.06084430881
9349.317156147095
-190.34472356613074
-1344.2676680985155
-8904.607236601702
-1630.2811546289247
820.7383657406234
-2023.475855171416
-349.3256484157309
10751.169573547571
-577.9730321948194
290.4613747545226
-6375.941740969343
889.0962392870398
-283.6471274861435
-244747.65237199035
-67359.59989104199
-39252.490218770174
67688.21865689615
60523.39490012239
12573.813317750026
-20514.574808892645
-67016.37614631734
14805.94894101428
28080.55125131961
356.80023294418095
-18580.9572912147
-311.76040179715443
-15516.809037840907
-3220.2819196764895
-3140.4208844708833
12898.242268223385
-726.7504257481786
-142624.5271786666
-55298.93616008642
-15681.373512657303
5117.996468964087
-10927.599759538218
10210.327917739522
36811.513401563956
14224.297833904207
-12552.696124086107
-2868.070723258459
206886.28533844464
52635.343704478466
1676.850237322624
125417.4982780324
119.5241025198246
-3925.084718245082
143.71285595393147
-175.13445564597347
449.317632350378
-8408.578492201039
-139.62258745602352
-7.940439325550799
522.2470749040274
-1489.3867478119387
-192.23299424694864
-4365.521463323945
-25.67919395433131
-716.3895701578972
10309.863992992186
439.4938794039222
-1604.118760002791
22275.969951823794
14072.12956753933
-17767.015380999597
8873.23586495866
268.78934685496824
45756.13374390697
16957.27775160988
-2776.456212823751
2047.5901877607057
391.4005528999657
-521.974170198501
-479.2292271505877
-29704.273239556234
13162.79881463821
40580.83790999584
998.2921037220898
512.3273975810107
1895.7649789279496
12112.569884603181
4335.68530708117
2477.3858505613816
3211.3321636532273
-5298.7574387439645
-3766.9640695839794
956.9439846368949
-57468.56579000113
15855.099224744308
-8887.887423044363
-2084.331321937813
-2013.018030942049
19586.84477801749
4580.217966146931
1288.3973046229266
18303.96017457356
-155997.55260042398
36056.27671293438
33764.78193566803
1757.049411198542
-3553.1410643136746
-49729.072861555025
258158.38982219767
-106402.89160505893
-30322.801135254227
14145.73561103341
21033.079654475176
3421.0454458311674
74937.16590417651
6234.246635630655
3682.612982616353
-93491.66685645253
7909.10867124853
-24330.65580383911
6998.610331527197
3225.3259198894807
793.7589282245978
-47.32388286845821
66.47213581609124
-358.769858425003
-202.5194887131673
173.9882286573294
40.411249932339864
-103.35066893252434
-77.66180611676796
-18.145409305879912
10651.431476401203
2525.9274352543885
-808.1996516673984
-171.1140333446491
325.11251003913264
-103.80601509418614
-187.14236336242558
-45.865755203448494
-26108.13986636267
-6587.738593369066
1271.230248116829
1064.0222839821613
-763.1130130107797
2.849202537608475
-181.9977332520612
144444.0485906118
30546.1902004489
-9100.603796304003
-5055.425625412794
5326.884328987469
2258.194296538324
-1609.3956383968718
-1.0237092888429927e6
-844170.3201370308
-20683.34901774244
13311.515914620672
-4.954753289334313e6
-3.4236713353102766e6
-1.87507422204085e6
-271616.53055029764
-235.92808236612652
-1515.9387814397999
-862.9585353221315
-69.19340296493284
570.1131272301421
430.4477800513657
303.95537928612583
-10917.502739371104
-2443.7706717324863
1273.119845629032
-1228.5000541984316
1056.283877959649
1527.0723168660102
-104811.72335583811
-23002.279469449604
2.1670042933479715e6
1.146381310934799e6
52229.71939640741
253.6131446926414
23.952109256286366
-46.15833942431451
-634.1623545766713
-2498.317312340748
295.4433934709542
629.6962988909431
-41.89098084998971
-243982.8267909383
110081.17704875958
-18.072879613649498
-4039.608289403009
2140.417092728777
-315.7446676908257
28.622502509791744
-102089.71354792762
-1917.402344662191
1934.4241778547273
-579.4828493770472
-1193.8799417595396
1647.3887272066715
-1915.6083571861427
496889.7903898273
164809.20860462784
-18651.362351964784
-47220.1205288001
15860.252405394458
49419.054039286275
12364.183310500806
3.4882964307365282e6
4.891148748350371e6
2.3139349213208864e6
-30073.182132089467
-1281.4575568508103
-40630.82269227246
6517.232998312988
7768.907401957118
-4636.758845927561
207.0491405614485
145280.0485473497
264301.9719637672
1277.1736279679264
-2024.553912561924
-201.07994989118822
-799.4611651831765
-18690.996393028854
-40924.27275752616
12644.82837514218
7633.84278819651
-2750.9516222497564
-166.8429957388575
-1.9655311015727746e6
22102.815204455976
69444.63524642847
-6056.29417298118
-46899.19040132632
-5217.375196326766
5.080795936058179e6
3.526635646334416e6
247816.89581101554
-6.97649009169995e7
-3.0323089266160764e7
-4.552186220948481e6
-6940.5947075678505
2930.3862149617457
5549.785839730554
-234.79075599641084
98624.87657469214
54649.529381672415
-23196.054798727997
998.927518829487
-12769.728624881565
49871.11013671566
5.718652797692653e6
-352300.5320237533
1764.5683420203168
212.65686295481248
174747.64811938434
-23788.72948033256
-3184.273966390825
452.09423495606654
817218.8823411762
-58028.305974400406
-20936.928286353803
12112.326850642867
61182.97285621912
-21855.26141314407
9604.322711694438
-1.934475324322411e6
-1.0999652614533517e6
893302.7657740308
-333759.43763135484
-209682.98986717875
-143388.1751819112
1.1583103031318007e8
9.726876700257143e7
-2.5913102763061e7
128638.14131422101
-39509.79523124889
-15567.917694501028
-20392.40530478873
1.9336486436543725e7
-19657.58620823511
3913.877185760073
-312776.2672509855
-190872.69331688707
1.0271318093488494e7
5.668342864155864e6
831259.1861702041
271953.4919876402
5.467257275246488e6
973527.8952595232
-4.1168339392930456e6
-50254.57496229931
-348022.869387069
-137101.28998455202
-1.6166022509854555e8
-1.724713280435189e7
-2.5456923911933424e6
5.309293321752442e6
-62604.21157113787
2.398622818560064e6
1763.7803005934559
586.0411965537975
297.8380659399184
10372.556740682354
-8381.02489527143
-373.86741816732695
2464.6522459780053
513872.25010280596
176.2982341171302
8573.105581828266
1991.1584828527523
812.0311255405056
-58103.25834009679
-462.15594391203064
21714.07299947336
1.9354531695377943e6
-68986.88562929591
39159.180026278045
-128262.65729440303
69350.25519709219
-6.785461884089525e6
-2.7350235047902074e6
-536.0326703636985
-8097.807139494618
3394.199067708237
-1727.3413608072306
-216401.88001229236
-4.460799252061309e7
-2.4440178734293426e6
-1.2846855321704003e6
-15109.71125309135
-4769.076581837851
-14314.057583495562
-166126.61351419368
-29412.746830017993
-27918.346083250726
-3053.374052233741
547978.6125534975
20228.530356683546
-22410.988716088308
-3.919138520712375e6
-75109.75503374006
-120357.95415555775
-28988.719706322543
-15301.74934663638
154876.43128644663
115969.73189278653
-53002.03438603162
-1.8719717117973538e6
-2.4975722690986446e6
2.959950128024114e6
-1.179204280003666e6
-1.1511093996977366e6
810874.8917742576
4.950570871298518e8
2.141696834836282e8
9.619478628269918e7
311012.9251819981
-391896.07586221513
427927.2381435287
-809610.5007305305
-9.565172540566409e6
175984.79781677874
-506401.45916552236
-7.422666579568046e7
2.3128832772442345e7
-6.19243333600365e7
222220.2735154045
-234422.27678832793
93457.59194293739
156381.9160404841
