-3116.5386949241147
-1558.3869298766997
243.2675096576129
101.33258890659101
13.613831481796181
-805.1432371520222
-355.3373033147856
-65.37044093502465
-222.39571635577465
-129.94865222933134
291.82926137893514
174.57959771618397
-105.95839984826142
-968.5740959736863
28.137157701584893
-20.185923698863643
-76.62735569768749
-33.350130889605694
55545.64685369146
17954.987004453258
2554.694070779006
1802.0554233983194
564.5051248030942
-11227.104839777512
-1549.8360418791156
-1365.3550944440085
-48141.50855676977
-12255.491646269073
