-3121.3470829379216
-1559.7038917864727
-4791.381414995009
-1289.598970565731
26166.985232145096
7474.682093158146
20783.627329990497
6699.523854028202
-219789.48032732538
-26788.51345611924
-4818.431225532041
-1284.8074783494008
500.95591015704593
660.3448175173185
204.85940808418695
21.114743139020295
26218.605497822664
7486.975112166339
-900.6146344415282
-2195.5817168995977
-651.122605020965
-63.94600951189369
-9857.242054900826
-6430.397780238999
-1019.1565511195238
-1301.4364134731761
-16.38933660568143
-149177.99042037834
73137.02419102674
50260.14590382934
11470.37188915432
1965.7359537500759
22178.33324198851
11957.215804171827
1105.8759814925427
58819.789471711934
11421.573665244601
1694.9343461792123
1208.862645371953
1878.8791426538933
-102.80056360194037
-303807.2428985299
-67582.55254520467
-11350.179486945744
-2174.208012605215
372.6901179469136
8636.98784782576
-250.06683052690184
243.1777108266925
-78010.78239701832
-6373.663093594021
527.5140813943752
1951.312450078552
-19453.339484165972
-1209.140442855538
-2057.9511626414533
-386856.67351143324
-171478.4012599437
71300.57832250436
37459.34315471795
4335.067831147846
-155904.0228523274
-80579.3358693776
-1773.310244455964
-33928.79504856977
-13222.642535016104
1149.898557638209
-4478.721395568343
-1216.3110086553006
7452.816472015488
3344.356390598676
2973.932110225163
531.9696388560327
-264216.5131103701
-99891.74315892663
49756.84081170188
19119.835834922273
-20891.123967751424
-5582.859269191645
-128160.97829978594
-19633.336418306022
-2601.676583835537
1741.380305360953
-333942.46404755284
-227582.87199791777
-30254.93684614004
-6568.7773986537495
76192.3899032054
-1110.8472050898424
8677.53207583738
-1.3867633500622301e6
-1.6530740095649727e6
-268334.2980433021
-43446.06229685195
-77073.85101245316
-28004.094925627945
-130823.90284273922
-17397.98104068075
-1327.2655746906767
-31429.613297764077
14332.571375977557
-1438.590454140365
-33556.20132289339
15602.112748375584
11506.776006239988
-13955.609627932332
-539.3539717014262
7544.19163411819
-4195.231423182127
6800.470591226976
423361.3378558114
44235.35068590029
36386.51068913967
10411.80798693638
-19602.203990438713
8206.542689836413
97822.65946360584
17172.894241651946
6679.120378580716
-1.156987054455119e6
344061.37365426996
-110192.3063305041
21651.279613866314
553033.4287948429
146885.3301461961
387596.22505466425
-8148.76515568773
-1055.913633562595
19874.66270029317
20637.69816622523
6676.409956641538
-336.99177952588377
-2249.006778993109
-872.4863147737358
-119.18711176670017
-220133.60135144778
-26251.591510223774
22142.995684274363
-3422.297778710161
-7905.536989765158
-1811.4314976741982
35121.203830239145
-37776.40135686124
4521.157063071391
5660.502348395467
1010.8683189898885
-2.546250382583221e6
-246808.36300389844
187168.28066109272
-66928.1723993471
-10341.39112907524
111715.78964562801
51923.185898943644
3371.6792509372344
5.547374371964138e6
266401.96488109755
-56214.558424827796
-20773.510759118126
-11102.826330765798
-1000.7314289855441
-1.5027515087625794e6
-208245.44398766043
131052.73532097967
-7382.14402558578
1588.6065773087553
1.6625418503869018e6
122546.16303235585
-305.67807991961195
-264919.1899389587
-26216.88896878194
56336.33014706223
133859.49012261676
-164539.34030633327
-67324.64661315129
25129.54529981245
2.5557841044965778e7
7.2396129224642515e6
-2.635408901488346e6
-996010.373192446
-71403.06508645865
5.396782510114687e7
2.305269812379616e7
3.36148876751928e6
-116246.54619128078
-459876.57466811
-103848.95759533274
-153443.08586352886
-2009.5561016728361
367871.0197867576
121281.18539622721
-110079.07259893646
-26495.544706236127
7.33370383732302e6
67398.69766721794
-330786.90491811716
-8005.744084872745
-536652.1544297088
-99647.11542975798
-1.2574658678451017e7
-1.1237566768406702e6
44973.80030463633
3354.777426847157
1.1092066565772103e7
1.6256317336038176e6
-73154.26570203774
-1.2675715558908016e6
-1.6488462830562305e6
-491025.31684728287
188075.8670690589
8.53682252770004e7
1.802124562365286e7
-9.296806754928663e6
-2.5301655953533514e6
-2.2863988656299885e7
-7.292648265092574e6
2.9822998840250312e6
1.0453648402691723e6
-34017.353023133095
-514470.5405550532
-121063.32786245942
-78767.4563526901
51352.85806768732
-6.464137310986989e7
5.041276765167956e6
-8.59730055116868e6
864.8399634155439
1.926682907956896e6
404306.26768517087
-50067.477773734376
3.612706891824054e7
1.0266842298686184e7
2.356174784213406e6
1.0187059693232839e6
-887529.2389727434
-8.902475974266242e6
1.2400651939556373e6
476578.72709472367
-82032.84791473257
-1.710930595158151e8
-5.496426462246621e7
-3.73562307841425e7
-1.837407275525385e7
-4.594430973706108e8
-1.9036468065665278e8
2.8732082791722402e7
2.519991291512474e7
5.023249570342393e7
-2.4653713698040135e6
