-3123.7122448444065
-1561.8524526290078
3029.4533914370554
827.7711527948062
-374.02205998257915
-248.21289424245518
275.624781655615
425.9743448288297
248.04126332960035
72.32661525568177
-2276.598445620662
-600.9936677614929
225.13641595487638
38.84794574520986
-123.38604931262437
37.02276750530851
133.08684812736593
74.96034165394428
-5007.410431743708
-423.8848449611519
317.3157236359121
-77.83863004413678
-56.418154458816765
58.22221156487432
31.70655738881232
-3.299644719250199
-41213.162421662484
-1666.33254276273
2151.2241956956827
-742.8775916901574
-21.728340603020445
335.26951800170826
-133.44186571314953
-179.9061819316671
3023.089552192432
826.768752332064
-374.4813581774622
-246.6996808785813
275.94851725385473
425.49216552931404
249.12462808841573
73.10306147173597
17.703053144020448
-2266.529136268589
-600.6626390304419
230.83473522441543
42.37691787150994
-123.00187779891787
37.651089493987136
133.1543609076523
74.40900549487833
28.461045718052493
-16960.179081153947
-5482.069870972258
621.9736498042295
2459.9851891931116
-1124.2999994200143
-965.2988340178225
-1007.6878225512311
-214.53830842419322
32714.117104651006
6191.9754151787765
-3798.5244727119234
832.1511648307995
717.5236975264673
-535.0180030198117
88.12551728478772
25.12026332914558
-141396.21351021045
-136268.2683563433
-41736.835463567804
-7635.544843503324
-730.3228560666151
285905.1351589099
258456.95637179783
83892.82981333061
18651.31111775726
2232.678721582697
-1845.8277079983961
-947.6638438620151
62.52673608623355
-29381.790086999583
-6954.201920666036
-1069.2398914867492
876.2282008191115
-73.20605802651822
-128.52666736348056
-128.56182839990726
570.0347635954331
51.0522185722683
-6872.33423810649
272.8150365406622
-246.1015116301595
340.280045637072
-103.3583774344125
-401.49822474729143
-8.946995095767555
-9087.106286399012
-4723.867810787042
-271.50016467775794
-53299.156088517
28982.51986581629
3498.349019130587
55.61111350783675
-87.01739800484292
-4034.486112765877
-47.512720589826344
80.17224360609147
-76.97475633716631
-196.25632315778077
83.8286811675543
-1231.9768142217952
408.30645857292217
-27.917289540300963
-64.95777439921326
17.710786217036485
-53.0327353884751
-185.51576437237355
-45645.01992345906
2920.4759426752207
23.412278569599806
-712.1796082757513
-32.58365959633023
-62.18680048969791
839.7307840696589
-249.72217022401207
84.7618137208714
-64.89164564195882
-25.897752633968903
-12488.875928788337
463.4654259800668
1724.4852505718304
-417.2137264566687
83.23659337513207
59.616127200749375
-1716.3546161758118
1854.740850641967
-175.95884190394844
-63.750342056815214
904.7409820753999
41.49951189589175
137.81097254646372
-59723.51842207876
4742.238165252152
8538.991754022025
-7013.761671504641
-1064.635771751084
7287.002269646487
3450.752415253533
232.4612547394274
-540654.7635535804
-90462.17917469774
-308352.26359216974
-74035.91601680807
-13110.147176670496
-10819.913894000132
-4090.292304553269
-2464.3950548228468
-648.582874954838
-88.71618399682805
430.9134691151923
-569.3214692275619
578.9032244100496
413.27996533859806
146939.96254760947
41704.44815169201
12013.821724437761
822.8178259630882
-376.65256810976706
242.3317040725621
198.15506119939107
-92.14769561641849
-3357.6300580448756
-125.81459183113671
8.313645396205612
-16558.332707952213
-6132.226156900678
-1780.6600244339465
7452.974624040366
2541.3240882504356
3600.2470136317543
852.0614680618198
206083.47889572484
24547.474076110993
-10866.03060601787
-6500.750636720637
8479.982406879175
8112.246730064417
1265.5135313937728
480758.0311454301
372075.8125724688
90614.62346450174
11300.373218159119
-206521.77664586625
-124865.46847532023
8791.422694251425
-781.5885743377885
2960.998763330099
2156.91550768749
3247.558044627428
-963.1669126024269
3745.4718720964743
-1086.216818100692
433.14623705917427
-3937.656421259158
-377.77856714527314
13889.400135369116
-19286.80500997556
3993.034852945099
1937.0863626934427
409.2864845769842
991.4746078943106
8254.04230760677
4041.504212074225
81555.18458624001
-51133.14190148611
-1554.774486502544
3776.732276660062
-480.25940318190095
1367.3599034645913
542.2916489276358
-1090.870205059154
5216.840147691786
-137.94156169404903
-1276.9826503743368
482.0116601322447
67637.28686876023
1275.436496527773
-124.51620741797981
4269.158492717914
1412.3203085220057
-1431.4951266951111
-750.5571827678085
4779.099530926395
-20382.412705966606
-4157.935826719958
-1245.9534975740194
-6120.433600051271
-78.49387402716798
-828.1344269293197
-320414.9389888491
-31670.756110194776
64041.20395955713
-21309.60772637867
-19273.36097492089
-16180.998046645125
-716.2626232559683
-46042.599629732584
-158532.21161709895
191049.6250724192
50580.894371309485
70718.21062558556
24184.73620612331
6938.306993663913
956.2304006986592
-4056.7088611518366
982.7968377404756
-1029.5725125174736
-135122.35820322676
-32259.40601426642
-3559.3686578548186
1425.9612074411295
536.5152287685056
348.21639841870206
10313.164604899092
38636.5518633888
1508.433659305254
5437.458861677913
-2102.406188756915
70956.61663621085
6727.505542046021
101354.1460099211
939.1901655120587
59484.21745966982
10736.083678703813
1437.2209309819123
-9907.34337567088
297.8023581219949
27852.909033133205
745.799850211183
-148712.6688082086
-17580.678556270395
8708.602110739768
7169.220145151177
-163098.83592636458
1335.670098022585
-63613.69650319928
-4369.971613920083
391.21240442160394
-66625.126281891
-6926.773205114251
-39960.153393865236
-7814.922735663662
-7957.027851203887
-3790.5141642276544
-1.9506907314035797e6
-785501.3808102551
-208443.88863595604
26669.995910503647
52739.179207335495
-481903.7505087146
1824.9520813423217
33070.28136680034
-14785.662557294432
12064.392879367711
-179173.80045206173
-75568.38511220663
29862.80815966842
-971.3945430049741
-7140.769353174053
-961.7199106770902
-956.8678872636262
-2721.811772714197
-931.2564234532472
33704.3999563212
16550.003948616577
34234.98682158656
11982.441313280184
-6617.748822346684
1.93271874660323
-197.93821815793805
-294.161402792817
-389.8795774906462
13138.849719109181
933.7442224428698
-363.1580646076108
-114.9538741034493
-347.80348170091304
-793.6586527831139
-3753.794806140811
-13814.466877791321
34.910252246700296
125.12135528399294
-10268.686002991384
-29.712912904993047
43.62854124186473
-68.38096809246817
7996.786096100468
-571.530684822917
-101.86725150634751
58.23458976857079
1108.9802866989075
882.1576325360146
-809.6768470923881
-46905.974963196684
-14404.078660760279
1733.2163927951353
5425.270665182036
1026.7344201487483
-1173.507185773997
7464.10058444177
88779.07104867302
-22005.389279650433
-2817.9097432829863
1975.0534242511235
601.2437315326373
-1399.6781271137968
-514.9850867838089
12849.781243837688
-536.2144646560563
234.65526645360342
15392.565514868938
-108.54606407050385
3835.710094641405
4422.567284557909
333583.6527121899
13093.379636553898
-31133.727242297176
4112.427651955889
159340.71981290885
2504.1415588801265
42768.732775427474
-413.7453576222641
763.7338495907755
4.91446051970697
597.8243476415338
107.49046727087361
29.398739014853106
3272.561137168767
116.92357039472478
274.7344044907049
25968.673145667235
12070.765489492354
-2256.010854281087
-2646.784287023002
-175.8834709129338
-26572.382659718525
7758.973475691817
-1558.628216992791
-146.7065248182061
-136.46223161773983
-157.63838424406362
32542.13202452318
5841.190278787592
-9768.54604963253
168.89666002272114
-7909.088563865507
-2965.467167466109
-1493.9273973110046
459.60959380757794
-6930.592019682598
76.94054091059076
-549.7982216996679
9424.772999472654
11952.474921973071
-1129.20862926922
1246.4648868717031
-246.46006080074463
6001.8020324447
-1420.4577233369516
2211.4213078068265
246004.18958846343
119868.05655794176
-6562.620090056609
-16690.56382892652
-51262.569772902025
-27307.642675082865
-13012.253237792871
-1.1520446776911109e6
-1.9937049113399133e6
-360186.6559736855
-32675.850900130245
-160974.8772107098
221.19056316633606
-19170.03992962601
-99.13188267888788
-2494.4803428378027
6601.622950008082
10914.12731531763
23001.966297813487
-13249.934147420721
991.0767253578906
-1550.8753217666592
-3976.6875902607594
-850.3487612843156
-47201.54049545911
411290.2650046863
-25410.824701754562
139807.21218619382
39915.076690070426
38531.828841887356
-266859.0646103375
13465.942150863413
-71294.81989358684
-27894.08468384281
-662.9995552298998
2048.3434681109397
-1223.186899976289
-337.03926983516965
8085.133668931859
-1224.8051930863282
9.537052920755857
-0.7630049585479668
-4991.840088910825
-435.5595393947894
321.08781688058457
-74.86772522581678
-54.11729936188857
58.775705025736315
31.529201176194466
-4.99765556375506
-5.878160625684679
-40814.711972029
-1877.1580349801109
2174.793588441439
-753.4727985149301
-26.394018042998017
332.7090917225984
-139.7662488335238
-179.6554618819198
-79.17386821789252
2616.8968455755794
1117.0767895519455
2529.520971483748
-2796.0014970012144
128.61936387957306
2502.675506605847
1141.0417431126398
23.00806147708511
283188.16690834763
-32681.949780310108
9112.714724321353
-5706.4038222942545
4072.895133357466
-1874.4855656172256
-661.3209956255594
1169.9509319715721
40501.82396266094
1128.998571701336
63568.302789548594
14894.241334610233
3730.6745241812587
-6.008313635133725e6
-501231.2550383784
-95106.41569711534
293582.74842817296
5391.429564828212
-50465.69734593166
-24718.45010551031
-1965.663948945112
11015.9318608808
-24491.592020955577
-9471.593230416818
-693.3565183693053
281.8239293717424
123.33072605908038
-274.35682155554747
197.7397649652544
165.08611874550724
49357.280909392466
-6947.005004191174
2113.485242357131
-1177.2225999560278
1280.1227666851069
-989.1435390004617
-1238.845634345006
-24564.266928040674
-4146.117656763876
-3652.5576697944534
-1.0306365506467564e6
404776.7215594783
-119981.59168433124
76633.905706997
-736.3317587423386
52713.40025658139
10172.047066103467
-227.32536068769227
103.03905603570898
80.92190832887374
7.604081933880961
-30378.90824818855
2458.4108004358663
-156.9924739271747
272.2747936973428
-491.9512519899496
164.8237799125503
1517.4320447688056
-674393.685267546
67469.62231233364
-109450.70010085478
-160.12917204218874
-40.25321659950395
-14.417087770765137
829.3470017139624
2116.627044976626
-1127.3611859414134
394.89780069434426
24.03507306501858
-107667.63555332771
94517.2105298746
6842.498605227749
-2143.978187679405
839.431348454773
-145.7236577389082
-63836.96317557858
9359.83807868299
-2253.9552748796073
940.1763056707646
3976.1820515344243
-1617.7397726836155
1699.567601263559
-629854.6977337649
37568.515850311705
24114.69949108829
-4104.312087926859
-3897.2928863140837
181.38033755754003
16867.361666883906
5255.861887038363
5.947976171673195e6
1.273696093731604e6
-484846.826609996
-247235.32511710553
-36192.67908272685
-1.9942708892904222e6
-932477.0490080974
-99020.03227053017
18294.064498585474
-12215.397767980476
1423.1678839215613
3921.5409091404126
-4352.681945086651
-907.3800473439777
-108761.65916510783
-57271.6575711647
-16045.69418295604
-14592.965140786731
2636.5613013508782
355.16130672727627
-1756.4247700685187
-157.75868119695824
6348.310744189179
-506.01401838383254
-901.1750001508889
80721.98755727851
25511.4957370656
3234.8307833758304
-9105.01564788006
-7812.772227136346
-6138.19732945192
-2388.599620907204
-497822.88904953207
-50444.11917478921
38802.771235437045
-9981.33653034861
-5740.07941952948
5246.466998183973
7149.132234746426
1.146474837054864e6
-1.4500263846441386e6
767638.6793713417
116174.29474720453
1.186067485516485e6
-6.234245338659959e6
3.217651678320999e6
-474565.29413558735
76819.09633982021
18250.83652914956
158956.7666274342
-34082.85141662993
-5073.367034373936
685.4399126824616
-1103.160118180852
2185.324621864806
1846.484313951777
22656.677656289692
801.349420007169
-2901.7207519714634
1012.4690467031899
1145.5840161502942
-5237.066862530365
-521574.9380131422
-89833.51135621539
5.938232176981965e6
944177.0722745499
1.4271640237470241e6
30727.574636595884
-333.2626228135805
-105.40438584538296
-392.7627964553213
44888.57118218264
-4135.733126042777
3000.7621065179724
-2716.285618591872
-352.3319455439482
-2.3665146250931835e6
-705424.6640801703
456.5809585716448
-59580.69171576409
7320.558933522315
-3246.3006582540443
-211.3338794798175
-155808.91212958435
8156.924162746749
-744.5187458090405
-2863.1408724324288
98486.40469861678
5614.520436914451
30343.445238293512
-1.9138347736256863e6
717740.5882567628
-313930.57809546473
142322.46943812334
-25144.44586772808
-93563.50578486973
-40017.13410527924
4.758593312257298e7
2.331578325228267e6
1.602142011567294e6
618324.9342302249
-71312.59122946355
-122322.32255807563
-37254.129186182414
-2015.041476688475
407.03402567815226
-1986.3384707579676
3334.289632731818
296411.7905653857
4760.58979121525
8032.254535441879
-3139.873798797666
-3479.1703436190637
-2374.770261475558
104378.93750074963
626814.0545329858
5160.550223814605
210898.9422051835
39241.96489492633
1.6384538415835055e7
-11321.412174530677
4.621701937975111e6
-52150.11886227143
2.5446246515679904e6
110607.94065644253
22564.979687868898
1.0294734500312224e6
41076.4773229362
-178210.58804640034
47534.57117882446
1.2132403000733964e6
-5.283318439039553e6
174455.53760581673
-30703.20978687891
1.2750028318847667e6
79572.40091973476
-2.9351945967931314e6
519073.9549280065
72876.5642141744
2.178561175174899e6
-288026.8295104403
431032.4284802219
103977.60441469458
149894.2295009299
-502457.94002918754
-3.4742532933321494e8
-2.548545372949201e7
-1.9866199106154565e7
3.8518351975371796e6
1.679940634822224e6
-4.92818354128684e7
409387.9260359078
-2.926854226596324e6
-966659.9131968744
171929.54342197333
3.9344335649762657e6
-5.820517149302692e6
3.578328283796655e6
1974.34481404244
-119857.52852181521
6079.334873041935
40166.637811251436
90916.99806971937
-44525.95404921324
-1.1835717919975664e6
144506.3089029965
-450173.9081860454
-98750.30110298902
-106605.94460214842
56.625063438419346
287.8441210268366
-132.24121795919424
-340.6427656575235
-25640.07611525994
4897.502265217668
-539.4126771188662
-599.4739875718229
577.8015270241712
-20105.92275763135
2.2667736902976404e6
-927840.9416516813
-214.41958050888664
-29.672108056562667
22081.13364611475
-3663.6590814966335
273.36681359598856
356.3547806847519
548232.9689748604
8214.580725118667
-509.856494020802
-344.9767324846529
-24743.690089149964
880.617035002672
-11361.046904677582
-2.112474416897924e6
162771.23578824694
42554.249380907306
-28241.531087315005
-10036.834209102733
7493.66611003589
1.4926956148710288e7
-4.245461759040137e6
-765033.441162642
94504.32514728415
-2346.099244619854
-3823.976030189243
-1003.7379466685292
1586.9609950003771
26566.679780980336
-979.1376600199021
975.5140323688078
621109.2312781774
-562964.2497877525
535736.2265532638
793474.3199304482
-1.2426752630444719e8
-3.5722822004601895e6
-5.052268990156157e6
-304852.23256130604
-1.4570703852747155e7
-3.584944662598909e6
4.0628206685313284e6
-347122.68999313435
-24356.462516123338
-7.180486133991374
-8237.612127335606
1272.1751931070683
-296.3828306125028
-4614.301879044091
-128.09473659293113
2610.816613513655
486088.2674516164
10252.524755378565
-24268.18246811409
784.7136049018488
-6592.804797405413
6.526895670750044e6
-4750.076635898788
-5050.21506474338
-42.251578935240865
1194.6983983328892
997.8048113988947
-1.5278753574118802e7
1.2714994691061764e6
-1.6524362282344087e6
-809.3808884919792
287868.9352354384
-46312.481264410235
-3510.3852240982114
-10931.246972218485
873882.5564391209
-2863.4850134673807
4020.4124360548817
-1.707530930676398e6
-218494.2038526559
-23174.26208939135
-15740.940358647638
8455.830069647332
-184428.42239557835
-15639.142406949388
-34812.60488154051
360154.33527013526
650445.6327157818
-1.1569960739928898e6
966236.9461384346
-436647.39051926055
-278979.8341935008
-74422.80847329024
-2.0313640386987437e7
1.0407613632058294e7
611726.1334093424
-8.078468451023295e6
2.317554316545341e6
-42145.12933787322
94753.10251755394
-64905.49792435287
-5797.057201359097
-13751.217126575319
69271.81092332257
3.863304559802873e6
3.7742361097491975e6
63509.69475585026
-34010.86312956256
-12646.172564608214
-12600.409378981285
2.646003024348595e7
-1.406260841012892e6
217777.91814939116
3.3746875190529707e6
1.06439155398817e6
6.735528147492468e6
-3.220932838911463e6
6.458392974772431e6
-965259.7136611729
376264.9814787184
-69879.80011827352
48609.100487013886
-11058.47742265076
-7622.810662456016
-2.24325454611973e6
-15106.805756754993
-8477.124018325434
-2176.334095978704
