-3116.7556072389507
-1558.1251221500809
917.4685485562363
81.67334465832586
-111.04988463664313
22.759247257383734
49.94760618775151
-24.25982113216038
-53.92994153854413
-27.88993473970753
-1794.1093280921864
-181.33323435821018
154.9058896247971
-30.56549668156898
-37.575477004431434
29.96321194914577
15.871411974890348
-7.542553992849115
191.2148219139729
-148.43827102761145
26.796897388269368
39.36285622767673
-44.3537439787055
-6.7365387915806005
52.52151859133736
40.979365668183036
686.9928757649886
195.76387352550074
-243.18362692910833
58.08702370436514
49.12617635783223
-83.10432089398753
15.071567854774525
59.89177827170259
916.0121871472735
83.53405045249382
-111.94531203666956
22.479461453525587
49.47351549683209
-24.75443748484947
-53.77440975045912
-27.661010146165587
-10.27360615153879
-1764.3766055927783
-184.50472087953335
156.06574429999495
-30.097083295082676
-37.40136527948754
29.94997840997394
15.939890185200818
-7.446735305888288
-8.85630519939758
-9553.119310683647
-1262.3902064435256
1136.6977129579682
-15.175091052316835
-815.9953594739602
1271.0448149325837
15.577503995772869
29.78510670862241
12470.04631735001
2281.0097266959397
-1365.1925479488914
145.33959034764135
409.90522382047425
-408.84743060759735
215.6281820870965
23.534512539470366
28552.081796673403
36334.933571326874
5801.365875495302
-1152.113409766111
121.59705051816395
458465.56195055135
486859.6519065131
182513.95253468075
43401.918221608306
5269.4769110733205
3894.059988904683
1932.5475589134994
426.4859160313007
-60475.444007214115
-12533.76558956571
-1638.3223231502084
80.7776832114305
-30.24478974470148
110.35128384923576
-274.9812591900077
526.5880393763485
-39.11055698478173
-3057.035996332852
369.4369070976001
-238.91942661830672
145.9632995818906
42.129186688526424
-230.01643247754265
43.4170439366461
6609.459983081213
3954.583996844947
-361.42029978526807
-290568.54808838735
-17267.290129312136
-5177.190361996937
-1007.2887376172797
-54.25477443656321
-9376.065857715794
-283.309670801658
-13.278843039050843
1.877166602779318
-53.15662581970014
158.7844007694265
-1215.5740535217046
42.05463618501536
57.97192672192712
-3.068326709534884
-50.1059467410036
-68.68241939812054
420.36357836518636
-107015.75311820168
-868.3753062047693
237.92455299377008
-1429.0823788589794
-78.2126433203634
-87.99367725433795
1858.6485958096612
-11.419302933564383
7.357036274883493
-57.36317466278405
-21.63742201995191
-28452.7421216153
-706.5688404329446
3.5259958405366114
-300.8055754398081
33.07907784226261
23.589123228279835
-2901.2254861175124
-1285.9597536242256
-363.71696505871716
-52.695367383219015
-378.6886718491212
-23.46002656617777
-38.96423012183072
8659.35268265699
5102.764514679424
-2516.4772264648163
528.6519042585242
-327.25936762793566
851.7750518732486
1450.4151938070133
339.2298620243713
-87667.91328113235
13203.582600927011
-75464.11640257658
-26581.393727641316
11626.132452044314
-118233.2873578143
-57323.33562369525
-6998.118643810066
-278.4325833518579
-328.10273657078613
216.4853994299881
29.10475408274719
-105.12773345038732
-23.314853062541008
26103.01100788241
1586.8738744664222
-20486.411854529724
-616.7664176398271
212.4814795042251
-67.99589208150752
-69.1539097644688
63.80926377821174
7349.369886056392
-15.476307375049963
-47.89891773682307
-37803.388280290026
-19219.73184604685
8058.416425709618
3665.127838298341
-3677.8180716489032
-1430.3618184871775
433.93550802282454
202818.99062579186
69736.9501841077
-17800.73056899504
-14748.911265241548
10402.875755585374
10297.840303215318
1642.2785370301472
152149.21375368763
84895.40338118705
29617.13650564722
11126.768876091397
1.252451841590695e6
330386.6962958876
154468.08325630223
9074.23905372978
-9717.773513906553
-1176.084071692703
54546.851650705015
2401.0599140616173
1615.5834657547898
1896.185277931672
-981.2505295110785
-3227.3205941221518
-1372.0697402200628
-47446.42212271463
-7227.047878136955
685.7231326818816
1469.508729838561
798.8498830910056
1127.5222536497224
-14146.65796167383
-4538.108616467598
436850.6787749846
-56962.37307370862
7507.521700023014
6366.83462129123
-1226.7833587497314
144.03072495131738
300.4692576020627
-3999.252838252533
527.8190779714558
421.35691064963834
212.42492954733504
438.4480999708971
166297.5573522433
-10046.66377656566
40.352496396938385
23902.024843091614
1951.0448776050023
-1265.4270328381638
-498.4085628074117
30357.530078697222
-19428.94461180884
-6904.941031343969
-994.5039498031779
-5183.492701095238
-1770.9474391633596
293.37452327092046
315471.8247889872
3779.3635539752213
9615.027438060668
-29626.11031691711
14652.533670118002
1846.1249502197418
4172.483578180172
-869060.3784487721
-336826.18913939886
375913.7499142594
68410.77670207301
38232.16975148415
6624.536676617016
-10994.811994700187
5607.412051639078
-2420.34013137398
2830.301990895777
-759.8050109203954
-192204.75417954335
-23023.535117996078
-3217.358640218933
2501.5102765863294
531.5287993559729
510.7921635931234
16082.620917434244
11297.441860990984
3447.339898076458
-1556.1080418268557
-3402.592806449476
406072.3870793746
11182.4863809667
160994.47228081134
433.4005006848053
71349.12009010577
13607.16074253632
806.0356160676456
29218.015647233842
144.15147122905708
20185.892647394277
-5993.953240196247
-184260.68367662473
20015.45112707628
22012.070543435217
6923.666400914421
52698.20018397231
3524.419024517085
-47609.44203851045
-3530.203361507337
7163.896644378905
-111600.86294256781
-16810.976523400386
-23699.1419473278
-13312.842921748417
-7591.235205892188
1964.2830134612898
-2.7532985357252792e6
-1.1714070235816964e6
-134063.91543867008
45440.59593800355
64137.38161974694
-631286.4355262914
12301.679422649184
44384.28086040404
-42021.1619066773
15533.057292758916
-262334.00508824934
-84976.2570587925
55666.28862705611
-1410.4130969795879
-12964.42848468903
-5923.1447228555
5916.285757945039
-562.5121816748238
4497.188416390993
29801.66590811148
33637.783967206604
58025.21294410555
21441.35503799441
-24337.274288575107
47.30138656680474
24.555172076439487
-331.87710803590477
-78.12151651634295
5040.300394728997
553.8785268543659
-398.2027844269738
435.9285411337517
-148.73425018594313
885.2165584465025
-17312.478871908206
-15444.393758241325
-182.4743386064562
-180.3397469656975
-1051.0381868435122
239.57217978738953
127.98115221860347
-43.36771363640286
4099.887699952976
-193.90702192546064
-901.2045947371176
270.5083770326919
534.7706705284417
165.22563745997098
591.0062751471302
42066.443573897894
-8272.591170930975
-3830.127647432814
5496.844678792147
-286.1695685666127
-4082.298208010692
-762609.6273502932
-249315.07210301957
-16643.42952968106
5263.881642313859
-183.9294112444282
858.3367280737959
-418.74734545724266
353.4362381219794
-17533.472243288175
-192.40761895126923
517.0957732719581
31859.649633123296
1287.475117738838
6840.113329219722
7715.281457936178
49201.77537563563
-282278.20224411006
-34586.33497459921
-9097.479912524655
194649.02013365758
31702.334946977946
-9620.048295347597
-2153.880632869417
-1464.8657262129143
-7.782579701481792
551.870216932167
-110.07158976771574
-12.978282658633361
948.933852453288
-311.54230092806216
-730.261219866372
-10531.679635853914
-505.29155622009677
-842.9900667290647
1554.4760306163744
2114.624900508429
-111191.60767663502
6034.892977838945
376.25845336955524
238.27369421456433
-219.0861513412289
-99.46687786875866
107648.72199527704
-4478.791369316489
9713.197063574797
478.0441443579057
-15091.12140057018
3993.814461149981
1931.1605917688769
19.66268851503698
-16956.638610405687
174.33391065816048
-933.1095138556527
16091.97478067747
-7186.893622324351
-3331.2292278991604
3289.010729945305
-289.61831887367185
1741.2643733825278
-2366.505567964542
1628.7984878138277
12113.163272761694
43223.591100615326
-20353.491087684866
2633.4790445284757
2976.383364227424
227.90223726162537
1527.9167031369286
-647972.9778126267
886377.5766594778
441872.16238873446
235810.22627719963
289061.9056551225
106032.60754221199
3536.078962556573
-4776.770837001601
869.9477005839146
3730.252126724681
-1567.7606710545358
-301040.0474275974
-176105.50296190486
3084.646432191598
-1433.9023673570643
-2916.273331995434
-146.0670576593572
70244.99963229227
-802633.7986022277
-74322.86748626067
-488020.80558580277
-73530.14809143379
153646.15859253556
709468.4049255381
-121668.94883027219
8179.871609207686
-8893.491001728784
-682.7552107175695
-248.76034815428395
553.0117018802916
1569.0300640461182
112927.73007413809
450.99483263091616
447.3364521036334
-74.08108088417501
142.41121997572486
-148.53755993390976
24.502964971077795
40.02258859129329
-44.66940606015086
-6.704022068076266
52.58996390037734
41.26344712611095
20.250904329621083
1200.98618011868
165.38519178707833
-287.6486753706315
57.00117088326019
45.01199416404526
-79.20096337540048
14.041276736861946
62.83184150603161
38.89744518260384
-3405.882015726381
4086.440029349863
-1462.5705368342885
74.63569234499958
202.14483501840175
436.80005839214743
68.38742753161462
66.29563376644607
100501.93929125708
-11522.697444925481
3343.768321983674
-2224.811230884876
1667.411819373855
-205.40811752012053
-1658.9486046126285
23.237047162256907
99079.45081041858
-169746.6544580877
-212309.71404127555
-17031.509679804672
-10371.750166817174
-1.5556117291242274e7
-3.3063698902295795e6
1.1122832132255433e6
415297.39292954217
78652.96332308472
-1630.7740157065932
-2544.2764441338068
2019.1703967843139
480842.04531818285
243760.73185867342
30211.989579934114
-108.02913491537555
-269.96501634681005
205.88109043107877
-11.42494654804554
-109.61445070297374
-115.24419097843439
9458.654295445242
-6075.938225618037
2315.1217888994224
-507.70863774044716
-359.3483217460654
522.3700408430309
-36.587413093157416
-13626.8374148103
-43735.58416437523
13541.68278207789
1.5488497714395688e6
-272475.77793266316
266587.34116030287
-11664.855159435116
-1077.9353391826498
-88827.52743165952
4247.02799445188
142.15648564721283
-58.379898573623485
-52.11925057537044
32.56421428920488
6907.242048647065
2482.496767430516
-1420.9769714657652
382.0075772016318
102.19505480417178
-85.57198381103485
-9246.685576718655
2.565061592594475e6
59385.397940708375
95283.20576333746
-16151.82045325501
-12.444340903508836
-17.571640660667807
-15970.280501701178
426.8217137528704
305.99733635465236
-119.54448301125727
64.29846719613732
744782.6686501023
-66739.59077607522
7795.208489719661
-638.3927362186914
158.33535422268787
-19.368352148089162
146429.913095776
10860.725505894683
-593.1946018025579
-28.105158589871227
6445.298267531123
119.31741519539328
1043.9179398763056
-1.4990217857433e6
-45221.12110761174
117474.16702309322
-75901.6045029147
33262.6803669949
-7068.895829384182
2954.9398313080196
-3963.599377508818
2.6155619581077665e7
5.111180464393897e6
-676572.7320976745
-1.8441350156787063e6
-424341.5993615396
305710.3244236522
-75480.53816693462
204549.6777484866
9169.319479490248
-2599.9473497741274
-1986.68390454265
3120.1469672539533
-2878.485979450994
3402.328246439075
-1.0421024305816405e6
48043.93495596562
75725.81872576594
-100841.55188886188
-4017.36226240596
3953.4022740907476
-1285.5377501622909
-590.5657462594456
-12556.337422828457
-670.6397535818809
-1573.9462922536068
36982.20257395019
3078.3098669546457
-5388.654165894143
2102.1000470946983
13.43400045505369
-1426.9629836726417
-740.1474294856067
-1.6624257686621645e6
71145.99318782557
48825.45519539915
-31162.612371012223
-2816.3750303332895
24730.27881427975
11765.140042545685
-1.714567443397581e7
-9.786080048556063e6
-1.3984916608817165e6
-106416.4458634815
-6.260649143559183e7
732022.6957072205
4.698911048497713e6
-1.9551047651651723e6
13355.939765148354
-2082.657997849348
126932.39849319811
-37496.60758595594
1364.6512213103315
-1008.1152777684733
-150.36857187863947
896.2697978936845
184.0994682361185
218591.81803942373
15391.532971262412
-17813.397172413665
7622.789445641287
1617.8017417428919
-2395.007122006946
-122236.52996834183
-105654.62665182268
-3.1237137793072127e7
1.2605436885315888e6
924206.6570768631
67467.88074323749
666.5311402215532
-366.47650415088594
-505.67528819445107
39657.95181856991
-9341.58668514748
2849.7960883434016
-435.0784464398242
927.1795242351487
-7.07735768762125e6
726452.7583338846
94.33450662967036
-55020.36513443888
-2672.0075723229074
3694.7383811003324
144.12954728148426
-399931.5731901532
-3533.0349202171233
10736.875941035476
-638.7784953705739
-26078.382571997678
8880.113073448081
-11876.43596609975
3.3149353143776273e6
196225.23067902346
-58023.172164740296
-134063.7099825573
209498.0064581074
-142803.5286051854
-5977.840380679991
5.050047475114106e7
6.048042966358374e7
4.577578749472736e6
3.0242310492345295e6
-293029.6550700041
-97901.15089159513
-91709.66442500509
40589.05290828294
4623.0536860540215
-7177.2172606650765
-26534.887412467444
-4.528614129419708e6
-1.49701673626154e6
-6916.495296061847
-41.60418614649136
-3800.169294795853
973.3228013844627
40509.75679076667
-1.8089679450233914e6
-2486.999918173717
-193868.6819261261
83374.72716849524
2.6936643532744374e7
823124.2971717652
4.7503237207934774e7
88651.84804012938
1.2865354880603151e7
1.7461106929942046e6
14168.123994760932
2.6405583186097597e6
291588.1922401607
-896716.2962080141
-10873.454037582482
1.8701019827743925e6
1.2184490113806264e6
3.9490092328729676e6
-279150.57499039324
-6.443100380445064e7
98341.93915246219
-4.104762582988366e6
-764842.40821739
414.6640923562349
2.207660058525322e6
-2.736267325409882e6
-9.105506876007587e6
786826.3496830447
845682.9042330519
-1.6830124385477914e6
-6.23568115533479e8
-1.7473665262791643e8
-1.4468355595479842e7
-5.537708186116025e6
4.729109630435124e6
-9.018456593664473e7
853513.6375622645
3.9430917378592655e7
4.045011972700791e6
-3.0539109327307795e6
5.2090057805894084e7
1.7854969373271402e7
-1.2648955156823643e7
2856.0236888041554
-543458.5154012634
-77580.24284664812
-9730.292346392589
195163.07804172838
-31123.826021800585
-5.336753332368208e6
-301776.36039839435
-3.3888197392668677e6
-1.2320687139014571e6
-624876.5715834337
-182.3286240707923
-124.1200864236621
177.13021213436065
351.4477595510525
1717.1272399905863
-3304.398510860418
1568.3194033256223
-173.93342525737938
-260.5342772989667
82336.06926188659
-8.258403544388869e6
-1.9270706398945795e6
158.55001841871663
53.54226407496133
-10276.534210924223
123.89059644414046
682.4584063382092
-218.91084644071302
-1.7366510925205231e6
-1994.981635635836
2142.483087425537
-145.04656064031988
12938.711759029704
1345.6817535404095
-4036.6935573547744
-906951.0021238312
3315.4192907291467
64651.80063963043
-48219.03439739568
28693.44055209878
-5096.441463569093
-6.2951339905147344e7
-238221.96881660924
-3.8095176628523925e6
24612.69798146771
21581.29465586101
-13792.663410563644
4253.0354057315335
1421.4512998847529
-136448.01191395268
784.2805656151887
4440.780219704636
-2.203767840501774e6
-271304.11243458244
2.0456622613371608e6
-108839.65988862708
-2.4911293317120752e8
-7.088469111511181e7
-1.0016428696917558e7
3.3716719581118836e6
-1.407501146428358e8
1.4820607140271906e7
1.5834570993920753e6
-82478.72541991792
278556.8084092142
-38.81861411071867
172.02211978730793
556.3957223911566
53.70881640189617
3523.901734855457
1546.1034814919628
-1758.84751439125
522149.57163701154
-19688.182371563875
-38380.72282186055
31769.3785331764
-3761.7735210443484
-1.6108664406595116e7
3.6023158297141083e6
-6923.419527251747
4460.58193302228
2919.822307905193
2878.4197748616803
4.313286514550064e7
-1.3409503874702745e6
-3.980550001237969e7
1812.193503095793
-262120.00226378723
-5052.656786240297
17652.137000882558
14648.364135543583
-3.820307861613171e6
3135.4264306720943
5788.9771162995585
3.1850342364884e7
-159128.77720173486
73074.86323585887
14021.677974393531
-1782.1790000077826
-313750.4928476785
-63180.33877604057
-6031.0157492436
-1.5743168121768935e7
-565541.429742435
2.516404583755351e6
-1.7409769002801625e6
639195.6770086449
339322.451323598
154510.6101930224
1.8270812394847646e8
1.3654078333648434e8
5.950552881127521e7
2.797796712390663e7
-7.708316803015469e6
1.9616483230899905e6
213984.09031296775
-87043.97967764658
-10376.031048825378
122386.09748242945
-93686.77779443553
-1.8497761365974028e7
-1.0689098722079435e7
-93416.48832367567
83145.39083373165
27628.864361182077
34080.72179269686
4.032732030254799e7
-6.503107563650801e7
-3.1278163942980473e6
2.650866324234066e7
7.974582334949862e6
1.4981640253852008e7
-4.7162945289113015e7
-1.3829656617227655e7
-1.378710317987299e6
-2.9240710346889687e6
36450.689308524874
-51317.761315432865
27905.672446243374
-34.99567658817402
1.4491103543211122e6
23862.9196024312
8378.539976452215
2878.8759097643897
