-3116.662577711646
-1559.8216084299504
-17424.37426211975
-9486.004847877759
-3521.080782987912
-802.2137420432125
-83.96281906548153
25643.557653331638
16616.3849154737
7280.7271952300225
1941.8039426563264
239.67918186091381
65569.68824480163
50538.183388075944
9594.65488343216
907.7535881226829
-163240.79673773944
-65079.15114274055
-19632.588192411677
-3652.9866346602416
2855.7106008230294
697.9769447405204
-10657.326853981616
3678.65748054726
1811.60738071269
-9319.801759233816
-1563.710259590947
-341.86438025754506
41735.66038093025
-4841.2084572316435
49009.01566621009
7654.557790932515
-21870.556470682932
-3283.4443015636853
-29212.742072402634
-21936.489011032572
-2295.324122708805
187751.1602900124
64390.39350612308
5733.269809221871
-1107.8303450556846
7391.585721939827
7941.192602148904
406.75750294219694
169050.90943427169
213365.29221196455
-9344.842103833282
31529.76901498873
-2386.082749276622
-54754.01295509064
-27328.162836217623
6266.820566035567
497969.25411910453
333591.7956132514
30802.437103882166
17274.32017857338
23077.931918247912
15883.13550128423
7464.17824613369
2143.6042102147953
280.22062046076053
-25581.388873364962
-6707.724705681217
-1485.9385140539332
-880.468529406364
-270.365257848259
70740.43783536187
-8046.625872103407
3010.633587918958
656.5472229094997
-2.758001515057355e6
-628045.2814731979
-167684.70591278345
-8159.099627764439
-9753.59843530794
-2706.4102112761925
-727074.2056099063
-91968.95168133145
-30289.35940238354
-51003.27763010666
21591.266467614365
-16954.81211603669
-8.602999924814872e6
-4.176897486005809e6
-2.248053178641979e6
-311424.6994146071
579917.0412694812
102397.94115545433
-260599.2511575272
-121393.63841282313
-38615.551682237776
1.5993662072280648e6
-181413.84981254765
17719.913616868835
14354.868905697924
582316.0740745435
-93049.044837491
327920.9263281997
3.8572513813163172e6
4.974040052707865e6
-768364.1054302262
505814.94404549536
-85601.57718655297
-278073.37007296673
730522.807690094
-448550.37785231194
5.069790963849299e6
-526568.1868771327
3.34939518693486e6
-2.2600929056847454e6
