-3119.22574581458
-1559.0726074548365
-978.9748677182818
-44.072644105623574
5017.966975249066
1523.290308486127
3654.445183017285
1176.9088071835113
-20870.12004832819
-3483.979832412238
-947.6166125950905
-44.01715097433499
556.4641727466435
379.07796167439216
108.98102099739874
10.925711457582796
5030.247929143301
1522.5219429703038
-358.3288514647072
-632.8148020891331
-184.98643422453185
-13.673195187630382
-25972.209197929522
-15435.332027110479
-9415.435056232076
-4334.908068213441
-287.0020304511666
-97318.9639216288
-12164.761364983797
3783.6388509663184
-965.6720338708545
769.4487479662536
903.3052726514267
873.5205538650381
19.808093030232218
40480.69467506933
11672.358260671372
2281.561730074909
2763.4377742175648
2089.1306110057476
-447.17829348301314
-52755.09480340299
-3641.532143944234
1732.0610929139991
-1188.333770306116
74.38092086824534
-166.13254652896188
-1257.0887830135503
338.1100312327283
-20306.625521556605
306.1902640774164
1527.079768912659
1449.3091726163027
-8072.292756540789
-1080.2968241594758
-542.74768266887
-57163.77960179418
-4997.399537143678
-29509.34275286724
-3333.277602400311
-1540.897187935815
28803.390879435035
4718.319724095347
10334.412137932271
16828.319186468707
3888.2099849148194
3312.7906228943953
-4386.957735975162
-1284.2258560703785
-49274.33632289757
-60929.552237464675
-12008.133847284109
-216.98917092969916
358651.42594940355
50218.326017554726
42461.969418721856
13955.168561518518
17181.505030513497
5608.385139008894
-37597.707182141814
-10581.54030358336
-8617.848809434834
-3261.318752147322
142442.83344185597
-78083.83273007243
-16092.934239363625
1942.5835283268925
90064.11944067698
-507.982533905859
12922.71732210331
-853354.339188524
-833498.3508168537
-120970.71605224181
-9384.646561877702
40748.3949766135
8343.552301216561
-68803.72499342264
-12718.244819793825
-299.05711302811204
-44641.81171008291
2797.854173503608
1190.755610819458
-20738.256327481802
-43005.62069518208
-14727.683967421195
-9463.95617994827
-12.820934901916463
18272.37183994288
250.1554248512078
6198.869332107382
-82100.9403625971
-83663.52557292322
-18738.0581194249
7611.794534308552
-1730.8768498936804
16367.238709022082
37323.35856751031
12007.609940818791
-1219.7568140626404
-418058.59550505667
162474.06751816729
17547.59860976716
29605.460996645037
-51519.30274310663
-16670.758081555858
118445.29457511407
-14222.635721925106
-6103.947598920212
7285.044572573651
3709.7530005154626
1173.571342719289
-170.97424317345153
-617.995387684073
-309.75174831211825
-58.98193363921103
-20088.96482726331
-3483.9711503028857
1388.2117757148533
230.47792155404778
-233.3844077005204
-45.46273646262798
-18810.448423472022
5891.076797053397
-17584.518484239743
-2366.328525579209
-1120.759214803045
-331587.5164706711
-123816.34244906169
36160.07596521201
15511.821830233079
-2950.0509665554227
71862.35365459164
39599.402432522926
-2138.477416427052
3.877286636972582e6
1.2265322250491676e6
205034.952188215
8663.317227189451
990.8622707540791
1431.6645814200697
28030.024763965357
-25405.91268157469
14386.568096181398
7440.782844245984
3475.6237174405305
-24995.970924235506
-44967.252356540776
-583.1680010967972
119287.0497129717
14349.56815944066
1497.7200322493627
35500.15697426641
4261.826832141108
-3082.2635706614315
3285.512954634226
-1.6368565886768936e6
-410415.6168146793
156145.16208300035
70397.66769657157
3085.8749254606682
-6.395155070905941e6
-3.6905071625512308e6
314213.45169914933
18223.8661905351
22567.2683889089
8116.861995471275
-388297.40893540124
-1349.998861185852
144114.71424125056
56362.866606491014
-29146.328272027517
-8196.212790960375
-1.5021100807715873e6
-390748.0250857604
-32430.82812516976
-57410.30209333018
-310953.20562555763
-106580.36975671008
5.094738271834999e6
1.2441609727589588e6
15813.77933054899
-3487.194124336224
-414072.9867344885
20057.023163297727
135390.97233784173
-116424.19744132996
-253492.64353194606
-115500.28772620289
76336.28956018093
-5.205029104805753e6
-2.740460680953383e6
-2.4111200044700797e6
-92309.33561004885
-1.1500502647094436e7
-3.1625304129119734e6
419080.99124802114
-24486.82212870817
9707.380314933922
-150013.27472088143
-123432.93155709715
-283955.44316706824
142000.88966301078
-4.364997526666967e7
-2.735850262514558e6
-6.488074706320953e6
1580.3655767627085
-39491.88219336599
-18698.987029494758
-1983.797043490635
-2.1852698292842247e6
-448903.5681586577
-384568.5023721468
117214.08526365286
55963.714352820665
1.283075003475663e6
-537462.2894562143
129082.6567261552
-165351.03540820646
3.1705074261696385e6
-963022.1200279172
-3.863832461104722e6
-191759.77247376187
6.771456426425228e7
2.6070916302549094e7
868434.2405528242
-205335.0502873221
-6.359811653814996e6
-26242.66823530804
