-3117.7902087229063
-1559.335769324071
5891.153168553183
2129.4507894474114
-10511.61601579098
-2746.549950985655
1913.9746195120947
-917.7014152376584
-96295.49590122192
-14789.782647466205
5913.738676165146
2120.7465140225304
41.76055419663345
-659.4893286583521
-149.0525691043912
120.87656833673682
81.04807451913679
15.351678467746789
-10361.800326942277
-2735.5750275126557
431.2631033736724
358.1996249375826
-220.84451808301336
-85.02556645060079
46.40994791320097
21.712511741247283
44412.72148000355
28408.792789891737
2876.9122604739155
-8206.926411766355
-11435.618998167562
-2376.0094752256746
-286.1719301104427
203461.0224426411
-1385.517500834198
-14504.055277132225
3159.703164342831
4908.427860666813
1709.0311061690147
329.8570133398405
-18330.55461052633
-12197.925907749155
-4787.211164431195
-830.95760301366
30660.042871665577
-11026.316985155328
-7204.224659637555
-1078.7244132178416
-20.84835924160081
411.5938032564467
-1691.0483327868985
-1863.0675817204349
463.3033426763217
-2446.4372080701637
-115.0489840622394
18336.86815400328
-11186.278895184416
-661.5194454145663
3052.306308981217
1551.3471509412364
116.41483213472509
481.67962484517835
120.11417017902774
38814.91462846923
6990.358482850318
175.36276774429837
-103.42474035568146
1061.0448671307254
-533.9965106543917
17316.424964919832
4288.776895762586
238.4566580731134
-1200.5640826173114
-99.96980119526346
9387.272966555282
1670.0217398514517
291.1000117419431
-16195.42331191966
-1865.1814034475233
1608.3115984029062
22.19291970632143
-121.00481343995669
-8477.397928260303
-2335.318255247517
206.163895426244
-726.0764616746925
-466.5331319827977
216.67471322508163
-41548.6800148541
-35069.240558860154
-752.3532808247652
9701.75835401195
-2196.4969543752204
-3440.8002571060306
-604.8201543150591
165835.81481805007
130529.68862466249
35714.66701091055
2290.173566201222
848.4266346317404
-7046.049078081461
654.8786734113868
4305.93138691953
2728.387168254723
141.06023777182057
4466.163704445416
2430.8483109768445
1420.3677185547454
226.11120623089465
660.8774870670852
-324.0505407765974
-6038.220832493067
12598.73636475996
33496.014059167006
24644.44582059583
9365.075200468611
1112.9501798967983
-29021.43327705462
-54761.07061729115
40796.98371755936
-4707.046574772094
-1679.8173073968896
715.4197537002833
19489.157273583416
-10200.949238501682
-4674.3020178508705
43815.81145332432
25349.43000019778
-9925.595584238134
-1837.8494335761682
-3616.368185239898
2180.9053109539595
28.25245224891418
225753.40024866365
-33262.21755227399
-10194.70822887585
-18343.72137342311
-4994.894251846732
-889.2548631425799
22635.999440002062
18465.803279166113
138.81004766079678
-609.8170439451079
12074.02741339573
6585.184630461628
16903.24954360252
-5033.825219380948
-3738.5295349210433
28684.54072665546
13326.866542584854
9717.813714706193
-6493.460977211148
-4026.955850309425
2231.420584193213
481565.9434393264
207105.92972026317
47880.29129288941
-25492.23564172542
40352.069300303214
8575.721564431034
-95669.99454194754
-128508.38093827953
17091.02277646426
-12736.013827339038
-3430.058441208773
-38599.30335541456
-314.29505194160396
-21833.475701003303
-8748.30826650452
-6770.714914769028
17246.60205589201
-413.65628220746515
-264200.36627301073
-53237.83781347286
-4984.146947056301
5670.833021883452
5012.118382096938
9167.188006424281
-82824.42524222338
-9587.601007357513
-59.59994456963405
-7108.714956206705
-474969.32898087334
-72523.46300415954
14439.88359179055
-12203.419566241444
3112.842182173689
-30499.92644976308
875.0471193838872
-467.3494127271372
1258.5127540940296
29475.647185836402
4665.571784844504
-639.1440119395021
2553.370668260937
-12265.454128969643
-682.316711755277
-25144.43834486594
-4800.7947816781525
-1736.2727830128383
-3081.4300902834375
912.3398093488171
-2224.677988197712
35537.65328443552
-92424.1558935722
-72943.14113575715
-5844.866570304152
-3095.4650051127487
70587.78461537731
23499.576353514334
-3566.712196841025
15452.297596015012
6325.077787655112
-3541.900723998025
-33.255269434772956
-139117.87247564958
-13026.008136416825
31710.969123369276
-5268.611459228197
-1538.6008277175363
1090.302870313587
73819.66066931706
22947.606542679914
1006.9206424341178
1184.6804843692694
-4074.0357255045615
-8873.010846524465
5628.741230088865
-48911.17987888399
13212.782541057082
-257.8666051067626
-5404.810106619042
-4503.113257162597
12751.216341473912
11779.348947457107
-2845.0551930362344
980980.5509459144
308744.07699228014
88380.92551376959
67912.63608577865
82180.55548007308
22660.923239181448
-1.0841178938308698e6
-56956.255561401646
-37774.961042328905
-80232.56788423269
10565.053122209392
-39704.850486638665
-20389.687872959097
84839.2795339074
-4935.3998902764515
7979.937437674387
-502830.02382113255
48716.73988171573
-228716.4245030663
-2163.9730607318093
15711.33206965027
5734.964465684701
-2704.1313262536805
1854.336695493372
-939.9024899657812
-840.0644136506994
594.2910543707877
139.88246784066703
-423.8710529377307
-302.5955828873396
-65.56025129340262
-96179.0753006872
-14715.849592062748
8514.980632692423
-847.3088305306792
-2153.119995988869
1336.9404144359407
1399.909460361631
318.0804913541427
-12053.924894842545
-22652.506121527345
3213.1493570597254
2784.4421024200997
-579.4413801872284
102.49212898131904
25.942853094296044
324703.99889094324
208228.04156205707
-48203.92888723709
-26731.94979904777
28824.11978210085
5085.638332116214
-551.6124090451211
-1.0386668063770548e6
-771715.1387084291
-71922.503926717
2313.0185450779973
-1.8501702995192163e7
-8.527681354162546e6
-3.101396303605971e6
-379404.36990706786
-227.96685458473
-1762.7394973902221
-4762.100902097108
1374.2749677868082
2148.605461549614
809.4728535692751
22.981372240781162
-294134.62483942695
14429.727966849365
5026.933194407521
-6915.808589605168
7703.265880745294
1234.2399337772263
-66956.79775286456
-14907.439069175076
2.268444654425752e6
1.315468844012367e6
45702.656892951236
346.77798763495
52.41652955522063
399.8955877948532
-65010.22525901862
-4710.706452388671
2765.763297597904
887.9338277363601
899.4215864042388
-367026.8101495074
133408.04072894636
-197.4321629888731
64759.78949341068
6842.398080748221
-3527.8883034131686
1415.9265464067046
-133193.32803143607
33483.71036758051
2039.6781644971365
-4933.046769220156
11022.974805549087
5269.035713474242
-2090.666781037759
6.382821289428127e6
688215.9235559076
-390560.46259423817
-24552.14591482459
82000.9285173168
86386.82839617968
34206.48605266978
2.0015480974395994e7
1.7204529928080942e7
4.742329301743742e6
165286.65295005255
408.5063341109437
-196734.7603175446
40856.94138464804
26818.01584875204
-17684.953754690858
-12147.018297936605
750305.4509521574
426972.28475022636
7760.424865449156
-11583.894020088639
-1972.216205479737
-1045.6910572199317
593.868447332455
91185.98789115158
45678.09731733168
13290.140788191333
-3375.118407975565
1729.4440457194285
-943154.8520879782
4958.258886519802
85226.46432935749
-3124.7406437462846
-105049.65382150203
-7486.774265690652
4.414165921078668e6
2.7041794644124657e6
245155.61962645449
-4.444555870874829e7
-1.8339617164866522e7
-1.7720167466561298e6
-12590.030506496492
-4305.857355634039
-7813.883547737552
-6611.610783985971
57875.606380520294
22022.882021174173
-34469.84740121569
20983.8591392937
-33530.3842698458
23995.18720544892
2.820351316632107e6
-566610.9816659787
1157.7347933566493
-1133.5266772677433
557416.4087560022
-148187.7943249555
49486.353197272634
-7255.923026893946
670555.0911556982
173183.58099005686
-6617.373019660427
57332.342084882825
-213397.42396569203
-83930.6518996699
23055.462739298582
1.5707272781270877e7
-1.5898606834236963e6
1.2002956548560942e6
-827893.1612048695
-86472.58050831633
926.449485830888
2.899476922816724e8
1.7705471373587668e8
-1.733960444827075e7
-132565.35676755485
4673.0780581678555
42317.72505566238
-84602.56427606815
2.001875490455537e7
-27145.065543401233
3822.3836803528206
-124882.39075774617
-111313.51110110342
9.805524406207224e6
3.3178889933591196e6
337783.1323086721
175504.80399451227
961822.3212368472
-508487.7899284404
157270.48609606407
291923.6483234102
293899.3840245994
-34476.37391284484
-1.4858509379839474e8
1.3669544095176782e7
7.544109275758418e6
-1.931004362450254e7
-3.412863764912453e6
-165571.53412249836
-1144.4091308152153
3437.3314668884614
2230.263236216515
-279551.70517810964
19551.30814367193
-2924.686590546559
9716.869470208576
371433.56858669216
158.1752628349432
86133.40310615681
17803.30862440279
7983.520020490552
18608.595531024213
-3126.64382336884
-57.56482816400602
4.397109880272144e6
-1.2690801103875148e6
385418.33707690105
-195757.36441289482
137089.35403681893
-4.1591010580447656e6
-965464.612581013
184179.7742728586
-62494.23687769638
5239.348832483382
4729.38915128368
-81665.84543293588
-5.6429892801121965e7
-8.686986854212772e6
1.8651705118124627e6
1893.2973985967292
-10664.32970587585
15813.831885073683
1.52734634367701e6
-547520.2087289346
208337.56167131112
-113734.0533322757
-70493.97779018876
78690.37435502972
-46459.02908429492
-3.116119506386058e6
481957.13596736867
-225696.8723025126
55608.99350050311
64343.10116842744
166089.0412982421
-143827.63696066308
73769.60577006287
1.1443620361888599e7
5.296953794887758e6
688941.2899741272
-738981.8707566479
-2.1799662241584943e6
735059.5424012757
-1.1476003092839153e8
-2.906706575167538e7
3.1867921975662477e7
-617770.4577634195
-1.1352181114653964e6
1.1969310406608023e6
-948086.7246538863
6.099896386758957e6
644954.1982962312
-545582.3397338373
-8.286599609940396e7
2.359100639366003e7
-6.640776129543621e7
191107.4844102003
-179110.01529775537
158189.9840979327
251405.6710591186
