-3117.1216836538365
-1559.5040576826964
-23867.763310155442
-13021.18643459686
-4860.363900532176
-1128.0048290637149
-122.30781672734986
82951.18076688476
44925.22350088462
16583.840928659745
3806.912837446946
413.54149867322224
77117.0642170721
58011.49874939299
11589.602807220894
1240.098150026734
-70003.30217847499
-18684.898267002467
-5006.171666877486
-1100.2677950338116
2886.3369053467914
693.7614948747456
-10545.25613263809
2412.2066225735152
984.2275716528115
-7515.081064939101
-883.6713083110923
-586.9192419921889
-92271.18803814192
-95967.68817518574
-241.45036691519837
1649.48093818239
-14335.908627927227
-2966.7644793725544
-31171.085579763483
-21768.248506477663
-1551.2962518701158
70462.43691271724
19513.08273792903
2304.153397544803
-1187.0079133503407
5639.601039898755
-393.7008026844212
1137.2110504820105
-29887.884928425727
18416.61711298867
-6162.41953218739
8411.960888693602
412.27612889620224
-31705.212688389467
-15361.691394127933
2812.9628660387298
1.2688541551808033e6
906462.9473248681
59741.87220535627
62513.05605646822
85081.89869959152
45325.003208291244
16505.484256163883
3773.568102912194
411.75368505965196
97854.00586316742
12097.735824671154
-14650.582183891624
-8645.155254978545
-1609.9075041898318
-246065.9060953881
-159432.9804025962
-45607.110836360254
-6043.166072490852
-4.0622086760684983e6
-1.7329505370218018e6
-361028.3187606222
-32858.20166526271
215.15087742399024
-97.85514865788875
-506596.86830761697
-236746.5529923716
-29999.300283012864
63219.75290708467
-2993.7662832702886
10540.63051954941
-2.6357225723822456e7
-1.4581575721772863e7
-4.654999153845146e6
-526951.8119085585
518442.35023628693
70220.24605751164
-223448.32902461395
-157512.40302437107
-9600.086217032003
3923.3828934608164
127427.52747808481
29657.905112655364
-11169.01901132369
-431829.2615546948
-39591.62351804006
32055.99099804362
1.1574595204173908e7
5.851240503208634e6
-716649.8915958318
542987.6373851344
-35844.51869056089
2.6138485084297964e6
951598.9274756191
-104946.787300786
1.1012395757056214e7
-3.5900315769432457e6
7.237913072178144e6
-5.376737655488378e6
