-3114.290548540514
-1556.8298544614493
361.8288565848779
151.68018069486826
18.854079316899583
3170.9816119097277
964.1038267209133
128.67330349382354
-275.4720686908687
-161.83651269690222
628.7633428621435
364.8049710751893
-310.72695799677064
-9512.219769392026
-2277.50412761427
-3674.1173439118293
-1304.8699603563941
-219.3302421023239
49059.43841569699
15722.785738018058
2240.8125125720203
4412.766561768863
1279.3530457032127
-8470.830340038921
-2614.9381756674056
324.00302376789034
-19911.17736718343
-3487.3763539906886
