-3120.9688474712966
-1560.2142679618346
8782.677955458461
277.2244776387906
16.701291096212334
-19.453586312812668
16.12842094792528
-3.4861189708988776
-0.7789689349806999
-0.8288193287362952
1054.8444619603226
1.8028451513527548
-23.238108426711246
-8.730945221866476
0.7500567375007252
-0.10680747865992457
-0.7531856434875843
-0.235338589975806
24.381301184985443
-14.96720527928903
-10.929052134221768
-5.544612333791537
1.679775772703931
-0.6610297367556749
0.6349236185461642
0.21986114546174337
2.899070749815905e6
3.898848283730956e6
5.321169464219583e6
6.408243730914154e6
1.1763235750446494e6
-252745.59700429565
-2043.1598911858778
-2311.4534261405242
-4060.0236853219762
-3579.290247360254
-573.5866938977201
810.3585618201554
116.19106227786928
149.14822984753766
284.2275363226468
-51.80062273720439
-31.940534823303047
-195.72932611035586
-35.63918395366093
-51.44425090789642
-73.44886157474575
-32.90751724954122
0.9064406472846103
35.39507813020694
8.844008591721204
4.597501553636325
15.891835312022753
22.914211926642547
3.4307499207652983
-0.22291393465105472
-0.7743924925371067
-1.7518535149277028
-1.114178015056025
-1.1810454860700277
-0.31973469045305863
0.005935560892328865
0.5204951816000097
1.0756780455181312
0.9019358223437185
0.8201701973594359
0.13296257138807008
-0.11814309854133001
-0.059644606281609544
-0.16177531458754085
-0.14517868001260095
-0.13283058599086886
-0.012175888488464312
0.02116231655503689
-75537.11083354276
-212314.37558892812
-158594.47053117378
-127132.94355984723
-78959.53592372281
-38604.83811857901
17.303799896065957
-174.07952122539473
72.37683231770332
52.08941178132641
178.5451788457357
34.79182343932896
14.258077886249344
82.36062754630261
18.525148812531338
14.12878787287538
-27.419548645028296
-0.9107556523678147
-2.1827692278761135
-9.302195043180689
-3.3625186276269994
-1.9957006905155474
3.299976541287299
-0.16945273212446244
0.029546360554468343
-0.7041869512232971
-0.18897358670081257
-0.5877963776775331
-0.16207891307986128
-0.04227789232267538
0.054210907704371564
0.13136228291175295
0.06509627194475126
0.0809903294621784
0.008662736201724466
0.0005773560817119908
0.049679386707764055
0.09248059489202658
0.05997980455030624
0.0413730075687793
0.054585860025403346
0.009012203431323635
-1.7930945534414538e-5
-0.015725756432789232
0.009103205334785367
-0.013385612135952622
-0.0011729639592675378
-0.004173638931677367
-13420.875628847487
-25999.159287354214
-45977.59881841048
-8018.5231818495895
1601.4277089345703
5744.93404478924
37.633937424901646
110.84841906692319
99.06134790378731
11.453421508319808
-40.84384535200422
14.791464715734548
-3.3773714437803704
-17.01706917953171
-11.203234251575463
-0.24460912658683276
9.212993057632788
-4.291370000982885
-0.5803228956881437
0.5877876563661439
-0.8330097050738839
-1.4409462169576939
-1.5280301195120256
0.3690820759098873
0.28518444948045457
0.40443088388380266
0.23890834116005133
0.13625635361297314
-0.009769814975804335
-0.05220914652294855
-0.025212791779099443
-0.044016470376860704
-0.03685072059282065
-0.04111927614896625
-0.011228398782224855
-0.018726821773547706
0.02800667266640319
0.03305867461093149
0.005095066089100437
0.040482002323901596
0.003923169604619007
-0.0006968366100896741
-0.012766865855393047
-0.01890055324390945
-0.014835949546670902
-0.008394945823532509
-0.003081431381283515
0.0035772003238355356
189199.3341864655
354290.9494736478
261451.7760403085
147147.07009187364
41529.54098943849
16422.603433171826
-190.34576490492506
-347.88285525718265
-198.8039426868476
12.421845141631396
89.70866832247795
26.16529438040156
-8.537297893030738
-9.401493406880405
-22.779286996258865
-43.276142696651135
-33.98638327861271
-10.709178101254068
8.443892671439032
11.361978323167474
11.468610188881472
10.430479266297565
5.878973609822981
1.5915394715669076
0.8470602635070396
2.9241384054167527
1.497972166465302
0.9424903097082236
0.4439810934247402
0.3060204975090045
-0.05704925635868141
-0.12942763405892008
-0.18498239392581714
-0.13254913254539505
-0.09797111373920388
-0.05274941741627055
0.4499454954825532
0.7842139737806612
0.6257439514474755
0.3126145346103789
0.20128310779553482
0.036850917498056995
-0.02592127768318489
-0.03018104985954517
-0.032514571926969486
0.012956336790055086
-0.0008404823460437593
0.011154865759650388
-18155.71762723672
-25109.658695908434
-33540.20861617407
-9267.910405870496
-7816.916621156822
-3042.748182829916
23.191351814574347
23.98305621092151
61.53694048521383
3.5068722745485505
10.517823937318603
7.90619512290726
-0.16133612546429835
0.8943307794249449
-5.735293781756821
2.583552987078788
0.130057202186857
-0.9719819866195948
-1.6956761525986546
-2.4279875478136654
-0.9841308958161341
-1.5038683008901323
-0.5391718760814999
0.016460755584699796
0.1776784106443639
0.1450232352951194
0.041821604256112636
0.2246128317772656
0.00379744784287589
-0.009860291314140205
-0.03284600567056374
-0.06698807860973974
-0.031667779632008876
-0.031931826719557965
0.008202591388363654
0.01579291765448424
-0.022912876159013072
-0.004456583037565225
-0.027360831922897313
0.01177044990758094
-0.031689615620442646
-0.0048897875997337276
0.0021279172249471755
-0.0006258081450131016
0.0046081815122213194
0.001946560766232527
0.008483525056956636
0.0009771073351145952
-8624.252787999616
-18257.569403176378
-21119.34273884289
-12545.842447873703
-4349.6710035897395
-1782.9080305059638
19.50278260995199
36.022753146073555
45.76145938942237
28.670414489757924
7.968261228213198
4.053603696696705
-3.0896544598253697
-4.950713480291587
-6.165873367897726
-3.7012334558510545
-0.4936628999659018
-0.3897215841798721
0.03530411116188349
-0.4160228512126169
0.09696259245559671
-0.097375738871383
-0.14745274605697495
0.03635458634667511
-0.0014347116101611332
0.058276837425032826
-0.08120412471071517
-0.02781088036656012
-0.012136149840538487
-0.00786283627698373
0.0030200796984958165
0.01806761679775844
0.022574408313308675
0.02518556355609902
0.010901888076184205
0.011649494600495582
0.03315321999266222
-0.024318593083340376
0.009140878544751756
-0.0039537680903056335
-0.0016085228145361653
0.001610173093421014
-0.005427454519004937
0.0009244562959868452
-0.001319188820436962
0.0009742206622734756
0.00010571232917198709
0.00015237320960164767
-3.4205611691107308e6
67230.3994635495
-28854.625458612692
-516.1981853793372
-6898.765731143335
-10171.04092144076
-17641.70136766616
-72836.03499557025
-5825.3347258064105
3569.6264884304446
1970.2360075345764
8670.759565800343
4647.40492898242
-6783.036552630665
189998.26640322234
7120.201036895014
-8175.439942437806
1848.0353828063414
1284.2374559043535
-412.11451450039914
-6006.797379209044
-2.21544362998751e7
20137.12947169896
57135.79262310837
-116389.55707509165
-110797.19371771197
46319.95788598527
80579.72499616111
3.0762352554959324e6
159286.58509778482
-2985.0330449235303
-66585.95557009501
-33576.027648976225
25564.46710607516
-77418.72076316718
1.7166964860469631e6
20950.061669716095
-58155.725716417066
-7783.342912841376
16764.212569932526
-5820.160939911533
24459.553149134383
1.1470478562559204e7
-205475.28775078224
78147.76034855099
30150.948182131044
38406.25799333845
2791.560814480918
11382.940283999316
1.1327620696833127e6
24930.31024507146
-15410.722666039494
4080.445689606701
1261.9624995247727
-1631.97566811751
-6408.014943989458
-295657.8115521217
-18038.544903441383
17910.927340254806
8759.780679637395
-529.9845728058726
-11801.287156815832
20153.04008507966
-5.492313217694386e6
-157443.0539788515
-20525.993627696877
-141060.79211603466
-36608.73026554894
-3177.746618808648
-3851.2661446816023
-1.264357984999787e6
144258.70499771793
-69535.91960697094
-35171.66207353983
-15182.646902366398
17.600775842836022
8729.772109302176
3.153712348467872e6
33549.03997616758
-24847.887656673443
23675.854568954583
-28084.46528948331
27544.743035858497
-21748.026735901956
5.630907238129211e6
-748216.3564548184
-115612.71173466164
127806.22233815823
-147836.79265038122
31858.993230935834
-51517.90745657732
4.8893578701050375e6
37090.48427315601
-59332.90634582799
21255.54044391015
-41490.94260620046
13319.03793095976
-17490.35149973391
1.334470683918623e6
62552.456170799815
-10177.663148326536
24601.020919868322
14720.64533472138
10150.14863651059
-8454.582305560329
-1.4200824264106045e7
289146.7496869353
-181121.2137029836
38746.16607875262
51685.7836159401
-10996.750963575521
-17470.58704326159
770732.2478258733
28136.14785234964
-28338.673449746104
-15716.08758200654
-39680.66561158514
-1324.769878735065
-16892.138652267706
2.7493393194100843e6
-11598.731516439997
4918.3972992525105
-12642.487557870085
19650.687047672694
-24315.472081833523
32142.838921665887
270.09770355809127
-4.2518096935990455
1.0845265627670875
-10.742269328531616
-4.9878402959925685
1.688794425187312
-0.4942348296406257
-58.658542918359025
-3.6341796063468514
2.191021109678355
-1.0094804749361779
-0.17099135553633987
-3.1151478453567583
3.6105832329477616
437.1764833061327
-1.3865157615061374
-2.4582449413946974
-0.9071595537685486
0.6288885592953508
-0.8117644803026741
3.9045667535857094
-10600.73646877876
66.47655964256158
-16.15297848700684
-12.12480891119961
-27.80057142535791
-12.72116443060151
-15.213128404536793
2136.5270769979747
77.53052163175636
-6.151392443653349
-16.092685061881554
15.794472892648272
-7.381424497965148
103.54727625216832
-2306.347540352522
33.02736667343322
-30.220421865175318
7.884497048352904
30.752836304451435
-14.23278606233761
-36.97922996447428
-2068.673527584846
71.43537402610471
-14.28372000918614
50.334550438242886
21.41122399567101
-19.29246756860308
-7.2713050021951116
651.1208563616708
15.116952402917171
-7.401709786805863
-0.7256662327121072
-6.54188345083954
5.5835627415006845
-0.2063593072818543
-552.6166957683424
0.42539901617821635
4.178862218437251
8.942437837464906
-4.093053324512277
-3.217600181725445
-14.584431554836858
-9842.187733849662
61.11135806747461
-107.82566518095066
-17.23614566549604
-1.9248404034175541
-28.038861240111423
117.44701501960655
2500.0187029646936
3.3089396238988362
-13.332773028761629
-16.560742649852422
20.549843969224884
-20.912808412511843
37.045155231446294
146.49008276729168
30.48974876175764
0.17796325316738706
21.11399154635789
-20.049196815540945
-14.877502616618965
-9.2731679819152
-9250.834636451389
-148.71847302346941
-120.07525671284797
64.786093297725
-51.702361629811556
36.59761043282061
-20.48017981769633
2264.60131444162
-56.79888622121851
-20.709438992463394
16.707468920001407
-21.65160922510799
14.521351635421205
7.8968512465408915
169.56645307550957
-20.124494403268617
12.777012750926758
-1.0452690896114063
-1.3204598982738942
3.311013604930583
7.226147318390509
5883.224248107412
-158.87379839000576
-25.57025847915046
-49.44830913758024
23.496602485289024
13.33369616041145
13.916840677843254
513.0522925376451
12.40462016214895
-26.31831346954151
15.599576411323222
13.083610631355214
-9.173813917371362
25.166720948112328
604.1349220249701
20.85115874409617
-3.112313807578915
18.55604348471589
-23.31908237365435
-19.704057149745324
-12.54294347411913
37.934735631669035
-0.20309200148293519
-1.0309905988066272
-0.8658881305453427
0.2922952690894058
1.3586252001099293
3.8675251000231214
33.4322246980892
-1.2642463019100947
0.5096945117179738
-0.1052786857327614
-0.21744644678992325
-1.2976982341708208
0.4814554718870764
3.8904967080959274
0.6225118634758792
-0.5428761044292001
-0.12324153737753117
0.5613094095245307
-0.25769771455909907
0.35203653762417103
836.7265741157764
-27.55960013769528
11.274233549052191
-4.461645933196354
-2.708840870055726
-0.21955393830936373
-10.447940497595038
499.73117538675535
10.91997808396276
-0.21287256264457893
-4.3526325902752765
0.413907681149675
0.787532097944881
-17.14732106973467
-141.00919727922286
-0.21273142699554307
-0.6735954999507053
-4.931039953706554
2.0068685334529093
3.5407705102455
3.3638564638562776
-283.9627989953625
6.303931613883538
0.4825502691737103
0.8671030134964113
0.4445400077192498
-2.5358678377437776
3.6595643968105955
4.70490076596107
3.498755169459351
-0.9695785166838301
-0.4441351541407416
-0.9459136447668014
-1.6509670482179957
0.998712160780095
0.3459210385188553
-0.6956661850045464
0.7342377904005624
0.28993253789198
-1.41358276617426
1.7526311079725945
0.3235770285039884
1448.9960168740934
-41.89377236592502
1.8425842087319624
-12.560709942680795
-1.717785705825064
-3.024688381915471
-29.227205214761373
258.93202597757596
2.4260042648504583
-3.7646599979678377
-3.2130166201336925
3.4408386393169805
0.5416489475886057
-7.0575813954734885
-231.98031775335866
3.3892334626146132
3.3993039518447725
0.03150488008595615
-0.8234119420715863
2.487423718494282
5.373739954672497
1858.0056038210016
-75.21286954530291
1.2605855348666257
24.073522585031714
-1.2969345968197725
-5.606460210102742
13.040221597851188
-576.1853362101884
3.256750058468985
-1.8211682949955403
-3.1514313841714165
4.217772252975513
-4.302871370378396
-0.4007822208833046
-149.10121820408406
7.680692045946988
-0.14371202220974136
-2.5005212980958778
-3.5147377376603517
-2.605407768674217
-0.6791145451291228
1730.490966813455
-37.112051797345636
0.6615382776029597
-7.302163806829955
-0.41926518961596043
-4.170104230387469
1.5504869987279435
-3.031328377636808
-0.2751323671934055
-2.2439579650911794
-1.1655004079457336
-1.5081818616875726
1.9223928252054263
-2.4430975012881975
-371.4215416372487
6.109416379496682
2.749246439859734
-6.590546191124042
-0.5732088306038917
6.145643836204557
0.26457656690712594
112.34779108242239
-1.282705043305041
-0.24481253543267883
0.033305337943624044
0.3129045698424523
0.09398667032927804
0.2597925490538568
6.885780346414876
-0.023656019215861763
0.028335866103744018
-0.0012129261842200496
-0.41913813032327757
0.7043572310207112
-0.12045259936526602
-10.527849808794745
0.1742926683060056
-0.18288885419875414
-0.35099042486519616
-0.1271849279040773
0.07080467502231787
0.10394068133150276
688.3021297463157
-7.944790303407891
1.2005807271019258
5.708734264829999
3.618614869473381
-0.45233110115147396
1.6229389170018638
242.95570214846614
7.897299313304334
-2.598957749856825
-0.3111901515965236
1.834782571219893
-0.7876546000331394
3.5011246411296355
132.58724362382912
-3.482006363968357
0.6039413459221797
-0.05511596071819323
-1.0930304125025267
-0.183152172746819
-0.2511264576519044
-263.0314891459002
2.1535269392378513
2.01529342331844
-2.447024647430075
-1.0391579741910777
1.6414004350945166
0.21716246809573772
45.76923267045513
-1.2293751790730834
0.7607928476278796
-0.8250469546130489
0.6044298605431577
0.5991806681199533
-0.11022610214783649
-20.656469207671286
0.9986179485919361
0.15143049151149526
0.2826343525783184
0.09105132700173185
0.04298702107327305
0.1076415811460086
126.3645095602223
0.9654198985976639
-7.67006508313263
2.444673328658202
4.273762789820297
1.4501908249537907
5.164192727113107
-34.71526531214684
-0.17258913013762403
-1.2618079097275794
-2.637521519611299
0.6032048130761097
0.47984472088080615
-0.05686286562307607
-83.89372921375175
-4.379109431371325
4.703914065888517
0.1685780078377662
1.943420825386695
-0.5507222023438128
-0.5049806523411061
-1723.8993978228698
15.60760388965653
14.83027015860836
-4.692939649580042
3.320394713491542
0.4956748275212848
-1.443773335248624
60.15184867568932
5.868533991276145
0.7989873009562386
-3.975743078970557
2.619332260726031
-0.1040185243323204
0.49592216061116684
-71.0965634982027
-4.797351947856759
2.642522665838921
1.7862938543130407
0.3729914054272973
0.3444875492395295
0.1981254224387728
618.6343693421422
-7.804159614356833
-4.7013258569868475
2.4247629747516113
3.235017540607226
-0.12223496241547618
0.41828955567997583
63.030995282528124
-3.9506963553706163
0.09904852846160037
-0.7091358339830696
0.8575175181601205
-0.0670712335185984
0.3136007711583134
-0.5572511588159345
2.1278102721843877
0.32063965599549954
1.936933844489323
0.4624050171802382
-0.48346686421539314
-0.3964199942611545
24.0972735455113
-0.024466015530987775
-0.3972105392901852
0.28477963368163783
0.13730596873232975
0.04511205523029867
-0.29884032763114105
-8.203543932382054
0.12166663492095868
-0.0521331958433501
-0.041445739018469416
-0.0388619324759939
-0.02062171727014222
-0.12404180546714115
4.08848346421614
0.26461863520769613
-0.11339970545193927
-0.11370550891895509
-0.17591482346769638
0.061860609053678926
-0.06518357227684027
259.79275258340556
-3.6197915633447875
-4.285774173823132
4.564348847314913
0.4799873087130921
0.571492455219724
0.41380907503896797
-10.725840841026892
2.5932709921901447
0.2834933941908316
-0.5952728114864589
-0.09532671007495787
-0.2989981413300628
-0.3269656159050335
101.11599168054293
3.090079097204821
-0.18090627084237418
-0.7815262852484548
-1.2047862394754807
-0.06558850678453382
0.22961211266563233
-196.4633001041112
3.7098812981564975
1.1461801303951793
-1.6626996565116643
-0.19679489193007266
0.3821090714384313
-0.5601463403910883
23.35356263964399
0.5883219656702284
-0.1639770431901813
0.19055515188809458
-0.297706627249448
0.01816043588704499
-0.18152297135400478
-4.666556556328955
-0.9584722718778319
0.2255407306142811
0.3110820902866241
-0.2768402661271872
0.23333822079888641
0.01680634055271589
-249.77487949941963
0.21486020892303145
-3.847848292791671
-2.145357263180552
-1.5224054042567357
0.9540588113352515
-0.3816715450580571
21.33591973892347
-0.5489997553904483
0.031681672108137965
-0.6452099446318961
-0.03233311602425176
0.0074422799280798885
0.021996644339873316
22.187863490555795
4.313044916197016
0.2227923640113356
0.28960945139230204
-0.28532872692130035
0.01350325233567902
-0.06626672367526568
-203.44918297298912
-8.851337224638925
3.792660898225932
0.0005764881108955784
2.6213358633917814
-0.297814461012975
-0.14420062238959197
-73.09320262524695
-5.326357807958162
-0.8215922920211588
0.37229261657902535
-0.32452933906807946
0.09526919721777759
-0.10211201675058296
5.251665056884596
-0.6321755525769308
-1.138152418081117
-0.2577787145416466
-0.003204477859597026
0.11986956919448742
-0.017038455172346912
-179.38831900681782
-0.8516263372012345
-6.661970698194226
-2.9080471183752064
-1.961758357849498
0.26707988735378346
-0.5059065905545944
-93.14919173513054
-1.6312559387695544
0.5891709887597487
-0.273021452746318
0.47320854812454355
-0.08350450708604745
-0.14526894825426606
52.80889610980905
2.482425363627619
0.7234189634414109
-0.0106968129889165
0.27124890642079313
0.1016483763820102
-0.0664023817664636
-14.407333194218438
0.21479832168625496
0.021385257158831838
-0.1167523823952538
-0.09387865344139863
-0.006039154849383947
0.003831242059745912
-0.05501275691978554
0.06771886508861577
-0.07025935956146806
-0.003941776400467166
-0.01332092764740893
0.004610226005718266
-0.0038020367504053017
-1.0880164309824738
-0.0773030048779252
0.010705990914215728
-0.021301202368352156
0.05065207570480764
-0.039346026191917405
0.01187491176001188
-172.12545955199315
1.234056924885086
-1.8162096955547407
-2.5223457591372838
-0.007185092408942937
-0.0915381540858404
0.02753982713198261
-13.583532872534635
1.0040445675957002
0.6163119287909303
-0.027998411078007795
0.14542191573912353
0.012397752960707905
0.00942528411979291
-9.98024483355877
-0.32627666782179165
0.3330729254165474
0.06100514175407406
0.13843570720969195
-0.06054172023449075
0.0323821933077411
-20.7586069769156
0.3108948783506635
0.5176089514005221
0.2412078049190037
-0.16226629274924745
0.01421093018183405
0.026373550782841378
-3.0255053477040974
-0.1536609203372006
-0.08982145153377585
0.024526094001629663
-0.028691086729640127
0.010968219423314149
-0.0050965062876208705
-0.6964527642638567
0.17323349165581778
0.07716704633553999
-0.035136022092651445
0.06012567124522919
-0.06121297510262199
0.017917476977753675
1.3214999166437864
-0.17672568419347312
-0.691253401301425
-1.1667739689337508
1.298296326180557
-0.31154020216865824
0.05215723511607497
-3.217949636696694
1.1704514402197463
0.2548491874147349
-0.16411163498585132
0.10905380719871782
-0.030021149895215364
-0.02902831475173069
-20.084613149886053
-0.9970172268473203
0.4701443758395245
0.23032308299654258
0.02122371979840245
-0.003756189782595848
0.0103373956972582
-59.25275186288245
-1.569780775250759
-2.683242235989617
-2.323901944517246
0.7566118199615385
-0.2509831995111611
0.04429987887893684
-15.057869223287096
0.08210761832246959
0.5190590746658386
0.31862722421017664
-0.07419647323492712
0.022526073964573783
0.0006329880413688992
2.492037765705582
0.3101432486442938
0.18103190859465468
0.004795736290080344
0.02670757849057372
-0.02689783688105878
0.010791290946773223
88269.65197201882
5.138940440719115
1807.8406369869026
-2468.105333075238
958.9883008248152
2740.5556020592944
-4951.348093673295
-531.96217422538
110.27095168309759
-69.26491950391988
155.098825655785
-947.8148151150989
-293.63198992409235
-241.1788897469823
55167.044631151955
1001.4342723776053
-71.6521526035764
-1065.6457327315704
-1337.389163195493
1134.593434596957
976.0575145096469
9.676899039407215e7
401770.2318893922
57998.67557206748
376408.2435753278
27620.558079486025
-1002.4571743801694
-68639.34561192566
832763.8337215808
178634.0952953908
3479.504980358642
-30944.575058266735
10555.677995966162
-4235.510401400438
-22300.93509690714
1.5155862134300636e6
9769.74156873508
-16520.826021594454
-32274.74478202644
54581.87430060966
8773.363607052894
-8567.300973216918
925926.9378392488
-24845.255122529703
-3337.280335229746
4538.460121411313
-2102.7664402909745
-5784.0299876409445
-3293.784758360653
202228.56087944383
-4750.980596767911
567.7157860321201
712.8528479853064
520.6910501911245
-235.41335008944492
3909.526507465397
117166.03933227903
-510.0330998845533
-3348.2390206065797
4627.637035776063
1532.0010730319123
1589.892918614698
328.87020131937663
5.759975753844619e6
-357640.49297188636
71980.59854405001
-105.44544311693689
-53548.45726617245
34933.58153608344
-44311.295998890426
921753.8742178944
99512.99633689763
-15529.494958139328
-7227.61990521271
-9337.5582831001
758.5483695029823
-8135.4658372156655
-1.4849851964881273e6
-72822.12448432195
3598.964689041892
6518.464088462369
37778.34343865276
2888.95829577401
-3092.958968329372
1.3754342171553054e6
-41615.83452269687
2979.4815334326304
-4363.794100365291
-832.3856342868424
-3372.1036672784808
2378.8759736204424
57618.11838318378
-2527.457514037111
2078.962834797864
-925.8728374967588
4049.2218778332604
-1924.7340335389422
1850.1352637330249
-58690.92204611168
8347.690281015071
-2873.5830148149153
2220.010159463744
135.85189361679318
1787.2964038476375
-2199.7491262725075
-1.3480222771489147e7
239088.0490870574
-23062.046581445782
-305143.53734291455
-43610.37625135614
22618.135830013503
-48931.86293965022
-1.3381718817463284e6
2955.834192776451
-923.3483707655648
23241.34940551418
-12789.205462633887
913.297402864144
-2045.989480290459
1.9975575034075486e6
51954.4366809178
-34939.61818682693
-19819.924506615884
8825.695132073435
-1630.4435437261059
-2561.333865081864
44.366486412566374
-0.39444049108447093
0.8279980785904544
-0.9700262372810139
-0.6333467314566482
-0.967693139706273
3.3776531788245827
-42.5701227616169
0.9147348465024163
-0.37947108168932187
0.14713122259239544
-0.3897360940621597
0.24973749726628602
-0.9536354174296254
1.353431247611756
0.5604838181385503
-0.07006411882625252
-0.35781339387716216
0.06839058676815107
0.03671553058217189
-0.22061110785975335
12312.883094269435
1384.0531817754102
-323.98424331480527
-227.42941347221748
-219.89456157864532
22.116924713931244
156.3024886132549
12926.526524850597
-234.2838199720212
95.1839225051132
6.461920193925185
23.89802507048211
-11.663476745599374
89.10726291789136
-12746.100686337162
95.51412347306369
-39.213796323889696
108.06583357665987
-8.466589558712192
-58.56171748954956
40.64208105030202
-144.68700208596118
0.25098329428107746
-3.959948757493003
3.4054436712792477
2.438246921133922
2.7288972135986573
5.934838761820278
140.96017999672372
-3.1265355636726846
0.5761355949590351
0.3283078186368304
0.9747046927789971
-0.7419862969100501
-4.061517048563268
-26.084150115923027
-0.9988625747436968
0.17733576101104453
-1.25536962474183
-3.686871113878833
0.5263562453127254
-0.3047459740858558
-9979.562003507917
47.19507385490485
-71.08720625161689
104.55908026600791
-37.36785733586617
-25.787388247763896
72.7774160210435
3749.392679857331
15.618818969782865
2.9174000016801656
1.690935697915557
17.868384136494768
2.33778687922128
24.45707318977718
-306.2921778432235
-5.707759467215223
-15.358221118829434
2.66508674789698
-37.63842097007292
-12.561131233980669
3.6198684301383928
185.06792698195486
-9.804687071953696
-12.312135679892346
2.8680231587597143
4.394412252446296
2.509564518248431
-3.418003219198751
-72.67001044780486
0.909480818981417
0.97204339710099
-1.9293784789688533
-0.6899570036737075
0.8301502255302495
-0.8815843199728874
59.82308810268999
-1.530111532795349
0.8623518519004074
-0.8549350630104872
-0.46411634242422395
-0.7580707733873113
3.0958951804927275
-707.262480027448
115.35145960132378
-9.384260242021082
-34.91980713620328
-4.837156100721617
-18.891292989460464
37.61453201160231
-609.0931272223343
35.17156491869881
-5.190533551694996
9.21079391311384
-10.609460749551497
7.827690355801907
3.746162131092653
-1580.5987358071513
-10.606111678919206
5.719841757309289
-17.660537691443107
-0.30442286999393686
-24.823892421311157
12.467120976261874
-18.988551958090074
0.6222841197565712
-0.2965313175963429
0.13256259758604866
-0.01758075777412301
-0.2532548346272885
0.02022083002946766
-7.708272971920293
0.12189652551767421
-0.07343093726347995
0.02153618468784211
-0.07837193889384392
0.09835057578201421
0.3298421626299493
-8.907130617653698
0.09888268593934868
0.03111247931264911
-0.0714567736690344
0.10537592937060436
-0.0377507163895786
-0.08971802395009233
5415.112268602711
224.82223014439802
-33.6756441814178
-17.869191611592377
-14.870941680688464
4.5961663651193625
-32.760060540902145
-4129.577387099208
50.000517766390445
-6.8416899776024085
0.6368307908866216
-5.532909033637857
2.583881583963351
-19.334267023803275
2115.61042705426
-45.98189169752973
18.25662992450958
-13.234538128363265
-7.789530060508847
12.329273701218371
-7.789017212485667
-60.419535096663026
0.48648522440821257
-0.5048117145580194
0.3718184800472501
-0.05757128861153294
-0.206638874651721
-0.22138714048077948
-27.727863123588815
0.44090119235467057
-0.13351812038849495
-0.13378194670902074
-0.1835844224548306
0.3875436558965435
0.14407738907833395
6.806230109315212
-0.3847066713227237
0.10649608288192822
0.06841939109633982
-0.04437792678058252
0.04188165499985137
-0.15633975657434723
287.98797642421715
-24.759936630707056
4.618889139884981
2.675792943692366
0.1062513877635042
5.670505268938554
-13.480360850289134
-423.03159238554827
11.158926809062535
0.17261520892414978
-4.03425905570377
-3.3906569789782854
-0.8626853656669956
-6.118694835177239
65.09646067718195
-4.333791638184996
-0.6089358153655896
-0.5357511729416908
3.3456040320811904
2.5675729417484807
-0.3823025560495076
-291.3217703468118
2.83511153350803
-3.3558621569305345
0.18004469184155913
-0.5013884905648033
-0.2951457419175585
0.07592557042671809
-35.24745850786083
0.7444422135436525
-0.18278803168150418
-0.06493411274287597
-0.1912816725794568
0.19251382130947303
-0.2537083772045675
32.40957215942708
-0.17804424393306262
0.4299103041989838
-0.5129732678129932
0.18109069565495062
-0.1840805122790053
-0.14625883630932435
2641.3264188885796
-0.30899955783816735
-20.501055145450277
20.52702833402263
17.047617762042467
-2.3059753028383576
-2.0995261044363116
183.8873009274549
-13.781886634244353
6.691962095157018
-0.5866916848038068
2.8602957897732044
-1.6400623323796015
-0.8282684533043351
305.0037447435968
-0.6132839857154591
-1.6518470105135765
1.584756004955392
1.029155465106197
5.432547662546495
-2.5434406282269335
-19.094367451159627
0.5388095743974881
-0.3036681802805001
0.1761200912496202
0.1187956444113439
0.08981885958395144
-0.03765244951953652
-2.788667833560229
-5.901278585120983e-5
-0.013103231160509581
0.01775672499444521
-0.03517364441243218
-0.05029281201328802
-0.06962255813733768
2.732100665257315
-0.11054798200404824
0.03747332243244903
9.173327775698776e-5
-0.0006678848638110961
-0.07200767037520234
-0.005682479726338575
5001.771243192796
92.48538340281597
-0.5304242141084803
10.484593218358736
1.1363159445591489
-1.4903167591011395
5.808794934190269
1313.244139753196
8.32616883390907
-0.5051318876013698
1.189199466587146
-0.9937171226945072
0.08204052174002205
3.053540041745862
-208.26753087218276
3.8005229451976383
-5.342216589503055
0.7348081028678609
0.9662083680991186
-1.3203515564649657
1.0021904345405674
-29.800186517890037
0.926890235697204
0.18528310128667813
0.1036340754801166
0.2737624134410902
0.17159179426526586
-0.008219697952695072
-22.006299453713424
0.25007893053322144
0.02974259375785192
-0.14594164080944586
-0.07514292488117373
-0.06672939116871918
-0.005463872132923082
-10.391360300170744
-0.3841585474750476
0.28170879376692204
-0.04519292078885892
0.12299549051636331
-0.11773421679177946
0.11462701783045866
271.1184875846697
-8.776271253967442
2.6966522763219865
6.448147233772643
1.824182954605662
-1.0771639154878843
2.8628584409216935
133.76166529807196
1.4194569055803705
0.7354300783569615
-0.41790690566287775
1.3368363017207263
-0.05251330817623319
1.33650297827986
30.225594385878022
0.8159225046174903
-1.0971509115535052
-0.7910591886128949
-0.4201017026351446
-0.3186417100389006
0.22709581142735155
110.67711185912387
-2.7602058095516537
-0.8026481631881839
0.012806808937409101
0.08493253916215937
0.18470165210988523
0.06956970468883429
11.38993882041897
0.16781469527553228
-0.028069653119043
0.1310280465521738
-0.06535362001548786
-0.033158006767050774
0.07451320243948077
8.143121347252926
0.5549978234309693
-0.07188219011558376
-0.1337061539388387
0.027350017599610126
-0.0021108458761906206
-0.023384993009479993
1372.5646495996225
-17.620869940843193
-16.35680196214544
-1.6295179087317992
0.4350283765616383
-0.5399050915789284
1.2407480333915093
-55.103720280233816
-0.4889898981675378
-0.993823105351123
0.06051077345186176
-0.4299475632328794
0.31298918263608344
0.1879530325877053
-100.11192325245781
-0.5470469863557403
1.768662920587283
1.2629838582108315
-0.7106360397374646
-0.4654790866192405
0.3590474654049666
26.23070833440571
-0.3120121013433198
0.14551911882059135
0.06857196086405283
0.025883074644721924
0.01856641760611009
-0.0074654056119605435
-6.5388239363786
0.05208918227336259
-0.016546931996123414
-0.010856514964786951
-0.02731637697278253
0.038442241056978514
-0.010523036795519877
-2.6977794307250136
-0.04100992091661014
0.03022187191887915
-0.010090011629127742
0.005930104372305459
-0.007333942756453986
-0.011467199073268436
1604.4064244176218
24.37735603613586
-47.054323738552455
-37.63745633815241
12.200216942998397
-3.921140240377083
-0.25120295398854997
-321.92553263994677
-7.091139308417386
-0.6175102280808007
-1.3328355356000627
1.3005571425171822
-0.23740975389301722
-0.125550831736747
55.52259840907436
-2.188814109798402
-2.7866589765451497
-2.021530739335815
0.6584214819972697
-0.14073989623957978
-0.10461066507491511
32.60794701047
-0.8541841844468296
0.22255486963082746
-0.025940575602056717
0.019104743121215698
-0.11831762362709934
-0.05115418885058115
2.7008745917886614
0.08931070049415796
-0.09856085200898602
0.018891691106349407
-0.03021824605804523
0.019778995844461987
-0.017035628441760695
3.000399273347603
0.34892009031136884
-0.10267436313844647
-0.05371919970634163
0.051718190770929935
-0.023014251237070477
-0.020488953999318268
-332.7369622828923
2.3969458147705205
-0.6590696785540184
-4.678473051254132
0.3680727557274168
-0.0392515265343599
-0.31478234160403673
-28.272932032132378
-0.23836938053313736
-0.04742067690024153
0.08012028312375608
-0.07695139321500444
0.018187731455854256
-0.08265527619689131
-19.156256133910077
0.546295165063419
1.28856260206635
0.7369331437241428
-0.07530731852887078
0.05635388638067481
-0.07997012157958726
24.373395060118614
-0.4776019981838161
-0.005438306193401718
-0.06133200846348388
0.013668038231957827
-0.10274081791783192
0.02999257068670704
1.3030045384662965
0.22659835798439415
0.16856705491576893
0.0647246869436454
-0.004238123335511881
-0.00782086984976438
-0.0009671339267039695
-4.856335239416799
0.019671059344626134
-0.00011956547899690934
0.09269570155112386
-0.007451189011566248
0.00491018061429799
-0.012130528186053941
-288.93064751950266
5.65981863026765
4.894913125333751
3.2321967038955717
-4.203303439853604
1.1579787474104402
-0.5630673070197901
44.41449055784998
3.065784626035938
-0.27225073313429954
-0.8202715395545216
0.3587433917864968
-0.13992641987382767
0.00017702147609087064
15.820908988273848
0.6169822103779294
0.12679503448762536
-0.02500760145410001
-0.0065907553712072076
9.925130181774583e-6
-0.044129615542704635
6.48254801833502
0.23024904896816717
0.02722368535921783
-0.05737665909014684
0.10114382240183006
-0.02765736031792319
0.010337628200122009
-1.2009691902251909
0.028159121081804885
0.012115786998240778
-0.03523984532338327
0.015433407446841527
-0.0020397671524076595
0.0010689809925664225
-0.13283216881518384
-0.010411547750476152
-0.00535407640151524
-0.007037172681540882
0.012087432295936416
0.001023550535232779
0.0006276464514031765
132.48878759227844
3.997485429952544
-3.412432900816219
-5.823922042292706
3.466103441909685
-0.9706966507442921
0.20727657258099935
48.9433494561636
2.1021899043934527
-0.025168623093193322
-0.3132677909169469
0.021678822336340935
-0.017795615230531532
-0.006983854513178493
-12.48310365636857
0.8286310566117941
1.060568450449655
0.6026844829017324
-0.15663375949291883
0.05842261461023653
-0.00271234606083372
8.548995306229688
-0.8672470313634523
-0.30157243582656384
-0.05770837194999735
0.21407714964135013
-0.04411387232359945
0.016632599468041635
-3.6655872735372452
-0.027447878687544038
0.02249316287140513
-0.030682173763927328
0.019151738543341693
0.0001228597129742971
0.00022317456947950495
0.973092120151591
-0.0864314092336411
-0.07043576953531995
-0.036390281647814736
0.010259940754536703
-0.0005299679081751184
0.001980590974523345
-49.35502886185672
-0.8635309241122863
-1.9720836287807082
-3.4294360279049254
2.084017442445179
-0.5646954465202546
0.10183087749522146
5.697618970067584
-1.039544954818851
-0.9762403340856294
-0.4332340164358945
0.12229164521858454
-0.03825563082168626
-0.0010270724918077984
1.1861352694562906
0.8298478228583646
0.5502294655343694
0.2062406060951347
-0.04883856399477043
0.014155432678850556
-0.000601025942228743
44.31512089802382
-0.5300820305413807
-0.9938594549805415
-0.1360929063048568
-0.051093585710339035
0.008306761184376435
-0.00016662888069138117
3.155710783378425
0.22555584491583713
0.025575748105772345
-0.03912328212533644
0.012431057689445975
-0.0029884892554318506
4.580805823432797e-5
2.7829415682390373
0.13952619746899855
-0.0034204663257427176
-0.024809423632937044
0.0070196488625383305
-0.002765360017440831
-0.00029466864318587424
-34327.249516443924
1161.6785264640807
1016.7342372151592
-1216.1742863813668
203.93378256689454
453.0841149087286
-151.42250318468353
7655.860699113496
299.68654458895196
66.70064037269158
-14.821925163946652
-169.10760539383827
-398.43220040275173
-149.86960472278503
-5220.454408397724
1055.0979278727652
-119.027164814419
288.236854327528
-176.66782179181928
-54.893398410250214
-221.70925196966093
-95514.63514778292
10320.225245611075
-7718.920851675185
11133.752734479545
4411.832040662088
-3114.8913278034724
4453.213142384526
109145.65116668241
-474.6554159494625
-1264.528227474541
-1200.1255073353122
-2660.3903557856943
-811.4081125706508
-2454.2225172030935
3168.137451676208
3095.5762606167327
-3865.044030746208
569.2239248411494
-5542.940470709165
248.27484762179017
243.30477081152068
403020.0570468919
-10359.592892491264
-524.8781019310717
1868.6436212306307
1477.3200108710714
3286.720717192757
-1778.890313521186
-35954.85074755211
-2398.6625795026566
110.76742266566448
280.01147961541096
-680.369735260401
740.2770539587892
235.3105048498593
34667.20412005435
-2322.960412939854
1160.0560473351347
-100.04776229926104
1751.8187691288913
-388.81664229570265
319.2385706396256
1.639050264326013e6
-24977.727834095225
3830.377577293534
5527.003273294986
2643.018160241756
1084.9865378217846
-3790.8796487885934
-7700.61903149627
3934.668902056261
-3089.9838935795296
-826.5368186346593
-2034.5428033573023
1871.2915625117457
-1370.3569752418257
199580.82820503766
-4728.806236698275
-554.1869451623843
-1102.1362674716217
1489.7474748225495
2239.1449118786286
82.44673862276022
-885012.631710891
12958.587935052798
1950.7082113723689
914.4037785757745
-3685.0162370909034
73.97561100028362
-2576.1982296509777
57117.183463829555
-3987.151665673706
917.7821764889918
184.26628227750174
-805.9385588923611
797.4669067666421
-890.781988954539
-64768.53154834925
-4390.654062121862
-1155.2394838059408
1120.1376378876605
2456.9579122008895
560.1270472297867
-458.7873647814649
400091.1447613987
-6928.816099739873
-1832.1433808670924
3976.867681309219
2263.1324478688725
1814.7484111719157
-3348.1037950804425
-38826.12489726667
3536.921994193324
-2574.8374672634886
467.33796776180753
-2002.2263052679132
890.9546671169962
-1143.82683145404
-50206.61404799456
-3829.6136144851894
3057.1031797566097
-2827.19562712787
3236.064758858614
-1175.8639744873274
713.0316568723399
-1.5084671572643253
0.8128358075915123
1.665054854205687
-0.9806794659449601
-0.3037176187772922
-0.6785862454989767
0.57010446101896
-2.628681418402685
0.20670876908407682
0.04434013321865023
-0.12097091981340365
-0.0011938012949982166
0.33516716744408787
0.06986479886909941
-14.359474999587585
1.189658873265124
-0.20096830648641792
0.4576344341246056
0.3693242436678578
-0.10912892080375707
-0.32382426657886293
3766.66653767922
-63.542258727292996
32.675769151863264
2.1586983488336786
10.454033169637448
6.701429639340055
-5.768605292273916
27.066513715456527
2.2644287369873815
-3.790069986758642
2.6655177773662424
4.320749444812597
1.495550377071585
9.38447707000435
160.96387177167952
-10.615048939583074
0.13411270620549867
0.9448705306810753
10.647862388713696
-2.161080748374459
-4.869688994687608
78.13825540983237
-7.985734970086215
-2.155713522238012
0.5044275520637796
-2.264150652970289
-0.5310517652808742
0.45398401840535035
56.39713056411721
0.02148738127577355
-0.6930379204081084
0.9787437811528114
0.3673141826411005
0.5245080829514649
-0.7892760528746247
-43.9977228056029
-0.5076747712481321
-0.5486453515620734
-0.07720910569302245
-0.8247005392111401
-0.321375013522763
-0.6587578506851741
-432.53330887955997
1.9832989999873976
-1.5525655741975215
17.21254034090441
-7.805936248311583
2.361397433394945
6.459803720127221
148.66495699064882
-5.501973899576051
1.3380487729755497
-5.076424697803551
3.372353375307503
3.0052717967510874
-2.3616287946251666
-156.35986956629628
-8.88315725513815
-3.6776297330431706
-0.8770200031837916
3.5454507627594736
-3.899388963659818
0.5563765377359203
-555.4842208903341
8.13066860630475
2.8126627335348138
-3.2217152862819587
-4.851030142834855
2.08265806343273
10.207012771941551
-191.88695124491073
-4.431305233956171
1.9538918893776378
0.9757347925401881
0.5929800297442885
0.19040902557873585
-0.35707222812347233
112.59700956855603
-5.874793173733886
-1.637095693175858
-0.6108921931639164
-1.3265120600017248
-0.6807133950514658
0.4135777031984937
526.8257019221562
-15.579982167671083
12.168205876410711
-1.779957466876145
2.4797137570839087
5.486402672235197
10.160533485465578
-29.582897942570696
-3.1428385272631254
2.344875893902451
0.9658959480407683
1.1076077696534614
-0.5145555023013892
2.128072237741592
-50.42496082373853
6.32666903640508
-1.3831781197698876
2.2932853076065096
-4.622078061357364
-1.625999342477287
-1.6201375136110032
-23.511006062160206
0.6271887391005264
-0.02147004339603525
0.07310263281294047
0.017410746411980683
-0.15960524217370542
-0.18750152912751322
1.2563505818093508
-0.002547641338295229
0.018953207767726115
-0.015980181439429385
0.0009605631937309702
0.0362984195333953
0.029732681615961678
-5.767987853655453
0.17173801990240922
-0.007796818313111539
0.018295437201373797
0.005429134774106002
-0.008776210375942131
-0.01895745248742624
20.052564873670786
2.7289672263459397
4.015264663436875
1.0635780618965034
0.3979026274774571
-1.0495452337930855
-0.7294491211865479
28.98226100011549
-1.1681168325624716
0.2321132294374564
-0.041212388863319675
-0.3845956040824925
0.1877109576921991
-1.5028766911210907
-40.90527677886129
-0.10395646355576904
-0.5635923841997467
-0.2256460398786682
-0.6004317135380712
0.602781790323663
0.6167791964665074
-83.75680654548421
0.18895085945677728
-0.9172198108636669
0.06650888886399242
-0.37061121761955507
0.09200760235886626
-0.6672168498489469
-9.553124984917227
0.022698145554284625
-0.014296606839590822
-0.007841178676205996
-0.10229987682264495
0.024261111950860805
0.055577496149514474
-0.13126591678765934
0.056635094712810065
-0.20080031722276945
0.10678757288720202
-0.07469363798348902
0.05174300415937775
-0.15301966861268945
-179.6536165181794
2.3376464296017008
0.6367872784613114
2.647536839964515
-2.1901675998631824
0.41639118303260614
-0.9107252393078618
22.732901440760273
0.5618981728359156
-0.3686121295057555
-0.06230806176978395
0.3894638975593733
-1.341139869725339
1.034649294962648
-40.33177276429507
-0.414428995101217
-1.1254634414961242
0.11653376019161392
-0.8412618670479562
0.3031460803743199
-0.2914902599127383
215.97693207752766
-0.8513224271790086
-0.045534809018126676
1.7030135673562787
0.8675364014335107
-0.5289846539035163
-1.2999845465067168
-40.252381468928625
0.22348435224379087
-0.2953140033496163
0.38768556346948624
-0.10175095349619936
-0.11826298013003067
0.1513106195747496
2.308504756141557
-0.4379371385071098
-0.45871518423723134
-0.3626533653433567
-0.4045326480816736
0.1282488783401452
-0.19049459566781973
-411.3743103665183
8.096712458191032
1.337384441764667
0.6604292423943922
-0.9138844711908897
-1.909517053879804
-1.4398673022449326
50.289252711765535
-0.64294012401288
0.5247666643250203
0.4632716916005923
-0.4454947418677499
-0.0405181519952591
-0.30699260179094523
31.81604995875722
1.841630399109462
0.22277319748012936
0.6757877477112643
0.31475329461136076
0.6704422494828928
0.16254935901574277
3.3417664656656725
0.004774349688179125
0.13533627810517482
-0.05902133418153053
0.02522269417447176
0.07180725596495663
0.012036300637760126
1.674722841540047
-0.08075304481416962
0.029670591592948867
-0.008836144345226931
-0.00791825889355496
-0.08686495860381326
-0.027477209707987234
-2.392397803921388
0.07364122515285695
-0.010726119063047474
0.0347420535248588
0.011993778917371748
0.012873390388395842
0.012214518621380774
-122.77725873411933
1.4795580408399922
-0.8767961890675109
0.3529083825799695
-0.007399037101641134
-0.24808178793849012
0.6854791267007411
-40.69156634303584
-0.5176495539038722
0.12331884691171152
-0.06042452180618954
-0.014841829270445205
-0.29890162632382156
0.09725845869099795
-10.40841360331498
-0.19972955038245477
-0.12024324619671621
-0.07722250758913347
-0.10670332385866262
-0.13515555192291684
0.039846174046700863
-8.795296731843365
-0.07549735460642898
0.08244835549206071
-0.48539800131314886
-0.16465948802750854
-0.021595133188664514
0.21140496263161204
-3.8831823227796898
0.044614603827780784
0.04343642435408371
-0.049831665500234
-0.040254883125311315
-0.1382752787806854
-0.009486260571387605
0.5298935545484088
0.14105298677256328
-0.1354640035974649
0.039036801429939164
-0.024648769527258214
0.033895316921484606
0.07904367178583319
101.09431060843951
-3.0297920110148584
-0.19436259102179365
0.7413468329981382
-0.705158453622815
0.28181815989440445
-0.10896782370499064
-25.239548776145785
0.5540323970393796
-0.253244375851177
-0.26057137222273485
-0.018207786772659683
0.1829034308924843
-0.1957161100767332
-5.950894650719128
-1.2146488328925453
0.21616370982190541
0.012640708158788963
0.04908063328081489
-0.002249001129612004
0.11224153194806752
62.133042674232854
1.4381460462905122
1.1228268997604451
-0.6799499319098434
0.812083910743705
-0.023505147364071593
-0.06230787217252911
4.338120584421629
-0.22297531798200873
-0.11043576839550649
-0.21056100639996508
0.0523753522545667
0.003004794495049205
0.01476088365120564
-20.772527207194255
-0.22719491016516102
0.2272020997035731
0.15791612130988705
0.13888784473252033
-0.04842035399272858
0.09828145107785739
21.162501345046834
0.33196707779426293
0.5674418492686413
-0.947649849199036
0.5038076921984155
0.2447858051555203
0.07140374777860913
-4.831752170346212
0.6422372432584508
0.20375959646211786
0.2652815141499391
-0.020416487214014113
0.07299804011731718
0.042517547899362816
3.553112641031704
0.7413166537402788
0.7008080275259464
-0.09731114473984272
-0.04675826998851058
-0.09709411552900184
-0.001379729763880585
4.9319617614368845
0.09751331178339197
-0.09464749542061841
0.18105564293338164
0.02307375618180601
0.003853836114753823
0.033824161990275166
3.9229136234184887
-0.05525009778404526
0.0166095637695166
-0.010221872562101804
-0.020952940019264798
0.017313406405992195
0.012738358210087097
0.3584001430990397
0.036764600052455465
-0.033888867816430863
-0.015074020360621129
0.010803980343622847
0.00828462569883398
0.006219500764517691
1.264257868900741
-2.7395203936437755
0.5492076335754031
0.6586426463435464
0.7125810614919201
-0.3090523273461917
0.18282394112005973
-19.390493121740032
-1.1836896066107987
0.3132094794709639
0.11747746479188868
0.0813484098191859
0.016716177106938686
0.0551433017044171
-4.66740793828395
-0.21989423755560283
-0.05639519146291718
0.16201439342914167
0.06016526362095767
0.05631112772616437
-0.005844646250382841
8.85452049354237
0.01593045586191026
-0.3444594608442205
-0.06048902090029927
0.08065368701152513
-0.08210126016370871
0.04338582663134499
7.456542277579056
0.025613394291628074
0.0324560664118524
-0.04405613382066079
0.0068279437361766625
0.04658140264573405
0.00809942564452876
1.1662733932123612
0.09382533550944423
-0.0526469667493667
-0.047217129072085744
0.08076371683728173
0.005047322952552298
0.008418586023241222
-165.40194550872454
0.6188251956373494
1.3225780832792615
-0.780018632623408
0.35600211762389294
-0.1401167554533684
0.0035640308039988316
55.96820514482584
-0.31425986430753516
-1.1818029728353052
-0.3953644705756395
-0.017497672894661153
0.015259389068211962
-0.01223642918469545
-25.971932182891916
-1.0618729645246876
0.20336227602191173
0.4868397335885173
-0.11610428927812497
0.08736444649116235
-0.009659181261194118
2.6677518137381186
-3.7267898615187853
-1.802868948709401
0.7414148664694384
-0.592557153990434
0.12503991989218743
-0.03572970409652846
-32.895361399918166
-0.52656217222218
0.30201865723075844
0.04942606221480696
0.03598227881823212
0.019189506991433156
-0.016490492304409788
-3.0580250885364877
-0.5358912403445883
-0.09925792547625187
0.04488597130827058
-0.008705805323253142
0.019639934718853957
-0.0073494376633821065
-77.98287832382391
1.7505328013816535
3.7089857788239424
0.9089204437111779
0.7192940810412383
-0.16966442433937576
0.05796934707002603
1.4706054665912647
0.934407240888221
0.17370957339063917
-0.21244614517676802
0.0682725048504118
-0.014639048143524387
-0.022435556082150546
-13.212479159211936
-0.6257850766661246
0.17588503133301772
0.2089665440437858
-0.04257206052408736
0.022101570639053943
0.009593099875198005
-8.849841491166508
0.1917080148270109
0.2399165048540681
-0.07672493084673083
0.06448171690110571
-0.027016510464045296
0.003443856817304018
4.857394892329902
0.12656124140885883
-0.024474513726448214
-0.013874219409184409
0.004561800143237863
-0.006664929710785951
0.002191065446889998
-3.436060210503649
-0.09717228202316362
0.04571937104259975
0.05725346328799915
-0.013874022399964518
0.004744053413768245
0.0004350095481083849
80.16216374021174
3.4612131696494046
1.3923135476558786
0.23170598198041092
0.10045543882425517
-0.05126134854162708
0.007340471668206465
2.848031381770767
0.2995132439510182
0.2662154012486962
0.20835704423978824
-0.09028689006365528
0.018250239765978504
-0.004411052025183536
-1.1625627265119283
-0.03685865881320621
-0.026760469677731196
0.010212389559148537
0.006494022632756782
0.001051065431477259
0.001162838671688058
29.489898119610704
-0.23732436898039455
0.7392779469143299
0.9119736418221418
-0.26698376435326726
0.07042652315860928
-0.005685693943155768
11.555351191497202
0.36314970706999566
0.018073786035346158
0.013431293760630608
-0.028246663035917986
0.0014909739440463604
-0.0006156614971166292
0.8230733826453643
0.06441029757403438
-0.045345563519027444
-0.03219055320475943
0.0252296957912461
-0.007986226654227137
0.005261144756245262
74.37615736327297
3.021501893213273
0.31504163266310276
-0.17718694155867537
0.05204579589608232
-0.03703670114984104
-0.008598577624759154
9.370502128002407
0.8307879519075183
0.21879224496959213
-0.03285320629814303
0.019439622864873263
-0.008690223083813267
-0.0006188058993431886
-6.037943133853977
-0.42059706705787114
-0.10226274005081429
0.010154171221726838
0.009831820134733188
-0.0040584989143885985
0.004102610066782001
-46.029221260553705
-1.713281426136373
0.5129767620729618
0.43819021404161745
0.007680723487180275
0.022879443954448714
0.004883128380425106
1.1138215908391758
-0.01975310013983057
-0.08217640474327187
-0.07075379956334496
0.020482888884492338
-0.0058608538986061765
0.00038094529039328726
-4.857320451059223
-0.0839350571680554
0.09649441353263094
0.08184910656377624
-0.01614014813292588
0.004615541722494912
0.002607106721225362
53241.35900367925
2427.6612202991123
2293.655212210881
-2545.391446219103
1036.9526786841052
1741.5507920022205
1273.8251461821687
70921.60345475814
-905.4267843849507
770.7745055926732
-146.5943937475472
110.34733916537671
-1050.6741708989223
1896.2468716249934
16804.45116202899
1470.2162655292
42.92754842340934
387.54178950050476
-629.9814919019667
370.15156635821387
-301.81142530864133
-3.679990807752257e6
89150.78722055674
5229.006222275972
21744.01619274665
11091.246081160316
2877.7261509947803
5199.63795286421
63375.93127752723
-6694.35259216326
-1390.1481584059652
-6835.444390663591
-9.55177941191896
3114.1407334706837
-33.810017505555415
284042.6358193329
-4935.169206951052
4467.291703538866
-11929.635350253293
3219.211351437873
155.74804790838056
790.5678771824436
236058.92650112906
-8658.845226296873
-6495.368920479606
10539.440462597611
955.5201548792991
-1412.2059291610192
-5992.986632764179
8469.96396818508
-3062.204856186134
-149.17050195786723
234.73228853345213
-2171.492421945553
-3663.9797767566815
1033.746202474781
-132972.16903409906
54.70754041830942
-470.41871915306467
-517.4136916790472
-893.4226585928808
1484.9418667687075
1782.2737355408274
-3.6898473767617345e6
79717.07588337602
-55394.35440331466
-8125.386492041378
-9496.25024602582
-1938.0245163333211
2826.4879429783664
340818.70679350477
-10156.233488508571
11711.102150188308
5065.108834961934
-4591.633050211083
2138.154994411322
-626.8386038132203
5919.5407304197715
5659.767378163137
-1520.761778045331
-4236.153169870675
-4178.057476086031
3761.3121232257295
1443.7696671112135
134460.89398358736
-11653.645916906064
103.21929977669393
2582.035619853687
-5463.913581889947
4092.9604480832936
887.7138757042346
170659.9468865408
-3049.096405079364
-126.34077158597985
-27.1192702109232
24.602640357535602
-1627.3231349936993
2478.195891311077
-264293.9367809116
-869.5846732513232
-5285.146603746476
-2394.8798053811547
-4522.731763747604
-748.3652763992256
2675.1827264547014
-1.2513167059884109e6
23789.800820179098
-14538.491409543527
-8174.829716102461
2244.502895847038
-4451.1843535004145
2911.989278346256
441493.5508280564
3842.0586261069825
-1189.3191592077267
-1626.8339876975922
228.46889905825805
228.33498635512728
-162.11212833409957
-98538.01322673677
-5899.858095512881
0.13602241483766325
2349.480514807168
-2527.52028795846
1414.367671209725
90.02317199899387
56.26435920359303
-0.3207088930147892
2.6140743043097197
-1.563885811182253
-1.0437411561944385
-1.9551741400405453
1.3083840891715983
49.32773957652941
-0.783350096466138
0.5024571654258213
0.019728752773625673
0.8378664846409826
0.14419057730987456
-0.867688914417834
17.14255195058889
1.5924495169191568
-0.05432866346128706
0.8181386308809822
0.8804839710808288
0.10331680515074389
0.524330677576706
-500.17049281143494
28.20858392298086
24.931943776134887
20.465340156790234
9.098789704112782
-3.7954136002912864
2.4536055171221913
708.564133427045
-7.010483130694395
-4.0795333934304265
0.5918897490478678
-5.309692085922699
-3.556729019569645
-1.2567271901518497
277.64186679715266
17.319108362196392
-9.411855293863331
-5.834254342038611
-6.371382789411015
6.755430351152912
3.1336452498595664
442.2085328857049
-19.42978671595272
-0.49559009257680214
-0.6317512316312455
-4.521343350220884
-0.4180664417616221
16.305698125322408
158.62189723503622
-3.2541728378573582
0.4610892434918602
0.6827129335128629
0.9198238798946211
0.9297585949884994
-0.2683507506022071
-90.66934672535987
-2.176797505750493
-0.2974004483728602
0.27951878815435266
-0.31996182340008
-0.18018345606077696
-0.006097603558701584
7449.364641188502
-56.88926296714656
-35.93982848384486
-48.016750108909115
12.564005124354866
-5.966745269257214
-0.41454046562418484
-531.6162951020468
11.487335988273541
-0.41860999177301655
7.106884381898366
-2.69930641062118
1.4968414010121915
0.3263666987288309
105.75120052516745
-8.985219242168125
0.8102738647505049
8.185912115564971
2.6742933127942217
-2.331939168933654
-0.10307417617801178
-1462.9416481636101
15.663767648924946
-24.282176227523657
4.517084555172897
-10.55828676715302
-4.8620646739577476
-15.185428294001461
-230.25610294261242
-6.634112076634184
5.129883194600936
-0.3900588967516365
3.5195169453541837
0.33036762683520005
-0.40161103851196933
51.5099404564804
-2.052276787695381
-4.728779724416249
-5.201259283325844
8.425185751134498
1.2404924637060517
-1.1617985368764694
12.295467414832952
-21.419548222754955
-0.1636518820597904
-10.398920976328402
-5.92195803076819
0.2930950471198155
0.9323955733095524
-44.85839412022745
5.779344389976353
0.7290995351503955
-0.2506000520906581
-0.869701462172372
1.4145582150888876
-0.5260117808634506
-118.25514700780086
-0.8761985096333041
-1.4724832956074765
-0.5776380468323656
3.5301173785945514
-0.2481978590283662
-0.5240505629110677
-65.96170868202137
1.4868036685515993
-0.12678670002422754
0.4222204163228663
-0.0970087433804012
-0.5973660804250792
-0.36909250617790945
16.481344087559307
-0.2571843968408209
0.08640835570969917
0.03231420552669781
0.17028025065893213
0.027985886475502136
-0.12059832680090297
-8.336917090269944
0.20464457579122797
0.07614132464158202
-0.015968972067564178
-0.03693900248337816
0.06874096636492226
0.09276994031708374
797.0401328459432
-15.869625855140098
11.58108543142124
-0.8467055640271657
-1.5909044572997948
-2.1785112542912892
-0.4802792809721047
161.1240861243595
0.7307128267330397
-1.4412269213779132
1.2147690737053116
0.08123130518017772
0.8400329983262292
-0.11901554350687614
42.12788002782878
4.224248734850061
-2.1297101290390725
1.8197297655288571
1.963446340402915
-1.3326902231697184
-0.529509986136929
-144.33092075116906
0.9358634540408238
-1.2695098965698486
0.34869801713173637
-0.6841787662326513
-0.25083813067506106
-0.5433620316681707
9.262397207418935
-0.4675435610005085
0.09092883846155217
-0.0003241841848172639
0.025651268597181576
0.16463555282956968
-0.07459676697716268
1.6547762366188352
-0.21304596164113257
-0.3159902767717514
0.3376891696557321
-0.024276428295936618
0.06005419031641051
-0.04541734194302749
-89.74164285659097
19.973789157691485
-10.762606933762315
-14.61633943451492
4.465910156279055
-0.1490356644136663
-1.1202338046024336
125.60671584316422
-1.5287887822615631
-0.20028744935881376
-0.5189893074726927
0.6912719041780894
-0.3466947965398349
0.09488492061360548
-73.2616547683201
-0.44706542982498365
-0.5755162986511182
-0.8863400989992293
0.4392837198746675
0.18038813092906686
-0.09662064231920954
939.1074287837357
-15.534480068895457
-2.4715409525030085
1.4256834333925557
2.0188522867070673
1.1270823695978334
2.050633486237162
-14.99019842524395
0.841121908483368
-0.3764675151190946
0.2080712817417664
-0.8405666456517509
0.23001556584831764
-0.3129737369679301
79.49127307453811
0.7966507481489487
-1.5906859774982427
-0.964410509613246
0.19306789264251586
-0.5027399052836283
0.10088863084359019
39.37384836200378
-1.7238554562086736
-1.0743304125480726
0.8429276893448941
0.7600757048151001
1.2301928548727141
-1.4201772734121867
-18.074142709433573
0.5274959833309366
0.4336884910369979
0.16357652388034577
0.20353524617925384
-0.3209862030006244
0.14174357043758412
23.62452729808839
-0.5860422245360718
-0.04167997268300576
-0.5714784000693319
-0.1162537515351141
-0.16767668666068256
0.18709760602860975
5.600140375464731
0.04871529738077813
0.24374727506466357
-0.14792469964940871
-0.05807585788565101
0.07514710662475703
0.22113777999235174
6.409233999185039
-0.1908573372654068
0.05949172663530831
0.007382575674559636
0.048304486306755566
0.05845925194411013
0.1484826942972135
5.184338879936007
-0.026783021675960122
0.0179387237851741
0.11830542160943283
0.025293852637367407
-0.02952619341545176
0.027607879180948595
431.971416951992
-5.942549552819908
-1.5069240715832164
4.123052016948789
2.0337669886812697
0.22650682070619654
0.5063542562612706
25.545064782412908
0.09982908543311737
-0.41653962413735884
0.2646257180688026
-0.16448213461633385
-0.16777062936144507
0.24409388895178566
45.05626954468347
0.4766479958218311
-0.017364665840318858
-0.7928645303728517
-0.173144989795748
-0.12586024694715062
0.086508758696816
-20.475635921264573
-0.15196741100429503
-0.11854576316760884
-0.41766543347114427
-0.05712789040646525
0.03930351588974008
-0.3711569776558993
0.6277213132457868
0.020905651544309078
0.026881413322971223
0.06384113161751315
0.13188958044861362
0.13217268225060716
0.07672917861908794
14.471740843195084
-0.32683706909631016
-0.02360233130616445
0.11143705861183703
0.05444527944941126
-0.07461578472721471
-0.05345914613926008
200.29541446577593
2.5949333008244717
1.8487182879682222
-1.5121951509501392
4.395497725686495
-1.661432419070629
1.0881310246841867
57.755044642374166
0.8697939391824485
-1.4152295346728314
-0.4761355911526792
-0.09854257477393794
-0.09306220904398632
0.0030395545342256306
62.00023921920562
-0.7707487646951463
-2.6258750339749675
-1.3171903671174012
0.26978669037442815
-0.26502849161931147
-0.024999256006327825
-133.1133389536092
5.826310573604069
-3.351808022903762
-4.712806168929948
1.3542329483331228
-0.8641900943128835
0.32910633238608517
68.59045164300372
1.1390928445567754
-0.9861610863988846
-0.7392353685383621
0.2857244125334148
-0.10636214874116837
0.04128003178160946
4.927261984066963
0.7832360697973265
0.6526261693967653
0.5458063832478098
-0.2853109743640175
0.13819512423707142
-0.13638697088594134
56.472347838566556
-1.7696023183924707
0.010193019141939555
0.9847707954541907
-0.3884207502299811
-0.279912367021099
0.4379986947157921
13.999263742276115
0.1353041251842651
0.11089944161234962
0.19478970769281254
-0.12768680001743832
0.035200658037627924
-0.00766112495877863
13.910184788791433
0.7986535767189257
-0.3821323679515046
-0.1316460231586062
0.04097478667205149
-0.026190033356599196
-0.04234293483193666
44.25544079249332
-0.4628151642092255
0.06525974992274007
0.2202285806173171
0.031286153019238684
0.000689808827190827
-0.1020523888499816
1.4947042028864432
0.07610298669138237
-0.049825163065305
0.02973685368414503
-0.008848799484987041
-0.04099317312516323
-0.053906766541338656
-0.49897637385613786
0.08360115338529252
-0.038381397413750656
-0.07081056590893942
0.03783491893447981
-0.04382879795218967
0.012084294395047233
-442.3900384005464
0.6314813385028993
-4.153081075094792
-3.9898039346589176
-0.49381567482693495
0.13906364614949684
-0.18206210449334928
-66.02579711618415
-2.1385063219771197
0.8981310716705484
0.6246793633424838
-0.22765501901667884
0.12117783567280034
-0.09231523313859956
-11.14208080615865
-0.17036838958533923
0.4107691158469532
0.3616490959506576
-0.14963853097714053
0.11841523945434917
-0.03181837229086383
17.34416631051227
-0.09262648452319416
-0.5498615798142258
-0.0930669494175013
0.20010669750200333
0.07805390201402328
-0.13489699567969357
5.342270018695243
-0.04811335017143766
0.04517174675052397
-0.03275397131916248
-0.04009761225877843
-0.06670071238155124
-0.0665084606667457
-8.47862040316852
0.028475780728837323
-0.021221685354328664
-0.005046076993851698
-0.01249148051681151
-0.0036607453067488845
0.03486287531924612
-527.0847347665348
1.218417112220381
2.1178866230498534
-1.847646893875114
0.41367592527515956
0.09883059518607253
-0.22055329667601176
4.825594860786505
-1.3080162763672996
-0.7189719352958075
-0.3071547383891189
0.0912152962352388
0.031163148351346412
-0.03283227077841065
-11.153238488482382
-0.4202617156759113
0.38752569328212894
0.13601599930522368
-0.05858982095203196
0.07470403394200366
0.01012291423247102
-218.08407648156341
-7.208905939683214
1.7712786827610052
1.7945961332971088
-0.3922281022414717
0.25803167745295796
-0.015330255576299743
14.172813024728217
-1.3278417276450032
-0.07427913876641319
0.7890415426129533
-0.3853584583361738
0.06609709337861885
0.00884375671730175
8.461263073582318
-0.32679452589837193
-0.7704090010258107
-0.5045288747983808
0.1102262722419741
-0.05729420855539049
0.03224302386126792
-64.86555809520429
3.8199842093722163
2.018324971967462
0.17581350450687985
-0.07422146533117348
0.04501443485560384
-0.05397979869411604
12.154590566128062
0.5011506257987987
-0.006069607384845352
-0.10699305665313712
0.025377487976560816
-0.006168330814857293
-0.008877875660208891
2.1007977521889827
0.490920845572864
0.3794807883881295
0.15781512199572076
-0.06582082001515327
0.031753643221991035
-0.009154020156094008
-4.991381269815513
0.34343030899050214
0.31719673101084533
0.04402933403374013
-0.003540021232424445
-0.003379975867895546
0.009579783916460144
-5.675289836314004
0.11153469423212319
0.18821582895961506
0.02273368638491529
0.006072713393846774
0.006388899814344307
-0.0004079730944354809
-1.5469876106685676
-0.0848341143360898
-0.0045600425054734975
0.04299378322430817
-0.012840148810194333
0.011566128671118127
0.0016046118364699876
207.17260136281106
5.1646105949015695
-1.220512437003896
-2.2105212265687717
1.3125904422411838
-0.426315333203783
0.09012855047443342
-19.390281288021015
-0.2850166911426614
0.43448205463331324
0.3071633270663228
-0.08817226103712625
0.02365849388645217
0.0024514050474957754
-5.527138854443223
-0.30256654272945227
-0.07940758689013111
0.05510517530896215
-0.016259626741191798
0.0003088214748378803
0.007157252835203787
-0.22338271209369662
2.1025727904519926
1.811029382225216
0.9099006789100235
-0.35745032904547974
0.09274157348469024
-0.014559966253739143
-11.29574870584205
0.3483255650362694
0.3663033132559682
0.026207423984466165
0.03256271501084947
-0.005780066060899959
0.00600148046033514
-12.360110022306753
-0.46644233280101555
0.15897885490675945
0.23591090798224412
-0.08092096921034721
0.02448109115960725
0.00046810033097098136
-73.20964402202183
-1.5842949715995587
0.3969307279069834
-0.36919513484053135
0.4574686628986992
-0.11390454987391412
0.041481228913786576
-8.34899670867402
-0.2990916370939061
0.15051050568385843
0.16928014425925825
-0.06329816185727918
0.013963319640761385
0.0003610425288202144
-3.421517645180831
-0.27835674711723113
-0.12151223450596758
0.018215345422451772
-0.00825239194316422
0.00036688071764774666
0.0020944602544434266
-70.02028515508698
-0.7320599495416175
1.1778289497680157
0.5598723021274367
-0.1658391008048572
0.04904024057358938
-0.0004132822735393105
1.7386414912640662
0.2001383006866693
0.14499899387382398
0.06100133073708
-0.007269196628470108
-0.0003661700342154483
0.004415032767826925
3.7456759777831627
0.33956390699832734
0.0901313378881648
0.01768417351648372
-0.007818103293170097
0.006716634035027547
-0.005322193863341068
17088.19751027714
-80.50575019303777
-679.1664661712828
545.8432018596544
-54.19519214365853
-409.8145565829391
1150.3527441298131
15029.585325411432
-293.3354050250984
203.3270732041142
-51.10653741353587
354.0194587929614
-84.92684784031353
-80.24913852465892
13148.070424434873
241.13434601029343
-13.902793906056992
47.525656268476034
-38.19266621552608
-14.27163150806063
-14.284110745547853
1.8496142324517833e6
-16210.92991607282
17300.933239706694
11574.760549032124
9198.030665968843
-2389.589565204047
3235.96643234606
154522.87996030063
-1949.0382314081282
-2278.979046008158
166.86869032749811
1789.1397300313402
-243.1710360215202
606.1114591887
-617697.8434613546
-13473.456299426296
9013.491761777967
3468.6890613147007
1455.3711248578072
-1032.5776902468024
854.1424252396874
-315048.5026044873
5552.2846203731
-1327.8115908307893
-531.613019319577
-289.7783481925588
41.48971147731335
903.3620956481423
30655.516458077247
39.753836403778465
143.85521587146135
475.5914447495401
471.68139928997766
-45.86659735157907
-631.3957796425295
-4822.515926176492
-1630.8908457448156
414.0332138357158
-258.9071996689647
-209.62405930089585
-375.7140066163398
-187.7544681120789
-26256.746179132842
-2672.453799769703
-5266.857334057617
2008.1660113404187
-397.81860952485016
-435.0619831828292
398.32418749141254
56059.59701798326
-2711.058604402203
-539.8265194441608
514.4785302276626
304.02441950022023
-88.4430804915409
-5.704050940831152
4409.070201548939
24.577289929844408
213.5773347223799
-1451.1639769053115
879.5925621196659
-485.46482013231457
613.9588791397393
-444372.0307813467
4217.959736286223
-2051.987000037011
-2914.415133202334
-1065.1622405940334
-279.1711007214096
53.04229745846962
12932.130546245666
1361.8638538920209
742.8822232564277
-11.815399552542749
-100.69652458440784
31.694444343191478
-256.0814717568543
28241.563058707427
857.9480276071529
-1235.2959055592482
-797.1745997460592
40.51071966923591
-221.8779192523903
262.92711907633566
-107304.59607486265
1058.7191170464462
1556.9515545724357
466.786479021658
-1053.4296301458685
183.15365299379002
-406.1928570440076
871.5936906613026
646.5919643992542
-471.5998624687826
422.94723446551984
-358.7162245373115
119.14939573872746
-95.7553463274867
23293.283885012006
113.75590111155343
386.6886513894059
-239.9801170670899
-324.8001077019456
99.2486824861208
148.20325447861745
-26.919606079604478
1.450587309682646
-0.5470933779782282
0.3090206127204238
0.3541656674096555
0.03732035682813853
-0.9479092677140111
5.202190936721582
-0.07230969347637592
0.10044588319081935
-0.06610087914410148
0.11585518118510407
0.1992691197468304
0.17278623371147392
19.639284181799283
-0.24934012049476265
0.15850213773061217
-0.0020483866758982147
0.07257139161205323
-0.09353713883411113
-0.030673842920743516
-9712.44657656097
246.48757466386172
49.64378339636463
13.545503290062248
-80.09237404848757
19.463793904912027
-11.755538324888574
-1524.4126835508619
-36.76305814872692
2.454915629277101
-0.024774622840591783
-1.8915147636398286
0.8970582040479699
-1.7330873774557667
1463.5805372092966
5.917566295616002
-26.919252264203053
-8.170921474837971
-7.259993063637261
3.705528596379601
-1.9395966497317905
-116.8701028832714
-0.8708863821057466
-0.37780086745737207
-1.5862502330055912
-1.0778312420201015
1.0328226471687347
-2.5598405782029805
-16.347719980667218
0.07702632318067296
0.0805013832332039
-0.13802446128674087
-0.36648758504791196
0.16706179787661676
1.940359266213245
-18.60143889939471
-0.47035471428150205
-0.019753019816208466
-0.12163300257866369
0.2003750412992724
0.1141189233907535
0.832233812502266
-317.75234604266205
-15.728084193063893
3.3666041236207773
0.008970046975483995
-4.742096911074472
0.6815094172786644
0.4751634973628677
-112.86245654763356
-0.4069833474500119
-3.082985730420037
0.3945902850587921
-1.1827488335073608
0.4732193442761867
-0.06158056956803158
54.20621826307646
-0.4483054500561329
-0.9758369760260692
1.0841850420324515
-3.2497148355189736
1.4990940979619933
-1.3937332349530511
603.5061728212277
-10.137792324273956
1.257352299374182
0.08709668494911896
1.9485961716618103
0.8254325922658792
-0.05970920917159301
3.3606599158163784
1.5556178136999586
-3.124886940437626e-5
0.3897933823386661
0.23096288365977213
-0.1926888049156746
0.6197733800899766
27.228225668258048
0.1746565903549074
-0.6857344105754376
-0.6617571500048364
-0.24265468453345973
0.48901083355110553
-0.759610526304969
-214.64559224161167
5.7875838074840535
-4.18503174792742
3.9509119502857577
-0.20337180061652904
0.0188633292244979
1.3241220803312956
56.185264390705925
-1.8891895800008611
0.7904004141194857
0.05186131688698107
0.3163126522128819
-0.07765186082656352
-0.03366587328061034
-0.5389183326638249
0.9062937715561197
0.5360323027416275
-0.1536584900657645
0.652954664414967
-0.2876304503925238
-0.35985971576256215
-0.6927984414454834
0.1198917850811544
-0.012503941983892044
-0.032338700813370515
0.07338853929102143
0.048120229121273304
-0.0068807554089343964
-0.2506903961549154
-0.0007249015151410708
0.008036652506105253
0.00013562901967720467
0.020377887932609424
-0.007848026792679227
-0.01783585055574393
2.823204097672588
-0.033850755244718145
0.024252278015322558
-0.012668998034637918
0.012188482981731474
0.006499377865337684
0.02978185139901443
7041.715667852387
128.81544893379888
-2.856594339118604
16.947148073941303
-9.731896318926287
2.168826152423176
-0.16205964017675437
378.8825785214268
8.717124062769159
0.28862655707651536
2.6549442007115616
-1.7591951802290258
0.40492547166355797
0.011514169689740594
-229.37427144260687
-18.49657185024538
-8.279754846950738
-3.9977060590792095
2.91103377425438
-1.1695490147719967
0.3256159343888133
-26.868403845496864
0.09106709332967818
-0.017070056084513813
-0.24684250435554594
-0.3011695919825811
0.13335315222724384
0.05807590377956676
-10.635104300305679
0.18210747369897587
-0.09168597639602961
-0.046121081384475675
-0.16958472755183535
0.02449818932580109
-0.36946972405182416
-3.505252017950297
-0.08932737550382348
0.015490966903982599
-0.04049987907294153
0.14898755714355805
0.021165470084663747
-0.08028569057076064
-198.21145335882176
-1.5389848433979447
1.0515128113864414
0.7563545413214786
-0.48998037875997674
0.5132088819444917
-0.3234017826984487
-8.349160623439781
-1.3332734022362585
0.21703234685195708
-0.16259856087490035
0.12035127705063649
-0.056541775987800254
0.005190147428526981
-16.238953600671373
0.15794684069375642
-0.019343707752157286
-0.035334600061120526
0.6614570579495709
-0.2954390937538391
0.17107502221020118
-55.45562616074683
0.1844821057870912
-0.7866276629249108
0.06143759889711868
-0.04077350303417682
-0.16154989320932242
0.027263966546587328
2.8484986442353963
0.06627520989640001
0.08624224694302943
-0.019814219374866066
-0.06252229526473896
0.05022418754346922
-0.0810034617150991
1.3513794918779147
0.0036011794190233463
0.08103632467426264
-0.03046078715054174
0.2154451951835846
-0.10711458599769844
0.11216814243101897
121.72358384034516
-1.6052539889259854
0.2881904755766115
-0.4424895456842779
-0.5804224316340839
0.1880021771524245
-0.26286577332378636
-13.092734608566204
0.23974878561035004
0.07215965124925557
-0.01687450968565253
-0.033862486395855075
-0.004245131153630828
0.04648462245047153
-4.727196183454707
0.45067289142075784
-0.07923242066217027
0.1102874209382097
-0.03379857975523744
0.026084171239200225
0.052143166803314586
2.7142083167631066
-0.04299052093549582
0.02819400088115176
-0.013200018280427137
-0.0212255091667122
-0.017147750834128925
0.03334754496058489
-3.5423591668147187
0.04898708458491349
-0.015541420027292691
0.004960397202402978
-0.0041523200362355035
0.0007335687233140199
-0.020962590523290886
0.7117158694069419
-0.017152669222938077
0.01001053886270292
-0.02292675971190888
-0.012131146397558919
-0.00362216737172154
-0.008075197831394468
270.5946554272802
-11.144745586405277
-16.816108331252043
-4.14653151759136
-1.4674956310889082
0.04268299563727703
0.0095674495353077
119.71726534134726
7.483429822970617
3.3022045298058567
1.6884698397376858
-0.8124882875062414
0.20029699115943148
-0.06254042321088915
58.041245028590836
3.142414186771535
0.4211828529037797
-0.09295415677098359
-0.21438080681614424
0.11652273986309011
-0.01053080885354383
-51.1235849492933
0.7211144187683352
0.3079234114881676
-0.25835475963063276
-0.17633365677013446
0.01491839931004794
-0.005312680202570056
0.28608677593046505
-0.05426680042561718
-0.02896718261202018
0.025370439476152237
0.05933844654899929
-0.01788078333701039
0.02045321734833189
-3.9237812406891877
-0.03345440968246741
0.029887078139394774
0.003578557328626899
-0.05015137827568674
-0.023267864564566604
-0.01755778028506181
9.618741304805356
-0.4521304617729985
1.4658612198671923
0.07525873007143163
1.2507700883097557
-0.4052160541952204
0.19030673888650568
22.567917029823352
0.7625127805183131
0.27606219663726783
0.4147677009600182
-0.20301337101150085
0.04309237970521787
-0.026094701629570706
14.960940232744537
0.560573024471194
-0.03055538469070822
-0.23129838457897267
-0.022912848866610633
0.020154406174852157
-0.002404650797073958
11.607534194801447
-1.1377060191366293
-1.0304419248131946
-0.15507522157181025
-0.23065467311100796
0.044760000761039115
0.00726819563483777
-10.976419449368334
-0.05744376473702928
0.11978075967357059
-0.03807119315309346
0.06153178132516085
-0.023393860458800417
-0.0034123553607148653
2.8702621393078327
0.2846486509101675
-0.0025772341684668094
-0.014482173487113026
-0.05302364033767188
0.011167463199525197
-0.012311455782807259
24.323147677084197
2.0749161438171773
1.0703701129222623
1.3059002483196576
-0.5109234351218128
0.10517641660276682
0.010387760998262257
7.846494102256723
0.3385252391924087
-0.00652788268550333
0.004844049150472388
-0.008505628434599372
0.0037793045794620034
-0.022010615903644355
4.469839648999509
-0.08441300680260344
0.03381581598257965
-0.03778550570296275
-0.018803679989940727
0.004837490009939248
-0.008662682351480593
-2.9450421510687224
0.05867884144786163
0.04833083177604578
0.026723734585730834
-0.012353232263511161
-0.031242579188627884
-0.0030229784816293475
2.5051749986977665
-0.03700125493173071
0.01528122310172961
-0.0053229875215385575
0.007552760766465039
0.009167562538396953
0.0004109368937360218
-0.7258666984226368
-0.014172136962596601
0.006333973924146669
0.0426760761687057
-0.010821495624924866
0.01841489657697114
0.0059227030395524564
73.3277306671583
0.3223424800974306
-2.1092058484895393
-1.6855507902550078
0.6120386930709878
-0.18567659078833287
0.027457835099482485
-52.84905909531195
-2.895504767150991
-0.31379699859534355
0.30594143875383367
-0.12127866481686793
0.04775083534029616
-0.020746355672871745
-7.894646099714948
0.27031976812181513
0.46814276187712267
0.3192735383814187
-0.0938312531103044
0.02423518292411907
-0.011165952994184467
13.3713417322023
-0.5810078977632128
0.10225422388806224
0.24046252920418512
0.004609892152611656
0.02177278472102542
-0.008868446904262929
-10.728797549446677
-0.2343851782418649
0.09866685990321782
-0.025430037488202807
0.034543522589510704
0.0011769395216880505
0.0038791124515598816
1.1416157676845173
0.12353389388764822
0.03255546392509971
0.0021639585938888688
0.0212518880591674
0.009906276034418932
0.0178961808095326
-6.386246146459567
4.971566369049899
2.093131828603051
-0.5467991981079436
0.3815347280508267
-0.0851051321074288
-0.018571755845248315
-7.492244864858085
-0.5084549550070472
0.012867721385749507
0.15126510253894293
-0.06228697269786006
0.02346535999734135
-0.0006606373169913801
-7.70040835910797
-0.4711020939316678
-0.07768253062890032
0.045901451252224314
0.0036963568590764515
0.0031325838481386283
0.0003932093566110564
7.2274866346173265
0.8123426818757948
1.1033383878226934
0.2787965432189782
0.3060534839126875
-0.046583665280523615
0.010663037439770484
-3.0767432561493746
-0.32853272374031783
-0.05087553663723165
0.03950332222364361
-0.0143353222167635
0.008866778281286016
0.007092101609894192
4.937469549918618
0.18261707718237774
-0.0805732857034112
-0.138630575903177
0.06632194904356929
-0.01987097355518587
0.011114641606470167
-2.3980046722170485
-0.18238202886452246
0.2337050780430735
0.19959315139597109
-0.14182900570148976
0.05087495673066268
-0.01644601729897206
-6.219526369538087
-0.24225630227471756
0.12840887298071071
0.12764780409232168
-0.042939719695406636
0.012685026542657582
0.0037991926835401245
-4.105312377271872
-0.20458462564734872
-0.07350154804599068
0.00782732888006621
0.012029460756547004
-0.0002828931238141166
0.0034325353804263493
-1.380237305474562
0.04248967769311051
-0.07901748640607513
-0.0700325162711254
-0.021379285679374926
0.0025991741943026015
-0.002332724686913967
1.1568131199372862
0.026484585187337054
-0.014463031552358046
0.0013182354958174525
-0.009557826200790511
0.0014782511658228135
-0.0031889632493449947
-0.019293751397412934
0.02289825939526089
-0.0012704885101979914
0.00045712137627453324
-0.004192041496183373
-0.00030742764965644803
-0.0017220837149972093
-9.452579286575848
-0.2705126701683144
-0.7705817391067187
-1.4400656117793211
0.9583714049188998
-0.25956467407910644
0.06123189404593057
4.498840874526276
0.4533606971665526
0.04781091045472178
-0.08204942763386372
0.03035504471341444
-0.009312890412576793
-0.0036812838568101715
0.39603707520590586
0.2814084631416982
0.1891523072967072
0.06309957925231106
-0.021386349693462963
0.0072293272127944
-0.0031412771028105097
-2.646968560702021
0.324392693759718
0.0053028713295842425
-0.2298022909917846
0.09561085641548485
-0.03191001604120826
0.008767495443156352
3.84690297674096
0.057226954230597066
-0.040381390175306675
-0.003359472752770798
-0.014007292972612205
0.001779417699417381
-0.0024243940236347954
-3.741158092550962
-0.09313747372968449
0.06190988897523654
0.07189453945806751
-0.02435413610537753
0.007904012589414684
-0.001773834190499186
7.016845218947226
0.7923272586403679
0.20591550331759867
-0.19436241734397436
0.16021903687402597
-0.04907794677211762
0.010423091933621915
1.8519938242950036
0.06503540753987434
0.009591714904044885
0.017410088515506576
-0.013859331164230205
0.0037479733151615483
-0.002922901636433455
-1.6815619934173276
-0.13228679731660736
-0.02235412018471335
0.010492416267401826
-0.0065550562266453736
0.004259548665840312
0.0002555666126421176
-33.743822005547834
-0.3910540489679655
0.39253948545117096
0.02436838031275372
0.08952211289697443
-0.016380218432764083
0.007010791496967007
-5.283297650575257
-0.28405544958382645
0.004843330880264887
0.0655345435883749
-0.02168018861684574
0.006977739101674506
-0.0002491199658188922
-2.477838843018728
-0.13643536707752296
-0.0010203756047889728
0.026283079746612904
-0.010062837512017744
0.004268165758093217
-6.026380644002171e-5
-105985.65930779061
1967.1973348731751
-1421.037034762873
284.7704014643467
-212.86664340066338
356.0947725365506
257.0235878294265
-20215.70009824491
275.2483390697601
126.62849144433551
-329.6364929906873
23.488835263637267
-160.642227988658
-3.992368107202947
-8702.275196917879
-1.0254605244572599
175.40652073070734
-168.01811405985757
353.04255575688984
-218.96652837654574
-86.67864158631991
-68196.43865018958
3178.887865287755
-4166.439279219911
326.508451305142
3288.131317816127
200.62289008450048
1147.160143131749
-24701.3710080628
226.84485319728475
197.53105066696432
-400.4993639773294
396.1402610859708
-1130.9131858334729
481.5852598153367
6290.698281826228
1817.5254193236033
-2087.334509555779
-2538.2671421703685
712.1047154940557
-1304.5972424090191
-90.45275149890762
-294787.325935062
7411.704219644743
1277.781495148308
-168.22478690927892
836.9975319375833
536.5930285560743
372.1140978964976
-57416.15196774231
-693.563703368875
767.516555665599
679.8321761296809
396.84392381455547
-673.1540944057248
142.71946868856878
-17120.13414540726
-406.49594447116584
477.0554187858528
-35.389076761787535
-959.5802995871492
-270.6518138731853
-290.78183052695016
220410.58340364983
-4756.722866244132
-2173.2611192246127
1815.02139807775
1376.8416444448915
-35.826909941066596
-132.09941975844453
-14866.135036496784
362.0186707203708
-419.37776356225925
-565.2577634580038
246.31956347691516
-395.4166914412533
39.267152480571035
11232.946853360138
51.83394772997029
117.04802174359605
128.7570756812135
-658.7811107116992
-13.122325634604087
161.52393628573006
791724.7048776813
-2174.7430374076675
-8536.175161353938
-6813.929130243493
8344.2145718448
-2338.2222127292844
882.7369584710182
-119451.48865774111
-1997.567613552198
327.1847330783965
-83.80896438022239
203.14541210883462
-125.8769033256443
-77.50005424803982
75726.61632906737
-286.43341999252345
-1591.6935478537764
-881.8639501596953
-75.06402935812206
62.544320752843824
-16.412671134619462
256550.9378291019
-2544.1946186317177
3079.000177661013
4006.979926897859
929.8880387844271
-113.265796396655
-21.790291077917274
-68068.50781812082
540.3015674716438
864.7833545989195
-373.97871600123614
223.92635556609633
-24.291573365410695
-12.717293866252492
-2826.094924423818
-1276.113575491259
-274.4262030130328
-224.78971635210743
177.42382052601417
66.31595956441576
119.49142126443076
18.21652412156555
-0.3693148970268674
-0.25994504424852466
-0.39139787646746665
-0.23256197875480517
-0.045515738415100426
-0.33000537096577276
-24.88139199374045
0.7189514934386971
-0.06775071551008591
-0.0189605598421566
0.1712394236883427
-0.32164867742505204
0.23861372064091943
0.8744690102186048
-0.08762423840013772
0.09105753636263696
-0.32560685278454016
-0.15958413751145867
0.018297554212442654
0.28387673970088845
-356.8412938657271
-0.619555479675561
-4.555161880895862
1.6178695245709505
2.5448071200914737
-0.34450443666168656
-0.49800697312975484
-43.51913219035192
-1.0648085492665087
0.9959185291009145
-2.566832110142148
1.5837643954049603
0.628431324953109
-0.9064905244661027
184.15240766027767
1.4262025793807338
-1.4505230981408528
-3.492328684919161
0.5868964735973332
1.2216661305230079
0.5009781076000503
-45.34833522977143
1.152282187943535
0.14886683187449765
1.2315318022671977
1.3362115177863043
-0.10262088565241154
-0.9139716820401724
-115.90244371508423
-1.4502536664056647
1.4728474430667036
-0.7688690411831164
-0.013162183455512039
0.6265703951793115
0.1618410286845276
-17.5487123082599
-0.5852157863864873
1.1497399225218867
-0.20927499955592474
1.0066979507754374
0.21979399261781207
0.7951275815596455
1167.7387266129367
-12.867882404196658
-3.8343621734819697
1.2242794126401797
5.625145986184866
-1.9907445841099736
2.622210271560066
-161.17337861557507
2.4389848789587476
0.9505168196244999
-1.2002668255992175
-0.3502120151165469
0.3372214656253053
-0.5977824857571472
-23.64557704577204
0.557254439110523
-2.999356168110393
-0.6010830503888908
-0.5715313461831302
-0.21003663533594671
-0.8147896126114176
-2047.6908367846565
-17.728043946672994
-1.9807117024196152
-12.463964531974556
-5.95446496037688
1.4743686975699442
-1.0145460565583968
163.00294675487845
1.4281609916501175
-1.6140698434985443
-0.21837264267984124
-0.680428654434122
0.169434705961219
0.014871804199125337
-118.46931934814768
5.2852505031237005
0.8127247665721151
0.40704935986679464
0.10464704572529661
-0.28597679731371234
0.05878962450400934
-31.368023029011237
-5.856093325641848
3.656694135879296
6.109443114384217
-4.410371943425823
0.5755216621140868
1.0876679898196777
-11.521103323356797
-0.21212320733972967
-0.5330694056903511
-0.11459277065240792
-0.06184708228089168
-0.2702365527186513
-0.2405576980429066
-16.93110901259344
1.0964543729818885
-0.8902069077377762
0.9835183416114519
-1.4819973663706931
-0.018346425104062085
-0.4474721750486313
16.014391382402767
-0.11915975835080375
0.029809226542890203
-0.057349321731991
0.09632653152186733
0.087013750738276
-0.13109453756175066
3.8994801483682924
-0.04117394195123553
0.058064570829577826
-0.026219336346746037
0.042470991135245675
0.1016185017122337
-0.1013574133079815
1.1413027221574625
-0.05465902841167795
-0.004888660271903255
-0.0499235112141568
-0.0795813573372217
0.03786860296863677
0.003447447156396891
213.20696619593664
-3.895833418628464
1.5439656983253078
-0.2615311709369021
0.6259910001458745
-0.24279575120261945
-0.02191163127665909
-7.5615525053578585
1.1462452825858105
-0.1378289044599062
-0.09244176002288375
0.1664170677838262
-0.03268104112288809
0.1538200676423108
16.49412480684303
0.3411649280990674
-0.497475508587294
-0.24891345256116976
0.2486502479668691
-0.19516655982376677
-0.051810094086931276
18.550177915230147
-0.4564804604737844
0.08332927091908503
0.11697307924540493
0.03951332427084036
-0.10782424131737418
0.11211141142224841
-32.059232402454974
-0.07264913818902811
0.22768842048860252
-0.13142325909793287
0.29008982087460583
-0.08442444393703673
-0.04406413929737186
4.273905091080208
0.05440123983810036
0.10744164237091618
0.004566174639498117
0.024131520514882737
-0.05458916739204909
-0.07709940132729874
-205.1620145468454
4.7963421142297715
-1.233024525327361
-2.9049044191450855
0.016102168180843205
0.07945820302527744
-0.5134169381629541
39.42001831840799
0.13125202101777123
0.33406558141194476
0.22666225094377201
0.28760465248696027
-0.07509340388127443
0.1820857669738824
12.987535867174566
-1.6943221774665693
-0.6899522454065823
-0.6067159474204438
0.5907300746744418
-0.038812048121253315
0.18100260101712778
-226.06094211049634
-12.037506904894148
1.2692080064943265
2.8884447519392493
1.5825240969365402
-0.20336526990758663
0.18278060036634203
20.876373808319002
3.3527858404796227
0.6423223247932878
-0.8270772802261753
0.5979536767726392
-0.1655464179674519
0.05971999668223957
49.24635862167131
0.5419136899094901
0.005893188097555588
-0.3733647688856474
0.18151330623404374
-0.02509282178293803
-0.00817042171962298
-72.81150705310971
-2.0628600864330946
-0.5803540912984293
1.0056202168285235
-1.1312234220047874
0.45807308855469786
-0.3860315116395014
18.973747063450883
-0.637231099495456
-0.37199539384859676
0.026877171131869257
0.011375496477657777
0.05531925967795793
0.07192084920857814
9.96766202598311
0.36841334636677103
0.32078209761611565
-0.19620766910361512
0.35585782494417334
-0.02487346343037784
0.07358862375063235
21.13987346879866
-0.16785322856177837
0.024490248724491626
0.005340785753289716
0.08471997428627479
-0.030507895140691195
0.031122176297764793
-4.873246718176265
0.0763190745363947
-0.0010919886143536972
-0.016421615381957355
-0.06498791876786454
0.004654804346890284
0.009123189069831113
0.0030327862172195245
-0.005765979958078316
-0.017789716249099197
0.03485651214784615
0.06968856206613909
-0.007808825458749722
-0.009141681827731573
117.58786643811901
5.236407305091374
4.872494224820738
0.8004393138540536
1.7863908634551628
-0.4109251285257768
0.12675371278113384
48.784676590634184
0.9649571891206847
-0.002127609223924534
0.4249305485785821
-0.4380686302787771
0.09522612956372928
-0.054613720378016935
-20.426503089524132
-0.7869667995725282
0.20280924640123404
0.3617831899020181
-0.13512317562060816
0.053050180666499275
0.011929817772889326
-38.24182255672154
0.39649289829085477
0.44302920178411176
-0.2938301655915801
-0.2404747739809182
0.04534475350059069
-0.05613195362424015
2.7107757138572515
0.14780839966223908
-0.05832128032365992
-0.06320439117053654
-0.01655841920305418
-0.003298561385385269
0.015528927239497925
0.6502019447123923
0.24551524210341225
-0.0789572512050493
0.00219272487914943
0.01002440256137244
0.0037167518636516098
-0.0022395017393266607
-99.23509813407553
-2.8337892556482296
3.7728584973943406
3.154645982799706
-1.0718884972592004
0.30262363764211314
0.03621495793984467
8.950497929024547
0.7553074241398974
-0.1381905851326504
-0.1840500075709077
-0.03826262839933433
0.0017304935585011776
-0.03157892109669987
4.833571568581863
0.8713579492376463
0.20702833087570385
0.055320571867573
-0.10428091724776715
0.01477490930307986
-0.02069245565738804
-69.16672749409891
-1.0971688801885335
-0.9368418305937937
-1.6372608852967403
0.2526584856567329
-0.09415357388843587
-0.0024416777335403983
15.770695128520423
1.1099301848440037
0.2203818274458809
-0.03537807896449993
-0.030433361982917528
0.0028650073887430062
-0.00919511164904232
12.884856961115815
0.6051104360278514
-0.43355061012554097
-0.33523072708813184
0.07254265435897721
-0.015037662491708535
0.006964342195579859
-16.663085290480577
1.63816582952012
0.7603442354167
-0.5769163967681521
0.5377870034173924
-0.153635188413889
0.08641650657127262
1.2014966103598408
0.7666087864537003
0.18495420310071417
-0.14990739998323396
0.0758104564748136
-0.03262432299734609
0.0009452843075214477
-1.461941706485295
-0.6533423980186045
-0.46819216929240076
-0.15627602710636676
-0.007519399908953066
0.001037570535337591
-0.003602630837273325
27.527541066638186
-0.23946262955234685
0.019440783164442702
-0.010166195316427295
0.15368045074047523
-0.03278787579947772
-0.014305089397286686
-2.6923355515871563
-0.022900219074915726
0.02502134545372583
-0.018008046393795128
0.020223480162819368
-0.006824332630942907
-0.0020841244707999365
0.38715513535203633
0.045877657940324335
-0.002198857516096169
0.000791764368784047
-0.010488491308669804
0.011446341550331975
0.005755042748159595
-21.199130506606487
2.2683695511425253
1.545924972528053
1.259571013909383
-1.2201285394982757
0.3473459430217893
-0.1448077913675168
15.013615515777692
0.5860203307908617
-0.38841482255692455
-0.5379366963464618
0.23516957108410466
-0.06717662274546737
0.00974726991621362
4.446587659953247
1.2102427247646605
0.6770662006756933
0.23881268123732236
-0.0590393955286504
0.02382284301823324
-0.006977535514719894
37.59823413401402
-0.4705921877225675
0.2619447266654995
0.3083371012455751
0.23321869860951805
-0.0401142101881535
0.00014968008034351753
-4.828659177869181
0.06614941658040631
0.08960613221910174
-0.04695754578009623
0.04246579792443958
-0.009266449063682786
-2.7896951579447714e-5
-0.24387886348425658
-0.05911313628615172
-0.022803095828361576
-0.005869155698374988
0.004255523317103208
0.0028639637424709825
0.00983770864589907
-16.594991423152994
0.008650465530486063
0.7950164258203407
0.3439519663785465
0.13299012753636213
-0.006519755360405767
-0.02594199433413432
19.23644400714326
0.6254267459517945
-0.15456518465363275
-0.2145136454902912
0.0815210288715462
-0.027789997258650667
0.004177867023010544
-12.167741486349518
-0.31251920048406917
0.32484459388423087
0.2773555391156033
-0.07536501835896613
0.026296129918714717
-0.0002799995440749199
-13.449634717060746
-1.3533417862951846
-0.12690971695513176
-0.2245911443955435
0.555839750680118
-0.12683074127540245
0.027761268397646144
3.5467515014706366
0.05233149225606426
-0.18317250577859906
-0.1548396451252426
0.05807549609789594
-0.01331560025148821
-0.0014010154403798292
0.033163448751491215
0.07910047825934159
0.13858054609157053
0.0362183845865846
0.0017460831320889097
-0.002332012764333229
0.0032619798361078647
25.055929415080733
0.8538980441321121
0.23100207743020815
-0.06520596532039442
0.1283549795968016
-0.033185358348540396
-0.00871725718646756
15.501022331668878
0.6563219386344149
-0.06763254519207622
-0.15071212177409044
0.04287340616361991
-0.01417696286373544
-0.0018206736532617007
1.4154323575872
-0.13435730990362568
-0.15485355556033426
-0.07591397677958914
0.029738083551925372
-0.008321317349729527
0.0010241255698244264
-3.2749423742308084
0.11356672674437976
-0.05280119015285512
-0.026233756554166307
-0.022373995422670937
0.00649091822730987
-0.0011447378055008475
-0.034966151968082435
0.013448132808438125
-0.006495632256805382
-0.012070045905227157
0.00594193789213997
-0.0020578911376460175
0.0011038651396925992
0.19215567828517544
-0.013256486696662196
-0.0031366876675533086
-0.004100394608108944
-0.002611593061449844
-0.0005976679125038875
0.00010931452106358196
-18.049731941791148
0.6702210217878378
1.1487962667550269
0.3485898487924756
0.05330317047301287
-0.0008983060989550403
-0.0007608214477873266
-4.078164265608954
-0.10644324993819339
0.041321547640589255
0.02390852287042269
-0.00721592427994517
0.005989763438928055
0.0005013790597440219
4.819084338338725
0.019791224725817798
-0.1929205077368102
-0.11624378294793002
0.030095037517378194
-0.0095914051866186
0.003545967023116348
-21.77650658340389
0.12282495723145949
0.13326326028025443
-0.016624229461581038
-0.11121637320818362
0.023706766743417537
-0.00632487760017777
0.17188563733612003
-0.009589202378728174
0.016138791661846664
0.0044811574715992114
0.0013320477010844037
-0.0007856130476248264
0.0017163265208601387
-0.9341323725005114
-0.016650649237507892
0.007129053986282375
0.029630596114528864
-0.009489526820978719
0.004515734249444495
-0.0010457563303674239
3.232260236928519
0.021121925671944253
-0.41272420581274016
-0.5975828223918258
0.3298450225165279
-0.08622339762089723
0.015880134363705743
-2.3179390775769697
-0.2963469165090092
-0.27235012153549826
-0.18716689385603194
0.07323344096331671
-0.019019907667890436
0.0031473558184168336
-0.24304739051867638
0.07958525569474294
0.04502738023511966
0.01758612798355501
-0.003600515900456104
-0.0003613458426518893
0.00020831964424491002
-36.20796457838484
-0.22036436291501685
0.442581405843403
0.056505515809367385
0.027186093983924808
0.0026704994452226684
-0.0022596361461189175
0.6684078792261311
0.02340580496823104
-0.023048464443978043
-0.029115368084349644
0.012287076686371806
-0.0032777525397101183
0.0008269217745361873
-3.8814755369763807
-0.301542160936868
-0.0667054591472721
0.01564821311685037
-0.0033352126486146626
0.0031843258265764696
0.0008736651140449444
