-3124.4472984610416
-1562.1813893547449
65858.00263508345
-126.10676793573353
-4.029560412172673
-17.087990176169576
16.264531299129978
29.531889831886083
11.159540493318422
0.5548343314577371
-4.468987873529244
-1.8316629505788622
-0.35651196881929365
2854.114164215148
-47.88523605218096
1.5857439776433342
-18.510125507663805
-8.656926612251318
-1.5207409120492534
-3.390404279037141
3.225404814870889
-4.12062441885891
-0.3305697452183212
-0.03073879567685428
238.94128332851142
-4.497639369893332
-2.239751521438147
1.6215170911190924
-0.24199121367260304
-0.26451211659563567
0.43879887982213733
-0.49995415729170123
0.5936105910598586
0.09121188953799629
0.025165599068318154
-7.024282479539748e7
-6.581219845193726e8
-2.9797709430997604e8
-5.833211968780817e8
-5.114436192541111e8
-4.813421651734345e8
-1.9184814406681922e8
-1.6761512334162545e8
-6146.0674426027745
17120.784589123617
-2515.330598909396
19762.624872518514
13374.452907298297
21738.09455395138
3100.5071765522266
9782.207901515134
226.68130638586635
54.05532527828809
345.7797926974485
-114.79986859518975
-51.821531471079474
-340.7135362841383
100.87298646790666
-218.37052460617045
102.65518832586616
225.75841241671682
148.26362824011315
155.049083380332
131.55831817431465
96.37402154233547
30.746631461340233
23.359501582440146
-31.750092979060764
33.2007679130845
17.613706588416047
71.43968353315938
-3.608018801787644
1.8335116472407003
-26.022704762136136
33.466541732112596
9.822358070764192
-95.27452313793275
-48.23581070538291
-118.40187559685793
-17.333700753342633
-26.33958893151775
16.086079056841918
-33.412834185760474
-6.080495936525609
-7.487890505557578
-6.925893384239859
-2.3906618129116843
-8.282378904476127
-4.032259191157228
-3.9821674257070883
0.23104991835921576
1.3418861221030947
2.0604201374031113
1.904052204522048
1.1196154448256141
1.7041413684107267
0.9625929575833113
0.6401401495965511
0.20496831867197113
-3.977224644272978
-6.5344568141804755
-6.069485824118367
-4.113493731768505
-4.887372354166415
-2.8912082688082705
-1.9243957194871042
-0.6431905273862236
1.0210401702969463
1.870964880339955
1.6244387192715313
1.1834542562084758
1.0343116544840385
0.5964445135548962
0.35260707979080635
0.11116839857119863
5.425676982321844e6
2.1613424688331183e7
1.7539442267309316e6
1.0346399609475192e7
-886504.0019790261
6.397634627303114e6
-2.7011092800721396e6
-1.655507076990055e6
-173.65681906987948
10.55924909107343
1386.6832896709313
42.22421245041244
1931.5522654983595
226.64276313055768
1187.4205678562842
283.23825186968213
-16.263359240914824
-66.56792703247402
-113.37557543971617
-38.31894633705218
-121.85141763650499
-46.06612536735147
-65.38951264872182
-17.789925468021675
4.045587987607242
7.587076505493629
19.21935526479501
2.8591932468092986
17.86323093819749
6.588098672008917
9.420663815040173
2.60856714717989
5.5111169455668705
6.481462999557749
8.111913060914615
6.598963489247605
2.66285796969563
4.597990970464455
-0.03738983183047585
1.4661287935770981
-2.4407160021489562
0.2558299358503595
-3.3656234035674024
-0.7227468156743637
-1.0922525527933955
-1.039016316353845
0.009617273671444392
-0.9235474332624054
-0.28737969917054507
-0.730765914262719
-0.5075491405133786
-0.3044473138579707
-0.05885390955377612
-0.027962586480259545
0.011977278717177606
0.08777759836943085
-0.05041954953967885
0.023818227376417412
-0.03605074509274902
0.030446006449922583
-0.041737029674778166
0.02183888793048962
-0.024237614614731298
-0.034127578112485464
-0.06384400172382226
-0.19761149346639126
-0.011309099142640722
-0.029585664149183632
0.08424268883914535
-0.04091250316054201
0.041933536187243894
0.04825375191266382
-0.012448435599909196
-0.054133753245392636
-0.02375491561150205
-0.052280446789832326
-0.026913675823805185
-0.03128610516396491
-0.01679380569147824
-0.016768871257258698
1.0725373459310844e6
4.863157340482559e6
3.6569593563630856e6
3.0392019278232264e6
3.465914891658324e6
1.8512544568128088e6
-257844.6909125979
-524761.9597726393
27.6059120582507
-732.5487723447333
-632.1433589671346
-496.5217171676798
-546.5698070645792
-244.82354414069835
-47.729760195244694
-109.12543479958691
-4.970445668708853
20.636368947693793
25.23673495491275
14.120653461912855
9.87801196015228
7.400878697328418
3.087996603059396
7.051615172444642
2.253530043030873
1.9841810833190001
-2.744572533072921
0.5021252876685114
1.4864337802512528
-0.895939940511038
-0.06820663841923673
-0.4176970544265888
0.048185791691542974
0.5996494994219823
1.8156358725583508
0.3586165714733361
1.949394840977537
0.9084525424144181
-0.15154663973293042
-0.26482706259861255
0.0027880827137614994
0.11321087452299992
-0.6389901287549064
-0.1783173236801646
-1.1977660696730963
-0.2778474501237508
0.12812271863813768
0.09336788513901555
-0.00988934939335436
-0.02884924499427966
0.026417657587804056
-0.0036894699053582137
0.012123545326511621
-0.05589046509156619
-0.022882675527846084
0.00784034011886478
-0.0015010222568720116
-0.0021327206626579297
-0.00481302222988539
0.004310190281386635
-0.004139361194492451
-0.006850493397395594
-0.009148414619467431
-0.012343383798323039
0.03036500343104862
0.022887954170713896
0.030041187016330583
0.021405646654340818
0.016455011408853065
0.02024920647994555
0.022017499878994873
0.017735520582719072
-0.00848974727413239
-0.006205599451391976
-0.013485899639099524
-0.00803848421563048
-0.006859166981771337
-0.0026940014235401787
-0.005037479052062861
-0.00264909050318682
-2.798462617564034e7
-5.775928251316215e7
-4.034094732896068e7
-2.4230995519298874e7
-8.55551365472514e6
2.863730945501373e6
5.337982759084933e6
718338.5169991987
2247.7477791713764
4112.263431369698
1743.95482636642
659.459663276251
-1328.2993148813705
-2360.8390329767735
-1831.3488389591942
-304.9101171355314
-33.413165077022015
-2.8757798085928523
47.0995585492837
62.64412489779065
103.48807192679452
114.91905283785115
79.54675899128507
14.593835196295652
2.616222635091762
-7.952981916835084
-1.3239158776526898
-9.459119425341928
-6.665045197795026
-8.50922321204706
-7.160595802537662
-1.742846274149355
-8.3556930308402
-22.956851432691536
-20.8804008255759
-11.570882874270104
-7.3574027134273825
0.016224256465997657
2.336474608706327
0.3861679398733615
2.974522210913699
10.00101119715087
7.78048176712251
3.6818642976807414
1.691135463928427
-0.9827199057062992
-1.3883880268787214
-0.05125300491417056
-1.0215955701281023
-2.046193588476135
-1.5955379622881165
-1.2539476615844756
-0.8017215020964347
-0.4578301130970895
-0.1896052823254326
-0.10875417813778267
0.6218280648671147
1.180585837695369
0.9689698838696347
0.8219062135118285
0.5530492891797613
0.33758000859015225
0.16788678028461507
0.07087781149567776
-1.2052435378960071
-2.2955214660090073
-1.9367607887727172
-1.54008020983018
-1.0158802077963418
-0.5768506281802871
-0.25930816764008996
-0.09609836077931015
0.03697277366872341
0.06408225160240813
0.0516618746650954
0.051248100163937736
0.03178709350122915
0.023252630532418998
0.008150227913782797
0.0065811180218201945
65530.01954591827
1.121090049994283e6
-314854.8604155597
16897.089839786742
-287536.44727607444
-268540.4462741948
-169333.5865922008
-78134.06223861217
-235.33026086824378
-592.4547163357917
-18.19982552233269
127.03600827511738
0.6395639932332173
186.69728279616015
50.46703169103393
32.86024492613462
14.629716524760518
34.45951035540334
6.325881547943857
-6.65043892241256
4.9264018654552375
-9.67372942258421
-1.3899715089533753
-1.3856394859458128
-2.362347058444867
-6.529404428423033
-3.0468707987936066
0.1913870397286833
-2.151857984238773
0.8982905855305116
-0.3203824785421303
0.031512854999837754
-0.7509202136188601
-0.7943153703903101
-0.4616184353989034
-0.5865918865248674
0.007725890477472446
-0.12230137586808756
0.052619265263895834
-0.03376743360192474
0.056472753424227494
0.21553315455271796
0.07121623117268419
0.2271151802968614
-0.008052375253862492
0.07738856021061474
0.043263031186250314
0.03892044804255308
-0.09312018570880172
-0.19312909944386839
-0.157668818837087
-0.13093293732314612
-0.08310527308055288
-0.047818632729742884
-0.019888459451750405
-0.0028787618422146753
-0.012541305192326269
-0.028843113043226322
-0.014348022695570586
-0.03020417909367981
0.0024001886424918845
-0.007174356396411561
-0.004976110365097574
-0.004148077576149682
-0.020878195594586462
-0.07717847028565657
-0.032466153388201344
-0.02515865731824792
-0.03235362182846811
-0.025581115833523044
-0.009846651963319929
-0.012364930381210702
-0.0042994074856578975
-0.0033288360437857506
-0.008279799437953714
-0.0063418723512748965
-0.004419214624451248
-0.005321311689043941
-0.004975450951549149
-0.001984579600639018
707899.4364962146
1.671465929423131e6
1.4950763349135004e6
902155.4688647988
228521.33222236004
281735.36795043637
133254.88698628987
107329.05378087367
-211.98053620523342
-585.192883374437
-555.4556102596724
-280.9634631686939
-22.81649050245359
-95.48094990462816
-67.82851905054073
-59.75331214364623
12.089307500142779
28.07962209315148
28.20942120597789
14.995183486578473
2.736942717559109
5.318043628937925
4.073194008354773
3.271604521039651
-3.805412667394012
-5.898079647295932
-5.390936356155288
-3.820882117598121
-1.9264300249938024
-1.1690214982975782
-0.8081601187765676
-0.4416096438339162
1.4192135127671142
2.2526138544757885
1.5478905103414033
1.3506130154001526
0.9614065584694454
0.4373468080673393
0.18795499118975792
0.06164371462650193
-0.5081481048059786
-1.0299913754230823
-0.6056959809006272
-0.5229383622163303
-0.28391582816799726
-0.16121526125377475
-0.07408650631597737
-0.030494059350303682
-0.03429608942108944
0.004920330495082241
-0.011200895184849869
-0.004722362745631648
0.005362487865255045
0.020309944521900648
0.02027314720722297
0.01348394625404749
-0.0020398982999367565
-0.04440635837082234
-0.020728588677166867
-0.01884623626245354
-0.021409042989275047
-0.01770369840544988
-0.014448826535343174
-0.003998887403819702
-0.019273937434375513
-0.017127718725127868
-0.030657610509506335
-0.014831988018441104
-0.004598335481965028
-0.0037618247093698285
0.002295986077452226
-0.01356121222284119
-0.003231270222454447
-0.006371225953683998
-0.006041194352381288
-0.003311326476968782
-0.004963451421173312
-0.003421730313429821
-0.0005887338757385601
0.0005683472540804952
8.237353739760698e7
9.124438521077614e6
-347771.3706481289
-1.0567843560621156e6
1.150881391080586e6
1.0743471682421037e6
1.636296136375359e6
3.922783136286983e8
-1.729355339421292e6
138745.13485491514
-280804.69098079996
32508.24886262669
-263543.25382869854
202190.87013698128
-3.2915037647592384e8
1.1495006376389111e6
-149579.60618975942
5681.708834098063
-430407.5375613516
-42184.166456217936
-14656.446535579102
-4.116116874969467e8
-1.0334462568397181e7
-2.1746463253159854e6
-2.7624267447565794e6
-2.2178049049356836e6
1.366970424967518e6
-3.116135035177951e6
-9.016176058668387e8
-5.965193001910169e6
1.08711678979176e6
-2.1159539069076884e6
-2.38055340604562e6
-1.7019893483305054e6
-2.0545323703530598e6
-7.025513535562512e7
3.04237373601594e6
818396.7481786204
624865.4793512509
-238760.28200331744
-419978.0232711751
184493.71670196627
-9.022132237465576e8
-1.1217972462416472e7
-672915.7623565568
2.505179639971333e6
-1.3038824983906052e6
-2.067415129349809e6
1.0369572120519056e6
-6.703735899822847e8
3.975239959088051e6
-414351.6656735603
940498.4645893065
-44333.436988504975
-188100.38410220793
503446.9174424398
-4.901979093028677e7
-1.9067399321114728e6
-77413.69184704227
-312116.88217199023
940364.901577185
-834470.1213449733
-808797.4658550827
7.831728404641631e9
3.5668782727693217e6
144140.9540275819
4.934563075152458e6
-2.052849063669976e6
2.647514111191693e6
3.0701408917528163e6
-1.5209334976346443e9
-5.635174219235157e6
649642.5747741963
-5.320628884113369e6
-803652.6053374141
-2.1799358835150353e6
-975305.5068321767
-2.513095841215087e7
-1.1178836233303712e6
1.2190949410609552e6
2.6445487255931525e6
827126.0139325754
1.0525127371825147e6
-1.0911908653217452e6
-2.2470984545460598e10
6.282016141656858e7
-1.3468141316004079e7
1.9718635345636167e7
-6.747461959511639e6
1.0165995040584102e7
-1.7620224820480777e6
5.231680174119579e8
510649.845458276
4.28268219535179e6
-2.17348294286416e6
-271209.1441006166
-1.927621616626499e6
-1.2455489471002803e6
-1.842360083075612e9
-5.117133129184919e6
6.070252566287155e6
-3.198461517224392e6
-2.754414054993433e6
-213871.2031333386
-853294.2626013757
-8.945525921995958e9
5.503062742945505e7
-1.0091966237460744e7
-1.3051466932004385e7
254803.94020725746
2.2736659272927325e6
-367846.0226648111
1.1188856869544437e9
-1.6000628796211896e7
1.8009182112534163e6
-2.4442551919245245e6
-66896.836698116
-682113.343281923
1.3414316120935744e6
-1.1995366219720266e9
6.392155340779218e6
-695462.891275921
1.3678201871476225e6
-567233.7446563523
-3.825592045660732e6
2.237360846561209e6
-8.471141071865498e9
-569651.0544843232
3.179955180950219e6
-7.955544878995754e6
-999813.1389012976
760777.1079950526
452085.2879054902
-8.564622164664782e8
-483664.2538153187
-316668.85023465246
1.9640575685080036e6
25572.408207270564
46195.75639746915
-335891.9187881616
-1.9974801933877987e8
-2.5365709774444764e6
-886713.0573429242
365723.99743100157
-1.5436460876091311e6
174030.9663956692
141261.59943301286
1.3997184677642614e10
-3.0943478019873086e7
-5.942751613609203e6
-2.0558982977069546e6
-2.9065855717289764e6
-90022.52998545123
779448.183252774
2.9532143331311727e9
3.3232579887929424e6
-1.3075742262777553e6
-3.153840743020944e6
943826.8275902668
-1.3777988718972541e6
-192505.27667659667
-3.8895683044895846e8
-122294.08832304525
1.1025138521123922e6
995250.1397501113
295855.32215935085
880717.5153328871
-426138.69718139735
35101.908150581585
131.96126564809023
-13.997551043789969
-18.16422431569254
24.813637834715497
39.573044214585224
16.197314178982936
566.5684804655799
-9.026207449784806
-1.984258443004753
-7.061672611425626
4.189115611789997
-2.491357785001751
-8.042203240468512
1118.4416036217563
16.93437132634311
3.3160444822110224
-3.8318340773692756
0.1927305657748814
-20.707199626593525
-7.496012370532117
-415774.3164964681
2461.614304755102
-178.31008500442996
221.0840763282705
-98.27009728465053
64.33211013831746
56.46976198578791
19294.82503296838
-360.37335594626643
88.7059334287034
-24.330961273867285
-26.258729835684132
-21.44953645416099
-60.001481036111
21857.42253345582
70.82385942558865
-17.85708792443007
-53.963951241092154
43.12886983539267
8.660616588925068
-88.43262501056913
-110490.19018269393
122.77435464857963
-134.46823518507424
-47.041497038542886
56.61836556473124
-2.9648858146760553
17.33061616864322
7558.0756330986915
64.23487097820579
-13.459885306931854
13.011639698891473
-8.301299837063093
-0.22603393869012386
-60.554587485118994
-13227.01619288137
-70.44806876841547
2.4671473482869906
-3.645074971496299
-10.21738000883655
-8.892099841707157
14.083284211571293
-7508.474102095503
971.0952743207532
-74.79535202483403
195.83565189915055
41.80190323231923
-17.259363658138067
70.11899545058809
-60279.54459106396
-352.5117343822215
79.33647883432731
-40.52312145264423
36.17791530153003
75.67002960369994
-10.775417108214587
-3419.385607740093
-35.47566180375518
7.026851044947867
-6.090689772311185
-14.501015362314943
-144.635625127718
-12.652832934987483
355826.9574525887
-6355.984530692732
1088.3972660834604
-474.72440967257336
74.55888453670401
173.73184469289444
59.2112646101446
-35458.54182555745
405.75906722874663
-19.0904051092601
-23.170724094022326
18.714877149540452
132.05522861388775
97.81298875911936
94579.5509859478
584.9816091290859
-53.71075246163482
69.03557438537173
107.23907898896563
-75.12661665131932
34.54445157962498
-243680.31997396942
1822.8002171751486
123.88880356844248
207.99816567057985
-119.67535756831559
-11.571559140597442
-36.58727707997789
46957.267399086006
-522.9287965710388
15.277765949606884
-53.46001325905531
45.43780633768473
-35.96618093879809
-24.646511087288637
-5682.791894096808
211.1362025155253
-36.26742846717253
-20.165516057370176
26.836356577485766
-31.820347591130815
-70.28794920437589
23245.715804246902
-792.9598445040158
218.22377417841847
-9.769022374608378
-118.61078213229614
2.663213752909942
8.592696276566253
33726.796048275675
-64.50111462307427
-18.946465219214485
-13.458617772219414
24.75073084035385
-7.377835766190872
7.988555189913039
-14401.99370198287
-95.27757104528719
-47.984213866454134
-24.03109900191127
34.637171119211175
30.120180760294875
-15.250570980590606
66554.9076353976
1148.1944861127056
-587.9048597290174
14.459464231102572
-151.71955343092523
-57.76446404784909
5.307918300108938
9352.133243045859
94.57719383361841
8.41129620726641
35.1433348834541
40.85960785369187
-48.158958289511396
-29.34518656247681
-935.8896509083179
46.68242694161975
-36.243721744538085
-79.79480162187181
-2.3866592593174665
-57.636492407961725
68.0572487832912
4103.26947551643
-7.040243995279182
2.2121975356956076
0.7015883259611894
-0.29048582228289177
0.5713342551795623
-0.013260130441427168
56.45674876676419
-0.8028735908424675
-0.05527909523294411
-0.243502207559242
0.1856341861044719
-0.0587443501116899
-0.6681218976523824
41.841516776478784
-1.4796918039396527
0.2152157066718431
-0.16041183508047424
0.028906104020812413
-0.22431038052422045
0.12474451896248787
-6245.107025595449
-24.198117167068563
13.70551019386336
10.534965742006447
-1.1154453319456874
-5.072024646352046
6.969148918670124
3318.5055130526735
-10.712592097431827
2.7478701799212906
-0.5963034862239212
1.2555853980104774
2.6353766872927573
2.0521426312868973
-790.7829631196076
6.552928693064282
-2.3378832211571954
-2.092868907819246
0.6812259014170504
0.12139537629952156
-3.8294749775396983
-2486.9928707319314
6.430964767447434
-3.897828836709801
-1.1554769697534646
2.5139497375328217
0.16048273423253684
-1.2672001626315612
117.67529268519935
1.8624277853303184
-0.08362956382007497
0.5927487156741243
-0.36899865850284885
0.13590747033319442
0.7555492237991038
57.957759132657124
-1.9299026842843436
0.2217240423631388
0.21068750054357235
-0.5828839674427813
-0.8550079932019217
-0.43602345650377355
-1044.1806537606583
-10.888302998545143
6.639139383117326
3.3719246726189027
1.1783222177341781
0.7665475356640954
3.0460046091777064
-1570.7052087128359
-17.318345764573873
3.6856889029319873
-0.38407076182577254
1.218291792829942
3.002257703673344
3.5197348204992767
1027.6896464397632
1.3590155045550416
-0.33731487488821565
-0.6001654631110983
1.7438714309545644
0.8825663144643084
-0.560974345984555
-13874.285254188704
-30.861571776823354
-15.088426945889093
-28.40644834705234
1.3539473008330383
-14.082469663408359
2.9382833632485146
377.2791968964893
-8.441322880379895
3.266400883758736
3.619360616979563
-1.9796701835883392
-2.2385332735272745
-3.7245348911479628
-598.3666461246663
19.593201056163004
-5.33030351920643
3.6680567770444843
0.07158476080616967
3.6711830421219007
-1.5297651550151237
4395.751515234344
-29.768666601736697
19.5394209972795
14.476788992417852
-0.9075836016316934
0.41027537586622864
4.082708054101101
-1385.6919981186802
-9.940126671419685
0.3000073077535884
-0.7551885519232452
1.6824524693068996
-0.971215413357417
0.4238757654694688
1299.8590917285483
2.05333121127898
-0.006158610793515944
0.5073392565810875
2.428184775163354
4.260534989709951
-0.12250233052851073
-2388.9271670901558
18.393504062189912
-0.1338778514095418
2.2680057999253913
-2.776830806627711
3.407423767631192
0.5972155625961215
793.7490365852902
-3.593839674655931
-0.5616602676042288
-0.7068741880601191
0.22036034049199926
-0.9037188502556325
-0.40737079922253017
484.7663283282284
-6.602278332255057
-0.40900809114537606
-0.2513727153691451
0.6739300296969644
-1.8349365060790235
0.004297167466951181
4396.441157831268
-55.23762112077959
1.8962155178363664
0.6300586819240481
-0.4853516044392743
-3.568641257457306
0.06915283860927506
-22.20571228388574
-1.1351809974955682
2.346678134418269
3.039167651613176
1.1197371922365056
1.0642540622726275
2.190266289283572
-548.8192912734846
4.6586229598276825
-1.8796267536861189
-2.2092295396954924
-0.4402755482093287
2.3006063954039435
-2.3774750916340577
1366.885149508437
-1.5539620406260513
0.8600950353102564
0.2987057758079082
-0.4097817186273205
0.3352258394698183
-0.3392111767568907
33.43916716391122
-0.5996763032325743
0.11754952272139546
-0.037186495504791604
0.0754493373581925
0.013231208575009113
0.09866941079855214
92.79732966621818
-1.0157107966431367
0.24649113256580385
-0.05656244250994701
0.22438201340679034
0.46352588475454454
-0.095769405750586
-1257.2597557690397
-22.74937018958075
7.896670041436043
1.3384707209400193
2.9953175265956165
-1.0213815060165223
-2.0570139628150383
579.9335949768933
4.8359270651323305
-0.07753799891306827
0.27643289601736803
0.6331073507845716
-1.1012959401543285
0.24438126967821314
-1110.449774866122
2.651761090167156
-0.08913883594309005
-0.3426097019260917
-0.337569111966358
-0.22328846327187993
0.6706061022370713
2706.5829923864144
-16.01664391658338
0.5011510818764485
1.0890081105442937
-0.012729349974788548
-1.143318936524382
-0.3048626472641765
32.503949600138334
1.0232586445017273
-0.08169284092691813
0.010745812039298995
-0.1679463106609317
0.2874299071538525
0.0735576297679106
-3.7296555578638273
0.5395006292312673
-0.3411028794541564
0.06217249791861915
0.013506792977646615
0.6746322409190346
0.07374163412692047
1266.9528778369768
-6.459230934770459
3.839305419228257
2.9302287976126733
3.8448599967769095
1.328785422155674
-2.817849774034389
1140.6969534434472
1.6835124583370127
-0.06302899689624891
-0.030630307378865674
0.8371985786826522
-1.9377074601138433
-0.5523392026691538
-69.63668816713842
0.858906035826332
-0.8819880325735735
0.5871778903322689
-0.0015548676409004709
0.7975885803918172
0.5768356442851957
-767.0826803925248
54.1944698640076
3.682202583646634
13.226626061518022
1.2202601245221374
-0.184188051374568
-1.6694445957785515
-79.47838531807399
-7.349920156685413
-2.1396311760881495
-0.4905962289941632
2.030395577349113
-0.9714761420039619
0.5703185761010909
-54.085874984720824
-12.105287499373416
-0.10180497904631049
-0.409562618552953
-0.4197162998912796
-0.14182604081679726
0.28059832724832073
-565.6679527398053
-20.988837512387654
7.654948005511287
2.3153177465681427
2.3372733298679433
2.104741262226412
-1.1710036951675995
-1514.284160730919
3.874180008842056
-0.08635311059957373
0.8214492457288112
1.0962167666849465
-0.27035327054018554
-0.4073313072544629
221.64259695353465
-6.547181854102634
1.0368401614829266
0.3764151659089268
-0.7814120967519778
0.28106507923177515
0.012601037943207835
914.6878403799858
11.275503716728752
-0.2428774642367758
3.0275257663857547
-1.3047771617091106
2.5715418726397035
-0.4138754553605688
-198.0067997611236
-0.11259430538738616
-0.19509321406021168
-0.24591799150204818
0.18199256762718014
0.017925492052148665
0.17443200890506327
102.5114379721494
-1.4281612197013311
-0.327168084051779
0.7569072266689821
-0.041448176726046934
0.1497957375769772
0.08721576958852335
-2416.613513864056
-5.133695562572193
-1.8363459331116294
-3.6088079426723407
3.574570204855583
-0.8687379107858783
-0.13867258438902272
-1281.0089946572696
6.959671381600373
0.19045525125963567
1.9257271626961414
0.6733236669190693
-0.08516253702824399
-0.3059869551517366
367.8362919387047
-3.0592611752724985
0.9703978410313614
0.7374403962958354
-0.42736261797334446
-0.16328968896945567
0.05265325683521787
389.90515108332164
-0.9050179242096565
0.284206270486792
0.3740498372587698
-0.2192175313534413
-0.05541416627393725
-0.05637027541941619
-56.724354460776574
0.05778364209688131
0.017676882049013326
0.0063925131561455234
-0.02034902802260366
0.13502453429887665
0.11373166785082564
6.869895328735125
0.2867157140552207
-0.029817999149821688
0.0167594245833276
0.042101438621463885
-0.0204410612172277
-0.03621834885192358
-7111.552063348746
39.90630727607428
-4.429113153254456
7.960999615175162
-1.5568649793104234
-1.9696738602101844
-0.7173023084389596
-63.61073433985814
-0.6215676187037317
-0.1981583843731862
-0.33236459980060457
0.6758786580885007
0.4890464666498719
0.8011545479198598
412.4600038982737
-6.047148532639681
0.7734487613091975
-0.47664932762697837
0.09531165104466409
0.35483917592154707
0.6296635645279398
1032.6106562922803
-5.949511280158643
-0.6776129533119558
-0.6447819202169353
-0.04744122986193584
-0.4212592405959852
0.24762532966455617
175.94393588420894
0.8021490734617499
-0.24395597301637556
-0.08560396228683013
0.23818291838716144
0.029464740871356924
0.21525142483555193
136.3175810889251
-0.9251093681276059
0.11190144191005502
-0.17166617040727397
-0.13827512827419416
0.11288330967474396
-0.08670102337253303
2.3384416163248354e8
-796144.9086193293
194298.64201716156
65431.39526273798
-30743.2620710413
3447.0175020129195
-113531.99730960853
-1.1243556720088346e7
85844.30750425697
-7890.254121116489
-5583.302705106342
-6830.691555767866
-29717.631872516606
-8144.623991540616
3.3380859032093715e7
61161.76610444971
-15858.851307968222
-28654.380289844576
32184.93453731735
17387.192175427313
-27818.37611104126
9.37402864875743e9
2.115805702820494e8
-1.0413372146676874e8
-6.843309007124108e6
-8.144185220629403e7
1.9264664610290945e7
7.369867677754998e6
3.3862511032563534e9
-3.569032262939069e7
-1.6280156683732672e7
2.0788510224286544e6
4.413981790829681e6
-7.838128724396729e6
-6.83997311148877e6
-7.522248803324661e8
6.7108612394401394e7
1.430392035085708e7
4.565003846877695e6
4.364237948859151e6
317962.60191349627
2.58509700124807e6
2.7158944514064725e7
-3.231111101639528e6
358966.3639317034
-143309.9076829862
272072.48242745677
-15221.197229489302
332612.4584358311
-3.7738461962781586e7
620317.8110544803
-96746.06137697044
-108812.43684472094
53257.46948457313
-43082.03911434069
-117970.37609823396
7.949947847338865e6
-628217.0680639041
141452.2555859557
80249.37182176083
-64754.35671071185
39558.136292445735
48728.71067400724
-5.803082077302571e10
-5.587068250037019e7
5.0879369519264616e7
1.5251123496570433e7
-769216.1352147761
3.28271722615023e7
120904.03778653787
4.522573570015849e9
1.2760162741775244e7
-5.226857067430661e6
3.06552301086672e6
-4.810580505581167e6
890432.1954163025
-1.8709858531561452e6
1.9133430684382868e9
850861.1334839115
-1.1470815702459387e7
7.272336289708522e6
1.4405783995222365e6
1.2111677202465471e6
902307.2474929257
4.234201914250353e7
298702.2571337598
733102.2764657647
-1.3969409274210795e6
-829859.8543081825
-412260.95516398933
66176.27647919845
-1.3061424049418414e7
851317.4359917821
-30229.799281730222
46782.27255010714
-6646.196296358047
38182.08327112721
-5058.213919631855
7.861396288321666e7
1.1045485824345225e6
-12228.238926877399
214758.74131548888
181360.96623631267
-177279.04790807443
-24259.64100655878
3.308145939695499e10
3.691059048152512e8
1.7742745102345835e7
-8.604356287422827e6
-1.3424374695236739e7
1.0293913647755371e7
1.764934809701687e6
4.407604892552034e9
7.879543971485206e7
8.02187655163344e6
670408.7639260917
-5.196001075291968e6
1.318957166480426e6
-1.0690549007661308e6
2.3270367157027693e9
6.970514327124745e7
1.026829978090569e7
-836453.5633790959
-164900.70088187983
1.2462603707332925e6
162219.31252793677
-1.5080665808502245e9
-1.9748999468320612e7
-1.3107481560076938e6
2.0640043320488972e6
1.1208739085515032e6
307958.39364812843
-19632.09164821716
-1.5282229244035736e7
-2.6119463311369694e6
-446885.266239786
-280226.30402743665
-205379.7789259437
64693.37183820928
-14349.896458758
3.358799134813202e7
-2.803375607093683e6
-552916.646932981
-287505.41757018084
-412351.38811389
133154.73077829927
-48960.957281604424
9.169670386291456e9
4.929389082088404e7
-1.7468450933014363e7
5.265536403779352e6
3.6420269648116347e6
-4.213108257865133e6
285517.03364025615
-1.1439989030785782e9
-1.3144479084373167e7
-881147.3892250304
76823.76381280206
-634927.4872045855
12758.95934690831
-557866.1542078491
2.5545329227681316e7
-1.392529013883053e6
105528.10799938985
317910.7933499227
760793.3398982328
65218.85164310873
-20278.241269568603
7351.746112919502
-8.835247289799238
6.992313534441364
3.960748140373593
-1.5949598784371706
-0.40831825562745194
-0.542468279313057
-122.76898444585638
4.319139321045186
0.11772145127521531
-0.05101044391197751
-0.014091386359201584
-1.5476590877418013
-0.5634553469854314
1101.0003003722957
-2.248804281900641
0.47298014492621404
1.171234952731152
0.052003881564874725
-2.552775803073983
-0.4803057015095672
1.1238675187972793e6
-10745.786231625374
1919.8092501994852
548.6946134734084
678.9231448843402
5772.475857394363
-702.5857815690974
-203651.49909324636
-8629.435551043567
669.167507187417
272.1041223494682
705.9464987568845
-288.0182024083687
447.6943304941401
283976.94130233215
4884.293624035227
-170.39169318766744
111.80045773624119
-238.48160917292964
220.9054353438624
-135.16919567131774
-13773.359294965629
-91.51816756680225
5.548822660348407
-15.765891417031398
11.298619775047065
5.940319038739211
-7.9660862344933285
-3948.7874226696827
-2.071350115363336
0.8917409460408042
1.1368595985170207
-3.728053538646289
1.438280192377757
6.8179964903897
-465.4144164122501
3.0125982256505788
-2.18497292438951
-0.5222092879678901
-3.1937735656963886
-8.315376138499667
-0.5247232065645518
977055.5215771166
-3530.2406490446183
-1662.6836943373294
973.8587351115058
-495.0528616928651
-81.44861618706092
-171.67152982830964
186093.56239998486
1139.9088285657253
-144.6216666219004
146.76930386740884
35.62876926898181
-80.83337859569419
35.55346876319855
-63227.227215749524
397.3357894716601
-249.34077606900698
97.19997971160083
123.77062328145279
121.10516537518957
-67.50354676709816
-13698.629056352755
112.32365492971823
-26.155987503649648
-20.729224428588743
11.315555275777555
5.8476302450742335
15.260272892104304
-1324.5205213753125
-8.232791141251996
5.935853177843075
-1.3315526981223176
-3.126547355312776
-0.6933391103067306
-5.9787840045010405
1575.6613464003567
15.694101316067258
2.0535794044086924
7.6722017741284585
-1.7692121569020718
9.662230648990827
-2.3844475523173285
1.6449036232841958e6
513.3255366854142
1738.4461712943782
113.85257185706517
611.3070808940644
1027.4055746047584
276.5215212459542
133201.31061109607
126.64455554971134
-372.80481852271333
-228.93181741776408
1.2481195800929856
152.62907222489432
117.58011953241792
-88960.18977342708
-1486.8266175039641
310.5808350037206
26.122560266491405
-154.76506613773714
-13.6556049266486
4.483906851444385
-260797.2796671247
-1019.8211690845324
4.148840462017252
-53.45775660676392
-48.69019659312723
58.74775164946033
44.591041722122476
-20566.903120080948
-30.503207465386293
3.101382789940941
25.343966332078455
10.77891593543576
-0.5737814883298274
0.6759655262405065
1104.1926429847476
7.2861004594293854
-8.695372374386132
8.011353338756068
27.112662683813294
-22.44440051819039
3.2084069403668845
-30137.90607559226
669.8886498306767
383.44201378680486
202.74915305901726
-6.372143408581094
53.487053643496886
36.977523631216776
90083.59977459956
-207.32330712043736
-65.26590291539316
-70.97335145893744
17.923557540038825
41.21362527052504
57.93166667154153
-8747.363031101893
78.18132636509552
-57.405601896241215
19.49335647306612
-31.337407678936927
11.032487321977237
3.395230385371472
-68.35841079523252
1.1322086890989493
-0.1764668572740164
-0.10310328270445207
0.07409772644680192
0.07230619076797379
-0.03032372269061575
-21.117893983661673
0.19645695495376597
-0.022775827514883717
-0.02722506511853799
0.022327616992201507
-0.04287458955082871
0.018896493793429604
-17.657699987585744
0.1958398014312949
-0.05151701175999879
-0.0035074357749260688
0.014450430743689485
-0.026100080606358475
-0.001861030081499181
-114276.53132205027
-822.7584766453166
94.02979140258464
-1.283829316825875
-166.60775488071621
24.087317950521292
47.89901590962214
-18671.587517966014
-84.89164106303598
-34.22405803140485
-16.89514784753441
11.66130879906927
-5.6467296015726225
-10.4936266396263
-1853.35431007862
-95.49391876800412
-3.2411417523947286
-11.378875101960032
2.5749151350174113
-9.890866564031016
0.7856400041176057
-227.413165523241
-1.312196696410151
0.2491176555512145
-0.5833026949709934
0.48359173864289706
0.3032360216161563
-0.03045665453536512
-133.2639749847273
-0.27688320286804896
0.00016014629270514553
0.05363954974013551
-0.14020994148873492
0.05080534454744545
0.17019777321164095
50.33564401511406
0.26054674423044977
-0.09958175509813331
-0.05876644070557538
0.020331014185596533
0.03209623002706978
-0.0662089074420946
12162.013787569684
-159.5015528674224
-81.54196460893786
-9.261386280507278
1.9690828480674567
3.137845598049811
12.061664135342816
-5239.532584365727
22.461128819407868
-1.9344637346274236
4.775383493787888
3.8697519322183607
3.9445367606531017
3.0936801650292276
1913.9399845441812
-45.860808877318355
1.1053694419805347
-2.9875931100992936
-0.9835208756004835
-10.271201779046645
0.8687761102978799
1387.895632912537
-3.828421577667309
0.4916658044152822
0.038814837936872716
0.3325291608816211
0.5776259630910497
-0.7661438235847348
-395.03204182909946
0.9240446355303539
0.1503480776669473
-0.16002891109958411
-0.020565999827021855
0.05723667168299275
0.41054067143668227
74.45337884222229
0.6629492861498243
0.04602027849633857
0.2359564807520133
-0.06187009568402019
-0.10877605904453891
0.2651295743019147
-5322.528999295997
208.12430955727424
-13.72742538815869
-8.116112718857078
-22.014952724390906
-19.7664193846857
-9.715422246508053
-9974.856550479028
-66.22869980749267
0.40907813387413455
7.335590248184398
-6.805582295070897
-0.851305985500873
-3.3616198999608122
1547.4197471463376
55.187892389123206
-12.190778978264094
7.092684004546935
13.552660091241055
-3.5888579709921706
0.2846660532853013
-4753.467803162258
-63.23714765144929
-4.87230965881625
-2.653813523860344
-3.184810635770869
-2.988648345920297
-3.2169756408555643
1135.690758493852
1.618326780681338
-0.7260930681539279
-0.517987980942346
0.23462845191339674
-0.5064199399582259
0.02067104378645792
-429.33327399176375
1.5585244471504498
-0.02173200211906956
1.9740502829198803
0.8383705928624936
0.6261092865522107
0.1066274390963362
-2838.4039813545583
34.86232729251823
17.72985692412764
4.530618552665564
2.1508946597999374
6.572069451151748
-3.901820577511502
479.1774729982643
-6.026136341860333
-1.2268030968604282
-0.70811341476131
-1.7537423094134714
-1.844585179333853
-1.5589859838410156
978.6416900854459
2.0646634499621275
-3.032458760493611
-0.1890466695039765
-0.19681428096500272
-0.7432621740820657
-0.014560577587903554
-106.3795118987371
0.49466581604591736
-0.07091678357744657
-0.07411421146622922
-0.036562961190755194
-0.04648681305106731
0.11655948019788191
2.2234445243876837
-0.014181957264062326
0.014977999945175067
0.007785488739157125
0.0010529241851540763
-0.01099269896175595
-0.016906712633845515
-14.099431890835204
0.06730781254555401
-0.007548236847741736
0.006653688607629605
0.008769772110938599
0.04803106587963747
0.016530655201506466
34776.9809133978
-314.93111679396316
-125.60631002024529
-8.922893737465957
-2.4036790974620237
23.73318600256026
-0.7897380962526356
6696.583102960665
120.05833292758304
-8.355590083755738
9.622749591291866
-22.547597758853794
15.886927495720839
2.587848833805232
-1218.928569349014
-79.51171757962688
-12.682894082964637
1.4325911965562825
-1.6186672066960326
1.2449257512952963
-0.2260462385889935
422.08278981115944
-2.4125697635684467
0.7539371820883121
0.27874437277067626
0.08266455323857014
-0.01106378091668904
0.0633523374942007
25.100752006589392
-0.17879538562947267
-0.006107372372537288
0.030507924934448125
-0.011134248777280064
0.05045306111156347
-0.10406356196551599
7.418896247191332
0.15372890505267656
-0.06098059114733578
-0.03846588451613024
0.05795340702938491
0.0601827268452985
0.03389012273212209
561.8125265379282
-90.58827517421149
-17.14765038206846
-10.359843708755964
-5.946379900660242
-1.782619773981013
-0.8924588460342687
-3330.095358251378
-45.617997178734065
-0.47717697721888
-3.1765182404084262
-0.752494565349339
0.1258515444422065
-0.7358544275862199
-924.1525050503996
-13.14167286844899
1.5065288940608608
-2.168440573754932
-1.5328721315969303
1.2443578843533865
0.11106011971791746
200.1489328079781
-2.5121460173204024
0.017165251084608625
-0.029951074340377897
0.07732704484572918
0.03905038837050615
0.08383673911157118
80.2501088019504
-0.6726961107400983
0.25289829895250526
-0.08813785988691586
-0.02193634162310269
0.027701065283023008
-0.07158318794636477
-8.825569742832258
0.8681203846908913
-0.12314317545524853
0.0013970168553673454
0.08742955642509165
-0.035443154563693735
-0.018732208842864785
-2265.942601685917
-7.475047240454707
-4.641456972996674
-5.598035536382372
4.360865038787121
-11.298880364139595
0.18684178898241166
-209.3822718370438
-15.89345513195348
-0.5633422795150766
0.7391337144853861
4.221763247128993
-2.028186793945868
0.057634208277527084
-318.0073480155801
-34.56285456941844
-5.953627046771038
-2.0585281095923347
-2.675986082519617
0.8851394020455963
-0.25826628832762727
-1470.7569928498258
-6.439194668706269
-1.2013380404642717
2.684431084185281
0.5171283253936556
1.3813654185474875
0.38615370634834933
-231.3477242308764
-0.6116684962878531
0.1697216821555385
0.08920708838354913
-0.14874043621783647
0.2066733169607113
-0.008896837194272741
132.9628981272852
-0.11437048249140305
-0.08348231716279671
-0.4705950842039019
-0.4021683682646225
-0.0011527501443595906
-0.05531841994326573
-2992.120219259196
-6.740414321207548
4.913705678412573
-6.682847613220159
-1.7334351583993493
-1.507232885468952
0.6275426832804153
-1490.722915138683
1.8010325639806521
0.24564602038028163
1.0670956555041589
-0.25583447474590665
0.7725772852756245
0.05572881848177797
-288.7576761731699
-6.522420540961292
0.3348117825890738
-0.009345101105145578
0.2076215895644715
0.042780913817779785
-0.05108975001541156
-67.16820461810586
0.5123122501974934
-0.05591848016535073
-0.009346833878986523
0.02168255928612394
0.018807622182496455
-0.04041318391092691
-27.681884430796607
-0.05504308518904915
0.02451956935001483
0.01983775767995301
-0.002837152583873566
0.010213123189697953
0.0020202186707705436
-10.140605129045149
0.05753865080005944
-0.0013263860017860801
0.010669853906116616
-0.005190774142656194
-0.01568845959072148
0.016128569468305966
-116290.27432484057
-747.9877428826074
-64.89678718215002
48.55552271092031
53.47138997945109
-53.56316765841412
-7.574035644987629
1305.8033930228612
52.9802404907957
16.134477128812726
-5.8239488016670276
2.702437565541278
-3.264544226752072
-1.07526822653156
-1048.2879213108138
2.6990607462163396
3.1743794031351755
0.7098952667883128
2.0039762113396087
-0.7445540758092288
0.3157221075838436
7.011834775398009
-0.3345987107673622
0.0730235976638631
0.19254299726949756
0.17207769108421295
0.10771739015572508
0.02842084729002557
62.038290862276014
-0.0878279249167182
-0.027319174704281437
-0.01668410613089336
-0.010679219673922784
-0.03791419576437334
-0.018953224446066383
-37.65019184116002
0.042506262443384124
0.007261669446877151
0.007516927075277079
0.05670322819693309
0.012211402482524975
-0.007821727197726013
-1.1515736136380719e7
301368.5363175097
12157.684674925533
59360.5200334196
-38680.84799444994
-33105.301464669494
-18050.435898418622
9.374019263374388e6
26506.75926924488
-9412.100956728742
-3808.0646871491563
25771.420026818287
29224.870985646816
26358.65636657178
7.30611346109334e6
-6388.060471840719
-968.8459149833893
-75.3589847907561
-14479.667245120521
-18052.828694434545
3247.378150664407
2.6403234179305342e8
-2.3401871931177187e6
314178.4303207896
-175346.62491604724
10776.052613027014
-40970.3368961776
-33499.859295140806
1.1781549967322357e7
-150971.66425498427
48700.09141764948
31106.663608400613
23762.344186540624
8816.798039049827
-69835.29135919134
9.021106135624852e6
287051.1752080041
3995.878568638244
45301.64028563955
80812.82892548211
-16713.241698756046
-46091.73000677092
4.8607934811578506e8
-2.0293752012161482e6
276411.7814055239
278346.85345535324
-98968.38146326024
41533.804794045456
-165390.1083855226
149471.99978120386
-110959.17864711734
-12100.592504378832
-53877.03845653909
16879.75354206471
-10781.979143030481
-14196.716842237058
-1.2034180417997241e7
-162006.99113707227
-29718.806355878136
-34565.4192898259
10716.639181717628
18527.17622091353
40022.30491601642
4.858353477406511e8
-2.762813030102578e6
349643.5297350902
-123226.13720953018
63484.14934643015
41806.40907121516
-27292.817127839797
2.2996472642652508e7
-144307.46777682664
34007.04117275795
4472.336875850501
91428.8068695632
73940.12216905491
24762.654996581172
4.672598331238082e7
49492.79349638805
25741.89303431792
61860.071717236366
104715.28867238702
-26906.222399915056
30081.784937279957
2.1736182649281698e8
-99380.50647155388
-328631.29301708995
563344.5886599998
-191232.5633273624
10273.42615539851
-94897.69022775238
-1.337460402282201e7
421269.41493165964
-42834.86624549576
-98978.43329176714
70675.63720167709
-11806.076493984872
27629.253960250768
4.971078780535047e7
-378629.14068144275
29563.242922354588
-60012.45130951651
-160323.3892135032
-14081.363264811107
-24302.767615537025
6.5535932418399364e7
-1.5364971304525246e6
258074.03313742916
-195364.7604598504
-27402.753726923536
-48978.7064943014
2442.580843067046
-1.7954769175349947e6
-84734.45360547422
43526.108920730556
63628.42399876774
27989.86407110448
85653.92611122607
48923.20295114836
4.668156786742387e7
365176.7994889857
-22417.94470264709
46154.043677947004
81833.6322861219
-6705.717196899481
-22333.116376502843
7.568485727697137e7
3.250455902836305e6
-121587.11314082026
273647.1455664272
-64225.9061578629
81982.15977566429
-46995.37626071392
-1.043785603984113e7
-104658.80105317665
-70676.87419238333
57743.04552018903
-44874.32058703021
43256.772484883615
-33873.629762401
1.1812310595395396e7
-410675.2956244514
-4556.203180704133
-17946.751443529145
-63806.44560760898
40937.577446676114
-23906.967222876116
4.7005190440408036e7
-229975.93033892455
-177044.05917405526
-202309.4203970015
139006.36707012588
40049.59578954111
29971.5905681389
1.3806990373507587e7
-311085.1009449552
87209.33260169261
73409.93376552919
-25418.464652206796
66406.61090310688
12925.946619546956
5.891991197790976e7
202824.63666256904
1922.5474161482339
19371.74815300954
135292.27554569888
-32805.87884526864
-62837.67674404501
842.0991806687504
-0.7451434982550048
2.219243073373213
2.4878993528208317
-0.3379432041750557
-1.7691441797076206
-0.8762174375821103
521.5970515996828
2.6364578354891175
0.04734813043029888
-0.12788765351111833
0.0747063562949716
-1.105238459473326
0.09101623535019834
67.06669246602726
-0.8360184107107135
0.5535785347045364
0.8158641376362706
0.11814466249120331
1.1028097280169347
0.048993240972440295
4368.848969455452
-355.01959979364733
90.89143789675188
-15.339993293155741
-13.426751048013639
11.643051562498556
-19.732238907019887
1439.2084195283585
0.5854494871787501
-11.02500134266757
-1.6897320652830692
-2.73358935936436
-4.225598341276838
0.41442892870396125
5659.146661078575
6.956084704873522
-4.69912674501414
-12.843571505937414
-4.055133071136985
-16.490367286978223
-6.551956319322161
-2391.4764012050155
-8.799567106080785
-7.369620301106472
-2.3401051629248246
-9.99535262069493
-3.898290760073389
8.313773146928018
972.9663603388257
-4.313251559116576
-0.2197573582815505
-0.6496124098181736
0.7049992013142853
-0.6772805897654637
1.0724251074387248
316.673681901492
6.598293253440141
-3.0001062866974193
-3.633177396966436
0.1141918240865866
-5.052485355774161
-3.328399800032545
-279.20909883321326
-9.597108080014435
-22.975690916320954
-30.493640545165675
4.77913774420627
25.652385075667596
-2.7810747021307147
-3639.143364116895
-8.734827232017928
-11.103563062983563
1.2196609234983953
-9.219748498987755
-15.08289833518956
2.120892620500879
-7524.85324111316
-27.144014606945632
-5.066120160101692
4.179112664847656
1.3560902471149647
10.727821456934526
-2.8537561270733423
-33014.48488870525
197.29043643194228
-46.54115624210612
0.5734917699255744
20.3938016135999
20.2568407758509
29.55396206897419
-11823.435733228804
-35.8429421870171
19.506509244502933
0.06382859165225994
-2.147280570997204
5.888010764472398
-3.2793541169987876
1465.2513990111447
13.579744074859818
0.10838769751502794
14.45024690780494
1.8434526077803757
-3.379109503725985
-3.782185654230075
-116454.26691492512
289.0021317917582
47.551044349910626
-27.395584049726214
-32.6148647677716
23.69265934435363
2.5401793465739697
-1874.9283548662436
21.76301624908402
-16.537102630923066
8.196902008789985
-13.205743059010517
-10.715643943394843
-4.439309843852718
-452.61015623604095
40.64001862521119
-4.523375771641548
-6.051466907396513
-4.7869617263644395
7.300953298317969
7.2699777970087185
16546.254510990933
108.30421301448766
31.97677089276056
10.757884705708362
-13.248468204956202
5.54578125186767
-14.241124317551416
10095.101811642196
-16.9807783446501
-0.8444594986580994
-9.95645203594196
-0.504109458673543
-5.401452115683169
2.7468316089292544
-5410.087238602096
12.088426942452154
-2.9714287227624094
-4.436561763010151
3.1535104926465785
-0.8630393396333805
6.474929530614891
24188.16736906327
-236.65556038100738
-45.194702012352295
15.505153824479061
-8.34292547750588
-8.815422866854707
-23.141697443516712
-458.384676026895
-12.46525095061608
8.141442820817492
7.673705514861475
-2.20499733748821
3.9227628659725045
-0.6871462789067558
-9301.37445880372
-0.9509437782095547
-3.37901023282502
-8.13715466495427
-6.77453528740082
-0.4423693459744366
2.1157168826575807
-94.7927774416389
0.24087376115383166
0.08854501993921406
0.0034171188748782027
0.0663429484770891
-0.00814986611471971
0.006766934505195361
-5.138768303399872
0.1557928961626328
-0.0015329169535714686
0.0013719991632769335
0.001898523578331012
-0.01520352887080748
-0.009522037868122573
-25.266818524679685
0.1899243148149104
-0.02206602895878492
0.008994073884292065
-0.023627564269561314
0.008730206345137943
-0.03866156060059085
-124.22661182666
1.8553336904550968
2.454215057961141
-1.5414419629941258
-1.040682149904236
0.10300492049893124
0.4342776532191203
-13.564298123719345
0.877667945213039
-0.7483236846978142
-0.09954751903927703
-0.0901346942786281
0.23276390832148897
0.23323361951965385
520.1171824586477
-0.6682104801553265
-0.1903905736125938
-0.3912137966404288
-0.031167233393398105
-0.11270263063800164
0.02148443992261713
-191.43313120282818
0.9646371428139658
-0.8234318136690373
-0.18102457440875655
-0.2550913143260753
-0.13890328385101233
0.11614533162303103
42.94153822175095
-0.32965179934133443
0.029889994907463822
-0.0224488117473307
-0.020036886323773723
-0.061019479149317164
-0.11406007382764449
2.856485694887679
-0.18527490969080637
-0.036587549105243054
-0.09351012049579589
0.09971852203525154
-0.04846592749255642
-0.004053349306385117
1289.1550855720016
9.920698830658262
-1.5485894381036887
-0.5735539779095749
-1.3309625010892094
-0.9476498763743572
0.41538802626208643
-351.7427429415704
-0.8097137134489768
-0.6267812086920049
-0.07578593245723811
-0.06826410713194965
0.16687500282416773
-0.42653915670056836
-46.34592517355157
-2.08660940658377
-0.03173432755726503
0.39603115573062153
0.025071560480389894
-0.518564643395933
0.0862599727426644
963.439882545166
3.627037033891093
-0.8022711609123636
0.11900315908157551
-1.1231009172972384
-0.968645537838364
-0.9284267937462691
-62.82927156490238
-2.605941456524511
0.7031115969931919
-0.3769750929927451
0.035886595639727244
-0.16503397366834796
-0.09998259249229462
137.6852503425875
1.3768767892642046
-0.4453643107373311
0.054878512851536165
0.28709589650984024
0.2941037669292964
0.14008918696686326
-2584.896764485428
9.532882963278947
4.323894109109456
1.271342943059179
-2.5509235362888067
0.3177391621040431
0.33963557765476593
164.12187931756657
0.8715803184181187
-1.309583516726341
0.3952513236682596
-0.17484558478149492
0.61938465681935
-0.16503243849863253
-343.6967498855571
0.8567975416300919
0.21515860260161054
0.14800643973881172
-0.4967946837367765
-0.3934200596612706
0.03994528811942435
-969.5061219332648
2.307906485031153
1.7335790139805713
-1.0036755879519133
0.018648572119687533
0.5912794561382418
0.8458629050199129
1.6453459913388233
0.07568305508156274
0.1946983670595555
-0.11651661017257166
0.006447207859410563
0.018641140032877295
-0.06936662030866295
221.74407533853994
0.5171689082717462
0.09693974149922217
0.04658812623078929
0.07321987680454721
-0.10576337167275723
-0.30605367736558664
-3403.821277534033
-0.9032235033356546
-2.657737462830326
-0.27792773128600173
0.5241261125623055
0.12404361702816799
1.1027375097928807
-147.64640475188085
-0.07735754977373555
-0.45079569666477415
-0.013209785428138663
0.17049861463435134
-0.23336073142817376
0.11769713613235204
147.25367084488403
-3.024049006692499
0.0029486335310647937
-0.23455414202144817
-0.09760045610116173
-0.017203841634380018
0.11999740192008154
-27.713091413722907
-0.25992429838553255
0.030622097289335404
0.02218254439674815
-0.01357067652641106
-0.012205741477723688
-0.010565488698093666
6.350592772240101
0.05592200291459513
0.00915842331680428
0.008957052520312843
-0.0035914108700598273
-0.005552637482031458
-0.016923821800612943
4.511624421486496
0.021606269432652623
-0.0006960528382382724
-0.005441766923173141
0.005736424835913393
0.02493022535973222
0.0009872211085072068
-75.79277845381098
2.979176900495475
0.6056356127304572
0.3011556121102276
-0.36103544087482065
0.2344108414449913
0.3269252426185201
176.12798275418535
-1.256226809460109
0.1409671285939861
0.21669522162172897
-0.11815616417132889
0.07411830787151051
0.02233588479665901
-288.7748531146582
1.508192334351618
-0.33549886064318224
-0.06599805085843755
0.004739399021695428
0.5442046107009364
0.07660778582035441
134.15655522203102
-0.8191509906733977
-0.09795704581549461
-0.01618968059271691
-0.017522453995890443
-0.0010444537106266774
-0.0581756595194622
-27.303286363464427
0.04552289222641208
-0.03134966255743012
-0.019283473597450355
0.009576908093447386
-0.011163641922747393
0.011688882961617032
-9.835705128854128
-0.2305200263927699
0.05487472213570724
0.031684594797294505
-0.02225854589602394
0.029715905699005386
-0.021372664231592262
-158.17685705788435
4.422963892232779
-1.2791573789824724
0.6324826741847877
-0.8853078720256415
-0.343882129061498
-0.22699842102621706
-40.13335543209345
-1.9205281096137095
0.05433536160738304
0.10544565797932377
-0.006343787346032538
0.2257249602347873
0.1331981795151807
66.18925965982248
0.7537565883928
-0.39620314777334853
0.10475626480208129
0.1936692812341646
-0.09595823149371459
-0.0036937021826135485
618.7211181952661
0.01640962781723353
-0.23164395771674637
-0.549587332806174
-0.29207637287285115
-0.4284194244359402
-0.15390486557658628
-241.24810739681158
-0.9777537732782671
0.147067431095297
-0.08303640260163696
0.053526669359362816
-0.017705671544710977
0.08065244362085165
-21.953762643625467
0.061568942089669856
-0.23429798530572515
0.05338267514811325
-0.05614567377813215
-0.056074496287791833
0.015293676683187327
-596.3243598917683
5.987503233408819
0.7950372074951876
1.010781966034263
-0.8531762376491433
0.894999969656182
-0.35270822252172634
-17.24281572137907
0.30016471127467775
-0.41606712299604653
0.19383552727526993
-0.25570703808025486
0.2351228760904242
0.11860767285384984
149.1954961686701
0.13510808770776098
0.2107386190381397
0.08121105954072799
0.19400099977936566
0.025884348327196303
-0.10969373294381722
-766.754516547871
0.8872639141667248
0.8046263708986487
0.08090992720144333
-0.3253275754751568
0.10404810571617558
-0.12406549688134183
-23.10431114202935
0.8066181458245394
0.13099385096429295
-0.02748299787870576
0.047388114241136724
-0.008604118541939416
0.0023153754276586326
25.460307346347722
0.6509954404957151
0.04639514328220871
0.10313543599392375
-0.07768994825112244
0.03241356694632122
0.04012751400537223
-173.1359072444853
-8.369864857403012
0.8195358884107944
0.2991138079795187
0.06215945872784772
0.15385941707588235
-0.11235895658736429
121.18907513067661
0.4923596901883738
0.02933861738025198
-0.05613171898952455
0.2999915653245044
-0.22217123226959531
-0.052637411241545286
75.07809099461002
0.8104821720948261
-0.19896418776305264
0.2853678123912348
0.034262675124441165
0.04491674767337626
-0.039321726165822156
-31.603759607882555
-0.08162161084594995
0.048910255544974794
0.034012733373739584
0.009548985744094943
-0.016325318188978994
-0.008878332109290538
25.172338478057007
-0.014426649955128571
0.0026565419619968534
-0.004742252986528491
-0.006684320674995303
-0.0013704235821252802
0.0018732214123342013
7.847480409718098
0.04637170166857873
-0.014904229753787288
-0.016470050899920576
0.0028376653973353804
0.002361529385486594
-0.023095561072775824
962.0837286191107
-1.6996218736968072
-1.495209429921371
-0.45235541938082147
0.4240484513891273
0.380587210485396
0.1737377115416117
261.85184920388343
0.32525285255128017
0.04004498730995534
-0.35676212020534015
0.33036254944077953
-0.2341738472098886
-0.014237014935730234
2.853647874696745
-1.7306392763396419
0.18040309542059774
0.19643376983041572
-0.021239538290076344
-0.11303962711723152
-0.02420403896291604
186.37496131760886
-0.18415773342689565
-0.22061955869158711
0.12160295874960633
-0.11517124788374254
0.030489979493396394
-0.03967788009023565
31.78722194460203
-0.1264680092897703
-0.016929365989921223
-0.021378948864474626
0.004245884156269618
0.014621128036942023
0.02601868921166625
11.597996922204725
0.19312821928921467
-0.01728285663405857
0.011083701113830793
0.00645575228237038
0.02084264078782078
-0.006153155068072562
-8.354123332067353e7
303591.8915581941
150.28222655010376
164977.48206839012
-117509.06839908345
-128400.60006942276
-57994.531261378135
1.126871071851747e7
123534.32586534953
-23713.717948625705
11657.041841102764
24496.72649232924
26341.572756662285
33616.81306180139
1.8796192224620406e7
46492.459231602574
12436.21745149251
11341.11981895346
-36288.85364426592
-71319.88395531179
-22545.158441970405
-3.110899253833127e8
6.676722242065192e6
-1.3313512932900996e6
846405.6407582106
-397361.1592427703
365011.1366719153
22437.96004607155
4.9326297691297054e7
-2.6557697322045574e6
447284.6371641356
64745.57625614963
-229050.69467779482
423957.7855855685
55049.80832198866
3.3503228483522963e7
887176.3205649621
-102925.11401304416
-6527.62326369429
-74468.56716267423
288577.02333948633
-98654.6495880748
6.742362316597995e8
-2.846263558068812e6
498540.7930976162
270771.49667625217
73154.09862739895
225513.44871016944
-48396.84024224754
5.2941779361880206e7
-208309.35741530254
-47707.255910066626
-101989.3840649739
64052.31056294471
-45194.29673082693
164652.9465572294
-7.811446239682868e7
63211.49494681341
-20808.559610745753
16319.08535291953
40408.432034351914
85062.72105937244
23014.874162391574
1.061670679654959e9
438521.4269385121
2.950989349349015e6
236899.9150007375
-385037.49664041714
-982947.0448097421
126290.01016870489
5.242625356040508e7
-408978.3731990315
32665.708895729673
145508.53369128678
477392.7273872166
-393228.2103506482
55735.61490395659
-5.256373518611522e8
-2.112838805467046e6
-190070.45467859093
-435755.45013207046
289279.5193589921
234506.3795566807
69689.23303978113
8.581959475222228e8
-1.1200480019419461e7
-1.6679435996086926e6
484878.63188723987
-852346.5494638366
91553.42555842303
243298.05892956894
1.1499345537163967e8
2.106977426383465e6
231262.0383749929
-35760.642597316735
-97893.19925567343
-129554.07146062762
-35519.27941223146
-4.181542302038519e7
1.4005938959495055e6
-2143.9377648038485
-606040.3825767386
-293710.1982727286
481976.7968319368
26884.553900534436
-2.1229164075921288e8
-9.107392545600373e6
185928.2911061898
-472997.0347925477
-313813.52829175943
-649860.3417394385
342286.01256013114
-4.018335072651715e7
1.2714635878699904e6
-134820.78252388598
39359.68096625148
-68444.35916875803
-2773.174079427053
6697.519881317127
-2.730325781994793e7
680634.8176145363
-45033.22429344165
-64512.35912179466
116114.20100734821
145903.77989476256
7621.947041905951
1.421119175876497e9
7.208890189196558e6
-691619.9658912541
-380897.11093607213
-278794.9186868159
-413376.64452440426
320389.78631166054
-6.553419117375333e7
-17135.137070497538
-483401.3383953595
94218.33997276911
-2549.2114833060073
30824.22353763973
80328.30336754184
4.081499735015439e7
-691809.9209800292
-128788.39497570808
3745.8211182271375
36128.0507321271
-4445.303730031806
5589.696287219124
-1.780007946923042e9
3.4878638213352906e6
2.446972491221334e6
84057.67162792708
-502821.3356150832
12263.523823679394
-72254.31785206874
-1.0547647534044698e8
-1.005101718522725e6
-179589.1695339993
60379.516628799254
77143.09772207082
-21214.122920181668
-3076.169249821963
-1.2056943792501204e7
587987.9075894576
237449.6633598644
-45778.46894724368
-2808.1604209098127
34718.89088501582
-2837.0514536863734
-3665.4486108385913
51.2225558954736
-4.158966887807727
2.8649761568777388
3.200573788122224
-2.034746853552339
-2.9878406707895806
142.9470517242452
11.659018458697247
-2.60118211831557
-0.9893583094317758
0.9518007827391174
-1.1832580940980204
-1.5164838820224409
-563.4191231557899
4.920044326437365
-0.4239293924359101
1.183093094591615
0.35814888365062825
2.046472687627347
1.5728738572443972
-4619.557834544036
531.0101087999354
26.668216163444924
163.27218896641963
-35.913480339293315
44.53097896599557
-14.500203903528536
-29205.414628645376
21.26349862905904
-9.34770669347435
-8.291193640366933
1.7299767658976977
5.660894297276575
6.788871320641609
7470.68005573661
-18.12375754116147
5.294617115646294
-0.8584336240721836
-1.2344693715541037
-0.36525355336592247
4.581419088748882
-3070.6113102014533
-34.12386253973477
-6.933776497217921
-1.1631662222592598
-4.538367571180337
-1.545693437344792
7.4018143225149355
1629.9929313512034
-5.051667093724999
-1.7367474512567393
-1.1528699380380647
-0.15440720370411676
-1.981148689050619
-0.2077841515776912
-2442.916926694182
18.284468041423118
-3.854232140545803
-5.000158044214946
1.734953133753528
-6.248583566863152
-5.11762833216207
69717.4102075726
1973.5481623992544
167.71037897554635
-156.75676465154146
74.44644000707042
-35.16785733338161
-13.418446651933289
-5532.929310599237
-1.858322329551348
-38.63717631331386
27.86933361643654
-15.470268777933121
31.410016801945282
1.1492010494441447
31884.850342751666
-206.2138034130825
-3.997732230379137
1.4407907787873098
-39.40154234298205
5.155395441554826
-17.295489765220335
4746.209570934967
-997.3830920451428
118.68858613591033
-54.90885279966473
31.961098244041793
143.91888369280508
4.724807425690514
6170.748333855444
195.2825872036331
13.157558838752461
3.8758657812001784
-23.34852770835097
24.57533733091051
14.273459756662282
-12368.265526963427
49.680467039985594
33.45663902506671
-5.081127316318968
7.335638016694165
-23.18610436649661
20.532794741421483
17407.869477750002
-239.1847432772771
2.1204096251910616
-16.70302048926089
-6.013102652181873
8.23367472751853
-33.20403247212993
13032.343899130807
-35.57439019846924
-0.13430977564031518
1.0718196171120626
3.359302157202764
4.860856271059556
2.4820289296197076
-3354.030123667297
10.991860024272393
5.157844128601297
-1.7746858602022697
-5.424853407563765
-14.465888011120503
0.3071893573294805
51996.03924083016
-215.91267713594584
5.483723963900075
-15.051162654153938
1.1941217492735257
-31.355349792243157
-17.829606299269866
10096.174205546104
-20.186597941745784
1.6703057981091494
-4.6773487604421495
-4.610501045979065
-3.625521747243612
-10.512594773828797
-8172.8249647908315
5.0532131480603235
1.5359492087973694
-4.819724619988442
-1.4423202288860224
-9.176329323420592
-5.828958588069764
40687.66845641524
4.775608416694531
47.132309120140285
-23.449147570300926
18.779104122125705
-10.685111563744673
8.7548567511647
2607.9512388692187
21.653965796741357
-3.3388704686748056
-0.815211627617185
1.05147168346003
-3.3750183643125546
0.8310262611715065
3707.2037089870705
22.32271667444842
-2.4306767691046973
-9.158313530385431
-3.1957299227490528
0.9030611630627599
1.315095336243557
-100.30685945638778
0.2803576390295695
0.18982373243553113
0.30406927836903275
0.0035801921327672562
-0.12850605298507162
0.1508141177332107
3.8290461766910355
0.39228225738540423
-0.004807501111650382
0.014005653587193901
-0.0051939566404209285
-0.0421550614124545
0.0034220478571182038
-54.628503178445236
0.28946401406647904
-0.00739961005037479
0.04653384754932538
-0.11151446903198912
-0.1488227062422198
0.02226835482561765
-2025.4949688527274
30.626533473686077
-1.0909455687880592
4.815470156153828
-1.335973019388585
1.0055397606278609
0.16294143636877667
-579.3199116209311
-0.5529421241270699
-0.29033160718236956
0.017157893172146974
-0.014593560219801396
0.09302716021841498
-0.17831189894903413
-26.803325421411454
-2.8598783426368555
0.6897309101737558
0.6074136266687432
-0.6208002531399188
-0.2674760422668196
-0.4103362672347787
219.528652775735
-0.8141676791176389
-0.3001030249452233
-0.2279572431371917
-0.39041652076101885
-0.023739155888583316
0.12917655940991288
109.15180161702693
-0.8980828744618237
-0.021661862112450206
-0.00557442892216169
-0.05055038624349088
-0.09200196223355378
-0.2553700514965919
-45.31427518308892
-0.37804135981935144
0.061710791756008375
-0.0690267115400819
0.031529956369862895
0.042117116550974665
0.0789427941489668
12622.087175909819
36.609265289112294
17.41275041746161
2.827492565545879
2.4255657469734344
0.6452922745737842
-0.3700431027824733
-32.72744624570247
-3.02826861312576
-1.2476233877842613
0.8594729381924693
0.5143502010541846
-0.4746440254367453
-0.06202130643157332
58.201096874357056
10.160403438995425
-2.4074739966951557
-0.05592888273896631
-0.2758961260081038
-0.4316457418243268
0.05216031934785298
-2732.444657235366
-4.076197914938139
4.7959110417950335
-0.5317907145411527
-5.086370546624691
-0.4695858529398099
-1.0378021572749145
2232.1870572366734
8.380444623527309
-0.7617291776582089
-1.5290819382936565
-0.3470356923627165
-1.1232483484051499
-0.3953048147219171
70.8475645716682
1.689643006930411
0.8341865076606062
-1.078519087993985
0.5606886365281962
-0.8077226942096705
-1.0633771606530964
-879.9858345212378
-5.97233234097084
-0.07469342028103369
-0.04366649779866885
-0.03320060381919434
0.508308807948548
-0.21472634346854733
56.16544723583446
0.4431900676919368
-0.13757493779340516
0.03402383251562365
-0.11943239604093688
-0.3875067388383306
-0.14605848182403175
80.93932576975786
-0.3736339622165878
-0.025972862862208707
-0.26703091954285363
0.09253764660833093
0.37163216668455296
-0.23841990514321063
848.6480355929274
-8.936358937017399
-0.4933909127968555
-1.6143507854041947
0.8965564251661816
-0.1619197475676097
0.2666921823614791
-433.7701928981065
1.8501613088586373
0.1168746168123517
0.10218837461138686
-0.14448158157657087
0.2273456067207453
0.31324840024466366
18.721333882465814
0.11279052086952836
0.34482519552731017
-0.014293035908455333
0.13360623415121492
0.4144394970383187
0.29333685118170283
2318.4278166248623
8.733025096757236
-0.5653842580214339
-1.0226257838961343
0.7015519332662866
-0.06849769332442415
-0.49178106304194497
360.6271260336149
-0.6280323296259589
0.04023206296603462
0.033394255439834895
-0.1352108374949448
0.08330695427420055
-0.011343922514149223
-120.3810302708626
0.20291649030193415
0.056850052366410775
0.0002640432967670597
-0.11710112903527438
0.022146752719940425
-0.08984163952089641
-160.82112318287514
0.5661598495672061
0.05567869925230003
0.030999030027280532
-0.024984758382043816
-0.08922382790512358
0.0875412098252256
4.1597099842401635
0.14193648331717346
0.016301230398639108
0.003778135584004631
-0.00040707847131146393
-0.014077675126194063
-0.02667741963151183
-31.699162131461186
0.2395766253278183
-0.028586493583578256
-0.014758071260978813
-0.016870342750712943
0.019146401452899874
0.0032184122719646196
-358.61502106664136
5.15205384790286
-1.31285053298297
-0.028262712306469005
-0.3490295789524042
-0.08755320734569115
-0.34201107414702675
-376.2791725158994
-0.4633464018896723
0.09982428104952609
0.2401876656998862
-0.2205204175045869
-0.23426680705083336
-0.18452786985402145
-62.94553906087216
1.191487649924222
-0.4783389636284051
-0.06996888501217709
-0.10472426517910687
-0.06818073301543644
0.21500726621109223
290.21969743367
-1.162643065172613
-0.034450976761600034
-0.007883399636630418
0.06925171159269224
0.11570416173275283
-0.12042350996799901
-55.69130228747335
-0.007851696874222503
-0.032959877247907436
-0.012892152656832318
-0.014602509591864479
-0.013001008900757479
-0.029715959908125478
-21.01998023289936
-0.3061416328387563
0.11010748925143078
0.0557079118698571
0.01462359404747173
0.07598845508617398
-0.010185565663347012
-2643.6071590451074
33.175747801082125
3.353677017705846
-0.5576452550111265
0.4213427904187924
-1.02314258581855
0.24913148802965157
356.22978150756984
-5.635759989347689
-0.9288943029928854
-0.5658000647198046
0.2941972429224645
-0.5681974395251935
-0.1148526602106183
-290.09878822629327
-2.3379804216359896
0.8146345966258389
0.14666555908379192
0.4933348828852674
0.010906123649600473
0.16370174480859934
1592.1162419366146
14.447582801959019
-1.028334028845434
-2.437186297262943
-0.6746393805387877
0.5257141055612338
0.6872656274493448
95.95620250542821
3.174671275162813
0.13426528033037516
0.3037274953671513
0.19799991740079784
0.07473726160947262
-0.08910862294638865
145.98995538756623
0.046155207289954904
0.1971163888731935
0.6093570602804782
-0.10126965553993289
0.38259514641048165
0.0809128160025218
-1118.2760310902818
-0.0232747155468459
-0.45142697392259123
0.16592628950421287
0.09350260947889459
0.177007434850021
0.4170465503508363
139.80510469798443
0.40794325745788707
-0.1929472608532039
-0.09976283299424206
0.0562059635740012
-0.04254662762693257
-0.017380351578910092
27.11859442782447
-0.48138810305007135
0.10893757684478524
0.020010626333287842
-0.07014808622206378
0.023834992261600133
0.07896902940653759
-939.7000012612706
-0.4173426799172111
-0.4304468038924688
0.0540207385919152
0.16598006589896802
0.026723618672882313
0.0250364046324457
-90.47743185015148
0.6141794694393409
0.26685170333487673
0.11677084780595372
-0.011711020479696525
0.05931370813118079
-0.015010854259178091
75.1513142878201
0.7085067358912515
0.186666031842869
0.01978398215671328
0.009207404763174065
-0.01545513724648186
-0.02458178739152321
1254.2558634184022
5.462043859234897
-1.1570727966525727
0.14652590282924613
0.22221947806051925
-0.4255965270752294
0.13218979628742072
-65.3059818698368
0.5600788436089396
0.07518294432051151
-0.08968315046834345
-0.08616621232564661
0.05876831153893985
-0.00838929856598153
9.876471286473953
-0.16772790025500683
0.04332960355457433
0.0922187203831107
0.07110154153727138
-0.0312807934751029
0.015804839184250723
20.722042151625725
0.017263027759298093
0.145549864982644
0.08598654116610405
0.010490274229339017
-0.03833041795886536
-0.006409007241461736
59.78617401030475
-0.0014393028701062765
0.0034458549108452355
-0.0054018548266154725
0.0051148801629401
0.005230101677196206
-0.011089291925147841
23.343478194228357
0.06837455841719865
-0.032045865634240556
-0.04536407884926237
0.00877992503263996
0.0167060655282331
0.018580617538588792
939.4481537165299
-6.553933589424286
-2.0335863365357087
-1.4630467555704756
-0.41777721078234875
-0.9706562005817955
0.16509602349710684
-107.83674519445789
-0.35157262844571263
0.07102457647333259
0.11966451155401618
0.09340961049029216
-0.10531782431138748
-0.03685666312248859
83.56507118299031
-0.4436620403833044
-0.3076162418401608
-0.30092636941906625
-0.08846625632161843
0.07523482310778258
-0.039360131975882305
80.21328174539867
1.4152361284967288
-0.4685144842317493
-0.05399005333343675
0.02668505522223256
0.06410591557821378
0.04762805437018991
68.7274076064485
-0.566606331288019
0.020209574348345468
-0.011656925926850793
0.00820644239331888
-0.004912631114927986
-0.028975605564480353
22.354202537568593
0.19705471014701958
-0.03253085041478682
0.030415112813902166
0.027301878538453738
0.015471935691364923
0.008492803239262095
2.6636081557955532e6
71098.70282074499
-22873.361035749294
-22288.16554443627
-27235.560656938414
-23354.047908618963
1502.3720292534917
5.933923339924406e6
731.6858411578922
1191.144073536159
2354.1598686243997
2763.6925866200722
2762.1120168223792
-4374.027551386909
6.202986742734046e6
21229.927129864038
-3112.8762906688858
5191.57385590878
555.2691655240496
7042.810863325347
-5899.103473952778
4.686579479653877e8
-2.1415831187163265e6
-627010.0972295
676332.7778042638
588437.642434839
-163320.27150289045
24995.623044250144
1.5853327114925994e7
30670.399323621707
-18990.507703127034
164425.72705828343
52009.278014439995
-20969.94547127587
-21429.27607186089
-4.793906331391685e7
-958554.1753787245
-36834.40690643335
-204528.60642676477
47392.55196347568
-72815.4313708016
-65351.60495139772
5.770930785692153e7
-570060.0874295735
40707.04574240572
50819.708184880066
4334.84018495858
-53267.28733531355
-35370.76476033194
-1.4719767330360467e7
74759.40395504165
-749.3308260528786
-10839.41439653727
-12327.724461876258
-223.765876659712
5345.00934727855
-1.1652404374216214e7
-102500.06882880138
6857.675450419013
-20379.91446085965
3722.4240543223646
-11629.189842109297
-8718.262247718583
-1.2615436228361692e8
-774089.4295528529
691328.8472229288
-121956.21777330048
73899.22735611799
201182.23295297116
-33173.372265600025
1.2417737260570487e7
551.7477740776645
-32950.03982412141
10183.481728635079
35698.32240467012
-48767.167871093734
-14905.868059755348
-2.700845828189151e7
21771.115816157628
86378.87590536235
1067.7265442759076
1723.3740297923011
-16888.15885209393
-4347.822393972361
1.380694086001856e8
-532651.9297189508
735127.4104319543
-388974.16531028005
-335926.85180807003
297534.73841412435
-8505.059656410709
-1.7399051071100682e7
-238863.69009646797
-44320.26828448758
-37363.69975581582
2944.9197524218675
-26188.26886406988
2719.251660511636
-9.656111564518757e6
567457.4465189164
12323.647213201992
58074.52432973466
1406.222263761922
16720.754383131716
25871.040745498747
8.862332009968631e7
-208297.03016786792
-158316.57101396282
-38924.64161750716
-67222.17535201983
-32597.435619605567
-12590.10373955659
5.136163268872864e6
117541.60890917994
4306.137395659633
-41017.07868525869
-20868.881917836006
-10620.209887945628
-7157.09788966881
-1.5023279382105736e7
-215748.39467418194
-18704.067703363373
10180.811390878427
11855.92556249703
-16836.59484195845
-1662.789094381615
1.8190158706986764e8
-77632.74742711913
-321888.7941531727
67754.84192611395
30818.33226209151
-84591.51947398842
-17914.395748142626
1.6016942308893822e7
-30268.009386367365
-21786.09822840978
-29426.506853293307
-25982.820456693633
-5527.715988064822
-223.50468843138088
999926.6206271512
279277.51517118455
27607.23865309266
-23271.746236100746
-24739.337197422457
17451.241060144544
8866.986928730605
689288.0779434255
381045.549669673
-76188.97090442355
-9414.482845673017
-117692.9021330864
29946.234945640448
-2803.1731492934
2.7434999776982972e6
-94710.74245960977
-28685.40481660113
4926.476583584996
-1529.7702127074378
-4685.992641321156
-1145.0100176316434
-1.5748108157427146e6
1902.2992939869987
7643.282140339164
-12520.467059540659
1830.4286785075403
-1357.0220954716099
-1157.9053332361696
-722.7149584116194
4.221103284217489
-1.5563228415508665
-0.8301171492163689
-0.11523848931916525
-0.23396393534202858
-0.9746435049064716
-132.1740942579871
0.9086709222936811
-0.22719243862525368
-0.06503897655536735
-0.19519380283918758
-0.3461179277347873
0.05588402372778273
3.612218835326176
1.780385580773393
-0.21607375227466666
-0.0827850693251401
-0.053382656644788
-0.39167772131089756
-0.22231575310580592
258793.5803012523
-3672.8528239435127
-371.8687444642149
-545.1181488569154
260.4147677957576
47.937854774104444
24.513608602381193
72003.4493751693
384.4109179732844
-158.66909671115337
36.50126962710473
64.49042816981263
-42.93964630717906
-7.0357884345499455
-13865.454794742373
-854.2108557662164
72.87931729741071
-4.888496577928481
-65.42559514856183
9.341866069119973
9.669462915262024
3268.66760584921
-24.042954218900356
0.004295795354951369
-1.7835903494475247
-0.6808091383972988
-1.8906276373522068
-1.9703191855386217
-1339.9300525576657
-1.6853212801867319
0.8636222834443675
0.4419702187104614
-0.01120620694560155
1.3013991260122177
-0.6947338054267129
-145.41559822249434
-2.8701604211596345
0.3173916106798073
-0.12338673992446392
-0.20888985040762412
0.3686752376189333
0.27500196862635223
-54636.39685528927
95.76431488634486
39.34123301647748
3.5579761880830727
-3.244669466723715
-1.0962621823062957
-1.050999358765501
1298.6295894685215
14.079265973912163
-0.6053929017030475
1.600244549291737
4.207773712633304
6.5023868089871275
-0.9166531123911899
7727.004327532633
-46.967918448459734
7.159076948457061
0.6441527638570166
1.9842089743117286
-7.565011878117127
-4.2281939875571135
-16321.05678029673
98.2432307554421
-3.864497619795402
-15.832887782554284
-13.010296198364452
7.3199181858732825
2.229436333306355
1592.3348055092188
-1.451912964167039
-1.0822913801677483
1.2591835051492133
-0.6759130519767531
-1.8265784842137591
-2.451628509406958
3110.4687084868583
3.1852186741373085
0.6762898975750715
-0.9104197475595593
-1.7937353919049421
-1.3833323838802383
-3.999537737837849
20816.166322374153
-113.72266720233367
16.93618741205664
-9.609339594069448
3.9024927984129527
7.647629222748704
-6.48539902455395
1277.3994145914262
-0.47027258709095227
-0.030582850984565348
1.7008979190128848
0.3789888032248148
-0.06290192126101397
-0.9339855884443429
-2423.1407832011964
-17.529766445395737
-0.02024571642561594
1.7975091137886032
1.5779679764934837
0.18086536830720953
-0.7016520028970691
30772.191197851564
20.236089763924376
22.060553055903394
-3.591349173157543
-3.7977670124899277
3.9683535448358502
0.49046269110914664
-3943.559856675305
18.572350156900367
3.0027570005240047
-0.12199127358461893
1.0520633153353844
0.2431995952884078
-0.3347087092244337
535.0481666334346
6.296360489485004
5.031516437191459
0.1580892188195467
1.3543001660023841
-2.915761309458701
-1.7781292684568137
8654.872082449396
-59.94856983660248
-8.750415807833159
3.2904923769976757
11.06375192343356
1.670533700795467
-0.4881966180870126
-1419.4503373657553
1.4421012583741464
-0.8643438696171838
-1.3064480366111078
-1.2399797416374911
1.8094195123472452
-1.0800077902130354
43.574312388721786
-13.405904934991735
3.1031525334579664
3.1086034186180482
-1.5705113156670876
-0.19356599367446262
-1.0244799617597231
-32.92190440528996
0.18442084489818236
0.02264632905481853
-0.007494154126398456
0.02476052707243506
-0.010714650802886303
-0.028451415255789855
-3.1654400211894727
-0.01657294297560293
0.0019633250321827306
0.012144300910331023
-0.012463957593041516
-0.0024435733426163403
0.032343535024596574
-6.041959956810887
0.03612453505446776
-0.003553339735060093
-0.0011036035625275897
-0.005959949772944439
-0.03063156959631348
-0.0008864718861331454
-123851.44991705971
-289.60428367978386
13.375424263718942
52.08443661812621
-46.92652127272404
20.863305955763394
-4.994118206215788
-7977.176427533218
-70.00179258693773
7.795668183587252
-4.507607669174043
-3.821675371472637
2.7005844425203693
0.5546156512974945
1745.1197259297955
58.77347119889733
-11.041926186687425
5.099312343095012
3.8319054306389324
0.06824890018411754
-0.25059258650047184
-59.060533897420044
-0.405577590508745
-0.16879461316694103
-0.24390426634399476
-0.0533212706385644
-0.04250562856428024
0.09817246165858975
-26.841311325540737
-0.17881766162045434
0.03980691735413184
0.039694714681733384
-0.025242458347537074
-0.002234357225307963
-0.0025538177423480345
-5.998348470925097
-0.08315338684424767
0.010200867845170684
0.02067497991383918
-0.006469512262471826
0.03934415760795154
-0.048544120505782315
-398.7366805227698
-0.8869399283008284
1.6229562833889246
-0.2953858628754447
-0.529701442288295
-0.89138483138157
0.0007719795959433932
-88.12046612548379
0.9979515555529701
0.09599247446696264
0.1853203744824167
-0.23159982255466022
-0.28386772996844617
0.12403040306376494
-643.4570262422541
0.9282773397492698
-0.27100857143997015
-0.14527254606424359
0.26142732195558044
0.47890438511456385
0.23920911130700445
-341.2087327733773
1.538136420099898
0.29827097015834425
0.05121865707618928
-0.5769457362961709
0.28582278924977417
0.09449277720772985
101.65468740791651
0.19937180281958075
-0.07662318193420227
0.027683851046520172
0.05963323065070275
0.1445417465346939
0.09930195405550928
42.53570921150046
-0.14331609399083556
0.04164083720363679
-0.041361152775792276
0.0065029086689689635
0.0625308066115397
0.07603648628252846
-712.7285208258324
1.1461140569603903
-0.3827508525648834
-0.06264057052606734
0.5118995776673514
0.3606788252264146
0.5963341735547633
-32.15523579854465
0.11441742671311565
-0.09234082636978322
0.08057009039435528
0.068663446387407
0.0495066550389309
0.08468561403643034
66.13737953374408
-0.6558211189686713
-0.046639915546551614
0.11277230188602295
0.09712754330713574
-0.010882650873664522
0.05880795344490475
200.84759673953536
7.728720879246726
0.02922784597187827
-1.4289162448400408
0.17339355289959743
0.31718355344416627
0.2890930798368904
140.9430180013319
0.3422771660258435
0.3203779398530629
0.07993832552882206
0.07258584198119611
0.05246467365835699
0.02008308909155585
-5.998233817502092
0.04303278828206767
0.15550990296969652
0.014832326907438232
-0.0420265720574408
0.1311546229384056
0.05623697493199202
353.6358308195851
-4.211167153985827
-0.4530756182574051
-0.16906369377485986
0.4651047741523784
-0.300669925775644
0.07873569616852898
20.810647568983114
-0.3897076264852606
0.03182562355241007
-0.0020866498832096394
-0.040871008519252024
-0.012413182346080224
0.07584364861068102
-51.64913534354161
0.4330883537972842
-0.14099294682756552
-0.07699557165237546
0.14062032612169878
-0.002211849435167439
0.08064943828024583
21.54786696489269
-0.06064522161475311
0.0191743325542791
-0.0019105405810303166
-0.008890481479667282
-0.012711514986661267
6.363651103679684e-5
1.8531136858528718
-0.040985437355126914
0.013501505881464327
0.004051864820968178
-0.00418775005835937
0.0064980910679802014
-0.0052188081473750906
-4.269431737467967
0.03096626646541095
-0.005520781089888265
0.0003404456414767072
0.008763796628091408
0.02310509235917192
-0.0004993904936504234
10737.894214907219
-145.34700128432297
-41.42193181641995
4.284208892780091
16.14081918074611
-7.942564343814866
0.42565851464823623
1810.6114890571494
33.17471253683913
3.9823345162537933
-0.4880405474299702
0.13805435416294962
-0.2917171259249776
-0.09658484799841492
-263.28909673659416
0.23821409517456363
5.423657087539841
-2.4811167183160396
-1.044642485229942
-0.013034473687294436
0.05520519518136911
-128.91890529663323
0.16650278591350282
-0.11216647839745589
-0.1859465206910339
0.03510243273425402
0.0021898461205843048
0.009133397601121708
11.319036960619911
-0.1210502951750533
0.020324968194692428
0.031377716116573105
0.007380009708287649
0.013607278087889705
0.004132914544843239
6.653028351674682
-0.029356340296706925
-0.017397928087192056
-0.00928773570956003
4.039607088923645e-6
0.0044559494385898865
0.009229747044726268
841.1372048004686
4.178245488444176
-0.5301130975617198
0.8843520038468227
0.772489543505837
0.09203976921383908
0.016284812689720454
112.70036435082436
0.5907820574027138
0.0730448246877462
-0.023632309317412278
0.024631306364210934
0.012600906139184864
-0.030278947349713044
106.3329088324058
0.10203098895887054
-0.1158254969318559
0.12180328635058113
0.05312627095800752
-0.14308065565387393
-0.035459824424219084
120.6163945833844
-1.2022912925846752
0.17047214530124424
0.013922404259771532
-0.08791171006813824
0.11996631839646577
-0.008878892158206904
-60.371155078522996
0.3182048500482537
0.006295186817038093
0.06327099219628643
-0.010999396686534227
-0.008479353374920225
-0.0030083363873267747
-47.083805113881255
0.06490074294242586
0.029165978178922355
-0.0154964175648905
0.01545995572893173
-0.016573580363639217
0.010887918973058592
-250.49726073779092
-0.15854196406293916
-0.1607434773930472
0.2719221741264977
-0.15823649642802814
-0.3097741491903079
-0.12726424045983364
7.734735722806838
-0.2820251435194365
-0.07263377202839859
0.023549926816122307
-0.020324695058853665
-0.013934503558065204
-0.01577754966730055
16.44131385295157
0.4916736676891435
-0.15148742895829684
0.06847161463442374
0.06151962077614108
-0.03966476436218552
-0.015185136130086667
429.0279038344883
4.0992575797192625
0.5546995324519716
-0.10919387159565537
-0.29887893797856674
-0.07135791356366145
-0.054729610926830256
30.22718429740332
0.4277070264557579
0.005454705353398762
-0.04666721641348372
0.0039412258520133995
-0.054284430699664564
-0.004874870554831489
-2.7635193043905932
0.2405063662416034
-0.008155784516048826
-0.009872599528191814
0.012390368006636227
-0.01942818537868847
0.002012593080281203
332.48058988543636
0.6365807899003711
-0.516585440172286
0.08480088754478712
0.22439543577808294
-0.29946704304592064
-0.009754242635152103
18.53224179060744
0.059441100271264445
-0.013324075428179885
0.03937675445895529
0.0689828326046201
-0.039943079223327425
-0.014505760760913077
12.488339454871607
0.13715199058515756
0.05459426012870774
0.01007967127678477
0.02347639215726348
-0.018381317434536342
-0.01860562162091191
20.114681950004268
-0.1041824497397072
0.0571618285368044
0.007384000568866929
0.03925674872046974
0.0237344843116746
0.009357583807016246
-5.016722032015673
-0.019884126006758887
0.010055234513802616
0.0071156242498285754
0.0015052485869021996
0.013338076163375118
0.005599265592743062
-1.2046263989927235
-0.04600967104181223
0.015624497930249266
0.0022037806646048475
0.01126028530668969
-0.006721776172754469
-0.013743707752872604
-6471.166049840169
40.41698004954012
13.18555131311028
1.9970610605718684
1.4967788102930328
-1.9356910587885472
-0.6240789898825512
64.44390594755815
8.488392902001486
1.852117114516029
-0.5945393530343138
-0.7244026179792253
0.43049052593189846
0.03165111188194567
-7.6496220491248215
-7.311079125991477
-2.3296658436455444
0.38455759353084923
-0.23138945493696317
0.07597403649413025
-0.033295152935236945
217.78153032300847
-0.3396407758995814
-0.006836432441125294
-0.04301281225218048
-0.12061006051300517
0.05061247395579774
-0.02333513012910721
-83.88422943333443
-0.09611675618170437
0.04522941158824428
0.04042766772289757
-0.0002805776931914309
0.028692077885479818
0.0001915245594419883
6.928289889210805
-0.04867792011893124
-0.025736663810210923
-0.0071386168390708896
-0.01489882492306541
0.010956682304730427
-0.0046882523673489355
1.1142535176617354e7
-41950.62514687061
-4536.810896137173
-26624.084786825682
23024.16018728598
8182.066438033895
-9261.767092645574
4.958641797506641e6
-7104.252462029257
3677.03231374762
4438.207774278147
4067.7415067116976
-12847.424555004725
-698.1540539816801
-1.5211168416193754e6
-37397.273369188544
-2879.8846226686974
-6740.791781273744
6316.03179236352
9748.413073940881
4605.036894125671
1.1417996675636557e8
1.0157212739121619e6
-280813.37881215685
37556.67752268614
-40244.684697409364
88685.16409143769
-9580.485703911068
-1.6448800550032092e7
-76231.12906187285
-14545.192098015408
-27010.983552811853
-40364.359995436505
16075.971828286467
17007.94090247249
1.143702358174885e7
114326.90617891429
-10832.955914906288
25273.009534067427
-24736.424081984307
34676.14738051657
28352.598370274205
-1.6832583120232508e8
483992.1194760193
-15897.70795519703
-3149.302175365762
27794.661096456013
-5974.577865776622
13601.354351028267
5.547997305466472e6
-2800.6875848714762
10064.238970191333
-2744.1158196726583
-9392.592111066278
6111.325858706215
778.5058901922338
1.9504307595060803e6
31350.577376630015
21136.74346639374
37747.52770164826
36695.15654687852
7799.571811485287
2699.8900739884493
-6.579629218350202e7
-761591.0033455204
-16159.071315425748
-136772.11272894248
71280.85715065296
23267.97289596079
36667.37405312025
-54261.50668012103
-17269.705766420462
21725.052989696713
32979.88417808505
22744.92386617997
-3254.050509915916
6758.81457271886
-877923.2343173163
-151994.46649452051
-14773.361757949135
-7253.984801471564
6789.583668358568
18213.116057933614
1080.600276959019
1.987895184686576e8
601526.659642201
-504495.80161908665
-226122.8023814432
-163669.580394688
-70870.50085962877
6451.841972154598
5.67650341629722e7
-61203.99311009646
-15134.716423704076
46333.72861278085
4765.363589598271
14733.64452827905
2709.720467999632
1.8568552306520537e7
168500.98718363923
56597.26234088745
-84257.90552974497
-26672.61214878103
40376.596841467675
-13089.166675702707
3.5763591750578284e7
1.0279891484437118e6
198648.10142162643
10544.00431487294
116733.4741761228
22399.442993731023
15310.890967380616
4.210371856117715e7
-190693.48862797578
17347.4028962532
-20883.40746234398
4395.259312954943
-9553.50362495523
-4929.499475186203
1.7406376310087512e6
52797.633494411966
16900.12930772534
-29744.097622976707
-16380.40947638874
32921.19999755342
-8711.604939711884
-5.541924206180387e8
-917019.0872746428
494199.26587205403
-478.77422524237005
-40698.633071996956
97428.24568311076
-25976.71321493996
3.2711542790527448e7
-50370.01142800678
53149.53104211579
-57734.12496625216
-29087.66669275084
9439.168233105673
-5476.265893595282
1.620005524089907e7
191687.60257431853
-38172.00389382931
30874.3933556464
-23466.284514056915
39730.32282134568
-5901.670131053738
1.296796069373936e8
-2.0498001878267687e6
-466890.6374361047
-2325.4905416923143
37167.23676679342
53100.54871048545
32754.447215062515
4.934139622687123e6
-34762.24285458873
53334.00774943399
-41671.087649431385
-9015.29424146311
-4044.2506560783845
-5704.624658717362
1.4838014534016252e7
451684.6746319236
51672.939839381885
-773.1445274960472
-18089.693907440822
20333.175611728166
-2300.411144301755
1141.3287222320769
-1.6870070108642015
1.0757701346940771
-0.42814614927922157
1.5584652687871223
1.0428181307907585
0.8123643562314602
-596.628433093749
-0.3279871666653856
-0.016949670313039063
0.11987998942934042
0.15074269826204734
0.2769258093390508
0.4758441069954215
322.4750934865966
-1.8099756537388465
0.14260498670837496
-0.1437539504482042
0.317670464759131
0.007169624538989038
-0.3996831767461569
27547.256563064235
-177.1066574633841
15.70259073819159
31.13267495237668
5.956778289559843
14.467600824907121
14.456475008860659
8128.278301019724
-9.555628072379992
0.7121863265386126
-1.0553977852541672
-2.52915586389139
-0.5143100261064838
-5.51940995610114
1480.9058836798295
28.926941511450377
-7.822302959126613
-0.4509777401199433
9.102062327040386
4.489858405117445
-5.557639086934871
-286.4308941808671
-49.09838803440561
6.118302276307886
-9.428105355362536
1.5252741711732989
1.0678336456341668
-1.5747327244956513
306.22066510862703
7.609917312926755
0.03313221749519977
0.459826399811787
0.8421158770557432
-0.9414503574967574
1.4229594743264156
93.68330059298408
6.441988416333137
-0.5376494476325385
-0.23032245555414554
0.8333982685664216
-0.25394295638186204
1.0818373083931478
6059.167891881067
-85.4750684241807
-38.29413378522198
-10.737812182759285
7.107529652255693
-2.223291631899637
-9.059613162274696
4968.60156170495
-21.554815831138136
-0.7400193780743434
-4.595030335525826
6.021986489471866
2.306861718007964
0.30100269997501033
-1103.312695864219
-47.25954005550647
3.006449154092116
5.793676303069377
-2.59618591891303
-3.816475261220172
2.308937587921094
-100040.44514924685
775.3402357684478
289.07059337987045
86.95404562959757
25.31972856214908
85.48953910262699
-5.863150390564585
4667.662827052638
46.791924612240706
-15.592770572921475
-2.9227667584673718
10.104185070800423
-10.450522151442115
-0.25407774486097684
138.1116304962777
-19.81359709467506
9.9931974993551
14.525519472429004
-0.24106276165096505
-9.847320854036287
2.3170044232759155
-9842.366925163655
44.222984703904615
64.62457051605023
-12.480327113760985
13.929672339222726
-10.75818927073308
-8.037507495137667
3554.6552917706917
34.94584044691976
2.166516388399576
-3.9647917961459562
4.052696865856667
-1.1409113115270058
3.3939963206862065
3148.440464936238
6.481468432197761
-3.107959142381064
-0.8771407801931533
0.5120237985116814
-8.571829906008531
3.971480619336081
-5772.70726156657
-434.3469720896355
-19.703972539954947
11.3132045643966
38.81473175076738
-18.07290430061176
3.2834807316651875
-3489.6724384494423
97.50450279162551
10.076728732393432
1.1350935496639007
0.4225593904809301
1.1971757171612956
3.4095941807268892
2173.0126192807147
20.32296448138775
4.5359353528729525
-7.199919980691818
2.8507144586974418
-12.134725369533188
2.546160366638562
-36476.90208569632
-246.0709196616091
-11.360204222351806
-3.7638946736354084
-16.510936949987215
-0.036099652018540006
-9.482997569292214
1352.2485375865303
-7.362115576394193
-9.409664516130748
1.7563751218246046
5.808473197352916
-2.279314071154393
3.0330265685466338
-87.51710090861934
-1.4086151409563894
5.664965390324084
-7.340001802255279
-5.468701737248794
-2.589942868574632
3.487839370290026
247.26386277069918
-0.35340898259190784
0.09990383628001386
0.09046128017951169
0.0007942314997865921
-0.025781207982577495
0.07032844599117667
-30.362391168679416
-0.07198921669775753
0.014742876093268532
0.008865929589428768
-0.0035561397523391994
0.03148769273174649
-0.02561461129279374
7.8002955027150875
-0.039129072876787005
0.018502872324439517
-0.003883456722332283
0.0180192353581838
0.002485014494576545
0.014738845130747294
-1835.6936878036151
3.29019960963249
-0.004842062370264982
-0.5689001983777584
0.9693023903195069
1.2117476681303403
-0.0637334384730436
525.1913347780328
-0.20654019621185404
-0.3035978723356042
-0.13848835327073922
0.11161556717175301
-0.010181526297782354
0.2784516628861422
32.60614146516032
-0.47370700159782136
-0.04784454525033642
0.19259368047269598
-0.048884356580521586
-0.5683909910286148
0.23193212663035895
203.51475344402195
-4.129963230502773
0.5240148200257363
-0.26343652677087265
0.12764547344183075
0.06254570035976434
0.010731570953473853
18.03001412496643
0.31029022648780874
0.005607868031750015
0.01813144445304878
0.035934784249174095
-0.06524812109417541
-0.11913105440664569
54.783183059188154
0.012286420575344126
0.01212254508179115
0.011426234563473865
-0.016681617388532133
-0.05697868821236719
-0.026303999054358013
1448.887190942893
-4.097161274593185
-2.039156566146957
0.886374725747599
0.10678579410809332
-0.0632929938558154
0.46733959949388343
249.83088464972303
-1.5955976257069735
-0.3942931032769088
-0.3179996484786844
-0.2536725145265156
-0.5538733664479762
-0.10518710945968726
83.40590568233883
1.0450398035405246
-0.3976452693667883
-0.3450209571284558
0.4684733448375849
0.07094038150900273
-0.19019244795848442
2697.236458943297
1.348366927250637
-1.548384820635177
-7.012950561041894
-0.9775873395632485
-6.58810922371108
-0.07478639109257684
-214.7236568805787
-1.08397961347197
0.1382157628411877
0.46101928955968363
-0.3412874481669688
0.27807419989320487
-0.04120169605590012
-207.70546551073554
-0.5715597889765842
-0.8452081511813879
-0.06101750757820774
0.7065983732744556
0.22856106643384452
-0.040065155777235316
-1537.131462759042
3.881081067545256
1.9217690108031809
-0.06869629881097462
0.9642236759872853
-1.0995395225934508
0.09693433952047513
93.80874819300558
1.7240195271743362
0.2675243889570404
-0.014401650429334162
0.09543136936794026
-0.29078513259602873
-0.22916762319700987
-116.83900115273777
-0.7291453918231406
0.004660880109163295
0.3058212695324927
-0.12365308575588038
0.5024107771894739
-0.20870499881199792
-1043.3401019018295
10.000698226736247
-3.3355895557861115
1.3338739833244007
-0.6610728326450841
-0.6891194791995745
-0.4033471033881797
313.34713226355024
-0.414242000684562
0.015096319967386335
0.07017732069231451
0.15080802669065585
-0.21276979946347527
-0.19412159381033497
-234.63344287379383
-1.0062509354365465
0.43904404000647984
0.14446341779959493
-0.12010138156791349
0.6211859142582724
-0.11099897631342359
50.14568192673265
-5.089111078686052
-1.034718693047676
1.1911007723921083
1.014762853193501
0.6679604443910172
0.48608689338223077
48.89060611033877
-1.2288490843976523
-0.2929107905338066
0.1024763798537105
-0.29348117887716624
0.11018001730780409
-0.1670281508675823
-28.218390537873834
-0.11821028707280959
0.07369809923495343
0.2604808042680496
0.30470590194578273
0.13590174883559653
-0.21549167656504103
74.82844764328638
0.06716196254219148
0.0012033312939241634
0.012149588088376979
-0.004504580081994168
0.02663957684872299
-0.0069466095398407635
-27.823421854994088
-0.08137998512332152
0.02009416143568334
0.00574228030013826
-0.013534178317902384
0.004822010470985301
-0.0014746873742470022
-6.275845800202308
0.043922402890302144
-0.0028190197109577647
-0.005177041351432058
0.014206891400136765
-0.010865522177964645
-0.0015277756383731318
-245.29765834626988
-9.640584333168439
1.1863438972876899
-0.8354043905912112
-0.2843548111210051
-0.03496259226041285
-0.14931503115686232
115.30553605826357
0.37975158237680673
-0.31635575723774556
-0.020161155814810615
0.028063980355850893
-0.13777469611173754
-0.045568377128745334
-64.75523712184598
-0.3135443680378897
0.021029537867939124
0.013675403989226544
0.013415736655178234
0.0778844543267785
-0.02856778369200161
-83.44737217104246
-1.2340125916975178
0.18905918484399636
-0.21756156802434193
0.09633525388960723
0.024039842666380734
0.04968014312211999
76.82830764817398
-0.0078041916000837945
-0.0066302662392548565
-0.021720242978889415
0.04488431818814117
-0.021704882703656253
0.019994588524857363
-20.38184633812124
0.031729678345963935
-0.008796011457127158
0.011789192449074486
-0.0433282481843109
0.05972705573751326
-0.017520832308415973
-2188.235886440554
-2.760263448880219
2.3412275978824653
0.7134145758125126
1.0748241743519822
-0.605981297640056
-0.15216644566030318
-156.36373371166977
0.7044996367048629
-0.2507065277306538
0.46335337234892826
0.03025251633967654
0.18512383280147646
0.030219980294668755
-54.81550109379568
0.1984239728733279
0.20300424167863637
-0.012818299726262554
-0.0787139195165282
-0.013737283876900626
0.03496612817861309
3258.5004101890695
2.3657568682744574
-3.8180108396104995
1.4657168615497054
0.5846533692830321
0.8703482155078317
0.21874394626827734
8.157525685657498
-1.4040064374517591
-0.3264575720038914
0.0015565067810296835
-0.10717395735743614
0.12216704995803884
0.027746447438405694
50.96875545092885
-0.6760535749311767
-0.010729531852227489
-0.24805789443463214
-0.2976522568608452
0.04022017763727383
-0.026208196720010925
996.5523061531475
4.146876145270289
-1.41486455973972
0.9941800979085798
0.8131588670496568
-0.7177623110864723
-0.012938731911551388
-155.8761933769041
0.023185922909197597
0.04490817571370855
0.13352310185658406
-0.20406620166325035
0.23020630636601064
0.048617650087347836
-40.28854286159715
-0.8793538186754604
-0.11377599109279359
-0.15020823455702773
0.06254902166620109
-0.10528571033068498
0.021371963407733303
1200.901729830853
0.8504084376372764
-0.563536081020496
-0.00857889203814832
-0.13144254689176835
0.3613491576354626
0.1350636572781859
-107.28398081691996
-1.448854125328161
-0.17330081580717058
0.014903586458656212
-0.02546825328169175
0.06123939144928679
0.029775752797238382
43.210574204762864
-0.14953356283802827
-0.19228423043832396
-0.02855301453982732
0.005774008925854717
-0.08991948349917561
0.000822655291259777
-362.6607299216492
-0.04984129492137516
-0.46636828457863805
0.08836359647387705
-0.2370067914802468
-0.3237914551253124
-0.0917146122098441
-16.300210389911847
2.3052663593558047
0.6304787613207972
-0.08330034651367861
0.051875364748473735
-0.019209028217150086
0.02320157289976334
-35.05155244528948
-1.2053901341142563
-0.34770078784763986
0.07562402385694382
0.06432131484575729
-0.07004811307895002
0.031454609370380714
120.46367308051298
-0.3035750459480687
0.004080221087119031
-0.1017907811354151
-0.013476702944580577
-0.01310353206335102
0.0015102385940245976
-24.403810763280596
0.006575416961005934
0.00981289825676089
-0.002693397578813503
-0.023854743268037097
0.01762774156098025
3.917327094984616e-5
4.5998501250991435
0.0008101449405167832
0.01249263576857544
0.002329552250327221
0.01710693407489673
0.002786047094382337
5.4842516798016546e-5
673.9618857984688
-14.73292861039926
-2.7679160700481766
-0.4445955475387691
0.3734748367380922
-0.28200334257647885
0.12639890514268237
-122.55490601595244
-2.8987462135917235
-0.5166459280515683
0.09200785238153528
-0.08958597396977243
0.08625511112213936
0.003277730503018502
-80.14195127051606
-2.3376844751207226
-0.5478150112892711
0.14952090240959126
0.2001928518792481
-0.08227451506648897
-0.00020811743880962244
-466.4657642363434
0.06955949081565882
0.40424433518812797
0.17068697921359993
-0.051299244642429256
-0.08767985272849488
-0.048947476471791894
-4.640252997818417
-0.16579822570281946
-0.03155014551554162
0.008839036211295557
-0.002540380619817074
0.008228721057653038
0.0001785486983825969
-8.371187416307663
-0.05902857952147229
0.019783909236715764
-0.01274185929221573
0.03800681189246063
-0.005708428437856617
-0.0037552149713662598
