-3123.032805097508
-1560.7346159557187
41273.54112108769
-318.45348727389523
60.31972890940489
31.016854295957273
100.13036806553322
-28.239071218722128
9.5189974700266
33.32892785853923
-69.97620293629592
-18.060994240269505
-1.4153634334689904
5783.048098210312
249.00617534697375
41.53497882626953
3.447170303803784
-0.14394963700401303
-4.9937915387862235
3.5174629396682735
-3.0724167880583195
4.238676102505386
0.4514767112333773
0.0615574690537782
816.1486595449508
12.192694468216834
-5.443259527640865
6.100000988261191
1.4297176646943324
-0.4390581076706804
0.8506761302082082
-0.7490487919281705
0.904602924688106
0.0408421114013703
0.01403668384623626
-4.180023113862697e8
-1.0868726428260937e9
-6.585062420017235e8
-2.808577254551062e8
-2.0890611575602192e8
1.2664710873199996e8
-4.820314561219918e7
1.6107072950067776e8
-31255.604212187634
-36487.516714888516
-53059.0710945024
-56993.826839496636
-36858.52501477703
-39904.43386579483
-11877.200469724474
-18014.528869055797
2429.3360925475195
3812.0472367842867
4036.367420713658
3494.5160883608437
2304.9239718398744
1908.0286605511183
697.6329649546084
677.6848746970901
-206.8467368617608
-272.12859194276757
-339.27352323818207
-304.1943457789018
-181.07028178784785
-171.2469782342303
-47.436995160244074
-80.80176996681091
-32.3514511443933
-29.18992325301128
-61.13682271467548
-78.86125199660731
-71.0304358877442
-91.16899535208152
-27.16569350754562
-12.081492983950763
-11.91321779959172
-57.34676337071768
-13.872003408610214
32.085408754171105
30.87064223801604
66.39081736149988
13.20360110765302
14.63349266965994
2.2150051019642714
3.4112253250701725
3.623945487807428
1.5762760503473559
-0.09041208354027605
-0.7457402444388991
-0.1438039734813422
1.0401625817224742
-3.9312935971346357
-7.345491171885388
-6.404370890840855
-4.847156713243509
-2.9534516591144917
-1.7620453848355042
-0.8590916763171174
-0.5021735396068792
5.104405286472051
9.59135588699153
8.196946499011023
6.325930238109854
3.531682955531022
1.9569150932448562
0.9987086043145806
0.4988595061761487
-0.21701564189853115
-0.4385097340560093
-0.32488722942100773
-0.2352011532492144
-0.07377149964383822
0.007909507984992086
-0.01769715615067607
-0.0022626203218509998
-1.8046935854169826e6
2.1555943558864433e7
-6.343210383929722e6
1.1877761073109282e7
-4.100299212457661e6
8.964303155208314e6
-1.8052662055635243e6
1.746222858866401e6
1042.9643160350545
-1951.0624256482952
2656.646995325317
-900.692478402391
1807.3952886585032
-649.7436552662851
832.2757328543673
-386.4090472744118
-55.672999973117236
27.586424284288704
-138.7486490783835
10.400727264798167
-90.56011875958805
-2.804697287861687
-44.07479594563762
10.436326417351422
6.97113896555231
-12.183331112473033
16.798729735145926
-8.7964986749224
10.811234527457966
-1.586254494742718
6.764458703016541
-1.0319280074730615
0.5119572740671905
22.066263744742546
0.2465481187106298
14.416964166669718
-0.44226526640363123
9.177193609269175
-1.0664340230645317
2.622757820669629
-0.0093495090793863
-10.406152116132974
-0.1826811246227261
-7.509150035677978
0.2538156532526593
-4.606161159191864
0.40360801892549825
-1.6003027533658725
-0.11871342098370151
0.650009818937243
-0.25056078527820735
0.47777801555576094
-0.13047499018668163
0.25191222247442013
-0.025658838164498095
0.13383900219159425
0.004657726412941673
-0.29310053964784727
-0.03238214622998601
-0.24052900805291746
-0.018013213465576976
-0.12035487400823987
-0.023102196949455492
-0.04904196407517887
-0.018080411770750277
0.5542439787119625
0.01025215819753219
0.44570502105633947
-0.004901843092262757
0.19778911407550295
0.008026607208941532
0.04759160516632697
0.007863238810885288
-0.12184178891084747
0.0027718395061173897
-0.10237443125354843
0.00040981089740037773
-0.05219703294822179
-2.5523252110816144e-5
-0.016536070224941954
-1.146145479137553e6
-6.214696005076788e6
-2.7605040124246054e6
669140.4505687187
-3.3061551745869815e6
-1.8199802500074182e6
-796665.1918587342
-255831.77385653005
-200.9018196321505
872.2212497286366
959.8549277052833
216.56117741588855
904.5735411801966
424.03106123518404
130.87540256640855
110.39075394713593
29.583087015790547
-13.845807702084015
-37.26398918351399
-16.48486389727728
-41.437090265272126
-15.491655837972347
-3.8421844304723587
-4.4560490051771975
-9.497095709061622
-3.3475431881142526
2.134718648219658
2.3158666498761993
5.963782526877779
1.7624563817005887
0.4448661056021141
0.6524149262228205
1.4752334631655168
-1.7783300555495885
-1.116707529065535
0.14500112733535656
-1.805410562446985
-1.4222804026139808
-0.5734200618601728
-0.7101882545144063
-0.32780756964182167
1.251907271387269
0.5089644789394114
-0.0978039943588986
0.5747982796803695
0.6685316058188987
0.288609676852489
0.47114638490502037
-0.027565643094999426
-0.1074131154082559
-0.08255614674963165
-0.08020625776119461
-0.07059395600470625
-0.05585883367328072
-0.03354596521220447
-0.03659355582247054
0.02537490247468807
0.017608436703234396
0.016414098046995566
0.0013495736261439088
-0.0017205023619712343
0.0028838908006688637
0.00882177063930882
0.00030249071107362727
-0.010157464038507385
0.03920880278712586
-0.015585745120020486
-0.015271722168535408
0.005009770080574713
-0.03252622573912318
-0.009408406551087425
-0.015342914626751625
-0.0065567151955570335
0.004747656609624629
0.004592534898832478
4.37584344112904e-5
0.002773223589257965
0.00493655143890371
-0.00021326761439013675
0.0012132173315759509
-1.0574624071364036e7
-2.5857866434044573e7
-1.5028848761168938e7
-1.4870557825636273e7
-1.2803663799752558e6
-3.4389513413327043e6
508703.5841845749
-545162.5084514512
4032.9843344563687
7171.694575117852
4373.242220583546
4483.08564729207
1387.1021031374667
1259.9862027124113
255.89412555548216
342.03218382169257
-230.4452875786881
-344.32387818566787
-226.01996440477012
-210.7756350834076
-84.75999049504084
-65.9991778434931
-18.63141509656189
-19.77501898697606
35.719073910806564
36.33789342713971
27.187997552295922
20.916044996873357
8.823231842027885
7.5424532751594064
1.3232808397594047
2.1639662459068894
-2.667207652095019
0.07102976625426854
1.8094402324562777
1.5252747256805828
4.448271165354537
1.3916458798325055
2.1075296337097336
0.6905364302923788
1.6940644896956192
2.378809293396741
1.0957155154375682
0.9628465845532612
-0.7326780460679944
0.04910533640190563
-0.6112596868030769
-0.23776903063113036
-0.743446638438856
-1.5154267293662675
-1.2737743994095998
-0.9804547458051847
-0.6641006858452742
-0.40652889217491067
-0.1517289988067585
-0.04207733973727643
0.18562634228274455
0.33434202747425235
0.2271649469417448
0.1924865581811814
0.10282496039919298
0.059020486447324626
-0.0031772814659293633
-0.01960915466725012
-0.3895102143123759
-0.6421187725204143
-0.5244990829836566
-0.35683243724925395
-0.2600445621919824
-0.1214994694302687
-0.008032852369822142
0.03263385421811889
0.0009549140430456686
-0.03500821595941505
-0.03991171084707056
-0.028742708099528388
-0.02883908653931945
-0.02647536297665369
-0.025010186499563315
-0.01318782686929909
1.093063588283314e6
2.7379108214597353e6
1.7576112952061538e6
1.2078648853790897e6
747335.0308176689
386655.47218049347
224983.262918332
80846.36465899296
-167.49839278438944
-574.1366202184769
-356.6378958766526
-193.38299559197878
-276.7468668597217
-153.44507166997997
-139.9386239832618
-60.08749625013633
3.284884479997225
21.089309121601953
11.75359070014893
3.2785429191794364
12.849518301198962
6.7661968235215655
7.556749726592197
3.1262652688826384
1.050434921060485
0.3427068488126685
0.35892791787106987
1.5239916994527785
-0.7798640770959994
-0.3186958384027625
-0.9058034037278458
-0.29344730574472044
-0.041655661110804675
-0.12438898694429232
0.3212238478258672
-0.2259138225800899
-0.1645229479807057
-0.06996245182216379
-0.03933103698609982
-0.1022565177644479
0.016768098181829418
0.04421964970135746
-0.18287516691382627
0.11517903487875267
0.07597962606930342
0.019523904001253502
0.05348927084688006
0.04914730724343938
0.030439004221252456
0.09616769718627703
0.05284887633279302
0.02612834828264606
0.0018524733524004097
0.014690715790646621
-0.005434756946306444
-0.003612079127010501
0.008881847613400589
0.0021590603418798772
0.022440731504898122
-0.007297115437511222
0.004096836842817556
-0.007722181365585099
0.008090630008446233
-0.0052586732934435014
-0.018039405852663004
0.017226274454988432
-0.05644411005771698
0.00839799213771416
-0.03229537195124788
-0.0023644232472358096
-0.034996670886973676
0.011199540671574726
-0.004220079439582737
-0.006382305529735596
-0.005699126527148127
-0.010234332316681468
-0.005501305192655206
-0.0053504191593532965
-0.0024350278801089312
-0.0024327421280774947
1.2350478686079672e6
2.90633062297685e6
2.6533002562866914e6
2.0099274886519923e6
1.329433068470911e6
745891.2470731448
362790.91296642425
95287.02180660561
-622.1498459032321
-1408.1086865038608
-1146.8709328103814
-847.9787793646078
-693.0344964753938
-504.31798402242396
-311.77061215314944
-97.94169421869309
34.52500453500803
76.28076014365425
60.36782085231422
45.45670033097098
39.421460964272356
30.03476807527622
19.25282124266795
6.351963695066296
-5.3095449901473
-11.049268688057026
-8.794752935341405
-7.188688628610478
-6.4404468446896646
-4.87022509090566
-3.12696283408745
-1.112820451163428
0.4606622492535041
0.9641177365476475
1.067396172179003
1.079615225774144
0.655730418123465
0.25466208306918264
0.08611415327892274
0.12069513803776598
-0.22713564573790498
-0.5394667130758192
-0.5430725309768292
-0.5033977355703623
-0.278965320591149
-0.16267576998493716
-0.05784635193496375
-0.04391335653112228
0.002740728590705014
0.018406941076484818
0.037981553933062524
0.017054380701520228
-0.019190843426916918
-0.019108160303294215
-0.008132535451717304
0.003668316667436968
-0.0024464443588561226
-0.01787063872818061
0.002338444181717016
-0.001947345925564708
-0.010662862925115273
-0.011760671246661407
-0.010866193236428644
-0.00758811458629218
-0.008220535023922785
-0.005288751104436955
-0.011094225123575146
-0.024521973764342182
-0.019270999527457963
-0.01559500051236303
-0.0194854905554129
-0.0050464862931824325
3.835325904739829e-5
0.00023628947290281507
-0.0011497873398439572
0.003981099354313221
5.5738224425885665e-5
0.0010675659451047652
0.0014772269108776644
-0.001824990129207496
