-3122.69233030418
-1561.8280247502005
110187.55657484583
3923.4048376695628
-1203.2085339602982
-1405.5913441693447
310.6871865799724
-74.27987341645719
82.13449450435347
-31.26674556403644
1015.6696948820082
5.222040413728941
-26.12019662961177
-14.888640331591308
3.689972557952306
-1.3063145688273694
0.052618054823489545
-0.0304073230259973
66.45134616908089
-0.7679981096264739
-1.7070877982267247
-1.7376104273320756
0.41047969260037187
-0.3650048922617196
-0.3668372602452031
0.12905546636733295
724360.1690003298
450781.61498632655
1.2592062080525123e6
2.3296301467793626e6
465103.8466712945
794605.0643265188
-493.96110894256555
-581.6493031292342
-874.6075390423421
-1080.7207695319273
-322.0149582838487
932.6771709997016
15.812781789863129
119.01872362870542
48.80163569696501
-98.20942982103082
8.115198382457454
-373.9235509279729
-4.164550344230263
-21.083287538735604
-14.005447528722241
0.646347949600393
0.9721168227620537
49.51908006525995
-2.009918292877308
-5.5526936551007635
-2.159236102908707
6.430176268290488
-2.2040993177732546
2.3605260993837653
0.4161753299315096
0.453900221036875
0.5232240981178271
0.09864864100711412
0.4554860072357896
0.046573460743961036
-0.8489585378779698
-1.2479563400228713
-1.2143589813458169
-0.49974939156545367
-0.6808540721796886
-0.28488665967377985
0.11846139396254185
0.11843762107241268
0.16207081354225866
0.05600647954305147
0.11792718640750373
0.055521618543921486
-16564.12342906085
8449.211826882492
-64691.021409655485
-6898.068177146541
-30765.078905607235
1425.937481522094
30.543284609969007
-89.45919445144892
58.26434920107893
-39.26889876977979
88.43580530447251
-19.23973440097523
-0.9385966643439052
28.068435133359575
1.4846546556113318
16.30239239865828
-16.11817838013709
4.868880300221022
-0.026345231424899255
-7.860328205088087
-2.592802819757858
-5.677415215086631
1.8666710404950038
-1.3966351486653705
0.4547980414814458
2.675213789728918
0.7302709704639405
1.324954668405699
-0.0031647434471777547
0.4821507977989916
0.0069274101613651705
-0.31576829231952575
-0.04987938155496141
-0.14970335678772934
0.022930175320445535
-0.07728311740784596
0.013127893228072481
0.3276134635014399
0.019366578031829104
0.20185499499018558
0.022909869423541396
0.109759348524483
0.004047701611439007
-0.07834574854367919
0.014051567321330236
-0.043596574316057755
0.008033478377563805
-0.02597043120722387
-71533.11886536347
-94124.76431647784
-60642.40983745809
-27133.605199960257
-3040.673926504643
-981.0959179763428
198.44673351818818
312.7529734186503
182.68253547538683
93.94940143939246
9.59833320853496
48.651054119673745
-26.070114144158346
-46.56251298779295
-26.09877509940176
-13.793690944133497
-0.37322772952282113
-11.32263302902895
0.2852997779234862
1.404090140554937
0.26401093314158836
-0.7011986655823251
-1.1321645159662113
1.3329099342828499
0.2576699314148282
0.654456820786569
0.3116131598132582
0.4532210522115474
0.17522401634496937
-0.16506129960016988
-0.04262011282571779
-0.08228126890838622
-0.04718197330174228
-0.05855373801510025
-0.010461163022484359
0.027173148526138027
0.016555793383759034
0.02112070494413375
0.0150106150479842
0.02189244745466642
0.008325411115008265
-0.060663961787316506
-0.017235312303892004
-0.013208898741256463
-0.012417915400637278
-0.0035256395012760776
0.005156554552551747
0.011135850047423927
126085.70541857697
113245.62770149673
107361.99448704718
39092.8067792963
-1809.0894398449916
3243.175818527753
-371.42076083165404
-436.16901973544327
-272.93380404038015
-21.231274544483888
33.427914634219235
1.8049236442161467
45.05615925251468
60.145278311083665
25.040036339797894
-12.784060076738378
-12.40189587235666
-1.4255152075747808
-0.6754367715123022
-2.792834054454554
2.751840538394999
5.16420774045901
2.9017301978930083
-0.17564772923270025
-0.27992020488833497
-0.010467319420360603
-0.4053623882549481
-0.2059686691184459
0.07127463174738714
0.4027488766242235
-0.09851991810570081
-0.1743642352155646
-0.23509563357525545
-0.18407924938568046
-0.1689484422318758
-0.1132488001046887
0.2145842104202869
0.296284811913846
0.3148749811967897
0.16082455740982915
0.13791236291894307
0.05618024962573783
-0.007490637671913299
-0.023146144219214657
-0.03437438974948339
-0.009496851830810553
-0.025670450085101392
-0.0029509136337921072
-1710.3686845991267
12433.844370995082
-4366.164720447137
1697.4812886080906
-2466.0142670220316
-1977.863032430805
-1.582670601452404
-51.39269150697546
6.154352146808066
-9.096867350977288
1.6804387457057914
7.235952780099413
1.058342328001615
12.416456221652785
0.5735090544458082
2.7410557820704406
0.6439051057569165
-1.1691039325996488
-0.6921629466500658
-2.2830641609180806
-0.19942258008476454
-0.7588428129522676
-0.22213810904988077
0.1390769909593041
0.02672402284882471
0.17173164457477771
-0.08199818283478799
0.15306286356043539
-0.033795743998349406
-0.026462380539962506
-0.040238069689967924
-0.01983333873527939
0.01591790927337814
-0.015451589900103868
0.009097714157571248
0.00589223680849993
0.018093615623372184
-0.013765193476330628
-0.036654707980739394
0.026638636617838947
-0.018960193846052003
0.009618220650754586
-0.0033877871044516506
0.0063771682538813525
0.004298679128928831
-0.0014026582951060286
0.001762618742663689
-0.0013916809241598356
-6205.8586961882265
-19152.48881379103
-12550.085731413692
-7206.977153125339
17.59877951311469
-357.87373530370155
11.627919882685733
37.76668675805479
21.738293381037828
17.02829461677507
-0.3604050648365711
1.4881328987097147
-1.5549500679406667
-4.275574313311618
-2.217331957826875
-1.9816534533496524
0.3185028546776669
-0.08788338820423233
0.01944778627909574
-0.2018589366138237
-0.17245918460155246
-0.2322371417909877
-0.11352871120412016
0.010802547756652398
0.05154342694471048
0.2117935908526217
0.0833058888277952
0.1130028308025237
0.05608931046101224
0.028890397302215005
0.017399299595830885
0.012312528526394658
0.029674363210650728
0.0337053150161622
0.01871997973263861
0.013296792247823408
0.03978177857202473
-0.02770730562633693
0.024165809193762582
0.003514120622967758
0.01723158698009604
0.0019048870596037883
-0.006723204022320525
0.003656355572916508
-0.006185184293679414
-0.0019662773512584344
-0.004549366379600671
-0.000637551833715988
