-3119.4097232739523
-1560.5128468426155
-17463.55918550419
-715.6922661549567
-52.696948611901234
591.1105256450809
16.899546328377504
-0.5029378814733428
145.99652976264898
7.997954741164912
-1.0344809427955386
-2857.041860676877
-13585.686431618833
4152.971452845101
8216.57658469913
81.20762741842198
921.6079527825817
36.62881609683189
-1010.0460813068305
-8.450720266123984
-120.99487381246315
-28.231386568615093
155.3821878999072
1363.75670661389
-2935.6116321878326
992.0899031172
-3884.5147610556937
-40.05477189534905
101.00847034362103
-14.950438641652536
127.84671261431998
1.6529052292872752
-7.538745851954648
-1.8266548342162527
-7.574036942081756
-386.8564995874714
-490.79670747867544
-1029.3118215191741
-159.38494099683
15.024193580410252
28.501046905631032
30.954420901315096
3.2169041616138707
-0.8035743925840768
-3.926443203761644
-1.7111726784956305
0.20313642465874363
-295.51232379010156
-73.82912253916098
1368.0242471201148
-669.5619464348689
66.14372912071099
96.7544303840645
14.63611359207332
45.16136096957417
-13.78261273356612
-20.09711021419656
-8.749715100145671
-6.328988712563784
152.93622577030837
135.92065295696307
222.1194908561885
-78.67900279332946
-5.714779135790626
-5.019337344747616
-6.815421654799914
5.461318685943207
0.002538256201057953
-0.3188698085874003
-0.2154163439601608
-1.2364425983943652
-104.49930472805855
-100.72776485228665
-238.06038747840373
-3.5030693448396364
4.82340880805413
5.6495140508121615
10.592815838054616
0.2662078670426068
0.4361005498685795
-0.2392732302919159
-1.1453576927282572
0.046596849803136144
-5.91245640738834e6
-176992.1129858786
7090.923905953438
-15238.692376781055
-3477.422877023754
-667.2179946542493
37095.14585165947
3249.2465854375764
161.71806935251524
-1.1910796658205057e7
-371820.4152632074
12692.657490447931
670897.0529336432
13881.436357790033
-3442.652994110365
-571201.4802563238
-50711.98557457648
-10858.916663474101
4.237361058938463e6
273149.35961859504
48495.424766792035
46579.18371061215
5314.408444546236
1570.2904913196026
-73446.00917526222
-7079.001378183762
-2350.5745801076237
7.205633607064064e6
578383.6599502288
100313.11495543644
-882113.8066772242
-51852.90941758911
-6733.216613528063
140512.13957873455
14345.643650213153
2809.8519942937587
5496.532357154233
-894.8279004611669
-421.53718412993885
-8058.978217663533
-533.7914889634235
-93.7675508000475
-2384.4925960285627
-223.24818293990307
-48.26096072269805
484861.4930739887
10791.627206795423
-1833.4366876172207
-26959.278262940163
-4.550478701128704
297.44170613510954
3710.3350220819857
593.2206553576169
165.71909602193213
-242250.76372128565
-11296.450394302292
-1347.315206077245
-12639.231887304515
-955.721968597148
-190.41178463267408
-2358.644322396569
-244.605134464097
-43.93109557037522
-63631.500481546034
4282.809213275616
2170.5328279307614
21571.18806608042
-81.64429071042659
-289.45115221894923
3406.846566464038
-97.95407358505669
-17.860479836564668
8876.4458744686
274.7038918904028
-8.887758427910082
1742.177772313464
124.43911842938701
21.815818412549508
320.288857777798
31.809535195331414
9.734915149656377
-8618.135104834908
1008.8388116689789
424.912966419527
1929.8087724031625
-105.32752112086945
-53.96621815332614
2071.3182062247247
132.06301147167397
22.088708256565294
11316.314793814294
182.9900326737971
-44.33582278143632
2295.9638587888135
166.08649465088385
30.899750532955377
837.4634925099069
85.01243318439148
20.760326414241867
-78358.49964236398
-6137.048692171334
-1143.1391740805623
-666.8089116953416
243.10125241952593
89.90041529338787
-1371.2047471490941
-52.31695052527165
-12.78488123583884
289930.18245801766
12994.688076232937
1085.874993650333
-11430.457158535843
-500.10760092312574
-57.93178571846614
-7241.703010592859
-557.3220336805975
-109.97728132066182
1.7646220251566283e7
409255.93973356945
-36564.83577614921
369759.85118185263
-460.5643514384311
-5223.6598297514265
262236.2469708221
29379.385440298156
8574.88212245444
108121.51615438334
13636.80123533085
3256.818972971291
-2475.5400302245725
-143.95521108489467
-3.3551043299831607
-25175.341851287867
-2544.16652417967
-677.2239083635046
-1.6967399000590056e7
-1.0317378048759507e6
-155564.61616977738
826684.3532814132
30761.75894980862
409.20549862317006
115301.54076786018
13614.072026647718
4485.795010837785
5059.8456747975015
451.10672084824296
93.34133560106146
192.79523038867544
12.520894588479901
2.273903616564962
169.80477115059853
10.900247268089206
2.858237997217335
-2.2103873862698604e6
-75959.17238319377
-2727.909412481432
26309.458031974416
2023.676576920218
462.5346897253641
-4181.134363588899
-537.8157425652123
-187.73468693444858
8767.529157164585
278.57442655744825
2.8217547339315576
-96.14418991683685
-9.08372323974832
-2.0393915315066757
594.2347109948798
58.3271591832372
15.111048709765294
-488365.29783050006
-7094.356239790299
2352.997248132387
-3319.566019428637
264.92970227954413
180.47578493569134
-567.6233072771043
-112.82304708916008
-75.82682612998573
-1822.519956726434
-127.51065749630946
-21.525557939687765
-17.37906032441403
-0.13435362337001092
0.18689218362646004
-14.195614741229958
-0.4749546386378486
-0.24418000409691742
363960.53578858887
13503.426557209159
746.7045647628369
-4402.062154333935
-258.79897819601075
-46.63968905410387
-483.2352157808157
-40.302845695750115
-6.100303736911034
46.77576132894019
-22.206262599442297
-7.575521159166475
15.445756197755138
1.6263244190048212
0.2623529715492551
-10.164657158769318
-0.4562456523605729
0.04704055765734424
201171.42626435877
7314.829420902332
358.9523852526314
-1996.496579096321
-130.1471565318705
-28.33289023138906
-575.1658174780528
-56.498694401791866
-9.683543612951244
-55244.44365646777
1329.3701211497946
1034.8176826600934
-370.4266869163893
-32.15630038839603
-22.1087332922224
-12143.903602687766
-358.434311554879
64.08650691481284
-233636.7741849695
7223.458457021988
4593.449976954913
8328.051953388813
-24.065586179084836
164.69514730028587
-11492.650262966587
-834.9965932580656
-445.9286826148358
-210473.98968816272
-9631.001379965679
406.860961746845
3892.566178348185
-163.8280676885018
-15.414570950488786
-20860.723592098057
-668.8786845607787
-97.46002559427654
260840.2447665539
9581.313995114822
1599.066936520191
-1583.5493793886073
168.65916449921855
-147.82978602852862
-17067.2444420071
-252.8663585848473
429.26411491904935
-220.14682468118147
-130.45321452984982
-35.830404512971825
-77.81406015823363
-6.963262053180481
-2.0155593545502137
97.70399773758447
0.10813038259114097
-1.1371960461660584
-21520.047866941182
-1627.1133930620883
-318.652894448634
-292.42915776523506
-22.132368395080604
-12.910422483808574
-293.73072933643664
-22.890058769713228
4.697238473388423
16709.567131418233
538.5751286619385
-25.842352904684656
84.29507145358902
-6.989463344155354
-10.207840942322665
73.63499862451565
-5.127989495591185
6.56084936011085
-28986.130747150353
-1305.6699147190545
-149.9087231948808
539.7036835771081
19.55532085687524
2.9453121626426055
327.4359729107654
13.303912226393972
-2.1894253988357564
122.22520602294504
10.746126814295092
-0.11596349436021254
-70.13636683663472
-2.9716669975109835
-0.1740214163256917
-5.729416493506312
-2.607689301218689
-1.007903257900952
6515.327442808861
373.2968010585816
56.683057529224364
203.82953782212851
16.24056522162324
4.213526697419619
164.3351217115732
11.891023578577052
1.28771960335336
-2406.0916232178415
-63.933208542873594
3.9690809716590256
-157.03175150665874
-1.5945893879522155
2.6287336144473463
130.66827628690078
7.6487222068863865
-0.8373098979553344
7415.701233468562
326.67437977913613
29.598041319829825
-459.30961210544376
-23.15827784110746
-2.395507265504404
-13.502696352574416
-4.246467030720757
-2.1679356727309758
-197707.58368881786
360.595541233942
2722.7439273733853
8351.21369295826
437.4329569540793
115.54737250245624
8938.66687535048
-114.87438047682595
-255.00517423566885
-291259.5904633592
13416.982249200093
7408.235932114135
684.9440009138107
-238.70415864032907
-94.08686131108847
-28932.035344350246
-1666.6029786604995
-166.83933924945015
-749246.1133381856
-9075.26330690004
2017.2078115327988
-1850.4997301292533
725.2359540688184
135.0810111887143
17330.121130898766
-344.394652447151
-100.77158246030528
-690845.6161365957
-20320.319364118805
351.1555297302958
11489.940339790746
649.9234499861426
121.10476919392995
-9982.560768237949
-594.0457274252278
-102.87035574233732
-4673.589335191681
-450.93941985000527
-121.9653993861462
-170.92003905225636
4.388021620560979
3.8922057469617766
333.75209682456017
35.31950098808319
8.406575004737066
26337.066621925307
398.58902983605907
-136.7858220239596
-358.4653044800198
-4.7293947892547505
3.159153979185731
1053.89984402483
76.76626825565883
12.168863074711458
12368.367063855372
248.30095004892712
11.833329954339245
-524.9105047396738
-7.9841219851723775
15.512281684610548
592.3783409562875
64.80253762657995
-2.146277455989279
21406.361093017276
585.2765643665807
-24.90494120199126
-523.6035350732096
-28.935128373027332
-4.743559159192659
426.66477506860934
30.255710585860825
5.888177558919222
-1095.7866067908383
-14.971015700436142
9.644660607358299
65.92916322161008
-0.45748120171193984
-1.0431877438145902
-23.313834848031274
1.9453049425653073
1.4156172413645647
-3054.4130910674303
-77.03409966428791
5.4640100456677345
-119.1197622250759
-10.265850644348047
-2.337607564274925
-66.78464168624691
-6.096320402160404
-1.1337544571824925
-2675.1018595780893
-142.59095874876573
-19.97440693584388
297.67839563931756
1.835459574097451
-5.363068518081736
-300.5153601061738
-18.732512185854187
0.7569779394236285
-1644.0531035468073
-32.35026834652961
5.957570272499022
12.431177459120685
0.19362302103250173
-0.06635418250632619
-40.73970015136755
-3.11106297052761
-0.5684429346096698
-12234.0937227494
-773.5990214012567
-129.76507834790803
481.3668888864074
54.067804633299566
13.428300209574415
1495.0103771620416
95.66790735582553
16.378663241965636
-279431.08716272097
-15167.97262115823
-2201.057279934719
-6859.948432838575
-545.5958166768686
-122.85020896584997
3810.6052830419226
241.31223902670254
53.93197993284181
83607.33248291722
2613.8963239725886
-22.57455524284948
-1405.7851277979958
-82.16814598683538
-16.937297787377993
1646.2256894883312
150.62953387031803
43.93290211525454
-168122.60947531645
-7962.179207110049
-918.8123912694257
-1595.3989407482184
-137.38070750018557
-34.2186341234365
2752.519476995178
161.3455441466803
28.592829251303744
3477.8401519144736
153.78023607333787
16.605816729749865
-0.5009511290071991
-3.9650661976477095
-1.3538486275738395
-90.25793187028779
-4.423886937540143
-0.46343480689601213
19524.186396474244
966.2322318931166
122.90104288297655
212.4082323347186
18.299545163226675
4.497926563028579
-234.7569115122763
-13.455876429911035
-2.6523759084470537
-5508.111820832274
-206.26225581752587
-9.852988175858988
20.832619743355462
0.6668219226435959
0.09602398092874417
-74.8719843379199
-4.5425361563067455
-0.9422702275737215
6001.068821681518
288.7739150382103
34.5279311716889
52.8066372889359
4.395407871284378
1.1228529673173835
-153.35905561714856
-9.568594986700923
-1.7576488931318281
1011.6132844294091
43.85045822736239
3.91696836114025
39.11169724089168
2.7896316804316736
0.538774417137035
19.080321326439815
1.0740040868248582
0.13784877714031138
1162.308518246928
22.477083299077208
-5.271280526286255
-25.435173347292668
-2.4769766786430125
-0.6715174473443857
61.004979376769036
4.162818354287537
0.8860835197960849
2305.930477390813
90.15629110302179
6.040658325800625
12.478913101544187
1.0425874192242168
0.2311772966750752
6.893509800809768
0.2491967224316069
-0.02336280668787963
429.28752318913405
12.132318027881809
-0.4872493122329381
-8.334956258330655
-0.5060500639148483
-0.11346000149013552
29.442070958982132
2.148477055902138
0.4500125199033598
96643.94477420588
4431.222970615241
504.04625074793796
-2019.9041554972619
-218.48444747424577
-48.68903156775119
-2410.6353910614685
-155.06281802194107
-31.74936241622431
54951.62665875302
-612.9215510146759
-708.4166745705818
1899.1131719735026
67.85073404195552
9.908422624338256
1930.6948512202825
237.96684883805415
49.43963664675588
172492.81637051338
7955.66427084484
901.3715473309883
-3917.7697521907535
-311.55393389435545
-60.14747414495911
-927.6969684716403
-75.15674872856795
-21.460791604771387
7942.0063091369275
-15.315904507106074
-72.43549499220833
-2397.254324345107
-199.383822350787
-41.63444134685212
2190.2456829810476
199.62942801662572
46.428895225615356
2550.455556247381
57.82329974225047
-8.960416719996392
39.187446061610835
6.411111640395159
1.4755714730846292
204.49887415269768
14.959663581477342
3.2803126759254613
4153.587173034172
250.81066156388553
38.34118551131976
-125.78841997986716
-4.6861122273611615
-0.7007144800612102
74.37074172766138
3.4622656001990384
1.1177462459610124
1256.616417204592
-1.981441064378678
-15.949516730515173
206.5179286685876
16.381894118542128
3.105298422470393
102.16226410804518
8.794513137322392
2.2907604808045927
-5754.965058041766
-238.69004732608443
-19.61020391852134
89.25397160209694
7.98925398135298
1.7554026725560365
-108.82971643435279
-9.51786534281604
-2.20546041329176
-770.0422697146724
-24.823577882726674
-0.2469483357761031
-7.583871356086695
-0.4364924440401657
-0.032876174482660885
-45.76522186095346
-3.546350565809246
-0.7733913165339764
1223.6586379625423
54.64697183771406
5.016987315235038
98.23141649555659
5.328664872257675
0.8180978489787839
-26.242972383891956
-1.9202356291855611
-0.4661218389503298
-505.6798256803816
-14.133651609446977
0.8553244671226092
-12.694927255737277
-1.1774377093238824
-0.227007013608796
-22.492805254991335
-1.9221595310166777
-0.4831560759143592
3483.023461022013
147.67157280001015
12.700295237763537
-0.5439577268140305
-0.32793091046394823
-0.11968157836282939
20.741646584131463
1.802996279919463
0.439024105415096
