-3121.445872131431
-1560.6787450497116
-18205.771033767996
-91.7828625346214
-646.6002270553395
-277.49154833323007
68.79474163517116
8.697830995316258
-665.1004806129065
0.32376993647761043
-13.52456954745432
-4.06887593675826
1.2517912998669367
0.15098779511711516
4.843105237280349
-5.546398908388788
-3.628374918821033
-0.4910051882597848
-0.08886842864743394
-0.0065625283417007135
-5.061786277318097e6
-4.148727290267216e6
-6.893402059177942e6
-9.335232980261818e6
-3.295846172347282e6
-120.23827634050974
-6414.662990096849
-905.9277311372822
4945.496781503857
178.30474781617892
1852.6877042372453
3745.5987278479897
2797.323633455072
1596.853192711405
1101.3209960643517
-253.01217046868715
-523.7455737411279
-383.8885291874081
-204.10085557445794
-148.83583017054247
17.82051216332912
41.234658630311316
27.57957727813187
10.835145986001093
10.637780622894816
-28015.034884598746
-39290.63786523737
-32269.965136997842
40798.87830541408
-2052.4807868933876
56.608638418473625
40.508118294021294
29.20622189299407
-41.14184260500649
-4.393360054157287
-2.178030893620975
25.01361325001896
7.480464484147764
0.9430403062516718
0.18524607848285662
-0.3743221501861318
-6.609221445242173
-1.8556732757701078
0.199184471737971
0.1191049413635546
0.16859311964721105
0.9724473733066602
0.26262461045402624
-0.057724435305593
0.10434949495723331
22763.901021313974
5006.658687234609
-24167.18637103004
-4901.452376662473
1189.727426239645
-49.05350505492552
48.31089958852964
32.95626813769157
29.851766054127452
-0.6088069082751532
1.6627201327877827
-12.559474511555562
-0.5306763268505319
-5.380053238806586
-1.5683817649389828
0.041329444846197154
1.0173389128758803
-0.4277361546555643
0.5036347459937981
0.43646339015901314
-0.13262366422295924
-0.1913277191992043
-0.044334490764817956
-0.20432816958357333
-0.04087006291050009
8330.77009690907
156672.14601166456
111002.597105367
59511.93422662477
6196.056242690322
-52.88035680043362
-421.21845971399716
-230.1551789277258
-165.10139719993998
-11.006805386383846
14.368789396857718
46.80204025795708
19.10344363677905
16.36316670243335
-1.2667913716223405
0.6068706469707917
1.4535250202731609
2.4844279798217883
1.4848774455213538
1.0240380736490904
0.27007653245593155
0.20454524678774302
0.054787748346016574
0.19687048055103382
0.0142799181498019
1227.0911182043587
13230.651276501114
-860.7319251124607
5836.745717764173
326.01567513326887
-9.237983220090632
-49.47239228697506
-2.7614792683886087
-25.577093309483214
-7.950342101236227
2.3444384981571256
7.515832339502054
1.6164467241714993
4.442029157914433
1.6615253672609978
-0.46097502779361654
-0.6114663143955724
-0.35788526489619565
-0.564387675213414
-0.13213172808071472
-0.01350790911226332
-0.07579733941802566
-0.03335268088575949
0.06420560541158335
-0.037360341847719754
3830.899855593382
6650.91591147823
-47.12140512981723
-2568.690418055568
29.001800966734763
-6.710134490508813
-4.697423074440195
4.375759307371078
10.957345352520786
-0.5440924905869909
1.1200670343814083
-0.49979111414699917
-0.5095080407224251
-1.609900065129625
0.09566887726848347
-0.2633192426825388
-0.365806487488057
-0.3857899731774609
-0.20653616473112799
-0.16293657764498715
0.05561747038432825
-0.01552728675375809
0.005129759228777678
-0.021917613998247352
0.011133561004280083
