-3120.612072385541
-1560.177869736521
-15476.30968883046
-627.3010092949921
-43.70893235222868
765.5217333320041
22.52441883009501
-0.49976277213509845
110.753297593848
5.663201137966284
-1.0627043558980842
1277.6755821131562
-3235.9150747885974
1090.9776839178514
9102.769167773606
-199.77123005102925
-67.72211077425115
-217.65753582015057
-724.7270739317554
29.54880622630008
29.376543870986985
37.600474072577946
94.3884152730819
497.44901211060943
713.0009449295171
-111.04483826807392
-381.40209777378436
-9.101589922486381
-27.973223806267743
20.954580313539658
25.753009936489402
-0.9368055192787078
1.348804604505196
-4.272373295861602
-3.7159599986914738
-794.4305403412573
-1237.848272521818
-1369.4156582023347
5.49071130744504
19.047249161405283
46.30799189440322
35.921218454699115
2.416827587743018
0.3913824366913195
-4.541669107554289
-1.199134045502934
-0.5541702223160516
457.5908597007242
-161.5410208752623
2119.0837995029206
-564.1071894321591
45.23300460679445
67.99866459525036
-5.315593392069943
39.67959965860382
-12.563045990306213
-11.637883699481334
-7.975131566590106
-5.099106555940969
173.41505521031897
159.04022526640836
231.28730820460484
-24.834397741393513
-6.109352911361098
-6.104959037919517
-6.610186233026341
3.2885304631547085
-0.020455690526317412
0.2596611812345186
-0.3091027594674333
-0.8747197913528674
-89.53270546383463
35.8406752533474
-22.979928049308324
107.0352435975681
5.748709115122033
3.472571119993663
3.5658270669832164
-2.908648136441844
-0.2163750461033773
-0.5333283076181446
-0.9544830479535013
-0.1214243978169959
