-3120.534106025183
-1560.7349339272228
3232.709441939982
166.79262021332204
-80.35511701654382
-123.21607857740719
45.35655434439085
-7.213957629280557
-8.144533914580457
-3.0501279430082877
235.44826541745334
-60.36938813952198
-41.10502046875927
-11.431176802895198
2.9320049310235645
-0.9733150517017536
0.24088149791953253
0.07865668370565146
325.31746968321676
48.839479155545746
23.12243711069704
5.648668873208748
-1.8141554407763383
0.30611412184525677
-0.25321788533865
0.04317503535091818
3.6496559445817764e6
4.804055784351961e6
5.801222508165528e6
4.183918984079437e6
1.436781226933871e6
935558.8749861754
-2803.458766330426
-4507.885569122761
-4410.311566453088
-3464.2144248061118
-1245.1367679883558
-32.139128351963684
66.2762369636521
303.9192942613961
107.40211649243582
232.04599287530246
82.69990002538069
-125.82318806302797
-3.694314119356975
-33.88072071450104
-10.559127574823666
-50.83546568537732
-14.898970555340204
7.421152128144258
18.856656012301247
28.58901755052674
30.974070046451686
21.175704980512666
8.344344676684269
5.608254793226662
-0.37566297700029755
-1.0154445642507945
-0.9081484860281673
-0.9010869980121631
-0.3845609269223189
-0.3616897558631932
0.3385543891339267
1.5347968419993891
0.8032645655410132
0.845700954372594
0.21359677072230882
0.11809329306696259
0.0115826716367946
-0.05476138718535997
-0.013283791163661398
0.011410966862458488
0.03403328020926114
0.014052372402364108
-7393.843919330459
3059.1040822914783
29541.345775645954
24667.145671386228
-17539.855235203817
-24534.600723202548
-10.193949202780582
-125.75621899108755
-135.40905202920814
-151.69083420708805
39.98077329493737
37.49773287806382
4.796135813212815
33.0908564936356
27.06017666020723
35.30991744230068
-5.315604933114577
-5.278651360234269
-0.597736215938376
-5.0731734834540685
-4.015267851011292
-5.583098390534567
0.05624173940422778
1.2890341232996108
0.7493050286966617
1.2170164635879939
1.297050399065366
0.5500223574133295
0.29890929758680035
-0.4950796137714753
-0.024189355177498414
0.027802045982072882
-0.08308017394056194
0.06468069697116469
0.021393562300632066
0.11263638608257372
-0.021095936527190783
0.04070908798419339
0.04086369294162914
0.10232727330593197
0.1544739306601781
-0.05691408157059892
-0.002622532792411421
-0.03915623058534621
-0.0011174836249493727
-0.019448401783747096
-0.014587756101421257
0.009812533155657426
-95941.33034257648
-145710.42133177325
-108444.24809251387
-48511.26209275896
4159.883684319914
-12630.139956107903
247.51293620157773
509.35168717670336
356.1846770734661
211.1802728867551
2.484044808059166
30.565648730705224
-34.09943030812271
-79.5338751292611
-57.826626353595124
-38.030875858940874
-0.46140423121157437
-4.848823597165376
1.0453475383554205
3.636405765858543
2.9055560132937863
1.6061179938842358
-1.3684942230853587
0.4966353802203864
0.3302797193769585
0.8859015960329133
0.2644190346424481
0.2964965024395644
0.1938516176007037
-0.3224985917928765
-0.040290364068687926
-0.08109540716664781
-0.04093098222192965
-0.038087440247390754
-0.0035809081108600033
0.05203766791814391
-0.04244136204837187
-0.007791465672379311
-0.07911486389237493
-0.07738396242463796
-0.0016982183859595504
-0.10998390470505859
-0.005466785109236693
-0.023160107939791928
-0.004419587544238233
0.00525095024642465
0.010996349680127119
0.0192146933428711
186646.76828260583
141900.9533691773
135576.73532428962
8732.783565903055
-36703.73212903523
-3864.636269698536
-445.2179196419053
-495.5823507824736
-340.56483547293897
48.24853947062874
119.78557694838483
32.66527102611593
53.10931421404363
67.91132622327689
31.32919601689791
-23.950267444453164
-26.074076427681874
-8.145012815075116
-1.1097083530420389
-3.0099740214757125
3.008038452792962
5.7778589453361775
4.001846476184885
0.8726205650341414
-0.3959121485308351
-0.7424921548902079
-0.8880725498079854
-0.7760670454708193
-0.6312310794885537
0.08487619548718349
-0.2013780872908656
-0.2941621251198383
-0.4054683863703891
-0.24259987239823977
-0.17456964759720886
-0.10685725101750405
0.3046770077405176
0.35056320461779256
0.518145501776613
0.1669891871626057
0.05808265267462598
0.04625977469210764
-0.019461923337066363
-0.03668326358602078
-0.04019945717380048
-0.002478661753515489
-0.027284506173108538
-0.0029106892488654167
-5870.439272575109
1101.2984790602056
-8871.46263738094
-4768.925130503259
-4058.252733485854
-3906.6583295810856
9.561193186779022
-37.522950159532556
13.121504656970718
7.720350116245105
7.8948552037853545
13.382526628672487
-0.5482584672045401
12.037705369502149
-1.0834312776047492
0.8074008813994925
-0.14415318166466345
-2.079738402488328
-0.9098269597193677
-2.6765509426879923
0.02355656394555599
-0.830623642975276
-0.19325448977943563
0.25324095839978467
-0.020373340001783768
-0.003382867323329475
-0.3142273686286856
0.031656976425917846
-0.13504075513728653
-0.0890981389447922
-0.07927076383751631
-0.08698637543883045
-0.014316343068789879
-0.03795707109996973
0.013559753447265201
0.005369814534174091
0.01779520893863102
-0.01364543496593151
-0.042529501999610926
0.07344110179019682
-0.04283216436541508
0.029910058231723186
-0.0045492628919020705
0.014616278432833902
0.004950705929231581
0.00636010075463543
0.014124605325836108
0.001080569960151725
-5879.304250320027
-12708.949649438166
-8113.633620107124
-5236.501019826797
1636.2432036840023
-1017.2866830506624
18.733938996871736
29.510658732907768
10.921070442131601
6.856871850094333
-8.643650638762772
1.43565211205146
-3.761044470611115
-2.6765216503568308
-0.53629067489284
-0.15227518907492757
1.8688532491262284
0.19653045716509862
0.8035973079543087
-0.1668266865879954
-0.05743747913270448
-0.1802303993580056
-0.171800558422027
-0.08254676410755594
-0.26154185370877164
0.011515087977168452
-0.1835154407765259
-0.0020759967212812106
0.028029482642945892
0.041558929386802106
0.029486059229316967
-0.006230519267295848
0.0025629443181561704
0.0062926477633528455
-0.011525683770503656
0.0010719069838043748
0.005009531135121788
-0.06851938742663909
-0.003961238463437258
-0.011008707809307131
0.007950720091518574
-0.010287000688043745
-0.000477199248155642
0.005318777651104745
-0.0023042957456441866
-0.0013441097429984403
-0.006028883662435809
-0.004010761545998876
