-3120.2971813568843
-1563.351402359259
34392.585530574106
398.6917181522392
1127.6495861000553
415.1820043689565
-109.09415955687591
-19.666926327587994
72.62381343784111
11.730703013519301
11.686050905300146
4.719753168518684
-1.097298684658858
0.09369613096541438
-71.03841515196041
-2.078933326211786
-2.7454592059528724
-1.2907598627909094
-0.6119607552201969
-0.2574923314816313
4.304652016177266e6
1.3464866081277234e7
7.356477364794675e6
-1.2508003190042204e6
2.885201678270294e6
-3576.4272002056846
-9139.729121099237
-5632.906546505775
-403.4309941342157
-2306.249014245742
-23.215738871005172
-515.6862309333004
-132.24249598560434
327.55868006748835
-34.16052374603636
-2.5015357333303516
37.32957806630062
2.738659229924613
-35.09829020301972
0.016900783950128825
5.025968238217866
5.330421922777563
6.784103913794598
6.140696854405251
2.7392214481684474
-79330.06153680643
-252069.84530692085
-105089.6662616269
-159891.12190962856
-10041.265045214315
146.177599650198
189.05545307358545
142.14806864548592
139.98989495415833
30.364790274881436
-21.937210993798637
13.269299510922464
-17.24309687592662
2.522696008650074
-9.273611323956198
2.4278795602148113
-2.7952404749521493
2.630982644345545
-0.7645004699075735
1.4195873766620497
-0.22951952978501297
0.15445595573355003
-0.22734321973305446
-0.11012550413124193
0.025370383374178282
-32765.69425150056
-23056.767962904614
3244.2192786507703
-30349.149963350566
2116.741918029759
45.60704518163018
115.05715627728026
6.500243182894892
34.46927931516898
-11.215873238895579
-4.661775524133585
-19.296741506074497
-1.0161106712177848
0.39328697890822123
0.8568937737371061
-0.4720158135264771
0.6196818400848259
-0.7940929694144863
-0.7393282016484797
0.10457421370572473
-0.13746515531630069
-0.23685634606552802
-0.02057111194944363
-0.1830152710610944
-0.03405186991779055
47333.26799093664
-68444.17884880173
-98692.97485724858
-31908.067678327414
-23197.160203326086
-131.617082910424
-130.4270771661928
-10.97533511540047
-10.675871545687311
36.277554086880514
21.4529249940627
49.91188438771225
26.50828833590302
9.697695702755993
-2.954257759125767
1.1809927776618923
-2.8899032713643633
-0.7432737076131342
0.1889144265303
0.5638753368371423
-0.061079224629247884
0.41177978830392453
-0.21026416602632622
0.017623142170175334
-0.13110542784829077
318.09903061485244
10462.512966214832
-4053.7316726398335
6982.221850086771
-2013.496589885574
-19.921186032146867
-35.363526066492426
-8.442642060310314
-29.900453733835963
-1.3856788141307335
7.738736425341054
9.800738616245148
6.239413577662778
5.8809663277717315
1.030948026553694
-0.9989972452480099
-0.83793059844527
-0.7680118911182248
-0.46987075807873613
-0.06679042659610811
0.0030677912824111993
0.09776894291375059
0.08843094953029873
0.0992570971628009
-0.031066411327372673
-7860.685154502453
-19142.622095776096
-16565.954094811488
-5789.7101758419185
-624.0344589179253
19.24966133082408
40.939852413488964
29.816452661929123
7.91471472003012
-0.7231735571600066
-2.7293271397868413
-5.1478707479849435
-2.8794613221357173
-0.7453106310352614
0.1829809357267393
-0.1731480538067779
-0.36621634251249535
-0.37544968860049804
-0.2929172387405889
-0.13874038404277947
-0.08138648346002883
-0.1617860078552259
-0.09693276127015762
-0.041949687971499845
-0.012473659485925808
-1.8698536714395785e6
-103660.78048987746
-14945.222441461901
70056.774115373
58463.12864750404
40654.075800542945
68418.51597437728
-12338.78393355746
-1895.8496124682233
-8487.593051509934
3976.0714542275764
6830.660199424935
-95620.38335009104
24377.34481212795
3364.2190314771224
-19931.012899093417
-20430.409018078662
2140.150274289155
-6.262279832882038e6
96742.52085225299
166618.55716063155
20359.88019227298
171244.90920601386
86567.98272887696
661047.9804613567
29662.66725408864
43836.47059246803
-1513.9766917236414
65434.29506989048
117917.17030323764
-5.265344394649406e6
-196671.95356627333
82938.07097630695
-88052.34223317952
41143.44779455387
-28759.733756207665
-2.9813378788025983e7
-512018.6114174179
37416.34914259248
-9437.879162367184
-31532.43571263878
-136944.22117816494
4.500306358594876e6
68915.11281224455
25854.995176230197
-50648.48635281855
-18699.39946108057
32307.002347898793
-5.785468703434985e6
-3870.4273624751804
-46387.43397464977
5086.048733489611
8174.0195691582985
-25542.868143820644
1.5149980252841113e7
-463776.27279359306
353295.09967053507
-131142.87710480098
222654.34644299035
87113.37305573092
9.539451512896296e6
-194035.06194633368
67226.38025696676
9724.645572228132
12901.56108244406
14050.039198012413
1.1526712540262977e7
-142123.56178121956
193685.47119661068
-84184.5375346898
25454.941012264317
-48899.15544088933
5.280155643525043e6
676666.3313619101
21492.20700048037
-537915.5989132245
-170658.8041459506
84653.83818822204
-231079.55830932112
-38514.19754052374
-168954.54742748488
-70063.5815191687
35700.219349624436
20939.319743486358
129676.77422009768
21378.91600923688
-39190.249345019
13497.466745039967
61570.30453848961
3769.1232968944437
-2849.201178699925
-138.19628682579406
27.5287001835566
40.696582590274346
48.69092349196433
-13.459924292063224
981.9859956537072
0.049810089044558484
-4.000365509890711
-10.004684214916354
-1.9950654991353216
-3.5935185572410893
-1335.5515932637784
19.887232119333383
-7.197169976101044
-2.1423986849673953
-9.359814135811755
-7.9037394485899135
57472.256797716975
1827.8668146838959
-406.2787414742778
-175.24150671638398
-258.6859309761656
-60.783126445869684
3982.912789010058
132.7063510774923
37.406312542806184
-53.30011262017522
-11.061148250128912
-45.77857218050158
-1517.5574028978288
100.89352084342154
-47.16406563271976
-0.06589270725702719
41.24262543220278
45.23736987030757
-14177.311766040415
-91.02035348406687
-144.0959960141737
102.16411215031027
4.1298242997626495
47.18332368505166
1561.1093921843574
35.347396873426646
8.501349862629853
-13.20695616961096
36.66402681851171
-11.757498296760762
2784.2172527286257
5.76604679746041
4.066255433612578
-21.274455392858027
-4.4463808623353875
21.05331830918106
41156.2057579451
656.9060617080343
-3.742204864731121
-233.57149270872065
-47.64261043081109
-66.89373178221696
3581.836214771023
-229.4270352381809
111.31109399592793
-26.59738898194615
6.923158720936884
-11.577053984115016
3771.8330200950973
80.88578614800831
-53.82393067700307
147.0686791263068
-71.34109001636659
18.356740309301372
-1378.3597573757675
1580.830494596416
321.5653901651885
-252.38268304216
355.46260259648466
18.218899375539184
-1590.7845805364318
-193.52229187813722
-77.97048793024643
-13.621116891868413
-12.625119931765024
-14.316183284295814
-4074.7165242920946
123.44197848913417
-59.775290569559836
-71.86969134012456
-5.787193894626266
16.783567167481284
-16.181826075651166
-13.781990294750152
-0.9682319781534822
1.691458369056491
-0.9703877804690638
1.793698035761128
158.1417044595694
-2.536668966590882
-0.8483223716657196
-1.3627915894660527
2.0834161322538516
2.0012354194224797
-95.86326134243286
0.3666076487038749
-1.020828438140738
-1.4094892179696392
3.117850839075567
-0.09821922117335853
-11074.157262434353
-123.8522571311464
12.977742573797055
47.506133650066836
40.61564770491131
-0.6583399528806355
-1221.9354164031342
-19.22048129368477
5.764531764872629
6.980040017832963
-9.196115319508047
-10.150664085692044
39.55774804554937
69.30930109202369
-33.383360012042516
-5.357916058173985
-24.661207261070388
-4.462072000420706
752.2300310474268
77.3898869913021
-33.11458936048658
23.3941645936468
17.136738142525267
17.466841802728343
-885.4858804677656
4.863741955910811
0.36975999636618523
4.912076753948824
-1.5360436973787885
0.2688728658993843
-289.9294370001545
20.429658530692738
-6.603046591437397
-11.482176687224246
-4.381146400670058
-1.626268439620941
-2296.9943244109695
-56.06032930196632
29.61810961854604
-12.588155625275467
17.930546527048072
18.058804256627003
1226.8049981591273
1.549265010971702
-20.96950479549465
22.03593493871048
-7.770514849350816
0.7147195199850684
-1699.4731430763397
-18.17875896914784
15.091160769400643
-4.081705145911488
1.5882113638699984
-0.6917924065963956
-3858.814995517236
-258.3361629982494
-137.81241062874494
55.92604227806723
-4.0835915780243806
-8.481045782072481
-94.77148211478651
-6.524446933099015
-9.530710405100303
-7.982013293106316
2.678542044842146
1.0626469472661768
835.496182866733
-36.45828298479109
10.375379946527088
6.519476592225181
-10.623488125263323
-4.786502862277505
-22.97323628433024
-4.518033633462348
-2.285722646368601
1.7482849838882262
-1.0658593105990215
-0.0825126018671176
-67.21066412986744
-2.568242921589108
-0.6957726850419679
0.9409358798230892
-0.45831013093402323
-0.515227674712952
-92.40283668347925
1.5293052061372008
-1.546324233338392
-0.5193870430625449
0.008333810737328884
0.07270696510460288
-2532.6533855692037
-25.703236483469365
-17.731686265846488
11.779308543388812
-7.493272552022631
-0.057456628115638564
-66.1537146308361
6.4134605734422125
0.5161649736790213
3.085088645030076
-0.20093527800008065
0.46284387132505395
-194.92514008019614
-2.960797711759025
3.9409629375649526
0.5423805987476494
3.0927830515785155
0.20087274085948575
425.86652414740274
21.710987273464738
7.7182795230743135
-8.405388985070719
0.36539360030597057
0.05302231061165703
-256.42384943305404
4.416504071719947
-1.1774119282478577
0.09072168455517442
-0.09457971780260116
-0.39340367635247736
-137.3193371647086
1.6786702296053635
-1.041632785926513
0.37776617821466674
0.8855764329609269
0.23102406278592838
-116.93724758891013
22.311648392421894
-13.124710799069476
1.5781785798785768
-1.7793748705924095
-1.947559639838775
-42.232164584484366
-12.251933785852033
3.7487209472530676
0.5210812322574165
-0.10144333364207525
-0.7312346247383089
-190.29033588654218
15.102699122367403
-4.175614556674771
-1.5013524214371368
0.44365316524285436
0.5855508793487226
-553.7365142739503
-10.72861053532591
-11.237459106551716
-1.638345972193375
-1.2706971035929608
0.25431534012888973
71.0172171016081
7.1113533626775896
9.046018008008303
4.462222184234887
-1.2903263304997474
-0.39231122231063786
-138.9845405315102
3.5632523942240866
-1.6989723605950027
-0.6148654155861152
1.0020469084666208
0.44652565233919533
97.62240289781121
-2.2657954371905955
0.012607376444178005
-0.5945809723016954
-0.8895072989050072
-0.43918554250260483
-12.519378586891314
0.3254953808115854
-0.019549465764864916
-0.06306585812233964
0.007919411914458451
-0.0026964299514433613
26.606908971231334
0.2530638205403851
0.3171717905480323
0.16965431304857284
0.1937025498165069
0.08706786993925442
385.4320923213846
-5.476166947838697
-0.3767755940210748
-2.058693615998227
-1.2348917379275544
-1.0111891806590587
-83.84375269479781
5.126126915162946
1.068132043939349
-0.3321567523973275
-0.02131475158617586
-0.03907817119504656
56.52442839049178
-1.0249429672794428
-0.6618371478864653
-0.05064733740395069
0.225787167704108
0.13937261871773338
-299.0116778773643
10.36822793122592
-2.2738731709984554
-0.9823656614707124
-1.157292220248521
-0.5459728105604464
36.086654640689915
-2.8466061962766176
-0.46788917164618155
0.17737841755119088
-0.13262341089729937
-0.06434383580227299
38.61543802324782
-0.12684000128211967
0.49535215057748316
0.18639013956117548
0.23555529722576496
0.1009507447632935
362.07272764775655
-8.995998769544224
0.05938758284131001
-0.7722453901348875
-0.288301234076204
-0.02270555579952795
-28.102696065560046
3.918974783782034
1.102989600824426
0.5006766611409267
-0.21915595914200456
0.006778999300062819
-32.47663291308275
0.7043290847103348
-0.05698228278733894
-0.46165869675191945
0.44145572478177175
0.13006947588127776
85.48073256460727
-10.02005351968954
-3.4728659327600155
0.7807821016066842
-1.0024001518143664
-0.4126070961754799
25.931134489095417
0.4815999844819325
0.9026819246094289
0.28798664625125237
-0.06878832221234026
-0.0033989704978571516
11.865514479597616
1.029918096143535
0.9860439566803266
0.31569813246120043
-0.061343931607062745
-0.03482937238375548
548368.353436822
27868.083032833554
-7727.5908127870725
2981.1657856686174
-943.3727201906119
-5302.733057822462
162881.85980309994
-1866.1625747891921
2158.044299176493
677.2686870365669
-124.64372576840935
-483.9134913245332
-166543.74883644673
2090.548913629389
3750.9576350626094
-1430.489858810204
-907.7423216484538
692.0609309682006
1.0923750250185773e7
1.4623198980729126e6
19993.665563238283
-352273.8911924287
-514133.31950092706
-33178.09209972807
-1.2791742914465326e6
95768.14941028766
-125753.78740940974
-72760.36468850679
58200.20129191669
71929.31873523844
1.962582449389688e7
-609946.9753617205
128240.99880587841
159566.28874891772
-24364.82452033094
-42646.237900748834
2.46834839888652e6
-51542.47455138004
-1534.779528926682
-8891.914948133845
-3740.3372257295096
47.68257601213441
-555493.3455860808
852.5937143483975
-5029.054904750187
-708.7436591398907
-2113.5106638391517
370.76677526701866
-139644.7739635032
-2333.3851413102893
-14643.418236088619
2721.0040122410232
-1969.5279451936879
-238.3830516271115
2.8461326628913682e7
-1.5835605472491458e6
60287.31278237014
-160836.71879428407
-82013.53391053308
46184.82290056347
3.7937570688407854e6
-94259.43111317913
10754.279477104075
-21540.298465541076
31943.81038871425
44725.88364099659
1.3025607762603248e6
81220.5419465835
-63431.707254376
15531.182851391586
43619.56128476095
4232.680364313696
132638.35762795835
57141.90946782837
28611.047531627875
-13331.505200706315
1010.9123534190687
3051.933237538757
873104.620520334
-23294.48059494105
8605.400890687679
9189.898745051196
-3747.070524014917
-333.5784999794775
-325170.86343451415
12187.633079808751
-7561.680208949718
-2318.1786683551386
-186.12010550007386
442.2741616379638
-45.451675983967334
-2.826701695175372
1.6423200961975306
-1.8294116910511036
-4.352615174521109
1.4372888553060144
-106.33138358941305
2.808513635850739
-1.885766838439759
1.3988529841941133
-2.312237430914693
0.2440950589910914
82.48954421135936
6.803443813603127
0.9773867715902248
0.8286237033890436
0.7205043637847801
-1.094185006103454
-73785.8536015865
-817.7164051737005
245.49884960108287
783.283352600755
285.49199216204715
5.8726443362587695
-1433.5123033660898
201.31310686018927
26.71116517742153
-67.05533516482872
1.84854873541188
-25.576926077688068
-20512.29499106535
478.96926178862077
-297.6629584279
-227.01854137936874
73.20944771308903
51.20126795201421
3170.9673734856688
-6.327369354216342
-0.70847229013723
-9.263800677983976
-0.9659543622380949
-3.5714741008750686
304.8319170711723
0.030575061416069985
1.580958468905037
-1.2272678619007764
3.136584854001105
0.8236503640887427
-23.300790648782986
-7.52247922619774
-0.857859046037401
-9.285624617750601
2.435253615933323
0.3286341593959153
33248.3912245315
-604.4241642200423
-148.3002253709472
137.8282454685971
123.08117415411603
-20.11710277507242
-3012.05118074607
-50.92429401147316
-48.220741184374596
-2.3754137418159478
-23.399346969851727
-28.541432610831716
-1505.0593339592954
-76.60130368084563
-10.262485212800412
-30.942713751316465
-16.26550099913908
0.8294914115876765
1637.6457824735044
83.11120557368473
17.401092130883434
-9.863462858134627
6.242733588994647
0.4479479681113615
-645.2792233169488
-4.076674816649224
-4.800219972202043
0.4399738390215898
-0.6908909125319052
-1.2756819495425307
-109.1552870123844
1.2712535310268163
-1.1016224428383938
-0.6835374728765891
-1.3528993425054396
-0.9118515833312214
-90.11700147758154
-2.7509004990435333
0.3283118980775209
0.29060930590350403
-0.4213865413990909
0.39913534775748866
-78.54638976571074
-0.5228154489050195
-0.1709676418250297
0.5076701279699766
0.15233910977574183
-0.032718329242351886
1.4095707155634654
0.6903737894418858
-0.0991068429074809
-0.05236731184807962
0.029490542806297638
0.08629672592062816
14434.262532512565
-154.93761406981756
43.44397718296531
2.455078333647458
-2.694728469062862
-8.262548407755032
139.348257879518
-110.73881375444776
-17.36341635007775
19.391532789134367
-9.618319798500503
-9.761938274718743
-65.524998342548
-10.545497907160406
-4.6430559227087675
-0.6307103928528931
-5.328053558068708
-0.6930487427823657
-137.70847840191962
-10.802906919932221
5.333239627753234
-0.049809000786960045
4.012728953286311
1.898220033372366
55.170398445207944
0.9216090850612773
0.229435248826641
-0.3863775347260483
0.2642892257656091
-0.08057944069143999
2.7202827814998862
0.2615094206742936
0.42016685967672995
-0.23440492417702394
0.7327788203970845
0.2302656046528983
8389.627162890412
-96.36571864772482
2.089762210402726
-33.20726150589311
-3.505421839965674
-4.253408024517861
-479.9375122947806
15.278956147693394
-8.890935195446101
0.6066395179819634
-0.09799438956051047
-3.4362078886531435
222.01013723350093
-10.444108801938102
13.226400748618376
4.0200861050208365
-6.5632613566204006
-1.714842562573203
-220.62301196835338
4.341581244816731
1.3091007952398839
0.03646937381668591
0.04917293010852483
0.21574659230464932
91.91082778055716
-1.601362743138822
-1.6981620724899307
-1.597692126018343
0.8302301696318043
0.29286207581450824
95.49651226907969
-1.5479411536565104
2.241054526852248
0.5400084006358485
0.39312260317768377
0.12269845680106037
-23.128847078625814
-1.137414104924153
0.4293556918552107
0.35545043298076523
0.40956751410449727
-0.10196751629538157
6.13572085725806
0.009212300247055025
0.036645882247229346
-0.009222958774000947
-0.05815289881081651
-0.018909485237590083
1.4077406129666474
-0.26550132618189765
-0.006744645711391824
0.021094237218397958
0.01262540604596303
0.046420310909436956
10219.753799463235
-178.20261567604737
51.223003527226425
-16.60983829164532
11.669396345172071
5.056196484002319
-130.71229612732404
22.994839209718755
3.6575742549626966
-2.76241319259661
1.3649779980984207
1.4585478365884748
101.05370068346328
13.786029687132901
12.47502038482032
4.387348940795042
-0.7871626862723528
-0.3149935906780441
50.311796578222136
1.3778800749648636
0.7390954030550236
-0.6059720482536776
0.2582470468414206
-0.06086399648950042
-38.65065970850448
0.3379630866028459
-0.0534855143415335
0.17425626093586633
-0.16032957772468767
-0.052218300503469914
-9.68075473064957
1.2149222655825427
0.2072524065461852
0.10322278953771047
-0.08932680814586816
-0.0023100688080495615
1209.4535393047918
-16.972469202092388
14.185934505498548
-4.306459981324996
6.136757589548978
2.5833297913884223
-53.544192429228474
2.851627868491582
0.039890965208456385
-1.2524075530716625
0.4058248132564938
0.6696036180894973
-77.38000150330299
6.5878694878415285
-0.13797098027537003
-0.3139307947773108
0.9263470964734983
0.3338275046394719
-126.81329762438575
-5.251654465138953
-1.8406903030390147
1.1228468916387258
-0.22587572773675185
-0.146530416217538
-55.30645358908832
-0.3107631862374361
-1.1108117409414204
-0.2569794971664836
0.011782614359496544
-0.029051124477318918
-22.046159103892172
0.5671105694947279
-0.3487800118438173
-0.10973810571694519
0.012857155617893396
0.004071185461737864
44.10317188401674
0.43113741422365903
0.17836621110172424
-0.26003375188795214
-0.04025130517754167
-0.0005693533485077934
3.4194390145953952
-0.00464761499568146
-0.0050577456847578145
-0.008172220784179821
-0.002436956048321928
0.006330040818907947
-0.3542621830573225
0.1308022939262995
0.02762419922846088
-0.016196638181489965
-0.00862716506592753
0.0028519509452183704
881.5139800715713
-43.28643961210501
-9.577206825918774
1.7029048873318555
-2.043517053480579
-0.9974690251625987
-27.126801338523997
1.0516720362251746
1.0797575535932589
0.7690067781832267
-0.31049314315568854
-0.1349195421437612
-32.15629239471855
1.1058227474180735
-0.46920355979603107
-0.44148385763770015
0.1299730681640635
0.059307317428777526
-5.276952034229064
1.6795454195738557
0.4566660976026559
-0.13608014075198702
0.06449637020229385
0.03547907369684009
6.8119507253441105
-0.05826822014268666
0.11004670986139264
0.047470034106426695
-0.012281257793226757
0.004113396826722277
2.09518950578208
0.1837678038630683
0.15202134106228102
0.04980601432421123
-0.028607861406168437
0.0059351669067719765
176.29205538750494
-13.378251768845661
-3.4817456737606594
1.2113395594791512
-1.2484975798537414
-0.504690016841233
-2.605780073495177
-0.639189070014717
-0.3797151418722056
0.04821545376312999
-0.010324694944057246
-0.03843152025231876
20.355513943329388
-1.4375052614553652
-0.11609675999644199
0.0656586741354617
-0.07464725625302959
-0.0389619836047818
-13.258677054011208
2.7515974339817286
0.7075770552076639
-0.2937716856291637
0.10852964955672116
0.04812932827073562
4.487058637104688
0.29647112043467194
0.2302719287249918
0.045571966569721595
-0.007215300024208703
0.00886877401640841
6.842907363151673
-0.606323238543568
-0.2066262985227796
-0.037643464947281643
0.016338322369681947
0.005770391699485333
270124.1117625422
10395.345385836805
-1631.489323618609
128.8393874478047
-209.708602816731
-1141.5582170344137
9862.387352400232
-1476.2401439857476
391.1798653613738
-413.60690234186995
-845.5741523808679
-251.13292708871484
-6864.28949508914
893.0871890461533
748.6400907067862
961.6129200128324
1125.30851926546
296.4455372034057
1.8277572449787452e6
48946.68712023769
-9956.609779889897
-2922.1100697274187
-1031.4366601581405
-7322.6717418605385
-39684.87509483134
15903.97206469174
-4656.188458806967
-9746.619040577509
5725.238271491892
399.4638864386322
29603.68609161723
-5172.529830021397
-3831.3301669043412
-8563.640063047758
-9626.30022282726
-663.7316585879589
-768825.4356167364
-16504.986897161307
-13981.238699844555
5962.022008229928
-1128.6578232156728
-6013.902120636965
-296171.7565235058
-831.7018176048881
3421.423700104388
3279.0556835431757
-2393.543697527012
-3506.5409543274995
-385255.5016247159
5069.731354606347
-2429.717413226712
-1025.2546292701506
2087.9821074890656
-204.65221825890623
639050.397807915
-20571.60347069357
4021.412114386509
-7778.215888010188
-5989.822193901392
-3436.9908906348132
-17638.955256856283
14760.91257863822
-7287.996057038163
-7756.5523527738715
4851.372527051603
1901.1602454820463
11473.487703983537
-13417.48750126717
1150.0857101752158
-2522.9140455025304
3232.816893181069
272.88168889666673
1.1747610389895444e6
-76134.43306248517
6829.307018270432
-3012.024754723092
1350.2639798269138
-1657.090673847774
125571.16398263823
-8775.968168966154
2089.0754387205043
452.55721497416374
889.3778624601537
-86.32920285172082
39021.28538653665
11125.421522499975
-711.6281977611885
-4167.142107126817
3303.2509201860175
499.8427385088668
-24.434772608087158
-0.08113954477698133
3.1139400682456726
-2.121399813066494
-0.6031719004958932
-2.5634598832390156
-66.75289639799941
0.5505888176110658
-0.0799109538601695
-0.36535248410738197
0.9014275512037229
-0.23025268428056556
84.12107197478537
2.191266942405399
0.5598724233253283
-1.022648918951151
-0.7377587383648843
0.3423185349909575
-4733.151552691307
-112.95226302677297
76.29071140800991
-8.1434556910694
31.815611338309992
7.959392490537343
-1252.5091759606312
20.4587386972452
12.377678633972621
8.316719462599577
-7.783285887754353
-8.578903014366151
-627.8349531913447
9.122731019255243
-19.54033275240422
4.049380283244273
19.97040569026027
1.5998125885007246
-988.5582517793266
-34.20664414384375
-1.236354162251822
-2.8414701981788344
-3.781158197995038
-6.219971620984366
341.72816852157035
-2.4707164953103784
1.7644459349535786
0.5498584633560716
0.3835287638813537
-1.3109042741822807
325.0352710482279
-1.52018354650032
2.5372727316338928
-0.43103489154160596
-1.217828336601269
0.9643794717531051
2297.300718608017
-191.6717708766929
9.161665754256047
8.630566396980788
8.18718052590175
1.1023278034537034
-1039.6968229716833
-9.247372202398898
0.8193217748913576
9.545156044157912
-6.854696807282312
-5.227283640415772
-62.40483688750786
11.529092576010466
-11.791136432592046
1.1638987496870719
1.1020323897686928
0.10992808408227545
3289.0855478583017
-75.3297712319348
-4.840324890670674
-3.0662016395426512
-5.644185156838025
0.8078380155509741
286.88543110457385
0.16425440770046848
0.11714942109362893
-1.9298975059779533
3.514359580365849
1.2410103404672304
-89.49796176553194
-5.649536945918437
5.252607868254219
4.323450208410577
-0.7124452236815918
0.33011001322805
15.970943641841732
-0.43868577828471617
-0.34870259559839734
0.47239120509430393
-0.03564128915089069
0.6073246207296056
4.554534981612908
0.532191588512182
-0.07959839124433919
0.01911867909180694
0.1238172644646117
0.04208978700011917
-21.366965156807808
-0.16471686630313934
-0.1707080649849731
-0.04406968945072946
-0.17374388027442664
0.0049831787534387805
1065.7430505452123
31.3680965907459
-5.441504245351074
-3.8737610081609732
-3.37206477956662
1.0632315724416184
-64.02715903832937
11.503814599505203
2.260151088201359
-0.28963911406729426
0.6898247260310757
1.5604611524261462
70.47866951926801
-4.191246810578817
1.7434527806702567
0.34489323276422973
-1.0313036131022202
-0.0036489495079765955
-11.408367906113261
1.8977341231557012
-3.449650770405602
1.9388746286598202
0.16423373818470594
1.922315381745651
13.272072655083393
-1.047084094900803
-0.16621911611547052
0.3637945776125549
0.09031217142082731
0.7047965097873251
-3.403739093426323
-0.49186867197565487
0.7759482560755286
0.5916907769541802
-0.20761004583285075
-0.06915009634142896
1158.592998508395
-33.39146351457354
-7.863718189446154
3.2664112280905457
-1.5906449638504774
-0.20929907019991204
82.18826805197777
1.716577403181382
0.29326123893600897
-0.7500532784544337
0.4866914935141226
0.5214903266015599
0.20639997917997505
-0.24076658920582056
1.5304381977980588
0.21632399961850143
-0.9404898068203872
-0.09796262951365564
503.0444158523022
-5.623208302639103
0.7818363885656766
0.383079635527188
1.1431684310218835
0.29541349672600076
54.58189308414733
-3.3231217616891624
-0.9254351260311411
0.15649132749708375
-0.5892363001521488
-0.24649878777657364
-17.064698795225066
-0.8219486145936158
-0.9423725461664881
-0.15462447646670371
-0.4284948651877173
-0.12742796748191124
-31.651597124802656
-0.8643088220451749
0.07592032085516609
0.010375765168935323
-0.09884048354962682
0.06704174982144144
8.265505966091274
0.023064660511313576
0.11953125343881853
-0.0368830612862787
0.012606621573220463
0.06601930164747714
7.227876731661687
-0.20826996752238175
-0.0298296382704822
0.1338699067273948
0.035608099744375205
-0.03773401950518147
239.4246197843648
-17.162478488160787
-0.41735350659974196
1.6856106803192112
-0.3846477202512227
-0.2673768632648216
27.7319916523269
1.267740687605542
0.5620906825028057
-0.06792078121112141
0.02318276092773766
0.03991583587366987
39.62554493593554
-1.7973082937769276
-0.23560194102902657
0.0445257693012063
-0.2661871984750546
-0.06472229571290936
-13.171767232442013
0.33509490581556023
-0.6590658420678025
0.026821497111437807
-0.36677958409330147
-0.17542142730937152
5.47637586675495
-0.28152874935647765
-0.1381930168733777
-0.14918314465007018
0.04207953139327831
0.026530118076614855
9.333226706980504
0.42953515611322823
0.448531418528503
0.18783044702633028
-0.06420363486723078
-0.0322913767155572
473.8232055219385
-15.423766537342788
0.42555343591081535
0.8218001742945931
-0.29488126118766445
-0.13775867558715135
49.21925764329299
-2.17891351445551
-0.22653978747833112
0.030925710290604952
0.020467583104831797
0.02858331459085132
21.7694592340363
-0.8799088445269928
0.25230391252334244
0.21395252734946937
0.010031782503408389
-0.01779515372244063
-194.36513431387667
6.076105269316709
1.221226955912535
0.34956658849308925
-0.13605752112263736
-0.01896890118294171
19.445510790289248
0.020251879486650304
0.46714169113827203
0.11380288434987905
-0.013653436664435692
0.03480407098349515
23.535054949176658
-0.6287860072569932
0.09373488979718576
0.16262765877259913
-0.05966791229970058
-0.02399399078173875
-22.564235779307623
0.3969364207955997
-0.1670741648110615
-0.024580129663786046
0.009025889182245206
0.04028816641807775
-1.5461598513874453
-0.071867432990325
0.08723398390491333
0.06483003859781562
-0.011719738378656133
0.001330414342655679
-1.735895273200711
0.33787744980027234
0.07637274546295994
0.01080848859735806
0.006930658529782834
6.427759437960414e-5
528.1278642300678
-6.306006309872376
4.873463268204162
1.0563982561680236
-0.2423691947485971
-0.021948450189712886
8.54980704787431
-0.40870196527438385
0.08450413620914153
0.09018238087200665
-0.02218841518797481
-0.01483943057276514
10.140801570740312
-1.3157239820154494
-0.40468085294312506
-0.02054329907295668
0.06777194662342854
0.00773490162559496
190.0516624419089
-2.20287407693037
0.9019593075257196
-0.15506179973110257
0.11675225661935341
0.0332911400656875
-0.5872418502511114
-0.14223930063458198
0.04040480194274954
0.04614501071447266
-0.008707845846665641
-0.025715036004971197
0.22132506789468193
0.28891015055509456
0.2718248940564612
0.09674240738173041
-0.01621295578566515
-0.000283862657534362
69.86738861053924
1.3347124594313597
3.4034843277784903
1.9367638569859025
-0.6044425143438993
-0.15584101489788574
-0.4236407368614971
0.46882555407769017
0.38823680136282623
0.16721393713690216
-0.040196740985473205
-0.018773664829036085
-3.5404998573990603
-0.13713316932616648
-0.09251092695042025
-0.07196511477422524
0.019934615315078705
0.00598900151149338
31.367137300255877
0.46830093383873783
-1.0099453256216346
-0.7599169794534794
0.2502238179593271
0.046616838479086056
-3.477753987513976
0.06085646309711172
0.06608477520314383
0.06746938996771135
-0.025565490509423396
-0.024463558648510363
-4.4508741328429595
-0.03393318964850622
-0.0118054895672694
-0.054078564768429156
0.03192752021478385
0.0065282410411827965
684123.8882542284
29230.2852073022
-4187.5127093429655
723.1225401231402
-582.7311298771073
3068.9218087278186
78696.02489485308
-1159.964455353704
660.5967719063781
-1815.086358068021
-576.068045540464
3776.973418370771
-28487.419077320938
-307.21584728665715
1462.6923421979534
3191.578478010427
1108.6561740499724
-1388.45741175565
180829.11963561314
-224711.33459768698
-385.37043109182974
13040.901930064183
2662.362135459302
3092.993342128122
845998.5742758731
-6206.093991625027
3595.829828066222
-3239.2792805611757
-241.33369551952705
4592.305550034088
355210.0743617897
-29536.45716025967
-13032.628971955653
7248.286620273966
-2478.0717363687686
-1392.7787588926167
313596.9144076771
-4816.908702878583
-26496.68972084137
10361.078541715608
-3986.632292798524
5447.531969640236
-159765.38005376613
11324.643472488166
1397.3784172644764
225.77324940223866
180.86225669422484
7857.974949032178
-237310.49400207913
4224.4053325241675
-5660.014830529656
-3293.0166119424375
1895.2377888924673
2330.1130828760433
1.2319069882129957e6
15881.55119324537
33810.3446418979
-11009.135319279132
18254.82400669734
4504.311288354618
482810.60046691424
-34256.33115285822
-726.9025902845004
2755.7845319440976
-1539.1514912734933
892.0758526900715
303708.1509700197
-13127.967709299975
-5368.245237083237
-1453.316062645878
1309.6449344267621
121.74935004990158
2.590444565327954e6
-46373.10219247264
-1444.0241994772862
-1532.2482872790144
3971.30013969181
5110.34209652949
15293.871253308273
5353.620197624062
-5319.329512170948
-1313.8306837028147
-1771.7392692262056
936.7425685145547
-601542.1861995537
13174.123311539945
-3033.293895782382
1544.675363574233
-3085.6304364561015
-170.94787293994048
-570.4680816629443
-15.262144995805064
13.794430992754553
-3.9217112870643858
0.739372775416158
0.5512760261466837
-5.846561712864405
6.759757325515048
-1.5503446241279017
-1.096058348523023
1.3394582732376017
-1.7897612968568377
248.3758063355365
2.544914519860695
1.2761846548216043
-1.56052028196184
-2.0731076340198946
1.0991572491795116
15443.324031899056
90.01633059880018
-83.54526881543663
-21.073474878149927
-34.170238963738186
-23.621890141593074
700.5234525650579
-49.06650095956504
1.9373546880746162
-1.9055557382464092
2.487310347590489
-3.0645563578259662
508.5434314344395
-27.906912477263873
-1.149584484121291
-12.628823403760624
3.3298498872199125
4.965610563655645
-1144.1020258647286
-51.76468171014372
-7.74610995597148
4.1232992061831935
-4.8331364222932445
8.9882879343364
449.41802849832663
-1.4329280531379438
5.258420501636686
-1.7290139106374471
0.4602556554599751
0.9847093570183267
599.0820930671961
3.236534126965656
-1.4193381489850434
1.6000765619681614
-2.1032262861783506
-3.4019428649218764
-7738.172919960662
154.1304706726014
-77.57466143537101
20.18008504002385
-38.07818058614641
-11.666586077768974
-246.89104382427263
30.428503500663705
-4.606425498533491
-11.863877776199997
5.208298825810862
0.22664127143150684
-359.7759906529752
17.82592919498202
6.306405677288367
2.68567648382512
-0.30380711845034797
0.736124704972767
2412.1689887410716
-34.057313438655825
-6.66028541761871
6.5191822413143425
7.559428773447896
-4.211868866724675
-698.0832290499501
4.715930766150887
-2.3309008579120474
1.6257121131632888
-6.464336538632483
-2.436638260863325
875.5814865843041
8.41758203599167
19.609854983657673
8.57986656907139
-3.570010057599753
-0.25654250601111106
-126.81514328875238
-5.119168722785371
1.6809778230037873
0.4487011094517156
0.5900806940602389
0.2237670095401594
22.413165010411923
1.3030279816951709
0.021973073296031886
-0.20980560838965226
0.18432207674126516
-0.004573310311376646
-31.669563810649052
-0.7900911178594098
-0.1096128491780971
0.004415149701428322
0.014440332820668745
-0.3967597503060662
-1795.3211527708188
-54.38806438222234
11.022248229203488
8.078433075106219
7.648690032360748
4.128774964548518
-258.4038927445826
-2.4984087391662726
-4.635926604173781
3.5824306252843385
-1.471640581784114
-0.6453189495274694
-14.345386186370842
-5.452035197117146
0.8722211392062444
1.7349189970433343
-0.6424028140452895
-1.1919511263268419
-453.4442569498902
-11.522188840346212
1.4058282158059696
1.0298004299363266
1.7535006759807055
-2.464141251654529
76.36127535427136
-0.016550574245359485
0.03938124671038807
-0.1124209942333643
0.09631840115853776
-1.1248968875682357
-35.362919347338675
-2.3690092818062793
1.6979238879586531
0.6585421811552274
-0.46000386000917415
-0.19366960411838344
-993.4066130229716
-16.64285287557662
-6.400952333571916
6.567564949318709
-0.36104510792132716
-0.29507332236833883
-245.89424364317085
9.523578812429372
1.8923671695295485
1.8151338580168255
-0.7672689785553944
-0.15908806758825783
-70.04298954369646
0.6742346753874557
-0.5022325513724945
-0.8337678150269229
-0.06758846201238242
-0.1892134286324868
-480.35029959475776
22.81077660974929
8.299257047897118
-3.302649472329645
0.3389528433981342
0.4282818226442717
-115.09867813338327
-5.135783255954505
-2.2055671006509012
0.6014501449360772
0.7335413201056782
0.047317648870132366
-113.94282272480862
4.3123110253991985
-0.46051499297135445
-1.617796333671965
1.0802303780060627
0.03346634001280177
-32.33386683839981
-1.0628334607020333
-0.43113716237448424
0.6484017987643502
0.33795441022659556
-0.16589826361492135
19.084169150821303
-0.011635272496338197
0.3405745788756077
-0.10370956122436219
0.057786214143140155
-0.09238489038604174
16.596609698147766
-0.8158630862863969
0.13022614210937114
0.03152240258636104
0.02219817728737927
0.06491842912372915
380.0299449711642
6.43312272465983
6.771517932125028
-2.4454246672156583
1.4777557175377247
0.45643768452325106
51.70445373913751
-0.7772426526539687
0.3169329873930713
-0.4031838406744741
0.07604088989557306
0.05939254253821905
-46.97204542352734
2.9276314467965876
-0.8627675213166993
-0.5901729152296437
0.3064505159479118
0.1831195224772125
-107.10889681004785
-2.8609174790226377
-0.5800701983094718
1.0287653757420965
0.13755244360900942
0.10710420401279802
33.26478075567805
-0.19801814382243382
-0.010431107982199624
-0.4073991170585668
0.20079509987762653
0.010900083570623236
3.982136601312833
0.3942629860447014
0.4833927079903133
0.21534612401952774
0.02601771195372748
0.040468517672021316
-1236.1787086421018
31.340470131373475
-4.554868144062518
-3.353218445824866
1.3195575624601725
0.48679379378818644
68.51195434832
-2.1508540964773135
-0.32541718067366837
-0.275042688790663
0.09912746506796202
0.03203875075955839
1.2582268514525723
3.9492532275368717
2.2577227322043694
0.6901122025396214
-0.21405477071902676
-0.0013937267250611041
-1662.605029898177
32.79712654741202
-1.2973366928360184
6.04824187345193
-2.73152812717205
-0.741938438882376
17.07826630220285
2.206433134269568
0.5643382751489706
-0.32648696670773614
0.16268490425138887
0.058548720740349586
-17.293121534683834
1.1091473919148684
0.6581505437129022
0.14428186081487
-0.0411734195223651
0.03809151412218055
-39.06607410317457
0.6045547707596969
-0.3405047022316462
-0.034813973746871854
0.015366041202265708
-0.07449053738893271
16.561401879248347
0.018667935786775752
0.22851860796771675
0.06665630174163546
-0.038222870575977355
-0.0141323777053351
-8.125759960439948
0.5942007407647782
0.20823976565571525
0.011941146641617065
-0.051373663719744056
0.002377706106340414
-941.5954162350865
17.652385780152553
-1.4577840570622362
2.6063673815727064
-1.413608310411944
-0.4244315397653511
-24.840600525606767
-1.8212897665334788
-1.3045147361660951
-0.1883235695197853
0.01796187757026789
-0.012191734344462414
36.148088491304016
-4.977444917474699
-2.2227488489481475
-0.4425471671022422
0.14871247974140533
-0.024561712260528914
202.9588694608162
-4.887629101504626
2.413302632209654
0.060023597315747274
0.37400956159280724
0.15551110920984107
-0.38264602104102535
-0.0021504661088901926
0.03120949561918341
0.08434238382324373
-0.04736737354940006
0.027702359868048275
-20.411697040322633
0.9739204404642244
-0.2630861446959363
-0.256429716188405
0.0733556702620529
0.003916801952135189
-58.63746795853314
-10.593441383208386
-7.285164324513776
-1.4631402254896329
0.17917411440971
-0.08710309611027926
-33.00303335723738
1.7140429082508122
0.32609642740085987
0.018309163993959855
-0.016223285055852917
0.003948937378438582
9.868057820991616
-2.359164310889165
-1.2864048105181183
-0.3496048406045445
0.12692775941160434
0.010056158373824807
288.5621207062416
-10.793469512775797
-0.001206318407526965
-0.28563546705469584
0.16272980288800984
0.07397674587284059
-11.497134153925124
0.2206615907876614
-0.23613347892639933
-0.1511513844799025
0.04746932557292416
0.03833089080314499
16.446610273062316
-1.4983719751140971
-0.7352709174196845
-0.0830318675974211
0.004972718442246396
-0.01755283864748947
-246644.79563105892
103.63439233672358
1220.9056393964422
420.53944015723863
152.65544283804385
-77.51622262823292
-13135.587996512702
193.58709809433222
-12.935163960354862
479.0971951907861
-18.855037238454937
3.46848439472936
-15917.54451645208
-511.01785797848146
505.7193564933463
506.7612068453676
-405.8295580082585
-35.48185245244644
2.5687282528772787e6
-24803.382079540665
19526.87735108083
-6112.055709827099
7191.207472436447
2532.3579766170255
60499.99981592888
-2196.1156008675034
-4544.181941939455
-2970.619785641054
1540.2296161422653
351.5633066032644
324864.5602518723
-1345.5171921306644
12509.17772933358
5838.711633729223
-1786.723716675646
250.36329814029355
232600.04637225112
5741.195026759612
-3260.973202402685
1087.9796569757154
876.0633294688193
488.8710457982326
23486.14617202787
-413.7856395413146
-1975.2239067354574
-1390.9376588156604
864.0631481136761
212.187463556648
43027.80778846525
-6823.767921520384
1230.9536250610295
797.5610477524833
-729.2989425313692
-90.87156320548566
742555.4723311958
12789.528336886611
8981.606849459546
-6637.405844268024
3472.393440806462
1396.3751335524285
118363.94787326918
3218.3016457413323
4257.451292075799
1427.069333050108
-194.1706840369357
-0.8249591451161978
6705.2603802969315
1012.0194492871985
638.2670770568599
-707.879340680721
367.2690635511601
151.1844320870871
422589.5999166427
-7886.958298244361
-1650.648673786874
-1405.3146694379357
1.240047030728579
332.11285875300337
-25629.982735009078
7626.395397282969
3919.241387885148
969.4562392995903
-282.7080367457599
6.786017431560181
-41064.96376380051
5026.06674663641
2685.0143455057914
1170.3530456357862
-645.3687794188301
-202.1790024187262
106.90994619823437
5.6840558582415035
-2.7388949238323486
2.078244547070284
0.5203006536519059
0.35213890576733803
-46.163532400531324
0.13252581241504996
0.14833085485719877
0.04916502612299038
-0.40523108268394775
-0.1984001824067994
24.28681575982135
-0.017694490766758973
0.45413698437853184
-0.13175410752345657
-0.0730626162095977
-0.2840493084389232
-13076.748245197527
342.35353453194506
27.517468324506417
68.22302351413164
-39.27242383239698
-10.216369346963083
1624.6173140016067
-125.1318248530894
-20.076401666925232
6.140314495455989
-2.3525763487988227
-1.4794111546635818
-1634.305841751099
59.720136508389295
-18.82827817349561
-16.902518389251203
6.4950276112840735
0.6435903514772968
-404.74946356899125
-8.698300421516816
8.427008207835453
-3.8951072737838017
1.0773216995313157
0.8062955443238542
-63.61133306441245
-0.7805189872759951
-1.0456298188103623
-0.6542492398027769
-0.5867726281926908
-0.04535111791321402
68.42139935871796
2.020912611342505
-2.541952288494925
1.5542984677985772
-0.2041640333698514
-0.39421724215195925
-186.69529765644438
47.474275359562654
14.92532568238324
-4.001404624904339
2.7056002665230494
1.4013283055881562
23.082398794951793
0.3313415074660801
2.9779227058956774
1.000214184064891
-0.5300054497328563
-0.06884724451097347
-99.97448851081903
2.7177452628200838
-0.9726202477088965
1.7493069931326763
-0.9022154371252117
-0.21560541122512744
-888.8919905674954
17.034460040506662
-2.7747870568997417
2.4486207573627032
1.966951477929185
-0.3826318590435628
-34.957816734958506
-0.30922554761294413
-1.4479148411179443
-0.4527959937988387
0.11500894021248409
-0.09161001846562468
80.67472441068257
-2.71388141622215
2.311173964367671
-0.003027410387756101
0.18698091635239927
0.28064483429669057
-28.330114435953938
-1.0795501550836972
0.28306681580979737
-0.15493299847346034
-0.1792707127203658
-0.02379624598927078
-4.849024278288688
0.12228669173728884
0.004214884674076635
0.0035001960057482384
0.0418409771171838
0.002664125519475317
-4.8206217407565415
0.17575334325763942
-0.1410691033603656
-0.0023774958677421094
0.14944398148378304
0.05793941167154539
5403.762616253427
-23.095406121049056
97.95454228663718
27.608872980501683
-4.236107802532178
-0.3480127852463972
-527.6068303873311
8.063224029857697
-10.181239928878277
-4.792634348896901
1.2425345266618606
0.29250659123756084
288.35133408782514
-12.59528683616929
2.42587622062362
2.7932273901553364
-1.1434650165062368
-0.2727744229033438
190.78767378045404
6.651602634103152
-0.27181042949878753
-0.8984270157170898
-0.24074029954396495
-0.14693085120944233
-9.162820373808094
0.2068030947886366
-0.10966346067854253
0.045864998255440416
0.1029436520980178
-0.02225151933921002
3.012669347482004
-0.7094645614220303
0.474268447046575
-0.2488369278055292
0.14073389831134486
0.057119906815460246
-650.264868535009
9.2755309526298
-3.326158638146219
2.805965865020162
-1.8292282022877173
-0.6879157604298108
0.10753902350408952
-0.7948101981103881
-0.749980757394044
-0.2103908779672504
0.07819916266963196
-0.008982282330666896
14.705400710511627
0.04682622060419519
0.654828695276401
-0.04685509771087795
0.09026318768845715
0.025797315050918448
-151.51737852720873
2.7322036597224297
0.039962502729789795
-0.45731394300274336
-0.3059642589340608
0.041569882516028264
1.1243572153547132
-1.1152229461255012
-0.713605665678014
-0.31386046778039045
0.10981727594801766
0.04231809852533233
-1.1972795252948911
-0.7730602353147331
-1.060332972229516
-0.19737957671171302
0.10556429718930471
-0.018632718043770022
36.73634242811943
0.4385700048809087
-0.010273277201178531
-0.07149179667642745
0.04980176964575121
0.010338304834883417
1.1586226218986408
0.09007463086282938
0.0037446839357910943
0.017986892689302807
0.0008386833420331196
0.00968821017764329
-5.741351400013774
-0.15754840258607908
-0.013051189041757276
-0.061512229906483265
0.0005527345095227867
-0.012711465604992419
-3089.791341504413
73.60337359820925
-8.120067821556907
1.502221211427213
-1.8727287093998293
-0.4721429757505071
0.3848371127382605
-3.2114546177616994
-1.6799237514394383
-0.3395820978362122
0.09752598266731083
0.004191373489618534
33.81898574127798
-5.221187540154297
-2.2929040463030583
-0.4808155781262203
0.16664445996189442
-0.013787899608118456
-5.386066941150842
1.006672333845594
0.8533920583688869
-0.11129601233401253
0.2312239131029035
0.10592921237951096
8.280712966185039
0.1304475159402479
-0.03538854538807864
-0.1467567143047689
0.052550274803396906
0.026153595579498343
5.1405606829541775
-0.24532321296612974
0.0661505682726973
0.14450781680172023
-0.09571670499006887
-0.028695483639975875
-790.7132634204908
21.029969851686346
1.4814527774851733
2.167706542681879
-0.8848248409264512
-0.19124415773596096
-1.0166490055791926
-0.14325223764978545
-0.15768726192196628
-0.04721745080392476
0.014338884645056267
0.003884932233861465
-6.5374081158795265
0.6204283824203678
0.2294393766496581
0.03098969198674359
-0.027001878203684136
-0.006450735472379867
49.25030075156349
2.345300018950645
0.41721431775398404
-0.6787410374963906
0.23366758356792197
0.08077184097349885
-4.308246819718699
0.8991989828842135
0.2792848100874666
-0.02012064222526721
0.015860338532316366
0.0115149094124965
9.923928197552241
-1.0158931180018067
-0.26105304941918417
-0.02787085589852841
-0.005180633676073049
-0.003672732496537049
21.902464195957453
0.4356258660830327
0.30884218743743097
-0.16416131039162282
0.05893055364820242
0.027813455116291828
5.416240233564988
-0.254078676785558
0.014019031371920792
0.014866967565348298
0.0028271580884200852
-0.006920446707880425
2.6917650261899997
-0.26934863855663815
-0.10476378658694657
-3.645711158698522e-5
0.004692971911774468
-0.003266014406450327
-272.0109843945874
15.485274516157318
5.919701643909988
2.580714672220225
-0.8495260994718308
-0.14868694174436922
16.803682870956983
-0.8577701646376693
0.05653443716339306
0.16273548780399477
-0.051103371371948016
-0.023747701574446136
7.123086476178553
-0.753802863311338
-0.1737860804743818
0.01270365227290091
-0.007762678635934285
-0.009155413793744094
-33.86808153964362
1.286620561692029
0.09284255111162878
0.09640117980237399
-0.07046078646910232
-0.009630226192210656
19.2907458127251
-0.04966539992537978
0.5137691851868134
0.23653229202619674
-0.06455813621704332
-0.015886691355320757
-0.6248523643057372
0.16818663420050536
0.13549707687288226
0.04616335760165782
-0.00766231784622343
-0.003445451936595887
-190.45230756970855
3.899697117448527
-1.912624530783421
-0.9307330629328173
0.2385425851919433
0.06466250879672657
-2.508130777160509
0.2220216059350408
0.07430492540717065
0.006566101749416518
-0.003274700094975929
0.0013589482210592137
2.3617034725733754
-0.44136825923785894
-0.21593528323168992
-0.0383108860697823
0.01633367310339829
0.002756116556054508
0.21871687663999867
-0.05647255385467013
-0.275471197718585
-0.24706243266392625
0.07468734537194668
0.02794357207122614
0.28769302913624434
0.3188873472822853
0.1669098543118889
0.025097476018842668
-0.005718438298542917
0.0028888562419293134
3.5090212106564724
-0.21493845258662295
-0.027375924788110028
0.026295308221923587
-0.01043347308811054
-0.006432724152164111
-68500.7330459914
-3536.7427737840208
1638.9373193494544
-655.1052247092153
-766.7223705747756
-538.2788951711641
-3527.3548059028903
1491.1129222162706
114.52554085429426
-163.6190116398073
126.826621209527
53.08681625469027
65829.81620951585
-1257.1079887959395
174.95053840115335
269.1564124584594
-108.67126714045855
71.45430995530232
-1.5443405576283042e6
-13787.240026383137
3340.783249525727
1747.0957752969152
1088.722942084721
-724.6641431887093
16294.679882192202
-6955.678782242149
-5108.47556541276
12.128455370888053
-1004.2781875176698
-232.74044780898691
6809.905536447725
7811.21787110127
1088.571855725926
1059.3745901012387
-1369.2683961090936
362.9294192161277
172062.61526308864
9063.635411497706
4919.563599687078
-5446.33576220802
269.8919832542899
-238.89498888811548
72804.19449520935
-1959.0310540768144
186.98803442197843
-424.99225737510807
-51.235427927848285
23.888971290615768
-62380.627050187904
2879.4625915225
-1769.6759378980369
638.2052887406852
-413.84126528212266
60.693221580576854
-928224.0391236644
-13663.6859702277
-5902.1594034085065
6161.684707747964
-3462.3814346740837
-1485.0179763163294
-63384.01518751213
5481.090741936133
1650.5423975502829
245.53806731374945
-397.73349191374257
-58.64399361484708
-105661.94585400858
4589.881605866764
-1621.5795354401264
-154.74938228983913
-326.6269700568655
42.52196891045937
1.8192550028771332e6
-30622.09227981168
5540.851744125005
-1787.3713097904347
153.1470460112269
227.17055375065792
-25668.26968641669
367.0912566301427
-236.9747811808409
-437.80088574182196
203.2615215801409
48.66936270956658
-6075.0877432570605
-1551.8440513206676
-476.46362011060205
630.6122395065025
-71.55790211742769
-87.94770649345969
508.74695554347005
9.417559648905915
-2.5150304069432923
0.790835052276341
0.09242090853365825
1.6061503045499559
29.70724571210878
1.4739466103359877
0.093006092288148
-0.13373496297778142
-0.09598722398661631
0.34230278052709967
-54.62913601954356
-2.803484747791249
-0.3434660124331516
0.18509534623569304
0.16027821621136962
-0.05729400404827125
-1001.4633698522113
34.426596509379195
-37.32888130780717
12.85197664633442
-15.034970036172698
-1.1710288431825675
-86.92793244141129
-1.8905331172518305
-1.9959983498320621
-2.309078000584116
2.878245649235884
0.9259864944887561
-111.85960819917862
6.929317188914896
8.035723424266298
-0.5128430611218034
1.9409328308039007
-1.0081466433869912
-456.7636700391019
-7.2194830646432875
-11.603717014019638
6.639796184957995
1.2255195146166467
1.195909006913827
-105.36069031442902
5.040640702423665
-0.7711763676676703
0.21139775812714295
0.06015709647076268
0.20622396120532557
103.19307679229901
-2.5183179473884634
4.123025728403308
-1.0711199638967628
-0.08008300234046868
-0.27469142434076116
1876.1530871263653
20.062684246273285
18.43038546412935
-7.543170600589506
6.413790341068466
2.444159711189095
279.12013011486965
0.4772174056920889
4.993937367450934
0.5897590741665301
0.5597600360097804
0.36542498821830527
88.3916195479792
4.951789212928044
6.60253169451057
0.07540658839444987
0.5157179509749185
0.2063121681530113
3085.621245042718
-128.7763425870653
11.991568742275641
14.66629724821062
-2.5788402584699543
-2.115783146880681
-251.00258574456404
16.1603303037805
1.4705704756123736
-1.5598150888220028
0.23644975065384782
0.2770613008763348
-37.57491568864874
8.652524011422157
0.4104198711132112
-1.8152874359193585
0.5457748712397059
0.49988751051225677
-40.89804761974444
-0.9209308084704821
0.3906713807206525
0.026663128505876012
0.23584004891303859
-0.16318371976140153
-19.1326419228477
-0.08587717288626677
0.014812122863074418
0.02596148776203687
-0.012893954700573846
-0.08672498366446255
10.621090059150774
0.015009857580402824
-0.16839017141747054
-0.07097491431436072
-0.12575509820220365
-0.04714154659036806
-149.50119459428154
-9.922447534632116
1.087681855026248
1.7470796882150696
0.5684901796336433
-0.47586489906662843
-8.840607677040849
0.4294977710255984
0.03461768457676091
-0.18741211158299714
-0.22579142428061824
-0.12586189638243347
-29.340171531513665
3.394010596952808
0.5218153245069357
0.4158869422487021
-0.27428447269269723
0.0433848698719327
145.80600542684417
-2.8613191918845002
1.3104649481869066
-1.065240351079412
-0.11103393231507296
-0.1513986502192018
-23.995741577417206
0.8688066352683428
0.28693036727977905
-0.0041076958956496835
-0.016303411259312173
-0.06570133994348579
2.657471183551763
0.001442274369463781
-0.1913838061077066
0.31937351892846455
-0.01948961653386214
-0.03209393920099064
193.38584655442764
5.641263468361351
3.022164903777093
-1.4501623566102482
0.274795050703482
0.2103680653616155
-25.851364962675262
-1.707083121548432
-0.9415916899648308
0.16634740044186372
-0.128530846422199
-0.09986942178799643
-11.30569410810251
1.2134518239505991
0.6944019099663126
0.39973263475702364
-0.15424273143349457
-0.07254273995557053
-491.44287812666926
42.28632714861641
13.935416871129823
2.7428267305936784
-0.7108249944647981
0.2763026159454291
-34.91888431587231
0.34498967594434465
-0.529940617993875
-0.009485671974514063
0.019462065277814765
-0.0172736246013503
14.546203882345173
-1.5095251223435888
0.26202414177430666
0.2836339972008247
-0.14584338612427386
-0.0959497096633414
-73.83414460416722
-1.3626047352547566
-0.3872370541764086
0.2840857032671432
-0.09402122974502036
-0.05599369976624832
6.201704723074848
0.10112634333684319
-0.031373981264450776
-0.10451433497967702
0.0377483350889296
0.011412100018671479
12.992930620750178
-0.3760452349737466
0.09725521229330586
0.15199084300782584
-0.03652689047386489
0.010733526737727636
946.0770602702934
-42.302474684233815
-2.678004372154006
2.7222538682359567
-1.0379654166017525
-0.48431147507533845
-84.8822938690669
4.556345800754272
0.606639890976436
-0.008941313814872502
-0.004361965952141376
0.031761641281478355
-3.7744168571731076
0.9960530956116095
0.6586827587656087
0.1029501932643143
-0.01773427572194017
0.0096136156068243
-29.03652863159852
-0.03762597741415416
-0.026863750868353267
0.07996294203381896
-0.016209198734586646
-0.017277435855849472
12.479194354374131
0.4020271695422968
0.2947672413930232
-0.04522630305758201
0.039894840361043064
0.01783379949096506
-2.826266058854154
0.4252005680527931
0.15930957437387783
0.03159370063749855
0.000605351879796382
0.012563823184541642
-84.79401873668562
-11.979515023183968
-5.36944126422744
0.46463767609880574
-0.4233638733579848
-0.2781693590902089
-29.864718465693947
-0.0012317391750836877
-1.0101174797408414
-0.5297311434098323
0.14636582371326678
0.0331522866480545
16.59117668262185
-2.3095592899948576
-1.1166877565806976
-0.20096521071404339
0.05420975444300189
0.006082673435981654
28.790667798793244
-1.4417081912457352
1.5875787971295232
1.4482754492635275
-0.5445128181474699
-0.1767292740727367
40.1683262218618
-1.0673487072696968
0.4398841379975152
0.25901702625308254
-0.06671511234649614
-0.01992868664409307
-3.0424910377709486
0.5282263434030112
0.1761184600909133
0.054581355230173545
0.0010444130254010221
0.006562181844185227
-6.330976136285419
1.0496382586521584
0.2519299207076212
-0.03397423524956194
0.03545376020117468
0.01950302530932576
-7.8307220128919965
0.018425510668536517
-0.1377579689126349
-0.042071268584943686
0.007237120192053433
-2.817756145032614e-5
-2.0990981730038114
-0.007165602361208945
-0.0647152183401158
-0.030873432223897403
0.012122625954077787
0.003263838362289367
484.529834999325
-16.716072975358095
-0.9842063220647281
-0.09329645655878943
0.11133092786615162
-0.036369363612536024
52.98708430097799
-1.6391034931687003
0.6730544964117632
0.5201024066739124
-0.15570350033607552
-0.053286380053855664
-11.056622181065883
1.1830318717234523
0.38542446401249814
0.06788996571334809
-0.016024047457908842
0.002613708834584349
-30.272418252495253
1.1110232901154315
-0.3343946248897741
-0.33434243164401
0.10036915568594662
0.026657880642004406
28.200012152442515
-0.3899387370710307
0.5671696584961896
0.30219459512475916
-0.08662952672303843
-0.02270940192605876
-7.236105759831251
0.6001153897188872
0.16631684467667154
0.004452267826399261
0.002866448977048478
0.008484269186807994
133.40473503607353
-0.48819381263856143
1.5510101134792151
0.11462522794079816
0.03147373193436583
0.029951039024939886
19.42712845101713
-0.9638303251259626
0.03606488278326945
0.15492605280548913
-0.04753373353961073
-0.019302276921218414
-6.782108448302537
0.7810286934986078
0.31034668022958695
0.04645920619869431
-0.016206911371650427
0.00150016289433423
-41.70187070328528
4.659472240624729
1.535866304869645
0.02621301600393203
0.054302186859651366
0.05422124438778314
-4.797689445155422
0.08960611728227946
-0.1135584668705088
-0.07090265471175884
0.02334416177066226
0.005814053462637223
2.8254541744684554
-0.3251450297493956
-0.1014403283967684
-0.01149742065650171
0.0027875873506047065
-0.0013954743943942998
