-3122.409311333511
-1560.096377584825
241.73578052666434
138.07341027109408
78.6456340008541
1.2292736846072607
17.453583926652062
-2.743342665707003
-0.38012322907593943
-0.6519188086040874
178.08018372048986
-25.823795050279074
-12.050198937038058
2.3576575360682166
-2.1324291083517832
0.5973417907814536
0.5330158085561706
-0.09835789309222126
-297.51294348956276
-51.55278786772858
-24.978517100853864
-6.882522224397435
1.5979735941990696
-0.5106452019344888
-0.29556752794910895
0.1973197965715156
2.5803668730900986e6
2.91914257112914e6
5.101912201927345e6
6.715823697601422e6
868591.9016654392
-1.0173936375315986e6
-1799.7303490928462
-3076.3733755262365
-3964.993846573721
-5377.1867552902895
-837.19294152558
910.7172284194963
48.435860145354845
322.9031296942085
165.1899702683355
292.0286890711217
56.52088552025511
-91.07251083760362
-16.01491120265542
-46.52589890113073
-34.601081007213565
-79.13983648197639
-7.410593158655007
25.020654482748185
15.0544632783384
23.240103953387695
29.280883048712987
36.06278691404133
7.310376926980584
-4.275364662173087
-1.4079161174992798
-3.4511555808387495
-2.1937587531952194
-2.1180093445349573
-0.8517803573111539
0.28620312497933736
0.5566128287465825
2.2724837657518537
1.1172396972296004
1.0098032684016927
0.2578718889245718
-0.5481372725400637
-0.03489272260714623
-0.2987245939645317
-0.13519113546161113
-0.1031348655908836
0.0031689617830082317
0.10966026321792324
-125839.55796474876
-410057.3207663002
-238107.56455384562
-249331.4459868322
-70116.65853786784
-75610.60261683662
96.36899353279912
-9.626238281054084
276.30015853923345
170.37187136142387
97.37032706326703
94.78998718776272
7.224829329006422
83.2820248747067
-8.219796337027619
14.689374386489389
-7.875759594366948
-7.198880427383675
-2.3824836152311155
-11.609836415899014
-2.3560080909679755
-4.222716984020553
0.6283427057036133
0.3202939087855005
0.061480029800620936
-1.7179395959912787
-0.39880767076830864
-1.0450366713297374
-0.08841047422335552
-0.2816205899647078
0.09855513448014383
0.24887199675575702
0.11259249372666627
0.18396672373156658
0.020794712076595917
0.03691414952241625
-0.059219480996689916
-0.0023254020797708603
-0.012185439403973286
0.048989684621959094
0.10286611475173159
-0.0369524847223195
0.001068948142934144
-0.023455924762044174
0.0014594480970630183
-0.031751347434593125
-0.010192772591555287
0.000961251282954984
-51343.7285235853
-162580.48773898612
-149594.68285950433
-61144.4558792357
-27912.659527068445
-2357.5938928475366
138.66281331829774
376.83764552723693
382.9031514210477
167.41535065207023
-3.2752517595242607
25.124727606332726
-17.90054281190081
-44.51739115985889
-53.42174998239219
-24.061814989065432
8.078490123592102
-4.33378589727995
-0.06642481187638667
-0.16933249604674594
1.4365515781850775
-0.3341646301726404
-2.617307419146756
-0.02939119256230072
0.1485204434146257
0.5231374806216236
0.3436861793225208
0.298324791925832
0.11111360040064369
-0.05155038054787923
-0.05593050622879785
-0.06656198132890428
-0.013628160229386458
-0.013013818685844909
0.03935675960607975
-0.0063939438702118505
0.01572211146738464
0.0037984777680726304
-0.015282330143498064
0.03418549700811373
-0.0029871161821530207
0.018624457144525708
-0.012413866306816613
-0.017853427546275086
-0.016295853573998747
-0.007437946673785204
-0.004591214053486506
-0.0016227771742980523
157025.71890838974
327544.6112714453
220303.53900585393
118203.0458012496
52404.96149595621
17784.222064883146
-16.88638468183431
-52.59456527133485
18.937155140733623
176.93098044485708
181.77168937797026
68.08907599230268
-47.623192487156274
-87.77557675111665
-77.71740317929559
-82.78432524881855
-61.695510015790866
-22.24015384438192
13.167186181474616
20.771743164409777
18.37642307021296
14.643830961577779
9.58619735621235
3.3504117316683475
1.0431490449550773
3.3373449712019894
1.6643553950333176
1.1105750127096257
0.14165402867792828
0.06734362266039551
-0.05703497623944108
-0.24460479688627412
-0.33287513160258203
-0.23872968367463468
-0.14094973713576878
-0.06299031846828615
0.4419127459224087
0.8322066794640418
0.6718167008708769
0.3004840167014488
0.16319408599973453
0.046476854707526445
-0.02672865118895641
-0.04844928119250493
-0.04684802267275731
0.012454643627408097
-0.0075373452833468225
0.010953979897574491
-6741.2057458963345
-15613.633277889476
-29372.709898654237
-9853.396095465114
-9676.460703261348
-2010.6009212360032
-10.255451694974733
-9.445093711549939
42.08951371819624
10.680862138446951
20.328442345566046
6.935696266412682
4.094167826065441
4.310078055308379
-4.239076087967753
0.7517377618526131
-1.707102776579749
-1.0490515843341317
-2.2820083659794164
-2.965295583261953
-1.270797387112019
-1.536638548987222
-0.44984452596768587
0.11849594051913272
0.0125423355827393
-0.08446024453460951
-0.29870097152220326
0.0007906253716797716
-0.19309934585010488
-0.1011291936782124
-0.06831766095038715
-0.13013127756337922
-0.059024736128232586
-0.06677479687133243
0.015175047202222463
0.0051699267756656845
-0.017741760871006665
-0.02756712039492486
0.002870067277691377
0.003582389830220767
-0.03793853491600273
0.002553579638530742
0.006224090465706059
0.00042799441446220854
0.010255351782953958
0.010729718381694345
0.013903794181557478
-0.00017434334304211612
-5972.579999187233
-13328.65256546973
-18601.923005186076
-6447.751230961117
-319.61833298062453
141.4287785684322
9.479177924271891
32.447514899405014
39.951569704872234
2.65081947646557
-11.39614684902433
-2.851437822693363
-1.022004218851625
-5.586309081380572
-5.678218666338552
0.7674325386911766
3.1628844351396523
0.6987487095220498
-0.5206839575783725
-0.8171665296228249
-0.38100134722487805
-0.6636479244347012
-0.5682354074318069
0.04033643396915923
-0.02152572788289339
-0.1414775682417025
-0.18593901268388582
-0.0909368488358572
-0.017993121055004214
-0.03804701127630201
0.0051839576922769375
0.020778106523475233
-0.008109478700269308
0.02579694377579284
0.014309037176438624
0.015823335601233515
0.014149256913378217
-0.04610461051465073
-0.013591021297581746
-0.009153059231480236
-0.01780599311781397
-0.007339187387908983
-0.0061762846980267724
-0.0014352194644142212
-0.0021244547691319105
-0.002659959893859232
-0.0038129033263754964
-0.0018913891792145588
-882632.7882559765
29184.133239398707
-13564.86992376239
4796.697126462022
5431.386109181813
6720.561656884364
23295.014448524154
-59441.924563121866
50.954036031319134
-388.3303517960296
-384.5739101499979
143.5231843748324
1389.1228059110558
258.74992896257186
-40919.76124954451
5451.448020686053
-3490.3075487173037
683.0029882229813
84.69867564426704
634.351543284282
3273.692860997491
-9.041331717720654e6
21214.86930234511
64178.60525714444
-63629.07780127052
-50537.06050320859
5407.369931929103
-114719.29582997231
2.541296893992779e6
25726.73088163417
-15256.720286686703
-21002.89112311325
-28115.207179109428
13024.86693335605
53653.2239017107
1.175716300379235e6
-22416.546754934076
-13154.292148868639
7115.9318196510485
2926.988260675157
9736.22191183822
-4936.236152219921
3.8042401460141223e6
-80569.73499905023
17597.411435883347
10332.26285646769
7721.742825372901
-7073.332475027366
-6792.166464995593
-73123.02133298163
3844.4434842641194
151.39182831703954
4004.416341480863
-3182.798497498893
-10317.986478232733
372.775073600365
-242866.44123550318
-18850.89624886959
10594.824368547872
1162.898349475884
-4467.541326252314
1950.1185438849666
-10096.471169275577
-1.697790997654738e7
222067.0107907616
16606.401951494918
-11446.445090732035
-44636.30841755514
-23582.62914052618
20947.311064281374
-5133.35190071369
49033.304616764035
-25451.89727772517
-5445.631882559051
-14920.503005192892
3584.16940269962
-69169.29656405364
-228736.1719677664
-12672.709731656176
-12653.564933393352
12205.687537213951
-21686.575364944576
26133.971350789372
10701.184341483271
2.044296422859307e7
-50462.57866000617
-36792.90267353757
217448.4310527539
-12990.337991562461
-29581.26496495503
31013.59791676836
-1.6791096370698952e6
14905.468785930796
-40412.14882583977
-8454.745729792701
-11658.157857828966
1656.8535531957714
2949.3855934437456
705233.9724138742
-34948.54958847568
13346.20316714119
-22804.875514007334
24639.68854495062
-1662.364233413876
-7701.433360010002
-3.45658901136746e6
-34037.12705411527
6885.618286440895
-46408.6585785088
-27489.662624022334
17390.788343777673
-13520.460408624942
-785777.1197871504
4088.6990411533648
-16029.848112832431
-28323.47043051925
-32028.136377417813
-20476.228935721454
73644.67076938896
1.9027372332932542e6
-31809.68163375226
-15471.168873544273
3143.670301184812
20309.634058802298
-193.76372162458006
-37607.23214400551
30.46453971466857
-1.3165085719826548
0.25048716421791123
-2.441984717464131
-0.8347661259684253
1.7309572921810201
6.064228754930305
-24.565607678266534
-0.717880848647856
-0.27282999308129957
-0.6344340940994494
-1.733596330984607
-3.798156775418088
-2.4356395523381673
49.5892613273754
0.7116350829672092
-0.893096450779447
-1.1802546574152073
-0.4563852265288508
0.1497126790080956
-1.536596057235884
-5495.716837389863
115.7169389684957
12.385675075715588
27.746283695941344
7.6426963120980105
2.769917418547021
17.518493042083193
784.3707416490838
25.581595634744662
-6.7129027015938085
-5.826351622335623
4.03679354931884
13.71434003679777
-73.96552810611303
-883.103996184927
1.8811403059551641
-10.362507266761066
-0.03338374814914385
0.3228183529862945
-1.7551554708106114
17.45766083634758
-1128.2174175279122
32.689557204898016
-17.86254305658487
24.679308788555634
15.357144865256593
-4.909807765437162
20.73707834244852
-120.27873145345173
4.997869535572538
-0.3096800643907691
1.7554015580227826
-2.516080317781399
6.443765498289684
-0.579166568227235
-166.84255389643886
-4.361496407375591
2.7851357054221713
4.9948899473941815
-1.9893745151994677
1.5908648866381703
6.495524699177696
455.61425172456336
-3.7550776406804496
74.40420830759518
-24.866203363361553
-7.16789436290609
15.420505257695892
-25.913072469971723
716.3008563425667
8.929525976114304
-6.370504178542072
-2.3023854353249464
7.06800468856617
-16.06083230046467
24.015273931218726
1015.6733768209385
-25.651232106268907
-8.359056357346038
14.288602409636828
-18.965957992529532
-1.2722524264926998
1.5384783007765308
7184.670998859527
-82.08137266231876
-15.588605278175438
26.319554427051493
-20.59569955036445
45.233445467141685
17.434755728390748
1953.6401691385227
-46.89171745720886
-14.095218636282068
-3.358695026976754
-8.8901737500486
11.331350183694726
-2.28243002932567
1048.9862156144104
24.004012998624663
-18.893389009284896
1.8816531996501609
-4.247984389422795
8.694995773490882
-1.098338513807304
-79.65882098365189
11.496888424328588
-10.868570849736061
-2.30708018803448
2.86991268354028
-1.9955118063184225
13.249033685715377
-510.82284831665015
21.636598006005695
-16.524342515411107
-2.3417862951687556
7.391624644827694
-2.852748139246115
-37.53570146673836
-1060.2287813167966
13.78727680577377
-11.76848572585856
-7.795214136110762
-7.714871545601178
-7.328216590895046
11.69123652838959
46.07812104334276
-0.6720903858091827
0.10779960261363893
-0.2532301464126206
-0.006953278410962293
0.7261566407036146
-2.5725246216374362
17.931797346185053
-0.4735538562726892
0.038989583001829704
-0.1254313079647349
-0.11932234752691775
0.127262259766112
0.00827393989293843
3.7890706209982277
-0.014823561287376146
-0.08266433623327553
-0.41068188020148855
-0.5876154024557319
-0.11922382175021969
-0.2326692660614563
482.81135830800906
-11.297452264731794
8.819827052720495
-2.2332700096625793
-0.8406205739844035
1.5145325920056276
10.408620999629795
153.182710768386
4.056070184438467
-1.6670610651326987
-0.9813022729896667
2.15350242961336
1.0038746161855465
7.090867543212033
-19.765700297096295
-1.375870635797619
-1.9487312850010257
0.0794823846695243
-0.8623865189307152
-0.535418568144271
0.5427532601323662
159.08426265184877
-4.307056848864899
0.30422442461563975
0.6204894222289087
1.1212997942928495
-0.1535742560926654
-0.6377828175578124
-31.548104553041895
0.5290075901886713
0.24159953802421144
0.27150840674619015
-0.6675276984337946
-0.5199643223236357
0.12307252007956855
13.704453711464772
-1.708477552904481
0.6158941269120424
1.0318620132926952
0.10739960506590653
0.45796330290929
0.4469691885298032
37.66365430877196
2.6247493861196394
6.281460164425209
-2.965617411265435
-1.325908303553801
-0.6190979624475462
13.231463713141387
36.517332690802554
1.4390270445830067
-2.7079968921148776
-0.5151211330281601
2.186924822417004
-0.8464662434923864
3.004056764686516
-67.99724050526743
-1.8125515776613244
-0.668853787119029
1.4644109851113474
-1.4469209286382059
0.029556027200705146
-0.6671241746793156
1165.4034894543129
-6.110395888692735
6.5260679382585
13.624162516080256
-10.344050972930194
-2.1009973961088626
-10.32473274610155
-104.94024841594702
-1.4621335412225809
-2.9568430328519835
-0.5154216953118305
2.1775926690205645
-3.934380329354878
0.6088091699031106
-290.2860834373049
3.4778356247447895
-3.113744343353087
2.5833014363371087
-4.358492788930621
-1.5912778217542973
2.4795886638749542
852.6503766757663
-8.780369674473386
-6.686707780465192
0.9512649797128916
1.1020028719895647
-0.5745890780722136
5.003804497376373
18.676074822916938
0.5536244267237981
-2.0882782457151126
-0.8901307119314904
1.6069411380769167
0.01849664053547859
-1.2869238277668968
-121.13466502749289
1.8949549310930196
-0.8938519793872604
-1.7339166243676731
-0.5792249397050815
0.14609754957056775
1.2546295195537684
44.77983354931709
-0.7011682161615611
-0.04065165010243549
-0.04269188956731531
0.0007511724148303432
0.14276316273109427
-0.9555492586040069
3.833157749261989
-0.10682157557678258
-0.0458487533399209
-0.024262108918199507
-0.0759515017384445
0.3427720526562676
0.275416588063226
5.8333144632209475
-0.002225446608663143
-0.03147963921927989
-0.07753188608378707
-0.1289106811402617
-0.0373664341836153
-0.0333984676099479
472.5936463035149
-9.924247902036848
3.565789008883813
0.27287706181811777
0.5101332466249071
-0.193542160099524
-1.3629875973430918
14.455752776495508
2.2288703529092966
-0.7472042186732775
-0.4961331037814423
0.6804365553908173
-0.9034004702802142
-0.675720875940051
22.02692310601027
-0.21791345085558514
-0.8253416044026631
0.03660999045419332
-0.3783171281030793
0.20730885654858974
-0.30963653534670293
-34.467228759396114
-0.45590697419107074
0.28417678767193827
-0.5684975020956496
0.41214686609635875
0.7856287170989176
-2.0177704090242097
20.30429399376396
-0.21154338218780852
0.2374112489736981
0.10388653863345511
0.12726959434028604
0.6573589192834808
0.060247821122333144
-20.654914692650976
-0.15083853463846147
0.21822989888146357
-0.09624905877642212
-0.8568074358408905
-0.1488395155114029
-0.01995910997597064
-3.684909744630118
-0.6092511759684778
0.3083185882085099
-0.4132301494868264
0.5046726069116747
0.7168102665789519
-4.660894520924347
34.760557166781254
-1.0793511536386264
0.1714260529509723
-1.3268279700059449
0.06516590213883244
1.062432942327607
0.8895201214421422
-73.69677843308101
-2.448639952988748
1.2987748472024059
-0.6436064393663707
1.8244998683725395
-0.43305100172148586
-0.3566288981862266
-797.2484529803296
26.04799730790644
11.470322765401827
1.170828179856085
-3.146737921594524
1.6750045436474985
1.588006859862082
-41.49157335647743
-0.5067560691675653
0.39083993811726575
-1.1875651057063141
1.0719101068526387
0.5734103769036301
-0.26253330830872573
-94.85284869138559
-7.484797724114211
2.3991678633025217
1.5772500181598266
0.18641936861956926
0.25018526566041444
-0.4274660151173866
384.0771719807124
-5.0374460497751015
-3.944169870136967
2.7192421779517995
1.862937411949768
-0.7205818804455482
-2.7527690730292678
101.89392701375542
-2.1856610459625756
-0.2448924824451163
-0.6676256695336233
1.1336690159836005
0.37599547794587745
-0.8692079980133426
37.75090500635125
0.24049019996962842
-0.3917277821279692
-0.3157463435396632
-0.021179722853408918
0.0495793039292519
0.08101745709156795
0.7664009250197791
0.09026953735970841
-0.4066274151714394
0.26781440474437007
0.2123815035424135
0.13694068650708996
0.29361179516098496
-0.3816146831777798
0.016094624980653578
-0.03218922288313045
-0.0032979182766430803
-0.033294379790066234
-0.02272788812481923
0.10018655423142707
2.685283500724937
-0.03609900571435733
-0.029503388470621863
-0.04214385535483338
-0.1332843755659872
-0.0051209405794328915
-0.030726639718010346
-239.58395861633326
6.369930850438047
-0.8490969870977862
1.7225517649603925
0.6330337167344823
0.3237942928471961
0.1543348495514913
-25.84934979187913
1.234356448958124
-0.16160101695423373
-0.6299217951942886
-0.1424802451662829
-0.5928814171045408
0.4970768528128963
17.33325019159789
0.5853009076899904
0.4600918045025639
-0.5494343027170774
-0.6036630814742353
-0.0770749107366905
-0.322265508069822
-85.22892223632049
1.7511175225427942
0.34582401179818495
-0.4647646663464112
0.13339450196405375
0.22067433098212397
0.33941470373005705
1.654817994714221
-0.12847077196636578
0.11062805508156605
-0.01736097648162744
-0.2109983110623287
-0.11649160562778141
0.21741777557727357
-14.807430827810197
-0.06300126928686342
0.004621813452423518
0.18139851081389605
-0.195455003004644
0.06659584312075717
-0.10217574536051342
-174.61734381889136
3.059122316235527
-0.1828244510186
0.9242517726278536
-0.12599859982284387
0.19740561689533098
-0.18560448900921014
16.08306784243125
0.43587935929020527
-0.0340562608575943
-0.5103581637511395
-0.16103500382469912
0.11845006827002741
-0.3730521653080926
-17.03183861189339
1.145347637803629
0.24588687759253383
0.19337225626079396
-0.20646566228448224
0.00013504596881973654
0.07052092026285742
86.87469466327791
-2.014204896199486
-1.9114646332486698
1.2020360280034528
-0.59021983463611
0.2832153974491076
0.43669990366103045
-21.988421190311186
-1.9342975338307904
-0.5435276350573061
0.06603474739253594
-0.2706758040925548
0.05188616609528433
0.0727133383688576
8.082566000424313
0.5418199714482412
-0.2470790949589211
-0.423633982981476
0.10851751683529459
-0.02649288741729312
-0.13924916044070745
-106.73839861871592
0.38174733063605276
-1.6225834481539876
-0.729603724735704
-1.1486606500096719
0.3407705191196002
0.1414922882192014
11.88057785885106
-0.008608341192625438
-0.45947617021956005
-0.2360210742184772
0.038805961815175136
0.14948840784527673
0.41311016793040056
36.787880716307164
0.5962316000561604
0.37977044085632683
-0.06344964444434023
0.13355866543774733
0.07170546940013771
0.030180846290892255
-1.0861670712901212
-0.20577808107512324
-0.18967734247995546
-0.0272287689626875
-0.09303245862936992
-0.03945054243568594
-0.026625470993878703
-1.1724546838592331
0.08721956305168903
-0.025320401520053725
0.011257299326474821
-0.024004830957728034
-0.003776895594639442
0.008272153820803835
2.688875692037596
-0.03305752981586368
-0.006204288317795968
0.0005603520632913211
0.03981655739924985
-0.005944767781717305
-0.0012697467238786102
-179.98331087110583
3.346422305102337
1.3921574007484616
-0.7019535126540161
0.03879116592879853
-0.11347729352744423
-0.18526994751626896
-9.837716095869256
0.23967700581715512
0.30659379975008777
-0.16540313194055786
0.23028070631581646
-0.006252027979918524
-0.051205915601554575
-2.5622157632905944
-0.1975144156731703
0.18308196956052428
0.026375784866461516
0.1274691118644293
-0.06587549285237991
-0.032089928040804926
-7.650623421060093
0.35874285931671185
0.4712295295936262
0.09417951302229756
0.006242581295676067
-0.04216817924936104
-0.04928104480775313
-0.30826403331764196
-0.09344717661731727
-0.09386495083651829
0.023005120290279887
-0.022818860599331015
0.026245606651924245
0.00489618086426597
1.3452715847843542
-0.07813256819028042
0.07642351569322385
0.0425735420651901
0.039771933557281466
-0.008112191995917305
0.005672300734226353
-21.094840525285004
1.1384819334462295
1.4544620972020161
0.19175651844728148
0.8243424442794717
-0.1907913235486174
-0.024862828856676518
-6.262177654930498
0.4298409383058933
0.15480334264732135
-0.19414401356220168
0.1456106022707355
-0.04464136688565938
0.038668689503679105
1.1361615298451844
-0.0768803171360566
0.1167791172318644
-0.05803108059623381
0.11949699945602842
-0.0315396772007263
-0.016049981442758997
-9.339718459437997
0.358451019256009
-0.7279423098453048
-0.7085733825651855
0.23854316409917115
-0.118402814743442
-0.032096005192632525
-17.249698337421243
-0.7135567631365243
0.06271748901944427
0.17190703442232041
-0.018029304282537118
0.015962270645815655
-0.006606737072692502
1.9084382785658598
0.0327733629927605
0.14069728567453776
0.036941217738572465
0.02207366317544355
-0.0013305980705674624
0.0010692737463320718
123179.12925886303
-1721.123931942612
1156.9661749822671
-806.6540470336776
377.6122900142218
986.5017512329771
1255.6476475817717
20871.90405429596
-45.366202574672045
-126.04996023315445
-140.9414481776486
-356.4681851569915
432.06501489375734
268.9945622759284
24086.77676846098
-349.965572814245
118.84009945810958
-195.98095725956236
-253.40933260764197
316.40569436274495
-78.47944416471776
1.418132397685432e8
-1.2121411805344995e6
1.1426453334239349e6
637967.6616156471
543418.8715401322
22340.540253605166
138314.25958978236
5.728914041924303e6
205650.75721726505
-9286.398063929411
-45788.996924688734
-47832.17305308159
62054.436100120525
33522.42492127379
-4.46353349233031e6
-157345.5591066454
-278475.653321133
-109771.87072191572
159075.0010082307
-23421.76775768369
21704.031618976343
438720.56315277115
-10060.414259930101
461.7892127003852
1234.389486556326
-1183.9820756058098
-2538.031429753027
2139.30324502611
-16078.318743172122
-187.61120163855344
68.29876314743346
246.05617221028044
1047.6902547118987
-542.1295697256722
-3953.1014001833555
32717.68935107442
493.98255808856976
-512.6265059029587
-356.75814034605116
-1094.8439648201952
544.295804055642
-283.2143321764627
2.382074010664574e7
-534939.6408982957
245066.83413852652
86900.09106705582
-37246.356860916596
60458.94249544987
29282.700405465162
1.3655674841229287e6
149545.41416875614
21659.11346199497
39.24720575853426
-18721.60704005079
28601.18261819622
13650.735194190518
-2.547810794397734e6
-52154.16853642375
-10116.086022212889
-13074.33499340267
70903.8649556922
-4769.599615491041
13912.608391635913
192860.35455086845
-6164.123067015473
3226.315760389923
-1530.7534820897881
18.08221827356297
-884.1266072943903
-1641.0602764276578
-181191.97650137616
-1700.2757694432512
2135.1723947697806
132.02685383160045
2235.4113775298674
-1569.9505042209344
-1463.3159964286965
-112673.43841343801
2440.9487672465148
25.061514288089295
-638.6923268186039
-753.603796839131
-196.84912641243423
801.7200045223065
-3.2655537527828902e7
367211.33504453686
-108248.16198258565
-389511.03950228734
-114335.42878280993
59464.85259510254
41723.130147367345
-2.2214007109506303e6
85490.8619459465
50439.16189438709
11095.055523021401
4216.519870697225
6217.6433230070825
-653.0716352056478
3.331306890979363e6
15705.820973270758
-75486.71297676646
-54758.52924102246
8462.553179441951
-3038.8264722178565
7466.367954084485
56.2220794373132
-0.9408634561104493
0.3113492238284552
-0.17626793582925193
0.33050992567770593
0.3134410328674986
-0.07144078293439435
-6.154852879609989
0.264635267773337
-0.20949780593590556
0.011321197668825951
-0.10353422392887084
-0.015193804615471073
0.5599989683893732
-1.1459580376709728
0.08952136907978107
-0.08326483673567202
-0.023933015454703936
0.05793891642725644
0.17928076196759632
-0.042633373033063506
-59829.242895531694
381.6617900111637
-313.4281873807435
-454.09882701057137
-422.51030543431403
11.417664962319428
-342.270640902353
23140.842108410347
-196.9026446235092
70.70669757877683
83.46597782251855
1.951771154310814
-19.039132689565573
-152.4356856021542
-20796.728032309682
-234.03329407182866
-96.80113063121892
76.13049833423183
-15.03518931079537
-68.04259765089004
-96.42113555452916
-32.79112131126205
-0.9125495446699511
-1.86340821730273
2.407891141628308
1.1588994201167178
0.2515654066328444
-4.111200351455739
-31.42545913919034
0.1299688137425256
0.24141777206134177
-0.22396259409975247
0.22975714733788888
-1.1786813170824737
3.2104009059238217
-16.561903593041187
1.1217846663219742
-0.5145035946011609
-0.0785758863769326
-0.815836452395118
0.19925483502380079
0.43515559132379605
-10532.90615727828
175.86320688845717
-36.2598517090571
170.1626472191209
-37.38358902930427
-25.645122176912622
-126.55581068148207
5206.867512584683
26.170969437122245
26.791977632473337
13.252383138055086
30.229715393043563
-11.599236207186777
-62.57844563322448
-746.2052185611506
27.346641705632827
-36.11407268703024
-17.312124559133238
-91.14961883692999
-12.286657365257827
-16.672754591047035
-198.7218706263653
0.9107672589554953
-3.0566334864161635
0.8015871792979412
1.8935686478132077
0.558076317469563
1.2801681937943579
-85.93426497604467
1.059010084521104
0.8461206886332346
-0.00762587950341717
0.029053095398543023
0.0028141213009411146
0.5059729946531305
105.60314047186003
-0.8765356901105895
0.8217593842862045
-0.12341170321793689
0.0013388153537364602
-0.150060138931823
-0.808024184057934
11553.756015633902
-14.42127077229433
96.62700310889433
108.0573328061236
61.271960707875024
-26.66087815584532
-48.95532847927571
4475.405493469246
135.07659602608965
-20.90831739871755
19.349739633261418
-34.56904940042089
5.240540511446648
-7.625006565848247
-3166.801686042312
-9.77430425983934
-7.935668283218217
-39.98528493903277
-3.8429352432289563
-24.392005732733722
-19.104655802474415
2.472847045583705
0.22084538479790575
-0.13366039810315267
0.07667747775577852
0.11699083369872824
0.03121417346625588
0.14800023128992515
-1.2275952955424514
0.03458022495805187
-0.032267255148627015
0.007750513278820474
-0.009144486387797577
-0.08998725524472764
-0.16399510080777974
-1.09719395390857
0.04644280883595798
-0.0022400687397293806
-0.013091750321738819
-0.0035246887950707863
0.011723945010221209
0.01936736244952284
-12576.388668969665
218.94115881087419
-104.11582083935625
14.935844302923028
-27.480976451741785
2.913741972607245
64.01586061672089
-8162.528245903725
31.08289082406596
22.54344470470452
-8.966830601457968
8.365381012024912
-6.159922625371524
33.31930732818885
3789.649727947412
-93.34321947249312
7.041122232008367
-8.09739805992074
-17.185729641832136
17.292595133028126
17.838790292750335
10.030422267203493
-0.24425899717415886
0.041786171402053436
0.10481928715084564
0.061494409591744695
-0.01887066161193806
-0.058227971696939336
-11.648362750987339
0.03292872188913516
0.10999253775446942
-0.13842602156355388
-0.08266736988355732
0.40084637698442743
0.19251347447258407
1.4212745098338841
0.06878452913880741
-0.0482702860880145
-0.017183952437495924
0.005561136911673557
0.017685871481482693
0.13119689359978745
-575.8439248047656
12.199374954635235
15.807345130020149
18.782795542951657
0.5420631916133808
1.6936672094554954
27.54582010545727
-603.9402142735566
19.273774405700262
2.7029654003974293
-3.0188809097042504
-7.614752486159907
-1.2149573950121693
14.852557109299001
500.97938817319294
-10.130383897356221
-1.5183850259053862
1.1203494047027318
13.886252713703673
2.2785087537392488
1.6130033006470517
-48.69550785913366
0.5895373043941642
-0.296889102873684
0.20195337873381095
0.12698875630583317
-0.24264223508678115
0.05343834023763693
-18.548229017141605
0.13829248559652685
0.17742172777591897
-0.09701092811446387
-0.14052766276071466
0.31527796960152327
0.29648421061607394
5.998206832583995
0.027064380616852915
0.12262897664566923
-0.16523357327803548
0.24442574306021694
0.027291167764057375
0.07242726883033015
1896.9100452438154
-2.1878436159851513
-11.869871196905166
16.062837074642253
11.215820755165108
-4.967561755728492
6.5662237137400545
-230.21406723992544
-9.040024280463031
13.206052937204777
-2.274073339905373
6.312062324702385
-2.137117074679814
1.9827381784626665
567.9577709892257
-5.96873607129582
-7.910487481757295
3.7063277435838997
5.386121356420351
4.123865589858575
3.0162392697471416
1.2537033070223986
0.022326682922240895
-0.050263635920516275
0.033273656804803126
0.014986682246897672
-0.022039455386358854
-0.03744922873577251
-1.5221727823878808
0.019483827268978692
-0.015205296861951899
0.0029660425125442947
-0.012371994892537314
-0.0276799347679834
-0.00869152689579756
0.5119298658008301
-0.011341806908010727
0.0011956886200315535
0.015836749289753833
0.02379258599342422
-0.006533033209626174
0.02782524815729009
4364.961613823938
-27.499570730789042
25.667696124739695
20.388972521181767
3.0047411399592874
-0.8174334501333448
-10.389827699480431
2129.354770069401
24.285245609990547
-6.435158247618967
1.1205253448984354
-1.6268982761360318
0.7273000570700087
-5.292202305338057
0.3264733008066023
25.793765930685172
-3.8522582626420827
-3.9804406833238075
2.432870276166532
-1.5590462662049698
-2.138773741063878
-3.154071391143966
0.3947808888555425
0.014479292399376842
0.06449780504140996
0.20817465997933174
0.195318640574119
0.15321417009270205
-7.757168939200544
-0.007091970114121865
0.06874802536436107
-0.10985742269757037
-0.06630167745727931
-0.04163174189574042
-0.06862452905207506
-1.6462270748305718
-0.04282804647434261
0.011551756073591872
0.011786820053155508
0.0903236248503666
-0.03609358959227373
-0.05623358734631231
-1089.8902984734898
16.08822950200827
20.270915069415913
-2.898336633184692
-2.0509702034042956
-0.07611607133724031
-3.860146154289773
93.76119694215907
2.934312822158647
2.666708619302522
1.5549995228351068
1.6531122331400443
-0.04846791675635416
-2.590595967203226
34.79927315897387
-0.32660547387375055
-2.154369652221881
-1.4938061976495305
-2.2089828773629545
0.06888183408599372
-0.3790443272534424
28.687691112024353
-0.719114947238898
0.05754686326403569
-0.14048728607222108
0.09578309205700744
0.10749585257225029
-0.008671904175575609
-4.1451980718110475
0.17284783303298085
0.03691914024088833
-0.0011985320925597673
-0.06551125333728862
-0.027945484855925636
-0.0625167804476829
3.099821064958619
0.264023594012156
-0.07355112846770247
-0.003731253273594765
-0.06943468734053164
-0.013590134646251967
-0.028674727426758504
1452.6485509360998
-30.501152314575663
-27.81419833594098
-4.797043958093919
-0.37481794088659504
-0.1306226688747047
-1.7269749500460303
-127.2475759665717
-1.9146781434619977
-0.23335104572758578
1.5888473331713973
-1.2011299154753243
0.48370652457661284
-0.23713563885788716
-182.48189918417347
-8.538233505242879
-0.33545299445554444
0.7227424570658563
-1.4283186782100323
-0.07663598452636429
-0.3993821510043533
1.9729957165945589
0.0011847083265245054
-0.016820768061754966
0.010294822674047539
0.011131334005098546
0.0057986276728715265
-0.02641855846699934
-1.0916944146476324
-0.01868030193494778
0.009101093259546186
-0.013598086851317606
-0.02048647145874311
0.047119574007239845
0.010816902471456159
-2.011538010302268
-0.00017910388950682628
0.006081378438292666
-0.01499131947330001
0.03622607259553878
-0.0053961855734156045
0.017799176114650764
1667.9172448059878
29.621356742049194
-41.60852666498494
-35.53982901092909
10.43902162875683
-2.5895297817388667
1.2085226425041153
-360.65866152003247
3.3029485662628666
7.734863844338202
1.3168674531780797
0.01867205890496734
0.32202268717171245
0.425607255419999
-144.57884470713836
-7.609502276250822
-1.8073222344388111
0.5284270067837635
0.33822546531850955
-0.14249070751135234
0.263130161075782
6.00819595564895
-0.12370793996993801
0.25528605039036467
-0.18347143030316385
-0.07128506545639081
-0.0515504525753567
0.02382808175412486
2.3526027627666473
0.08256449965768863
-0.023033975281736056
0.005677464426439214
0.01085752458257431
0.009507130288482966
0.010045192012987784
-0.07547915343561581
0.12124897455919095
-0.04247042405233754
0.012449457158402859
-0.02184783434743756
0.02538781058482993
0.02434846679194011
-110.30502863312354
-5.119283798069874
-4.914186736372143
-4.286960038202856
0.580852852457329
0.13828025251688175
0.17146834613365186
3.3982571919342055
-0.8978295166096062
-0.6130003491318072
0.030051144080779166
-0.37675938071899795
0.21741247418443208
0.1856123240228758
-66.1311159205324
-0.590297241953982
1.5003719951968728
1.1284262143707418
0.07466053514756286
0.032389201025138856
0.15431630007751554
37.019089721938464
-0.8131823503393697
-0.21700403114819367
0.11163900548621507
0.018238733670752946
-0.06332264287128796
-0.020756589708285717
5.118949569744442
0.05681050860637091
0.022547823265499253
0.03309016467148529
0.014656736414577789
-0.012634509198122293
-0.009342271306941268
-2.9989917955415275
0.025267296270210255
0.008472172684805828
0.017107713739793244
0.03431843035042857
0.0006782138727949944
0.009957470658546979
-815.1195707782618
20.75850886500377
17.32069943208318
-0.013244297199430497
-0.1728147615996237
0.24965322542264676
0.29082593175562066
27.579987511103013
1.969474211083763
-0.17236703849859866
-0.5767390768378191
0.2892508068679634
-0.07148016346742884
0.00222534862242911
-1.9799541193017585
1.6823539678286354
1.620807882515663
0.7939806968962099
-0.2808818145902067
0.0632823340187693
0.09799652488301853
-1.7294230072762755
0.12664747855292005
0.03411976840791032
0.027976899352169106
0.026645741230672825
0.009316713726245202
0.0007989184502947363
-0.4077650503699062
0.003037043078364882
-0.0027045572405844653
-0.015316545472735617
-0.00044750399909288853
0.0036269564590816227
0.001312899925788184
-1.2871546918319783
-0.03938634500508287
0.013903974360336913
-0.01274015585557256
0.01809797660189487
-0.006895447864354081
-0.0036784141515016256
49.576594798958816
12.32503340703166
-0.2513873598765
-7.196554557063388
4.135264451471853
-1.217279457789994
-0.24798034478114578
48.7879955803465
2.1276904635372795
0.004259575004152084
-0.2593101549434494
0.04859818327933139
-0.016573181279459427
-0.008002621584889187
-28.168202010220217
-1.0425771727156266
0.5246548093809209
0.5853746339374946
-0.1737453830108552
0.07765063266878565
0.00014428117581070663
12.493011856393005
-0.21079352452369984
-0.1121371083152286
-0.07736436997634237
0.2497704853435924
-0.056936955656432225
-0.009060296815147698
-2.4690986277012468
0.043058520443220796
0.04136329668158545
-0.00032514446636165256
-0.005164253755161713
0.008531695015416677
0.004664994713959546
-0.74711040615304
0.025004196569460495
0.07991159952466614
0.02865631513727666
-0.007891416035586712
-0.0018531940737425404
-0.003459060394985407
-437.22422872936596
-1.1624347958976755
9.717360324717145
4.196756439615243
-0.8444408765364748
0.3342751690003353
0.059591468222233226
-30.81631563243392
-2.865802235308488
-0.8764088186155174
0.03054876830679592
-0.0006684853491236147
0.005255689905240161
-0.00780924869384575
-6.183692789366146
0.9997144863794934
1.059295872251758
0.5271735322475996
-0.17207257345621693
0.05123548674327959
0.008002060935051335
0.0769813736598536
-0.07661830262040535
0.003053316943240219
0.02427231846620561
0.0005314014749306631
0.004168288678058652
0.0015332810600511102
5.565301329553705
0.35419282167168803
0.016484918081691807
-0.05879734064673063
0.010974647844912061
-0.001718577633776404
0.0026841385021025847
2.451755830884608
0.07317197834305884
-0.036386749571242445
-0.03443786767888339
0.007564640366078427
-0.0048321749275780715
-0.0013011063258548834
-30112.914813063966
1217.5671250533849
-100.68812134426506
554.0271715406506
179.94137820898223
-414.8720397700261
1232.2203122700794
11176.458510505237
116.53441954680049
-71.09861671317594
47.437538052377896
23.278478361732
-425.326675673632
-208.01578383233644
-8616.18753628127
278.2767534624844
-70.75196488854887
178.50508796877827
86.15588083718976
54.75813376824078
301.4927856116581
624739.5688299469
-11586.62837885611
-2817.292501074166
5379.189992396216
-219.00895071857968
-4556.225030684211
1817.6244732751409
118920.28174700825
236.69148609218024
-2267.1734747511236
-342.93021444349165
-734.0115445711476
409.8401326603137
3116.995461683875
-32777.365466892086
2793.947291394117
-1940.5358862389883
-294.3482712270532
-1996.9753043705857
586.1740953322496
161.52891292994758
50567.22137847162
-2330.012652546201
492.39435973440436
-628.1642516648566
-60.00394945007652
1186.1710822481264
3013.0389988531715
-57550.02815875966
-766.4358927923121
93.217554450429
23.449406449871457
-460.4052829060937
-480.1975673281221
130.3141315330911
5534.532040164883
395.04902492041754
-371.7369754587067
188.85004326878126
681.2887368160332
-21.10783320087687
245.1722686291957
649537.0536582624
-11065.357368869578
-1041.482674885313
4111.270594086843
1871.6111866257918
-740.7215137428914
1292.2398609889278
99800.94355115945
998.071376738029
-1920.0845211697135
-1782.6829998702963
303.23346848337417
147.3157336629418
331.45727805611205
115070.52965188934
-1821.2219616348448
138.5858302583351
-1053.9020861631761
1348.495985741039
2088.5331869717397
53.574454577944465
-315122.986196118
7229.655855544234
-2404.430282181439
-2273.3550896907254
3408.934866948564
-1584.9077851420013
6965.0584861119605
-24041.46275107628
-2578.1749774351792
2574.2565153455967
1542.0966224136052
-371.511767904812
721.7347392168892
168.37977120283568
19202.601154432316
-4606.559329934187
-163.11446736526466
833.265294880059
1642.295701119324
825.2117124903486
-292.76814833382684
590626.2251999391
-14471.725327980184
-1077.4694871255551
2366.4998808038663
283.78066558494777
122.44927037500419
5776.650586523433
-26112.26043970499
4446.721340776266
-3020.551534559883
1357.6627261081287
-1274.1687895027515
-67.52198379982597
1096.659548982981
101975.68905114545
-2018.9672632946551
1471.4457434299572
169.72790091536277
662.1052289315678
-752.3434933704923
-469.73679454478764
30.57511545626384
0.09920172906955556
0.5633799016854056
-0.1388685268742218
-0.14851197370195474
-0.5571891558017603
-0.6311514082839851
0.10024414243156603
0.13899212493205035
-0.0635226469360702
0.006235793837066284
0.0843342798504936
0.16588577071545
0.08765624559661656
-9.518868399602267
0.40415317489054864
-0.16799117410437311
0.16644712684296886
0.22628408536608283
0.05411236567731687
-0.06348451838992455
1815.852841349477
-37.233586954646704
8.29788080462125
1.9306773598987574
4.431638971152447
5.112542691365315
-0.030075903970264863
4.552602744581546
-1.7840637210821646
-1.0306709351553858
0.10662748696809939
0.6316779929078752
0.10398242478268604
-7.373469921350756
4.747757454217157
1.659001741717871
-0.9353601187404219
1.4869460982278944
4.990707551744735
-0.37217258671858194
1.7965902164107999
-50.834701926253985
0.2975119705174201
-0.7784927307491996
0.28617694983126607
-0.1532709371781643
0.5524876450200669
-2.0843075688676604
9.426090653963783
0.09634275805075601
-0.02846522790578638
0.39109565555202314
0.329424319835148
0.09808123689948482
0.3577873022208006
38.31077259881111
-0.26694194910332303
-0.09359236123039046
0.05316615772168167
-0.23927521885193406
-0.09361125431182316
0.07979662680826516
169.78029386463578
-2.1887942640064835
0.9746779981133273
2.1621415926664804
1.330364341199714
2.4895879124901854
-0.39489331966124713
-28.608289003039626
-2.911103335737532
0.38795142095830887
-2.763904652211418
0.7914860264447604
0.14404666648719885
-1.6352634571530138
-12.505670623999904
0.7349921576314553
-1.7469927809815946
2.7405907239808127
1.9234969722553754
-1.9760583700638508
-0.11580567979338716
-550.4037914146264
12.04061518761135
0.5581573272943378
-9.287684309734907
-0.8167736305103386
-0.5243507516136742
-7.9924455194793795
-96.125108648268
0.7710187176751051
0.7999215852819358
1.232464260235106
0.021614143687417497
-0.09663308406566862
1.3297753956235618
8.373938268342695
-2.0793412643469047
0.21844310455636365
-0.13346520073326204
-1.9335930887081383
-0.4324453633800813
0.5387348516876708
489.4290552906459
-7.9370571005930675
6.333668177789708
-1.115186782011281
-0.8585753129942942
5.331090439877087
-5.304693102239354
64.71824394458928
-3.8134594437254385
1.4559343891957446
0.04013741453054155
-0.6624174003875959
-0.7275661727653843
-1.3972469528176323
-190.28303459219686
1.2191354235820493
-0.07925246159978355
2.585814239992453
0.49724283460984137
0.026795840434527127
1.3749612319433817
7.911975664528681
-0.08398083111180987
0.1204626802183323
-0.02568520770591558
0.010668251472817877
-0.07296075743814665
0.07209820213239708
1.1002484903343135
-0.009822293106601872
0.0013479548264813128
0.0018557579969934936
0.013934707929175347
-0.045712028071214786
-0.040862484580069205
-0.3567996088235045
0.028377441700843494
-0.009199035942842996
0.021960914300911495
0.0017893834866875207
-0.007422041878676463
-0.0035582200227921514
235.68796027822535
-4.646095241660537
0.7743714306201955
0.9651044723569496
-0.05950592093780423
-0.35009159157505015
0.2767745872870139
29.744198513096322
-0.7144409442816667
-0.1002984063530053
0.1557555472956059
0.11096757983438522
-0.11804591696742081
0.7594222442533277
9.269023167405413
0.6587739317713421
-0.33905432588246304
-0.025898714494329674
-0.2127239858625099
0.1967496792109574
-0.02860034258638591
-28.295874601480342
0.04537572380812334
-0.3035860555170505
0.0062002999044087825
-0.2250818989667727
-0.1818602509880176
0.5233525362549774
0.2155964162282213
-0.037136444021379646
0.030871721399282456
0.016172843770419422
-0.023291209517410705
0.14551925424468734
-0.11767373207620747
1.3187536570489415
-0.05407197454702049
-0.05229980478098196
0.00783600672967399
0.013854389338653869
0.03801701935275674
0.040708147390076097
-114.99929363165298
1.5158720694713883
0.12005426730777587
0.8594277845201773
-0.3442507559091933
-0.3693009577235912
0.06348687486398967
2.758794107292736
-0.16151218467595085
0.018593095163849525
-0.22440641095748018
0.28886131197502624
-0.3345384682105722
0.21902447431090857
-22.32679180894661
0.4340608308126013
-0.34770101128134834
-0.044602967315681905
-0.5176273075706902
0.013698341844527392
0.10141274470640738
48.87620062985657
0.36087219908704105
0.16711333958059613
-0.15189920103064303
0.896706295763001
-0.10408241263184274
-0.06639811078932216
-11.99452677310581
0.6538580109936388
-0.05549156374216135
0.13842843739923807
-0.1991141481858377
-0.08512034077130334
-0.12471611435703446
2.048265335535595
0.13920452708333683
-0.01601085591947729
0.02891756050541304
-0.23582369001920614
0.07608971760991902
0.19942088713631137
-251.50109143196622
2.930677401985266
-0.8582535873734353
1.0208461568333418
-0.8760812415843879
-0.8169326124421241
0.48884667036087176
12.609864064656234
-0.6953348107590789
0.2532243567280982
0.1431935483565478
-0.035625382914986264
0.11114487769969059
0.11146772397487469
-13.003686247261943
-0.2311954195111584
-0.15112754261176659
0.21147842416236687
-0.5139770329488696
0.24066908908637202
-0.14137404629079814
4.049345887589875
0.04874850064329755
0.06837905124884605
-0.026252457358174806
0.011472054724393985
0.02176454150372403
0.019215906359282133
0.9970775576609493
-0.026980609286946042
0.007560391931922893
-0.004076109623676335
-0.00044056432730853515
-0.030132068585249486
0.005359260288920762
0.29718147329702954
0.016294224671233225
-0.0077144034948997174
0.013768559458491007
0.006886220758849315
0.005173954966973347
-0.02075971932021457
2.426556999718545
4.408203958934016e-5
-0.9981731166109384
1.2060998320195349
0.14283332762917042
-0.34227643098415833
-0.2722018306166217
-2.866105309757943
0.05223434773400486
-0.04747663796508979
0.0776241109142328
-0.06039941587036478
-0.141816568412955
-0.02180953567916856
12.704277795103051
-0.11649630779285784
0.032081664402034096
-0.054199175338050146
-0.07998650671110483
-0.04885721299814723
-0.09224671968387464
-6.0056787311107485
-0.3552137786955123
-0.012739479309055701
-0.15109766754773968
-0.2058500907053016
-0.0819115205087198
-0.037423643618031306
-0.006587918475664385
0.03827497275640427
0.0035710944242138033
0.0023958542289599597
-0.007877166850356686
-0.0788438680549954
0.020659076222018943
1.1288423340826654
0.0644512143808762
-0.05475768155863697
0.04890269957044277
0.005088617882514024
0.022757137345149774
-0.05053250801102166
52.81580453081204
-0.7561780909859117
0.15322792306158686
0.007256446504362363
-0.08540979074492558
-0.006941006148620619
0.03739949769027468
-11.57997563630953
0.3707971973298127
-0.20138466028163682
-0.0985427077552364
0.008642454795793534
0.09475519595219838
-0.0049251857624639135
0.9460754229442264
-0.6046275887050678
0.16782549837188457
-0.1389273816607444
0.11604929479462403
0.017896918535657905
-0.08243051460735751
26.233018641629315
1.2776712043727203
0.8437727328737155
-0.06035774126969944
0.3014792820493413
-0.033558588562647165
0.21841329331461462
11.647894929062835
-0.07163563776662842
0.05300901738141245
-0.06237519031659247
0.024361346498179903
0.041774601937390465
-0.05474363515723608
-12.421192728800094
-0.03854543210417006
0.20891311856473158
0.072784740245331
0.1469953782567463
-0.03986359016947721
-0.1448540224089595
-31.869328645413603
0.43259064059338725
0.4250398294600636
-0.09143277437791356
-0.0957746569158562
0.09581616677113437
-0.11401752301257274
-2.0431203033514307
-0.01589723514315838
0.0030899040270095553
0.09924869580109344
0.056903491417091556
0.025220460958791595
-0.030146702738606753
-7.625635961055364
-0.6539616878747623
0.3235862694021545
0.0725467089814312
0.04795423389755982
-0.01881237047040914
-0.007839947743361478
-0.3619161093985759
0.02679705801559531
-0.031965096439311655
0.007667057497358476
-0.007007453114306708
0.00856072345214904
0.01889872222407945
1.4453057270155312
-0.019861040873613633
0.0031291452875726504
-0.0011349826312799963
-0.005856594745022532
-0.010094247481943007
-0.012219425209791432
-0.5752421642415205
0.018309451218443542
-0.007371910976268756
-0.008261334523507448
-0.005534980309226574
0.008552473369462037
-0.017918969164812684
-9.843675356744388
-0.08751381791578601
0.6060246754620369
-0.11164947457094666
-0.04015831409372926
-0.08297742839351664
0.11511425905491855
21.735246814056342
-0.264671275475231
-0.14615153610092516
0.10203651199065475
-0.02850148077704204
0.04096264774730925
-0.023872151136589824
-0.031790047038570045
0.23892121275809886
-0.03311417650005075
0.03566066661128268
0.07688791529284084
0.022626330204576706
-0.00868003252523532
26.478910624261953
-0.38243306687434464
-0.10862698845204409
0.18391917114545311
-0.0011210693896035804
-0.03651255784772833
-0.016802923065964284
-2.160445442706303
0.016599760762410792
0.0314684269289677
-0.020687237363661494
-0.023473722724313445
0.01476209663546534
0.003206022861263696
-0.9339268964515055
0.01881997233620488
-0.01597398148469071
0.017667960932293385
0.006152894670474717
-0.003454872485270793
-0.02744179999128653
-104.32690501116325
1.3639373786085933
1.078658039319684
-0.2823507866906092
-0.08654260230523367
-0.013261714327422564
0.03459740181975794
28.734628713703707
-0.08152515774886424
-0.3342324084233863
0.09459828888221516
-0.1389936419075818
0.050783222093858806
0.014247688067629782
-5.249280261215264
-0.17954525259308285
0.05125622282866629
0.11076151292553987
-0.02413382908828037
0.009653067041958003
-0.021233653804470246
22.878792023553167
-0.5477187518586322
-0.4848225305721349
0.27651159643246925
-0.15336513792760045
0.03364965426265766
0.08143980977262727
-13.735330183930724
-0.2698712447298142
0.0782569230826987
-0.01018430270225331
0.008594626411895668
0.026319610665169753
0.010919123606416913
-0.06668658170721825
-0.09725448566291564
-0.03534382787299228
0.002205101279282639
0.025091249750476944
-0.009622984944255404
-0.008599583246910628
-33.1667440317373
0.8282063178371203
1.371339539884727
0.13644405518773822
0.3181012565420787
-0.07158041790951743
0.02445376551157945
3.547739159262716
0.09151130050052629
-0.20343651961177883
-0.0842550716789966
-0.02719139860993445
0.012870926801787868
0.025575593251557283
-18.34973870292193
-0.790036519175295
0.22159343393176134
0.27755613471201157
-0.08196165823753877
0.012960784878005397
-0.015034878618899409
5.474266015223858
-0.05125442341013891
0.1083030185179056
0.0438125721178916
-0.000790555726146559
-0.011731810230808616
0.0010880614648956898
3.580810999078063
0.04272760262647234
-0.014974801509651232
0.016271150054464553
0.007321251329405513
-0.00893211794819142
-0.007193515168726072
-1.0369228169863423
-0.04037309812029739
0.004377339245549365
0.024422302981970703
-0.012288579223705166
0.00014560760563033065
0.0013516006071384
8.649588317044842
2.2507941078422173
1.0804537078386647
-0.1350709433926923
0.05802148300186649
-0.042378044294915894
0.008796983606069501
3.78231996516418
-0.11012140396770055
0.0009419039372572673
0.15627373725582053
-0.0728021576804943
0.011430695651923851
-0.0009008554827185407
-3.8338332487486966
-0.07324064703985828
0.09001154702735674
0.10598181162784823
-0.03695773585800983
0.01286061756100549
0.0008765093472013346
11.498549937582492
0.060967405554969066
0.4793286727274472
0.07876197563883351
0.11801517397922427
-0.045789141981861375
0.0011274157600491114
1.7170873522848225
0.03913393390273602
0.02159909854393108
0.05678759169547756
-0.024969388503171656
0.0018844020804808417
0.00016998096826094128
-3.3599682289442447
-0.17170230937067632
-0.03099550550490536
0.03227728857184492
-0.003505506518753086
0.0002802238251857757
-0.0023304986461670394
-25.533065609010773
1.62867712399537
0.9587871546423187
-0.03719592783827106
-0.06110637089582747
-0.001160128050060386
0.024829355766751687
0.31082687174547463
0.5473430009862049
0.38307198270713816
0.1506105467275532
-0.03671277726106821
0.00829400907451532
0.0007066068888058703
1.1492336365022566
0.3261917972419393
0.16560973477443977
0.06284700386336428
-0.013549521087935435
-0.0002207945428917427
-0.000982372832718041
46.70964452953007
0.4589226888979085
-0.2695792511920893
-0.2459036891906462
0.25707325401468273
-0.08088922091801899
-0.027024956560532876
-3.8953486963658848
0.013766817326374152
0.06067804148889904
-0.0012974239777385195
0.011103890462358443
-0.00275152126498997
-0.000637639301520416
-4.150078368185066
-0.01910310853456108
0.14278954181380404
0.09821572616678603
-0.02594329157750763
0.006694518923898566
-0.0017216195668633358
-69580.07137260161
2329.6249026556147
-45.397290651447655
584.8601494608514
61.59302131811773
-889.7567484641039
-697.2564541741659
54332.59255810126
-573.5635748231581
220.98966071718303
-196.5583622075009
-169.3990967389554
-892.8273621006604
-224.91138266559946
7112.465183837742
66.50726807754518
37.92702291434706
187.1132986983629
-279.9923047481216
170.94349721963502
714.6502916011971
-489843.398535496
7685.99631509204
-2941.3793286518744
8626.445883618004
-1467.9077731877505
-2857.928840493258
-4969.072493752155
-109393.2153055162
-3155.167679987343
-618.333630861701
-1025.6373969469105
-2438.590105799501
2290.7194965774906
5304.13570843444
157854.99042324154
-3764.6835617969855
2968.5751483706363
-4705.866750397177
4056.3375354785735
2125.562618452595
2565.260082818003
304593.2053675235
-10222.049802911168
885.4839860540148
-1171.127644576301
-754.7250275311656
-10.983402477796307
2299.36349423434
-12622.409718242528
-1252.0955554181028
374.99600883756955
-31.23474447621812
-361.0700305604285
-1999.8855545798885
-164.22934895488936
-23854.571105208528
71.95772042707459
254.19178267941334
-909.6530700331452
613.9223132001379
254.6621031222781
-583.5613370509259
1.737700447857478e6
-5669.772745400901
-71912.62454583394
-15351.45625429812
17593.718132327274
-8224.881977732977
-4825.680155800062
409160.29637953016
-289.1414275840341
7937.884225898815
260.2727226810573
525.0226736661243
-437.50278851922394
154.74337912688546
-279861.67439913715
-9810.936217235792
-775.2831770943719
1289.800922082162
-3656.382971685646
3461.9743340118303
567.0401336739288
998829.7717478935
-29583.06476971945
-23843.69854839527
-3257.232321215368
11569.073405138712
1043.2960218047733
-10338.242722299286
176027.45899341826
-5301.188436275405
5402.225765013036
1299.7717785781342
486.42933648332206
-1803.4570109606989
-1470.5056685393185
-291513.437689423
-6983.812970571017
-6423.995227969474
-3296.003248887653
-2225.610260132874
-1770.1150937762175
-1481.6443623709813
-667458.5765148485
10887.002762804925
4120.863751662557
6869.8595458449245
-2027.0558929405481
-1748.267807222666
-1496.2608901710535
234611.98939019648
2543.265836548675
166.96042689260912
173.4063344978992
-51.952495818232656
-97.01557177438434
300.81493932358546
27421.430053210348
3855.971631221522
67.03034767630767
-1525.8212635093207
-587.8278602507687
501.76868973246474
-154.11535198220352
-13.238018809952807
1.2018448053517072
1.153349540803169
0.13574061026276382
-0.32698839557313714
-1.3412214913329068
-3.244085268519076
12.760681865767559
0.0769291305593719
-0.07159232042368119
0.041213223859762796
0.30685472545125536
0.7615542238139974
0.3715918625182756
-29.749136085582645
0.8062967575056456
-0.25403066863057594
0.29172725129732036
0.21653674667396533
0.22393417379961272
-0.17347343137998286
-845.2333545041001
19.11815979214567
-9.98601131144828
15.202230692272186
2.721477801164869
-2.185849350980605
-6.129600290306727
190.76459081329625
-5.937294502076474
0.3728074893847053
-0.2306717458941217
-1.1596734775771997
-0.5981229509727864
-5.5372602754058144
11.8566566081419
2.6115159882268544
-1.4121235151774676
-1.0607945601271431
-2.0612438991970135
1.3297681786623725
-3.542556087835407
-98.68180311156856
-0.8183373889103428
-0.9870906323087307
0.5515667616515373
-0.5749781420193324
1.1745344945366891
-7.11811518262276
50.30410383025082
-0.6280895219427349
-0.012242116797414649
0.6824730621794084
0.7822888899399081
0.09972338155152166
-0.22272123022105916
33.236607482833314
-0.5776966784615243
0.29652773730570314
-0.331130760665322
-0.056982005474151644
-0.12282507733425477
-0.07774974550879052
4452.1050898192925
-56.550837527942505
-34.88131544594523
-44.433756413331864
20.746823241662025
0.5645633418628593
1.9622418803472381
42.037116625235505
18.449640846646318
-5.777205863994578
3.9419744804798724
-4.624405455266329
2.031398389729619
-1.0978707970230808
251.96533425257
-8.404027765706934
-0.6511326314728219
2.9153845294392178
4.2447270770040175
-4.412516547447225
-1.5495576781660088
-1622.1228089535064
9.114495092258602
-34.327304039302625
-29.108400111176888
-10.659171081189355
-3.960328431447699
11.267903212265356
-381.2593210719925
-2.642035324039081
6.150090127802064
0.7283977379008253
1.490580964524754
0.5846608091503189
-2.3436994013526986
-150.34929980105673
0.061802134402944714
-2.8712020555998423
-5.102056336568203
8.9904985142538
-0.0238101461438845
-1.758653072092009
348.8894349418574
-3.763968290124375
5.895737089290893
1.0929776446179866
-1.4514197118347483
2.802605555341631
-4.878698364579072
22.7729711961942
1.4024913038780358
1.062802118210744
-0.008300996465975138
-0.21030662563895405
1.2403813377813044
-1.1722330304644732
25.356608080924648
1.3062409924590401
-0.44624529548380276
0.06493666323660148
1.5477675455490492
-0.39100600073920716
1.403152529615469
13.007906912983517
0.08447351222863685
0.2099726032238828
0.006043543305544215
-0.00629193301109768
-0.21821479472408808
-0.12528268069182832
5.39722741330022
-0.08215072980803698
0.010248851788587726
0.015220193308535062
0.0799890340521954
-0.03172513983421313
0.022661510855780262
-1.7716270088054598
0.06712490339239953
-0.01704365258312805
0.003953503182941317
-0.055554451438392265
0.0034614329656850605
-0.010964644278761712
246.14047426829086
-4.971543577680074
1.211807558730444
0.8823174252364075
-0.25413318620353087
-0.35591485867973344
-0.2549114666898822
43.271308183415016
-0.23727537013496416
-0.16602720459612172
0.425768628869074
0.3336502661397895
0.2747462851253773
0.5787404394239055
10.10013599651196
0.2780867904600399
-0.24033157011268946
0.49774921673146993
0.16379326767824032
-0.5150810262573131
0.27002139906635647
-41.346336498252626
0.11461138234606712
-0.504005611383879
0.18718023020357993
-0.2578942617219968
-0.20314290788781708
0.3151570598672777
7.171637653502936
-0.07880146585560513
0.05198681162077766
0.05919025289539251
0.07043686654099683
0.20682546378202377
-0.03326989487376296
0.792098826917238
-0.06975210775650059
0.010546547588093938
-0.04623455723445461
0.0029501628966427653
0.05888916656983035
-0.007357261428346373
-385.2479684598255
6.750515967067166
-5.969196821903411
-9.113253726721576
0.35952501997099473
-1.2561369676844603
0.3321212158771644
123.50733852142967
-0.33368250715261744
-0.10673476324228795
-0.21590108568955022
0.29270478884982903
-0.02290839563845917
0.2817622501570952
-30.9806975209556
2.1647522563260733
-0.9615357566545837
-0.7711643756201594
0.14735802693610175
0.5888536139179903
0.22852872572372127
626.3271894867736
-8.512712125893888
-3.1071512141564055
-2.1830460748164033
2.659563604389662
0.040152271022184334
-0.1282902229584583
-20.98225903178743
2.1677128474184384
-0.45145788590529506
0.05522460244939685
-0.6175928542822612
0.3286844477508107
0.6924347281150027
119.90821265802718
1.5812599256907705
-1.244894078242858
0.21708274251643125
-0.9682026416479377
0.02074411453386308
0.41911490124595924
45.09539624273307
-1.0429176322604001
0.596890313312757
0.8308340636828887
0.17987125224475953
0.11449145164742464
1.831836036543117
-13.555990816748222
0.3842285066598091
0.1848594207484127
0.0761262201795023
0.007361840462053721
-0.17764233018257808
0.2323754862612233
15.654973039321463
-0.0559062851359101
-0.012543772018572609
-0.09247627475176882
0.05911841216447441
-0.011074641508801221
-0.3293390441692585
6.798442898620063
0.06178920036414179
0.10611477272915584
-0.03609287700959916
0.0236519776363882
0.0168088041791104
0.016908291851049886
3.0736472928302216
-0.0825529809146398
0.01650247063803392
-0.0034721141726569153
0.010719463955739765
-0.013555049290770128
-0.08376631517047955
1.1587301443024094
0.004573248325095575
0.0005731858026652464
0.01908409070075717
0.0010127228183729074
0.010671568424314886
-0.03428509806348455
240.50323781401366
-3.465223732197517
-0.339156665109032
0.8544757319609669
0.3767550334538992
0.22342696120417263
0.12103477618296533
3.1205015429956604
0.34222461898954887
-0.2702040193394956
0.2321211620384115
0.0564617616495004
-0.23649186945673162
-0.34563938250765797
1.809059483961471
-0.13558973099783142
0.0960352839526145
-0.19649500913633017
-0.21668518273965656
-0.09617994616606985
-0.08775309086164251
-4.720993622413809
-0.1981966358414113
-0.15884067059373602
-0.1426383529174601
-0.22195628871084586
-0.12668483776401343
-0.016501657594732468
3.2519793544055786
-0.017329625948534343
0.014150462023985658
0.03741843633644924
0.02759663013760869
0.011064539159681756
-0.07592223721550126
-0.4394101133026144
0.06243972755076062
-0.04525317362374463
0.029507322832065426
0.002543746708605519
-0.010990859847917575
0.017436426565916926
62.81370505175613
2.861890877525385
2.2016538787733966
0.00936396944097112
2.89815994029749
-0.8034476968760492
-0.7663851112188538
11.278275962422258
0.48062556433515313
-0.5220368188686284
-0.4077860111476531
0.25357772078939195
-0.2551378863762914
-0.18084930296797055
55.15113288529365
1.2586286393259205
-0.5320830133948018
-0.733515962240506
0.009975741630574833
-0.1523815921888574
0.00809866346632275
79.03821307456444
3.523053227343993
0.47413377957466474
0.45382914468982255
0.6919479681324955
-0.345019813207377
-0.3380036969586549
54.01824097636096
1.0070801412784125
-0.2763529334221704
-0.38672443484854685
0.3373438062839109
-0.1705388735873462
-0.1158320751982866
-7.501418751070524
0.2697102047874975
0.6347487631150721
0.1900319982022069
0.009353250276878783
0.08507366987906714
0.07973046179932251
18.48695328087824
-0.1296487723420341
0.4210328848529262
0.16773334023782416
-0.15406284639504855
-0.12389789090798381
-0.4343353742354061
1.241610609510886
-0.03018093570882834
0.07399529246490344
0.10413829636033145
-0.013003501868685634
-0.014161691071570648
-0.05475559717576935
-4.270459386552861
0.17617552652286847
-0.08540056036775308
0.010138590129541231
-0.050881434859266904
-0.005350375557365542
0.05514133579855304
7.489560202349891
-0.08708887302181095
-0.059877393047740375
-0.02650783472957273
-0.0016805054763915355
0.045476458634106307
0.08286176331898179
1.6479461001676456
-0.002736188957692514
-0.019626624904685187
0.007558887440908588
-0.001652517306531696
-0.0045402005650641035
0.04870886639292824
-0.7546784460125326
0.03617371531308885
-0.018093259966637725
0.007933788744552816
0.02146103052711936
-0.03702697755025803
0.01905261267606052
-234.4107153552937
2.096495698376606
-1.151055705446577
-0.969920128523008
-0.5868013768623369
0.17352755405404127
0.14550277614336513
-33.57950974538959
-0.7438303292598767
0.419472492634346
0.07445149736220155
-0.02519351138552781
0.05812560986468385
0.08932076107656238
5.685780739879438
0.18323092804794058
0.03396676090669426
-0.06552980207992597
0.10537850687510163
-0.01957753833666455
0.035456826816787745
10.6309047682271
-0.2457293436056907
-0.3074992453109002
0.29189554552785923
0.1490731505207865
0.04802408204464479
0.2095750239318987
6.333194335650296
-0.0954962203359425
0.06911607368911996
-0.023579918600987574
-0.02550064332706936
-0.01199800418204497
0.05831558224005891
-2.3904785716898806
0.005561679133955607
-0.02303120944611086
0.05037699386023139
0.038849190251293776
-0.020742804041268575
-0.026803397632806293
-119.98216611116379
-1.1761634260443252
-2.5712053105466985
-1.5821100230390968
0.4281161358919458
-0.03751797040958367
0.2183856257404116
34.65743041684148
0.6147738645894045
-0.37554305030672736
-0.1357510297398674
-0.07197764474634516
0.07278628419738788
0.07431670726084333
-12.160096860217791
-0.7507268858805509
0.17329736979863425
0.012095413128081094
0.04912981805038314
-0.017777063183703017
-0.021804308500882566
55.50546346385086
-2.6495042549750742
-1.2089742226064628
1.4502791316452572
-0.6458315708670874
0.1864326677855001
-0.06746351893356622
-8.695124820643874
-1.4015988936503065
-0.2683247890476625
0.2943936025344974
-0.13533689933280066
-0.002734271176900958
0.008319662550344678
12.316662988819086
0.18746314370755224
-0.22735314799795028
-0.2855207532170581
0.03948602673722122
-0.048194049066599944
-0.025455007774129384
-55.85335559149333
2.200773918458803
1.1150725382948097
0.1627800430131405
-0.010012074605600028
0.019591540261561194
0.05100173154791336
4.1885335674464965
0.13425350595137997
0.0378977697266323
0.03459626175370528
-0.03165111862434631
0.007990647689171645
0.013218392356569086
-2.5086921822979953
-0.15981885400738033
0.12166227831971684
0.08750052722252588
-0.03754025959305362
0.010622209211615793
0.0014868333701372877
-1.7983325052073795
0.37279741675487155
0.19244024920492822
0.014357014324701423
-0.12629309906820937
0.009418786607980288
-0.01780694432600169
-5.340182538651286
0.023719989740344612
0.10424751759297869
-0.015102048710935807
-0.007957213353759318
0.013023644291475614
0.012370556949804467
-1.8936128134019463
-0.0071712503463666685
0.018454514455842768
0.07620030533789378
-0.012235420126312038
0.018853614578962702
0.002172767572839715
115.96746284171684
2.2299805668174737
-0.6818907398027287
-1.2770540660580074
0.7715193523044891
-0.2809650110401331
-0.0862178418611178
-12.498966897182216
0.2577505776620198
0.5401642048931474
0.26326016401603897
-0.0659058150370449
0.017078982267543844
-0.0007810487955839791
5.701670481187887
0.4574871568964752
0.04472465124125312
0.006835093729749576
-0.006780044804345881
0.008109383255685264
0.0038961013182760903
-10.850071954126268
1.0596937649532192
0.8390126813458753
0.05869251803320988
0.19858187714340958
-0.06509264640040559
-0.06838730916491434
-11.477393613529411
-0.09863873878321033
0.18991834881929004
-0.03648520763859741
0.047731193579705594
-0.010436675798614124
-0.009944320086269203
-4.442418744658508
-0.14851261823518871
0.013104155264512382
0.09860869452912155
-0.02605112576209484
0.015480616761123295
0.00015720116615012696
-6.768817746295204
-1.4973044257504249
-0.0778554101723403
0.1478575349189489
0.0011723879579614758
-0.016769373310759894
-0.03231357024201956
-5.393916870576493
-0.13441760956728946
0.16431248453053746
0.13241813073772532
-0.04127949440081843
0.0056578184488848835
-0.002394105148591268
-0.8032347666177503
-0.22059704771564984
-0.18360286170657916
-0.017014093897233698
0.003394495208591105
0.003956695482162215
0.0025107749080559407
28.607050546068656
1.1666226340750796
-0.2826530157745647
-0.24399338509109353
-0.09728805923151393
0.00022703929043670906
0.007881691422613727
7.5281982859010395
0.166844419421012
0.01932377558607233
0.01728064008685067
-0.018174176034356768
-9.683557482436074e-5
-0.0003786797755713768
-1.7484859187074695
-0.1143504269884095
-0.06713684999811578
0.027449657255175914
-0.009257357200649447
0.006209411714681181
0.004619874982878341
28034.196238169505
32.83493845009186
-10.344500441625739
284.7107903602801
156.20952164631709
-236.56297765548192
-630.4875542637611
8008.04240535306
-85.37072353285672
44.66644519568887
-41.67386519580169
25.122240750973912
-11.55641863868144
289.01711459046294
-6148.3467034972455
139.06295132697517
-10.721223557093985
47.92181347279015
-38.95094686760143
21.343025713809265
-46.23882875397923
1.7703467987851708e6
-25212.26052552492
19622.577492035263
3953.7600389025292
2528.60956398457
-2980.210383107742
-1594.6617473724543
102216.03104866885
-143.3901082897837
-2058.3280051500615
-4883.0518243801935
2716.2521597397426
-936.2238371443988
100.81880704897675
-1.0009757442146075e6
-30332.898353304798
3920.5311577933303
11147.494780681824
-189.87049294453072
944.800098662942
-924.3743564164236
-158117.06713812117
1430.2393115845289
-431.3416946679236
-450.89893010720766
-863.8751318137487
-376.4921487449559
-312.30769671863277
-22618.247279943662
274.6980472279709
-50.78522766471482
42.46878210472851
71.31386451383722
215.72130228681854
773.5680268797054
14102.303187763173
-124.65480972768519
36.494076767180715
-63.986394167381675
-119.78802826575502
-221.3807479781185
-78.13090973702775
-150983.78763546748
157.94687897336357
-1024.672367848477
736.4916991116404
-2113.3450742337204
-1010.511906202247
546.8891007093131
75926.27718953017
-1860.1900645433254
-786.5067813067548
244.52731380057378
9.901795435402642
-140.86307041343198
358.52772027299875
-53480.19181777806
203.65667784090036
1135.4004926060065
307.84540400596546
1367.3914611884059
-239.5226770941287
-534.7458855845001
-148326.57672838884
-994.9470801456785
-124.88754632249584
-1552.8514707829038
-647.9275322264147
-746.9777500567984
348.5380098344543
19668.810494933346
1446.5484573234057
99.53664674155435
-87.17991070455436
-192.7257552232098
136.61144347836773
241.9950763531086
27535.94239449071
316.2193936090164
-1067.1074342421007
-270.12731870248496
45.544312602049175
-16.359101623046037
-326.38395649542036
-43044.512836272064
140.2171838629922
-702.8614031137579
-518.3107364307743
-331.3446185185157
86.41727715888867
414.42451870376254
11691.076296439398
599.5081586284794
-182.88367847249762
113.38576931369492
-114.17441160212078
-17.93953202106701
80.25187793183207
17986.642523057435
481.120363697309
-7.485920283096587
-276.9369415967014
159.81987643312036
-51.54676661453709
-19.562858997714457
41.24585270855439
-0.22235227496437818
0.2753686683739325
-0.03069001227468766
0.030740797243811728
-0.10201864088257831
0.6055292986261642
3.0952808029725842
-0.03626833265620534
0.01698180266797316
-0.04458020765501687
-0.006428075408767611
0.26274436715578686
-0.2510022837705848
6.966402729585134
-0.11216809101883822
0.043635944430097565
0.0009778498899054586
-0.06362469541906204
-0.03236881917011969
0.023819081557509964
-11742.876431336414
508.14565393858464
92.15482471842186
-51.671024787358974
-18.17304124851891
3.184909512186175
7.568099928893955
-1310.8287157150617
-42.00142052884311
0.763621105600107
13.362776382486215
-4.806194019641137
3.158645464857224
0.8055277421294955
1174.111109595756
-53.473452889549385
-36.001946058802375
-24.82079196470576
3.204156106617882
-2.184120401672758
1.0600687250939111
-88.58791069867569
0.8809550090608123
0.3617804465866392
-0.7490522303103181
-0.617626029982838
-0.00421658848882781
0.8764139441131771
-16.359020422817633
0.04867605983354168
0.038797579921555185
-0.1309715981452858
-0.27067408414924926
-0.2592443490883221
-1.2778971817030638
-13.3075324999055
0.17005252541775454
-0.10984774409837582
0.06909287062693084
0.3154391437876933
0.10721463775351127
-0.16085061366673975
-65.6057901392833
-2.1810993489094
1.050400980758554
0.4714525390991107
-1.7860288839081861
1.5434917740726257
-0.5124758225847814
-13.278693896008981
1.6006305583573437
-1.0567355872322886
-0.11677385765468296
-0.6187103989892488
0.4988878296940125
-0.5936932686737235
67.07641485934103
0.48869457521819243
-0.55832717819344
0.47021787090887074
-2.189731421697041
0.5706566341800643
0.6963923421561192
134.17718099213286
-0.5900135146665221
-0.5973849470483391
0.6988266700623702
2.1557319345249635
1.25127744089847
-1.0141990998829835
42.20252015001834
0.554617269999864
-0.14735268802385793
0.31956854412954316
0.03911848031242497
-0.30308432514189604
-0.3507294970613608
-11.942193281805958
-0.3142860370402155
0.009617172008116542
-0.6583984598981163
-0.2191234222815668
0.06453844577037028
0.8620514715238119
-201.93802429225272
1.8595126479361634
-4.363296639935613
0.6282360620262848
-0.24074687084302016
-0.5021531846183223
-0.9987864101893008
53.09586022750824
0.625687878535952
-0.03478633294616453
-0.12334970602585309
-0.2728678780140252
0.07658774914518056
0.2067006652852796
-5.548702418086773
0.2592440288801356
0.11513573351121743
0.13528583195698404
-0.23510240853343292
-0.21495875235613418
-0.1275963156096554
1.1105601943100045
0.02882756570000153
0.008858962342110177
0.02462375286889129
0.04651472458336784
0.024992580226289546
-0.0295552291629688
-0.714091119825394
0.028302277980308
-0.012744245119723784
0.004153901578270312
0.0106588613663043
0.0218322939570215
0.010781732086108985
1.5671860278180294
-0.015951844135299972
-0.0002243379695743872
0.007734353394959223
-0.010360094906453149
-0.007021973805160833
-0.006044592684412481
12127.344476120625
158.78286118780807
-36.130518656148304
37.0615784962383
-34.704814471175894
7.935717558218406
1.4244282278673708
684.8124410557845
25.85058851934869
-2.3352846609214306
-4.954593217805606
0.46263043635504375
-0.5026872183871793
0.02223555922368859
200.5158807194125
21.331966415583462
-0.225059250120381
-2.9210429621157306
1.2314167525433308
-0.3169140181235349
-0.11097823530534498
2.15853857902602
-0.2085840891159793
0.21841826836976255
-0.2649697696728755
-0.0711593608954821
0.13647256024048357
-0.002874111428830711
-1.429463285876629
0.025091039132002804
0.006520803560249027
-0.02869695684907233
-0.05787895757373514
0.04828729078683265
0.17222616561388537
-0.5702097192345146
0.007482172820989315
-0.0007668230004953891
0.0018510595453756864
0.0789088343537292
0.04359259424109394
-0.003201544260772395
-6.2571773811755875
-1.4311747530530332
0.275130026701143
-0.1151498232653682
-0.38158390926325464
0.19625384355863612
-0.04843648556149036
7.813158741962206
0.22510594664030337
-0.07986135735663402
-0.005202503096743472
-0.0579437655185424
-0.03222371792604539
0.09371682218688544
-10.664037327219624
0.1247194844745287
-0.04278690905150411
-0.08436653990722698
0.11849765513433487
-0.00724396008860859
0.01605879841121357
16.535275527688025
-0.1397610270226729
0.1276754931861166
0.010524796109056229
-0.03610922162743538
-0.15642588515920794
0.07843356402099777
2.915166714661978
0.10558156813998018
0.016389473892714057
0.01703930143058466
-0.042553727241259144
0.053573495277123954
0.023278618278841836
-0.34373253548258276
-0.0987971848020277
0.029162056695460223
-0.012208471141214705
0.14488251116917517
-0.011176803332619974
-0.09988897616306452
81.4966084318745
-1.65837838914507
0.10092566768356531
-0.46450546124406344
-0.0700473432973519
0.13182340775217233
0.13585810617331504
9.45855705037441
0.2895837811541943
-0.03943026964514163
0.014756118883574865
0.021351044513134534
0.003445093770000314
-0.08034748693875511
-4.605020524442036
0.0582881014076555
0.04822557482197003
0.044551122473187516
0.05014146229978819
0.08507430752190949
0.0392598255552023
3.650365636912822
-0.02618802516257816
0.0339776669853296
0.006687695060248818
-0.007409053974169615
-0.02854132022610522
-0.0062029179322151
-0.7175553601337441
0.013254504186758248
-0.008049891970527148
0.0056645859684399495
0.006257084933759327
0.003184298466490135
0.01494445089636406
0.34951697857804526
-0.009381275663624504
0.012285435704947365
-0.011821440080882116
-0.0007543531000797271
-0.0018187535652864732
-0.001451132232080712
149.61932265592026
6.542160058777908
-5.809978546983441
3.2449316098520082
-6.394009150819582
1.3385495275006984
0.55839321527098
25.106290233089954
4.2480365321729945
4.233884429747884
2.802022565300254
-0.9741056734509523
0.2978193343441548
0.08904302062229169
-124.59328927429202
-6.010005538585642
1.7384734115377956
2.2440997745738356
-0.6986518099021104
0.31057891280392624
0.017097068834821174
-15.609330900500662
0.08656973731141798
0.016031867367254322
-0.07565439026511535
-0.03973946183166114
0.0046050407425645545
0.014489249650641214
-0.5473176449712772
0.02552373720008263
-0.008830453067965892
0.017576597981585413
0.012491115032622176
-0.021981231934968173
0.012516749487464876
-2.6331914813282444
0.02163410425885624
-0.021501899760391244
0.00040275306568112444
-0.049986525091184446
-0.026301715365991813
0.021671688216371193
76.21925215441527
-0.5704406314360067
-0.38504538020456874
0.3841136673554652
0.5296476141755202
-0.16498667719646457
-0.02837988863579673
12.09830237005072
0.17535510552966785
0.06313918662664626
0.029561325692516495
0.024816288704818005
-0.0326526318482059
-0.007218077355730398
-2.3531850871095417
-0.37645082762227267
-0.06731392549132215
0.05556957693080802
-0.011815005527575525
-0.013723253421641922
-0.01717157547390858
-7.56817380290073
-0.13919408758340185
0.0030103111322455525
-0.15034523083076623
-0.04664178864588585
0.013503503850356738
-0.0001444582640893168
-4.571451322650863
-0.008195015123267532
0.07787525735055974
-0.03872562902365306
0.04233168683816897
-0.019826145430748
0.005721214338549121
-0.7159930515898124
0.09245715844929986
-0.03915390185116354
0.05517419285647904
-0.05905708673039723
0.0032690308515253884
0.0072511514475349466
18.369589443060185
-0.012717267424153807
-0.08487144752695218
0.5129041718776645
-0.11089175777606743
0.01811048899439103
-0.02359946917837058
2.7572527744486615
0.28836997200643427
0.07907752974401377
-0.0359105743616853
0.019585774653227535
-0.018031735153921504
0.021304848213952295
3.1333959776857916
0.1342255939409288
0.02519208365624699
0.015480893142524516
-0.03259142525065626
-0.0154748780394365
0.003659436273142948
0.19002947393039538
0.0072108410055134985
0.03547636529924458
0.03500426464348056
-0.009861603434681824
-0.053530787804801534
-0.0045987771912942114
0.6593615951208992
0.009269720081892991
-0.0021177205552991647
-0.0003771059385450561
-0.0008360647066857542
0.010871396758597517
0.00612574587259771
1.0824300032671337
-0.007229993107094787
-0.003883912798680037
0.016224557700421652
-0.003927936597328077
0.007995071652891263
-0.00884882361231725
-12.967739690524283
-0.5646587864395143
-3.2669098073493332
-3.6860731921865244
1.6104638770752544
-0.4795387496694743
-0.11142652173580744
-6.467459087490057
0.021429034923884722
0.18990989174443676
0.21224279941911936
-0.1482362406319388
0.05047416450254922
0.03535789285348061
2.6275209534198454
0.34079728018751876
0.15547261327707942
0.058525979970261
-0.03414242128149484
0.012948745036688292
0.005477727747576422
-3.2339784131423794
0.046833894264075866
0.058212009889837886
-0.04028911396184528
-0.05282935988156918
-0.009186868227580563
0.012009573431525299
-3.5194073929343426
-0.010606252136179273
0.04358527011461731
-0.0348398070278625
0.009231494647967003
0.014465503195853002
0.008393228117033724
1.256257587316088
0.014379387377705085
-0.002968551125780199
-0.003790667463686739
0.04380128443931213
0.00997971176702062
-0.016959027888290283
-36.43101661554379
2.830128717515364
2.042353110219198
0.47184249444259424
-0.3292227661561645
0.11141301797111665
0.05125157363466271
3.3826648358202087
0.29829353426421834
0.12700229959152365
0.12583918485408785
-0.07387298990035193
0.029530322747270292
0.009231479073049316
-6.517690195697831
-0.2771295225918941
0.06827939568450661
0.04278122733609114
0.007593007651377313
0.007317271985827147
0.0014303706783466588
9.103784596559068
-0.15110777221430055
-0.11483755700482877
0.0919868356413724
0.08902877356301012
0.006671161222976152
0.0067090814375873895
-1.3926647956339522
-0.10747255489940392
0.00426478310015113
0.02812397203193096
-0.007943162797986276
0.007867166604300159
-0.005199701477340994
1.3413302580242545
0.04714464213750726
0.0251352863600892
-0.06127452500975945
0.04549459646770597
-0.014882430964843407
-0.008406197193582252
-21.34846689806243
0.0839320722758011
0.3627600586122745
0.14350199900935112
-0.1481207447734003
0.0546137718125997
0.019971236721212246
2.425124058801185
-0.00039836654509895744
0.015200922475816817
0.04207394355282386
-0.024820127121858312
0.009706842033738802
-0.004287069268976831
0.9244229981388925
0.015299244821575643
-0.053710712056201065
-0.04848354487137202
0.033930705556146815
-0.003380658694458963
-0.0018643600226394277
1.1749327346898173
0.023284366367381463
0.008495371774810686
-0.015627215881579767
-0.009820969642908446
-9.036047250776881e-5
0.0007741744883117728
0.5359883483435418
0.024266060841904104
-0.00830807037295075
0.0023759305281961973
-0.009246929280986287
0.002647144908552729
0.0010956928942587373
1.1745065975604196
0.04079060587378627
-0.010253667930231263
-0.0026655372438619245
-0.0027305353671987277
0.0005876593438701583
0.001414114077650655
-60.155065659650234
0.049417349585293424
0.5678565959750114
-0.8885695476914431
0.8594366870091668
-0.21618631157580742
-0.052394475987353285
-0.7725354336826018
-0.001356580780338003
-0.04117524758310378
-0.045480425662512154
0.020664573960370067
-0.006489970166510014
-2.704572018897942e-5
-3.060258020321506
-0.2990906750387805
-0.08533257015246914
-0.002737854515136242
-0.002148338323512813
0.0013921194367366066
0.00035642679668608545
2.9144793402776434
-0.19065437167437244
-0.12256460464259791
-0.10014599821294369
0.042662844101251034
-0.019891337383655828
-0.008016763171469982
2.1490904243936964
-0.01174775332040941
-0.02482809805909284
0.017089246217083364
-0.01600179968144743
0.003378606258220587
0.0004117411516449361
-0.9644761604874358
-0.06202894379031311
-0.009452584380803144
0.020409373522336818
-0.007962996203973031
0.005652563422277367
0.0009787092713570613
-23.29137158895217
0.6686523657397274
0.9626457387511779
0.23812211118802726
0.03377000152659327
-0.0027770648496128025
-0.002732484700295366
2.0006789407162793
-0.007915062890601248
-0.037235251940275535
0.0046097909950418
-0.010404784193148974
0.001994255897419772
0.002287890653277998
-3.629301905535173
-0.31302777320027725
-0.07593355969017379
0.012962237533339804
-0.007074721530084073
0.003862730206925581
-0.00016269973091533925
-6.020442955628476
0.06922172053337275
0.24670497993810667
0.01735991314532761
0.06021394287767794
-0.013737501759781655
-0.004694152332168676
-2.7343394841837494
-0.22902227679912662
-0.042707207162013955
0.026485386228320185
-0.00999713852661339
0.002965505382452941
0.00040357190761108566
-0.938542255397281
0.0007314989380922833
0.03516164276458741
0.02212016006027999
-0.006600443001296131
0.0041898328309887345
0.0011319492812978443
-28475.284203887328
909.2815650793684
-496.0916432134906
296.9057747850171
7.570547548383961
-41.447177103368595
-81.64617206962016
-3517.1163338518127
42.569967859673895
19.077468540494902
-52.558772192065724
50.5911291678481
-186.12437093524264
92.59303245905997
-5829.281038684514
67.97801410770978
27.490451948795524
-41.790460599963666
26.596918609030077
-38.61143359639378
59.49952727514585
-290120.08380601654
5389.2964205019625
-2021.1993137711345
897.1474507624982
1343.0222529350463
131.65872262251088
-187.99007894242953
67450.21043603528
-358.5243088565651
-45.07052086053966
144.02010122196012
-35.6026169006423
-704.8085227780077
1.6404983948178689
-77077.21707100316
1205.0622101718518
-157.51628408814688
-1134.5917411636626
228.50037424991976
-583.4257409862455
65.5452780233537
-115564.63850355755
2225.2020549295266
-987.1439174146863
421.42130995908514
193.23044215425028
149.33166383746655
1539.5615031062803
-7609.367315200888
-339.4159194532107
15.363687154721644
189.28127151270274
-132.4719730156691
-155.28487779204377
290.57809316019626
-16716.581737454217
-103.76048793631693
79.61773788505562
-205.71031119135208
-475.72358988644953
11.71401203929818
-207.76068034873876
-29489.034647060453
-38.3132426997494
-3273.696125026567
2315.662427044372
1045.4700255482303
311.0048392324702
1287.5956998837166
15684.746181065422
88.47645718681554
98.71780361075437
-180.2837449286601
-269.4035100699667
22.627082864703905
71.14285213246391
-7616.341951043998
-547.6307125709238
137.68792438099553
-229.66118905861288
-370.7875248489901
-136.68003556433177
-514.1732010044029
815132.1558226503
10474.590013398249
-5068.429485664413
-6401.614116611322
7544.032599203565
-2005.1258442204587
-59.38006532363629
45415.68083502285
3407.5104940655697
113.80816800870305
-799.309462267691
-38.61168552332046
-28.799579504562402
77.11531985314608
48185.19471801187
3783.0358422687145
1450.6876845122054
447.3421782625146
-420.97695746314525
84.51474399830022
-245.67416601414052
64628.95320680228
-228.67996569346207
583.9418430440952
814.0952993659452
1741.0030785004224
151.49185419520532
-11.334235605683979
-85702.43517989693
-1343.089773718493
451.27868579952593
-310.53722897514393
-33.917409330629134
12.015302357811926
18.900567608952517
1777.2435718467036
353.2008200209333
-152.1938733465446
-212.76492679153728
-176.6692190425224
-88.49102983310723
-108.94747809284483
-4.185260473255433
-0.134648434011495
-0.06945569664442461
0.0003209382201416434
-0.03281301007897216
-0.01847236881848068
0.12223908540490103
-0.6509511881346282
0.05244915337292369
0.017221429146230014
-0.04076535200436858
-0.0241820604839095
0.021569270989350565
-0.29533579820975064
-3.1626879344631167
0.08077270814423285
0.014605758085116887
-0.07747976104915076
-0.062374016146296354
0.01998389889821594
-0.11796494977017924
-141.04360915747785
1.824906140598304
-0.360651024525304
0.3831235472880391
0.42110000250788726
-0.37678661378901973
-0.45098820652016613
76.62957405756272
0.292312559378181
0.2936719779534297
-0.22129936338857234
0.03341233396942522
0.341028817845798
-0.07908005230023869
50.63593009620885
-0.019849155622547493
0.0674996761568546
-0.5533083296695572
-0.7455722701336475
0.642967578837666
-0.798696463195816
115.3930687312713
-1.9900781165660952
-0.7030558729286721
0.6072842334320593
0.3139418488049909
0.48013087229403173
-0.8957423846125308
-17.86525385352559
-0.31936379474944143
0.23075955133989953
-0.021082371329733725
0.11606323895947036
0.08954707613884334
-0.42184315468515143
-4.350723978594711
-0.6005842797015286
0.32434134832529304
-0.16750377880227657
0.14851663384764963
-0.06247373706440841
-0.04245206298003253
178.43928069855184
-2.9697364382029017
-1.862649977529794
-2.1597665806147948
1.1801698996090841
-1.0702954371155229
-2.705921945549238
-90.46397970127138
2.6052719321224207
0.2658820711568043
-0.002857090246400656
-0.7421005846934237
0.022914610372228854
0.42027758646544605
-9.197289819200826
0.5226304338899579
-1.313168559162605
-0.005618388807111032
-0.6407854028526585
-0.3350534544612944
0.6750183503944701
-1506.2404831766105
15.759218957144366
-4.2235374017603915
-11.028366837306276
-6.0647361646506095
1.6777406016902
1.0198520551738026
30.154004358212205
9.640833059402734
1.8700274809990123
-2.3817171471984864
1.3510129387620582
-0.41603960981304866
0.11336669089807011
-6.1843514387965115
7.084430561286486
3.110976508673477
0.20812011608286163
0.04598630073804439
-0.43755611708588454
-0.007940829500265848
105.19743985471435
-3.6892563962187412
-3.0714831445302924
1.6967887738255718
-1.0939293284658145
-1.5795985028449875
-0.911750471243424
-8.895956970533144
-1.2694328342023167
-0.7275035305904272
0.5305678971128983
0.31723655833004
-0.2537541085236483
0.02751345207788233
9.03057297463986
-0.14195309109986565
0.6754803480421945
0.1718950147638519
-0.11673018694244895
0.023569139102692992
0.03737423481396525
5.112033586773797
-0.03031390922168462
-0.002939043914368596
0.01296597005273289
0.03256460958998312
0.0273802865608167
-0.028314423287252383
0.9703038770252813
-0.013093511208513882
0.012653309220076722
-0.011748454551863482
-0.012996401050290084
0.016880320979824327
0.11047518783571522
-0.4940323209296192
0.005786062283475679
0.007190439569132747
-0.024827094007198312
-0.0263268238164971
0.010723767368091273
-0.013857803914586126
181.79511454473146
-3.4216482635970293
1.0027220545377682
-0.30272314194775274
-0.04045268012775562
0.026135218533327727
0.03031121726921847
-0.3810707818375525
0.6218887821641683
-0.19899406360228153
0.07702681448536258
0.026364519449550882
0.10539875732042332
0.005331520296039088
11.136380652805444
0.0035184906713670626
-0.060495461061721524
0.1295681563334564
0.2186101060523555
-0.019353375389105074
0.17537005802020414
10.498022928472926
-0.3053433669655779
-0.28635160609526655
0.22068982541460738
-0.025739314628550874
-0.07911051715030396
-0.21159592194042215
-3.7583402013524885
-0.11185322982786151
0.07294657551258442
-0.016049670263422276
0.049146832304517156
-0.026135377244074987
0.0380882347515742
-2.319401044371744
-0.08837919983684302
0.026146649899009996
0.02687686197023852
0.08010732339798067
-0.02468462442116578
0.043021615950279715
76.40703044194221
-0.37532020072469746
1.3319433047266729
-0.9846550290710737
0.9919690784034895
-0.20268801779222007
0.2626940303158212
35.569531883763936
0.13731507516383534
0.17052942116383313
0.12789118850903494
0.2609791018452761
-0.07239258710878275
-0.13028610137053073
3.608941907828179
-0.18548116351098365
-0.14137178492725958
-0.20816366928898186
0.42949398054773646
0.06884642822025518
-0.05342592871681037
289.25184386999433
-8.74590741474403
-0.9072669771471965
2.3138282311637655
1.2209885603706099
-0.3139959774013094
-0.3990814729075297
19.410222888634408
1.0806443059309778
0.4184194480090682
0.14653190183337747
0.05012844289549123
-0.029030363319277254
-0.08119922414921439
14.806030885962784
-0.12690045016192036
-0.39851089635279013
-0.2999504594637623
0.2091230332982422
0.006179663088135871
0.06521047402513122
26.133125636732586
-1.827296216440461
-0.985437987998156
-0.16557938721897755
-0.6707703846262348
0.46608431586508053
0.27534839038797615
13.74296274052867
-0.5276994505563035
-0.1540952705312567
0.07720579934094207
-0.09832922436789902
0.06597333309778369
-0.022447680668689858
-2.594265592281127
0.2662043630262957
0.03444264171008451
0.07488379849204146
0.11710540410066926
0.007393057304213953
0.015587299478175342
10.189480289763342
-0.12005247119958784
0.08924481618098268
-0.001877149600804488
0.02415910327970929
0.013191637626098686
0.015184480746127112
-1.7538323539211673
0.014780961803068987
-0.006395006430007421
-0.004792492059202105
-0.020707015845383488
0.003681544377936504
-0.02176624419336897
1.1503642456264076
0.013885851123919596
-0.004682432047663028
0.02873410634536876
0.04847229708773251
-0.0012990062485019065
0.016853810599972787
214.13659043289897
-0.1636956439385425
0.7337887693753862
1.3234335658740506
1.3229613324979856
-0.3389872165033122
-0.17774180570154816
36.16237858822968
0.532371435979691
-0.29057581412312594
-0.03390884771565199
-0.06790243791139898
0.00857708859168886
0.009498623225926138
-1.6593334632641952
-0.2282662311030823
0.07402938458277253
-0.007462496829735743
-0.02455111008302412
0.007845353631080536
-0.01598557493104888
36.04243790130483
-0.7721976409901083
-0.06766645113694927
0.05895264913670858
-0.022930311035819724
-0.014253087652844654
0.11458135190946984
-1.9950734587765173
0.041396928152570206
0.0035030383979142987
-0.020980653206040367
-0.003961696320312956
0.012006853059343146
-0.012820921098319527
-3.4440047326386485
-0.01578274224307125
-0.02854068421114109
0.0289730672031362
0.034556914949270656
-0.010169076604021377
-0.019106977862410664
17.728759384485173
-3.4060522672680515
-2.464992908447645
-0.3095207995488581
0.29599887236009564
-0.08581462282670034
-0.10381425691468071
-18.11222660560375
0.30972611000733574
0.11082203623751163
-0.2711525440108508
0.1346327203848207
-0.013621170900339118
-0.014190203994306882
-1.3895271606404243
0.027616221100889262
0.2688047853267395
0.13631638648749103
-0.13611501813585575
0.018521333344929284
-0.00734773052940269
-104.12849478099315
1.4312270066663815
-0.2095151958636835
-1.5488755916555537
0.10775902960065016
-0.04586209720433156
0.10628492468564622
0.7355106873252054
0.4769323893712972
0.24984007795299312
0.020146654507903598
-0.006890300368693006
0.014295623173499885
0.001531131896704865
7.4318423486680905
-0.048936645580263685
-0.3837997355048078
-0.19869094972381543
0.029821757592222307
0.010091150279934444
-0.02440776438018112
-5.088070909551295
2.353655995252871
1.5537943308390585
1.0430744842345336
-0.48715704964168016
0.12158657283713512
-0.022365892139887832
-14.09826050236
0.08247416927524018
0.1901118507852896
-0.04882012725389606
0.07119116293026836
-0.021950716628297638
-0.014382639841284106
-3.844004492632197
-0.8101430290958747
-0.35024499244657564
-0.10615501873721883
-0.019429181806763247
0.008603909571463508
-0.0011311534278899825
11.932245917335889
-0.16690396063801688
0.10247462096071891
-0.030854988952180397
0.005565105315974104
-0.0007412752021715068
0.031644737804523516
-2.2917400181396004
-0.007391117033148548
0.025853484727173977
-0.020262114252994387
0.013164000168837486
-0.006752490691728973
0.005321856857785366
-3.08307357759457
0.04193065663143855
0.003124567696874733
0.0007616594211231972
0.01900831028728002
-0.0030058042253149142
-0.007959457900420975
-57.811988779127795
1.2131124191362876
0.2876044669164483
-0.2821195127123772
-0.6268701070745994
0.1473210033669247
0.11690754423138736
-5.037521913718333
-0.017326157784694683
0.05464847876352833
-0.08693965065952676
0.055172480061773714
-0.01072663328144732
0.0005021253267976965
7.521575565029457
0.7130627649441222
0.013294910935262652
-0.04090220373187899
0.04275026785358556
-0.009505550031407234
-0.0005712441480488049
7.133139236992338
-0.23393810088933686
0.05828834875719182
0.02419976951223552
0.0259415953875956
-0.005820245519092544
0.030315597506804466
3.0753106233985434
-0.03806038286231545
-0.03153946265771908
0.02482274649070123
-0.036861709716124444
0.009547178802327172
0.014993658965888442
-1.3805524490072278
-0.012745409696637653
-0.017508048712139502
0.00043743345525092174
0.018129437267255608
0.0016043950066492445
-0.009770620987254336
-2.281852691569849
-0.9881074241379302
0.04044089394170015
-0.07448145367280647
0.1819931664031277
-0.017864198809262724
0.04984967350277298
17.527966517098918
0.2305615662431201
-0.3404520308960045
-0.23051574122607504
0.05562140216582409
-0.023627278534166067
0.007838038185050147
-10.834334271522415
-0.21975213375145292
0.16682163470567055
0.1934019156531487
-0.03998310992301776
0.011070982355939162
0.0008344041778931839
20.179792919576478
0.5799150256771533
-0.10679408622754111
-0.2149560354472976
0.19521184687219045
-0.03625894754169351
0.010203555153219
9.634084939817631
0.12478320262002911
-0.28614845241889625
-0.19003319155924855
0.045731592377998134
-0.014660722952584462
0.006584756763887719
-6.048557848253881
-0.29832255579006667
0.03146160729936147
0.04917291471180549
0.0037977066039804976
-0.008099697636240803
-0.00131789782927602
-55.55414313939239
0.8367679129255842
1.5343806165967535
0.3712139363022722
-0.056769128156249814
0.036415029826093646
0.030919308076966936
22.829532501015183
0.8778384566735027
-0.13328876762149686
-0.22361865031319303
0.05479498548210502
-0.019038469364347922
0.004872933381348851
1.2389462831749993
-0.45970187584545624
-0.4197854969816538
-0.17505883213744716
0.064844173210289
-0.017461034251424073
-0.0021305659933830135
-5.7521668077114745
0.11466142113464879
-0.008494625530014266
-0.028371400841844148
-0.01566423745602852
-0.0007798982451283591
0.0011994727747087314
-0.38808377179785314
0.005838000765500688
0.006179874280478026
-0.01077827952856216
0.009222173895001112
-0.0016998503146886759
-0.0020508049880679723
-0.0006758881003375171
-0.0004026112503522947
0.0003385368823450283
-0.0030457875425101226
0.004110263906208348
-0.001027268368013004
-0.000138500366905921
-6.9520331541383396
0.4920250424052033
0.5823685345993216
0.04027535321540766
0.08677281008236903
-0.012811704930798303
0.01191351651420329
-2.3498466081321845
-0.10698677033383647
0.060816170607751144
0.07358687422918818
-0.03542650989281427
0.01754396974015202
0.0023234104662334066
3.3804774602850043
0.06634233898750531
-0.10607223813196087
-0.07022374241160938
0.023946294075996022
-0.002563019876378173
-0.0016313123934679756
-10.667396799197453
0.009290280091887577
-0.029587120109020443
-0.03557557761789179
-0.07531343790986723
0.005518055490635057
0.0018374268093198757
-0.10486948133749385
-0.04958119748210482
0.007966738847206983
0.0035545972012258203
0.004795056663668683
-0.0011994726159780798
-0.0030577252530058162
-0.387749393100706
-0.010526797373711917
-0.0066855910564485085
0.016742069071998027
-0.0018096202968535097
0.003432829506262153
-0.0009916865450271715
-24.978502464066928
-0.11020004349633629
0.3973630457324443
0.04999249358918043
0.04202434146840038
0.001993579527303292
0.002393553344637549
0.7829952091146118
0.07518612975976818
-0.12288641614168831
-0.16418467294832073
0.06820396682726428
-0.016587354733973717
-0.0018388077178912673
-3.1363513718142695
-0.02260764307079021
0.0928847778167439
0.06424103174462313
-0.01463062960391699
0.005359897887095558
0.00037942821822158383
-6.158554019757224
0.10600161729990697
0.03148029717009818
-0.09865985742361176
0.028536605444402615
-0.007294702065245019
0.0018206766901160965
-0.9920490134588417
-0.05883420420666646
-0.002895956259774744
0.0052905202493162455
-0.0013717961399384536
0.0003948440406251959
-2.3361475446043645e-5
-1.9949661103417409
-0.06433820325728748
0.0225899550749141
0.03263437755365688
-0.008088057251487939
0.003614490946619242
-0.000500559465753764
