-3114.0318195792793
-1556.8525133658165
-1049.5249263299452
31.562560439144605
8.268353286859837
-55.358675783282166
-13.700674761818771
-4.789409048215686
-20.592151091608084
-5.564565809563371
-6.69652776189363
-3552.913142586041
-17274.545129474478
2063.4832275808913
-5658.781846550613
57.5034775451339
328.77657264054614
-58.593534817874556
84.12096982327138
-4.432181016526885
-22.60155059216701
5.356223884529437
0.04472903398208342
254.66300648945554
-2003.0222436778085
469.551293349033
-1037.6111309393245
-4.155465236392666
63.7495712760403
-16.449920892397596
20.02746251081527
1.753673368616196
-4.55950532802152
4.006150007086497
-0.24451753213748892
548.4845633589389
1515.4909932384612
986.5071152928397
166.53785293520386
-16.251606117592107
-45.68913267033717
-29.901957390478785
-6.29123025527823
1.4820970280412809
8.23625878558471
4.5788214425717975
1.1374041697414272
-332.6606709889042
1716.9156582615149
-793.75313857325
247.76084666825045
7.433897774872317
-40.330542779430324
32.65475936851886
3.739344070082239
-1.4794231496276817
1.8514875631410055
-6.072460823256012
-1.97849667811463
157.1040993244744
27.540455047029898
231.94985218864338
-32.34856648592171
-4.919673083312733
-2.6306711879001745
-7.96724860628904
3.2431072639145855
0.8731312482609276
-0.9467916963033741
0.7587825168623326
-1.357048096846651
46.091523230485826
316.16066027074385
129.9925509234243
142.57857370789372
-1.4384297305905809
-8.266517689349657
-4.269600443323539
-5.151727771936861
0.5295431749006821
1.0988353904263302
0.7770909066574392
0.5866397068307976
