-3120.9496043813247
-1560.2402157888735
20576.45039381626
-272.31569298718205
-745.1142274118755
-293.2847749149685
79.27078549806242
14.018389768471383
393.61445068071833
-7.011457508364087
-9.824516450910696
-2.1681862548217614
0.7387897685084177
0.14878760469633004
74.34469768433095
0.9785629907773827
-1.164852391617648
-0.16705950407163792
-0.17041644067818493
-0.1490011247112497
3.162440540716912e6
6.415598043900709e6
5.475479820144403e6
3.6815365465289974e6
2.4064216119336383e6
-2673.9816609171494
-4937.843854682323
-4172.73491254177
-3242.9998064165375
-1858.6779422800805
-36.102174855800435
-182.3322375690967
-146.52674308674116
-1.1784980378456438
-56.04862822745936
1.0339230366143939
14.386146619615847
9.15570964463755
-3.0779582238386176
3.2478064244079423
3.4356306249128816
5.225858065047695
4.429971651942372
4.7049207310828844
1.900212839714419
-37488.14413371038
10396.25578437631
-62882.84993686566
-10084.906092310048
-6840.389247310278
100.55787533934739
28.732013311443243
117.1062388351048
8.455317840328277
0.30696600478920555
-13.382118866283257
-7.946815188302916
-12.280587091218264
-4.116224342277667
-0.392109242651785
0.6446390699037697
0.5068665529582106
-0.366593875020389
1.2900848069352595
0.02795722067468804
0.0520448320029875
0.3431652828164514
0.1462391204169263
-0.1057290747959824
0.24413353512910632
-81438.52843939222
-120807.33668954096
-82020.9826221852
-39148.09015409881
7550.2231253622385
113.13022871775125
251.67927337442265
107.80193374830395
62.36576197812619
-20.806389414397014
-6.510465968056627
-23.168418070692603
-1.4102934319948441
-4.03813159777944
0.7690272678888298
-0.8393110754432395
0.0839117640895995
-1.7440023861225373
-0.09977219914467733
0.2429088139533999
-0.05322471619989661
-0.1607780862906721
0.13375314432549218
-0.23136636561202506
0.022359095557418683
173390.73353192414
61306.60330375558
162374.55702174915
16185.982078112114
-17813.254601489378
-275.1361685682916
-246.2127880233177
-248.83206076157848
-61.27745155233498
38.217846805694
22.588040652551328
42.71590332147144
17.03003152470925
9.220189205244505
-2.844171199203335
1.182776193415832
-1.8069644033035028
1.3566156393907833
0.005029936130501971
-0.1812716819799377
0.11952575317925182
0.7089719186337798
-0.07583202825309501
0.20226903256592169
-0.06905947622199533
5657.09338745048
19042.83499042493
9248.008542803376
10244.835504324557
1618.8164532298326
-29.354698144247983
-55.5320655386029
-39.232633495803306
-36.83049101058607
-11.329289237514205
6.925223405435331
12.008624365320124
9.616197058650915
6.603243784907903
2.2110612931715345
-0.8450600295675689
-0.7149219385478012
-0.7667215671204477
-0.47970461310934753
-0.1593246780847197
0.004613160548803595
-0.006745336217894752
0.07155583988104224
0.08276310282702319
-0.07512115619958155
-5423.77153526674
-13450.682063487227
-10134.965081419843
-2826.2697343310433
603.3737646978085
15.77575170816713
27.50174223351027
16.763276860715642
0.8678824994030545
-3.541565905094091
-2.118063003491875
-3.3115455831090332
-2.095590601182559
-0.19070816665849957
0.3258263918618437
0.09199523276755824
-0.3301176109398948
-0.22641730098765497
-0.20208202551895868
-0.0392883438504286
-0.029158995670859708
-0.06518810817494619
-0.08578150077902917
-0.04148355837304396
-0.07364722774832337
