-3123.375065373401
-1559.6825898144493
-4470.757601543855
195.13489139104064
11.085665008013887
-426.78303621583433
5.46668141431149
-1.7957177135398559
27.429551239135943
-13.687318695027374
-2.772023368103322
1674.9769898693028
13165.617089922576
3961.222669784163
16618.383376971233
-17.377446462096817
-186.42754305591544
-85.79724237405958
-357.7071364647631
-9.791522504025874
-14.609121920601915
-2.036316773814536
10.40820412152779
1110.2907947102274
6502.52125574101
1789.3221988641144
3192.422784130463
-21.92064551405172
-184.71638654371426
-49.939569476098555
-88.52367906862801
2.834258093485191
15.90299929685181
1.3345011538128169
6.661100396578705
1205.3096455069985
2319.7394557590283
568.7940629870915
448.5619900630857
-31.99432780302748
-47.703149581916236
-14.821240967459351
-17.287185351484215
5.362600137602722
4.308125896840963
3.4924304446269505
3.1405304663343365
-2965.33353030659
-2962.5542773012594
-916.411303642609
-670.6057068281823
88.5783507084599
73.49259481187941
22.205268670879185
22.826750413093997
-11.156158080295915
-8.172749507265241
-3.0326783181398786
-3.361868343208315
-8.879472009093169
-476.8416992421575
107.51957784349132
-158.45829578365212
-7.046376454334566
14.006519231961661
-4.474716806334289
7.803450898494523
-0.3802179647063018
-3.0172146692273416
1.1052580486360521
-1.7239020858033534
263.568186726066
583.6386359972956
182.59768270221537
-29.976905241828632
-6.060477180347424
-11.214035978993392
-1.5126179261665644
3.167546848525265
1.08623030528632
-0.797611851431543
-1.0367015414496186
-1.3960743497098071
-32259.732310764546
2581.2593228840783
-509.935469580341
-15520.082941839682
421.2225272361123
-65.97092275614936
6344.258653818159
861.64703601178
734.7151203406972
434996.84403335437
32432.65546771296
8271.418235108471
-36091.16175436439
-4056.7573601889408
-940.5349357346366
-77091.23481433773
-700.7893112289362
-1283.7933349702248
421996.85025007784
-5878.20435032802
1201.1517081625739
63418.52198498077
-2657.287310037241
-661.5916163248302
-27630.71174826886
1891.8043083701514
946.3738913391887
857808.7670949372
-18141.944892183263
-2109.392447402752
88842.16782165076
-3132.1599345649756
-2261.559059629278
51124.107884881174
-3833.8361728315986
2259.101914317024
1403.0158605503202
-24.35804658368942
6.604633938902056
-614.0807349337198
21.90224678111319
6.313476806711009
-217.635579336513
-19.663071521750915
-18.048388736033964
-8900.382797533617
170.6679013579069
13.163339619711463
167.95850262451694
40.714498334294156
35.52603230211157
1835.271146771811
41.99909971596092
7.154421030166955
-6351.268244459376
61.45214245202606
-47.908864028994735
-655.379034971601
-5.047855100954574
0.7339149869484921
474.76875168043335
-40.03942558909316
-19.96177209832378
5153.073389370562
-724.6200959258339
-106.40320036271291
161.8283277077857
29.320160122022006
3.631547291021685
-1717.5760875867002
68.63725933722259
3.1125962098092375
-77.37334060321321
-26.141357233526897
-5.465013751324322
191.58119419016725
-7.388724950975369
-1.119763355929854
63.60083246584468
-3.1952930467558716
-0.5957846344370069
-12371.642149960931
256.9914096116712
-7.809845604765638
189.93884938909923
-0.33677270190351244
-4.365353233849271
-25.36635289315834
-10.045183195492733
2.136638318563639
-1772.6942653862893
67.88424411095451
10.962558541474294
-80.34679623470507
8.211189316364704
1.6439497856073122
18.10185175010211
-0.709751361524083
0.123321020233474
-2028.7227720844762
106.71777314595477
10.587112937162422
-282.1052045002206
-0.38559279450950285
5.174465043716339
46.88568946314086
8.125398818650472
-5.491168573218863
35204.70811373941
-223.53399296261915
454.0226870332063
315.74132605920977
217.59833897696052
61.94824393762041
-5170.298848524511
151.55004279246552
-16.88448270597508
-445169.6146317239
-70019.94717683921
-39738.244111012165
-11882.782842746004
673.7142892039162
-1799.9542545741383
-77559.3200130998
7050.375080734678
6460.352119293385
-84111.30911888779
2789.0458640082124
224.25894849533884
1267.8659009256576
259.0170527633405
25.052783998194318
-3712.7542623206027
251.21693532618247
154.49154250344657
-2.467487764574381e6
17619.429449150673
-26860.39869426904
-60666.67651157111
760.9964773265896
-9.995255627662534
-93355.79995860695
8955.094692742337
3930.337866902089
291.41315244165185
-1.2373270610526734
-4.420808848828851
24.127878538653523
-3.6060899730254468
0.4051037297539421
84.54485639988133
5.0732686603700925
2.3584362852630094
104545.78294354782
-2041.832470422442
587.2056933139796
1691.09061043925
-129.92964406864238
28.987053520635957
930.1673536324602
-87.27584403236732
-163.9607573000308
-928.0366671422819
44.74167231519266
6.9604377350196645
-89.91628036602108
-3.5634295647447414
0.2992322140470527
11.349882550228434
2.243199361323596
-1.8406015181931066
77729.19476755992
-1171.1273169344106
593.8792774187283
2507.0217579888413
-116.52503678938689
-12.285247558450214
1816.3618082077194
-152.53539450851414
-97.06759395940323
-72.16030978112231
2.662852852425816
0.1291706609248268
10.911290827136202
-0.5417283901490836
-0.23616723394288175
-13.84823510983839
0.10775704909264631
0.029461829913851066
-31808.832168230772
1082.7870699152897
54.94378184477232
-385.4386288096425
33.24948426076405
2.330449531342262
-49.02781727154664
3.5977371639837754
14.639335089876667
374.65545342849543
-6.861674533664836
0.6289626605905768
19.412956329990187
-0.5043575542231472
-0.21254597723403507
9.708529199036242
-1.5380679848734868
-0.19586268059036874
-12287.732661569971
379.6673549922888
-1.844056011306537
-218.86550930036717
21.5351580279119
2.432421232721094
-51.315890696860166
-1.779230863412246
6.624397175750696
4195.191047358188
319.21916504440134
161.2778627845718
133.52055570182236
8.605881473979212
-12.642099570209654
-731.8795524380378
0.018185773555389896
1.1855121434048774
-127167.98910809663
7306.147936306653
354.56489811277083
3852.325535570022
472.48105848516025
262.8252405982038
-1956.95285352782
82.8632785249827
72.20009505797093
-29628.07784534959
-1068.5835905297977
-249.18409861489872
995.918061922778
-81.97255277173889
-12.437418795148579
1059.0318841730523
142.05134482509533
2.617898779928744
-171115.4474142504
-824.5616908704878
-554.8020450144173
-6529.6670050316
-229.24934227534607
-201.42198906338723
538.3448929672772
-282.8751249520464
-203.5031847879165
-184.40864153428348
-0.06804453303278785
-0.7057453593855619
-0.10401541698264555
-2.237726068311382
-0.3905595680391419
-26.2038702872477
-0.19354113042317314
-0.8080145120923659
-742.217663855046
110.46365354537639
56.23673935863529
-502.7164206508273
21.381404242304658
2.546212565445446
-161.91070866192618
16.580491376568535
0.996925018217304
685.4417895282263
11.117827521085589
13.276227734854377
39.79453928224102
-1.6160038390366382
-0.30313686775198617
-61.59820450275176
5.279311457838856
0.9593414955086287
4439.171122158726
-31.215701341110492
13.174122268037943
127.99036338473813
-0.7833511687206244
2.136580891814598
171.51860609621642
-4.403596072596152
0.8934934698443516
48.44895474689989
0.31683782989546183
-0.08857847571473926
-13.041631068228252
0.08270647346524072
0.17565913283336676
22.1579327183529
-0.31988643593036564
-0.1549637956855384
-3548.8338016853745
67.94837700973265
-9.413138942323272
-150.0023724223707
4.855831109978184
0.5839917106629106
84.88411757213963
-7.833901501024884
-2.0930729930670195
-33.74978376675439
10.224666920548433
-0.7623128297115664
9.138699970617182
0.21373121346821974
0.2937622184711171
-7.149050171217911
-1.0179434379187349
-0.09053472405764512
-250.0213575607139
-0.6907347490035446
-4.666813703457836
126.46722907685036
-4.441279608163163
-0.5230035207539409
2.9769090037281165
-1.7093683741954506
-0.12541079182014814
7441.152770016928
1267.5107970681054
189.43536865036106
-388.66891455723
23.488027419268676
-7.4991928273132675
1656.8117310698854
51.84667378774403
124.47369261020532
297278.8054352683
-5083.393599852065
84.82953957027146
7811.237270307056
-742.6755752519013
-177.10442231003634
5950.237934335663
-685.1482468037739
-91.67805760256437
7446.150529852915
701.7224121484591
-737.7362972246501
1440.5441135831625
-23.290574316666753
-10.019678975669438
-2396.1659902260612
-326.504058469316
27.476775719166923
-18.598678691739842
811.3424178497362
-53.9113133511192
1700.495617793875
-176.9768763768744
-45.673285127863046
1641.9996124774557
-293.0089309641449
-38.49724886019543
-685.632462836383
3.305184350261945
-4.474773469159125
41.74333864869051
-2.968195235612222
-1.1950918397154398
-29.527960339121
1.2861902241242325
0.13941655380634585
-9040.667360066112
65.54091623042521
-24.39389558255918
322.7838225666701
-11.153060656103635
-1.5692971691380349
-118.58210632025906
16.882720199230167
1.138314947170559
1176.8446333687077
28.153786539519594
18.787869125691163
-40.27569541774242
-0.35386112936026015
-0.941828574145849
20.078216166339175
-0.5167018485851631
0.6424208980421187
429.3735431105977
-26.27419866836556
4.531671866653819
-30.974886423530588
5.520224629287744
1.401192217904964
-22.96725398055743
7.02958831174501
1.198230678076232
-106.20845236984101
-0.03471731645233152
-0.5320371496431286
-3.4459082610858345
1.2671270464263618
0.07010004299324764
-8.362537644998923
-1.305978373180384
-0.12427792015414962
1336.0311465811396
-10.27474826012584
4.839794352572444
-1.2290091242978523
0.23406335437491543
0.37694102812942026
-126.77914841604131
9.530714822639952
2.3959830885531685
-969.564476268795
4.719671441940504
0.8835871555636025
-36.23068235443476
0.6823512261831097
-0.12099469208625613
70.64301358903509
-2.239678264386177
-1.1442800204932075
-385.47419169460545
8.201582125945652
-1.5717823890318374
2.4818584407548077
-0.7871989445138663
-0.22279127747004196
-13.63572801759432
0.5084304331441036
0.1622753527308082
-1425.3879051057684
-41.672747555535025
-54.73762963835121
-263.8699702707117
-20.460615688304028
-11.86235079612167
430.99381656434474
-90.42285761813348
-22.098168660491776
37327.45496941589
-1706.7078323207397
-280.59490233024405
4235.01417126437
-284.92864366810454
-45.83881460450193
2550.9038898271947
-238.07107762749717
-76.18973146923028
25134.3655792946
-1061.7263579119021
-158.4335470149257
2108.6948026054943
-132.5818390151471
-20.75678806893731
-1064.2801067127416
43.668417607683104
-1.7859490462087035
-28856.13925676397
1401.1814408690316
229.7595868693526
657.0773951444846
-51.6882837797362
-4.5783717387717315
876.5157275331172
-69.6407100166355
-26.668927217684555
-247.71778511190692
-6.630289359558536
0.014145431375574228
20.92635362366078
-0.16321245533727738
-0.003419916058727733
10.545758329538343
-0.42737737166858925
-0.5323091445564526
2261.2361482158567
-96.11303167588274
-10.66741447259233
160.4434809851004
-7.879080069930971
-1.7135862119734515
-52.44717367094127
5.852260893043685
1.8687459469977286
166.8384868677286
-11.474000101073564
-2.8642978775413854
-3.973700470430554
0.42176538530199875
-0.2961289494965751
47.38842090745544
-2.9195371980860103
0.06165449791726785
1592.8294665548133
-75.95276675848514
-12.416426424437693
31.918602021450365
-1.4536668103625874
-0.5238138421694482
-20.33314439421567
1.4554618139675923
0.7879886681690903
52.8971974136227
3.43080881383976
1.0164838668956167
5.7562429484401365
-0.4444454694560207
-0.07160904989741182
-2.506334663103685
-0.017166066639742704
0.02237079512757281
535.1869271852069
-3.653044151874842
3.177215918192109
10.81266648840495
-0.5132846359061981
0.043849380404152434
-13.187284514696998
1.12887906274478
0.15734034069353273
196.03668911646704
0.6827371001682272
2.1107809334256133
1.718418990437037
-0.31532002887141386
-0.0023380140171183274
1.7197227449142292
0.0679786546163616
-0.1140951036775336
-183.46563682117795
10.19037021814724
1.9063118302548465
-11.006079704391288
0.5998280889429327
0.14208458455698575
0.6123454022522017
-0.01536941564732767
-0.047162362285635986
5586.103494459216
-281.3839131943195
-22.47114155220433
784.1545042958544
-7.160217534029148
-6.038321342187985
-602.8682682981602
37.26314652909216
15.49699553111724
-29205.62631181884
-154.02965775607996
-412.5731055096232
-3112.3160971246293
92.67300399555923
12.380678955951847
-3360.868247736614
198.18744652480373
41.259544949787326
2677.909218734024
-874.760508637505
-229.9880983205073
2189.882982045022
-109.0555921727267
-11.369774012536846
-986.5777006596451
99.47359870834119
11.630877237673392
-4096.926382395852
-345.4970108477458
-178.1268387864845
550.8260522571481
-61.4193237573744
-9.616536945535673
-698.6402134913238
44.86491517710474
5.321145691900934
-104.97767091783986
-2.4573391384370384
-2.2533547752114833
-27.746361480243444
1.7110996157390324
0.5650558145004753
0.1579057793066002
1.8237036304048369
0.6013473034870135
797.3910164674877
20.887660650288243
19.20009397240388
120.51759929444849
-3.3910803789485575
-0.07589735327320679
160.32398307921625
-9.552581463756738
-2.634663879731463
957.1995635978644
-7.533981984346776
4.479869496512562
-187.76173934995998
10.798467267457724
1.858649112938258
1.6545756213094829
-1.1672063821148821
-0.050212346028969825
-870.9335230880431
45.938991543636234
9.052341729646843
-82.0818436142777
6.134840027010253
1.185506625591133
27.53595951385948
-1.6551311298849396
-0.2628265578499595
2.6528391992630733
4.670275307740166
1.7956327838637778
3.1584988367744193
-0.39028612344121544
-0.11957277531378047
8.210350801146557
-0.6339347879428963
-0.18071085172290252
1581.1787550143358
-53.257586622397106
-5.530881026349109
-35.17603174214482
1.552392324273705
0.1887113379560339
-23.058160030460506
1.0346862131858845
0.3223780958626128
164.0997205232487
-2.120050564188688
0.6484660113330065
44.36160394824076
-2.9231907965424146
-0.6065570047410445
8.560267264526923
-0.5311610501899704
-0.09446864798157943
587.1789384700596
-19.528234736990257
-1.7107514941237179
20.582500953024542
-1.4873550566206364
-0.3130469621885564
-2.4578730241720743
0.057350806570475005
0.0030198860808655554
