-3119.972708694607
-1559.86719481151
101371.77247973827
-816.3282842691907
229.85208662758942
23.181713981510917
90.7868147664749
-86.10148041806681
16.543968050406203
39.985653665703964
-87.00976129865013
-22.65477955596652
-1.886682852966448
6832.137705598896
-298.8118533023593
-82.58806032899587
36.29766990641459
21.461787008895953
7.220399888302677
0.27687181678216455
0.8871024624081272
-1.6629633964430024
-0.8265497779470641
-0.05865863666775346
-541.2734983970751
1.163073740293063
-5.801712151542397
3.5781417983351913
0.5277171054010984
-0.7270879497815479
1.115097723897352
-1.0893606770332283
1.4659396870137975
0.13511558290469305
0.02381286576418925
-5.559486658135427e8
-1.0472277550915797e9
-9.357356842408975e8
-6.295291702136743e8
-2.720665643636367e8
1.549675853639152e8
-1.8945761146556877e7
2.0462070857284856e8
-11089.39513073816
-26721.012951406014
-19515.768110334946
-20506.959643132952
-19237.9236594439
-28776.58039264435
-4525.256350928138
-17030.04902572667
1500.1175829548442
2930.661963956196
2549.1205439430323
2049.5769224036435
1468.470367798061
1291.491574268734
280.28297465876875
520.146783345543
-138.50540423685933
-254.32543185273644
-222.018002543441
-159.2684701250261
-127.71263054741041
-120.17070982609829
-8.990528418772454
-59.80786251080317
58.58903253075023
140.5068074698976
96.0338382194983
22.08078401547331
-10.96566831070313
-100.73590363103715
-40.402739624775734
-22.216878982301242
-58.11031693350575
-118.49375041344616
-96.83269607386148
-27.738424170294756
3.95681687364511
86.48424688519927
28.4238570490307
28.375556048161208
1.7229116234456099
3.3276850504284288
1.7459739554129696
-1.8141898841886206
-1.7657604817745918
-3.842861853517886
-1.8697298446088797
-0.4611763157919519
-1.706542990391006
-3.495790489442639
-2.6016170353684047
-1.7059651313677882
-0.8640882962182339
-0.11170884945415475
0.0516775055179161
0.042047434765891345
1.5587641625306434
3.466377447360299
2.0668420242475767
1.0650687498759057
0.13683315589860418
-0.7581563107999753
-0.4545839387856505
-0.3386373170248875
0.06429760112198443
0.07462175950045766
0.16317896409639235
0.1786941552845779
0.19227858736778
0.23207467900746934
0.10856906510911188
0.060496296139250075
8.385551673525216e6
2.6415743673921306e7
8.767104921104902e6
1.4033654373339014e7
-113127.37115208665
6.946656858057005e6
-1.138867617896419e6
854656.6985594821
-590.2845840405328
-1373.2720758643743
704.8896166880944
33.86029193951917
1201.180111979635
153.8473282753634
647.0965116167412
118.13452876522413
-6.753729233408967
-38.14100039648088
-92.37694207874964
-61.148709100075806
-76.60994974530502
-44.20463306874249
-36.41643635096193
-14.521103755834597
2.3692139171318636
-2.3061757652218784
13.011797552165211
-0.1031764111768282
11.39351546961217
3.7480608923423
6.446283157688804
1.333667448062591
5.82066681474165
26.719848263494583
9.026046405189705
18.898174906075905
1.50859149968083
8.963366610654557
-1.3084656842214126
2.5748874869770533
-2.431617057979006
-11.324924661237741
-3.362773952052538
-8.435194752457356
-0.538809164146915
-4.271521535080919
0.5698001857752214
-1.4163702944919514
-0.06772608585855754
0.10916816373647452
-0.13100785585123179
0.3234393581323683
0.09472735090293345
0.24726710942724722
0.013351322605199775
0.06749038356101335
-0.0018456907663303532
0.008695264487146012
0.01118866799486284
0.008326020962608507
0.05521666337833307
0.02547040074408715
0.017645488935170046
-0.01956927053360057
-0.044321591708011185
-0.0355657033073266
-0.031124979460493692
0.06772188948097183
-0.019224823027146454
-0.003814885614438189
-0.008423251668930602
0.011443272774725398
0.00310138788147005
-0.021527767403369463
0.012825334397712697
-0.02788742676348417
0.004640696485328227
-0.012934853141017166
0.0024400448387938227
-0.006941785269809355
-131106.12377325108
-3.4083573200251875e6
-1.5882044442429845e6
-1.0683475913561266e6
-3.43151458227892e6
-1.3348284282058312e6
-342538.3921944125
-514134.92453939514
-498.3365983474961
40.33474450179183
219.34765421650758
124.6236849151124
639.8881670111472
222.36178969169708
163.34186390796947
114.09016191567913
38.105943025165914
25.216378668685316
-2.192492064808917
-2.4655543913556444
-27.436917944644332
-2.7789411072460926
-5.88529796774735
-3.5553348004098497
-6.973695758638679
-6.145384418142141
0.7208732370558381
1.3938729767192175
5.6942507147599875
-1.2150866824098263
-0.11516186994683233
0.10526663507846144
1.1672856852607942
-0.6927456205704997
-1.2985233234287537
-1.2444137798484907
-2.259992832800741
0.0038128860060967665
0.12173938089679254
-0.17177755545566992
-0.1983403900469608
0.9501258605691743
0.6334443012993743
0.400568369200478
0.4728272730001814
-0.12942949986791435
0.06685468394714154
0.14500178229525504
0.027291316226429975
0.030280405539272488
-0.027385856015990348
-0.05751161002889702
-0.08159693749763251
-0.08153736815902575
-0.06433607466938651
-0.008356659091152116
0.036857773780374775
0.02593661830996784
0.039862766590032434
-0.008073964005793886
-0.001097934870892988
-0.018547837181525417
-0.006350582250179505
-0.025670484945229527
-0.004843377375275743
0.08296385799939518
-0.014229990854113339
0.022264415428790145
-0.015289542349414193
-0.022164910134105275
-0.01229073927028668
0.012403564923394268
-0.00796285982687473
-0.004980847559253641
0.003982238909144951
-0.007221538695562009
-0.002237178508179796
-0.004872711625686718
-0.007574630315311292
-0.006664065736910175
-2.8381802969845172e7
-5.329674168875705e7
-3.8545243705820546e7
-3.1907558151744857e7
-8.704044413394557e6
-7.392393509101537e6
-1.2118758174428646e6
-994777.5398901438
5586.203017416957
7072.855454886399
5393.288267697204
4536.530639090092
872.6683398346172
639.2045200546298
-185.194514856009
170.72748084765578
-212.9240546831332
-152.024485000763
-136.75621602743348
-112.15030350077117
-10.556529141688692
-10.598887748572343
12.922326116145715
-5.8917302562392715
17.738021747746515
-19.60577182883459
-6.193188241810785
-6.087657899405484
-7.984307830544681
-0.5923420517996641
-2.143010141088152
-0.0770144631042669
-10.781088015191495
-12.220966770684434
-9.099563964817921
-6.818625605670951
1.0812506438144929
-1.769336359630433
0.7810477761912027
0.18876064935051245
5.987524993126988
9.395863631533889
5.898951331122553
4.596478848032494
0.6858500760054732
1.5858993858149053
0.011127751797383246
0.1590874230033877
-0.9100624576018238
-1.819740351398523
-1.450310891415427
-1.2694445502359881
-0.8814326508683153
-0.5284279961887852
-0.160128103199332
-0.0606025995673579
0.13259303647893855
0.3106534323784764
0.18408773298052197
0.2268122246869496
0.10815338482550865
0.07272371693399608
0.025872926666209606
0.014376645291017877
-0.2874848483220144
-0.631658044863712
-0.5027913896990123
-0.44721121174150474
-0.302221637785247
-0.12581025559058412
-0.07003624985999651
0.007191315562045935
-0.05254567951376419
-0.1415505483592629
-0.12856764220495323
-0.0904913208790128
-0.07332194564216207
-0.05170083703655891
-0.03333512923944623
-0.013982271911873336
1.0688736515970177e6
2.735655017780707e6
1.6094889069046513e6
1.0116094125540018e6
493159.29612031823
264787.018228319
129627.34549698113
82086.663326391
-405.992207855749
-953.7064518862358
-774.8730702499124
-277.5534875597599
-327.8003523297302
-153.9998820891234
-120.60505057220404
-65.25126703885303
18.782693285885102
47.8863866781904
43.003632067844826
11.171731482339316
18.792736208132496
7.876881973857415
6.9904988238234305
3.3712017313623015
-1.2752604117241113
-4.9633432639781185
-6.120408701177283
-0.38492574073367697
-2.414938346897252
-1.0379365806664966
-1.138659201023554
-0.37203745195466315
-0.44762553136849165
0.004908732558967977
0.41564755225071465
-0.3858708277478248
-0.2801591830926495
-0.018961334191039174
-0.018144772242844352
-0.10023667005233666
0.21098827850932803
0.20801773940175786
-0.040691039467410144
0.17924048057265732
0.10252308127942754
-0.06236386956604657
0.003582803632244238
0.03311666891884723
-0.0033999452543104
0.09088596750925058
-0.017024671219341845
-0.005085286815842203
-0.04342244521093168
0.006914200061338401
-0.011769582721462385
0.0025964686373086544
0.015706853295111782
0.009363751148279791
0.032894871731219744
-0.01200936094303399
0.011622744723742811
-0.010976587006272895
0.010517001771706698
-0.004526182606765905
-0.0324743773035164
-0.030027874017324638
-0.08558282365895611
0.018021392476057396
-0.06536931190705288
0.009559524927377284
-0.056215161366906116
0.00816108940356662
-0.00043749462463969616
0.00640325491843201
0.0002797663181513311
-0.0052348769665253895
0.004897777737136395
-0.0050037570160020315
0.0001999322443028973
-0.004981385313434252
980897.5346680653
2.220060199866747e6
1.8431632295183113e6
1.2631264058201474e6
1.0116139704582904e6
670350.6541095477
428408.7549018158
116397.34414371391
-530.9269730430037
-1138.6661751654829
-914.1826260594959
-608.3542043171545
-628.8240793801867
-462.44879257902704
-325.3606513831256
-94.05058064655482
31.368261507292594
62.95940672758823
51.68033237095004
36.25252713175305
38.1568273316337
28.164612833591292
19.67427803064333
6.095754675766616
-6.272631202438429
-11.006023798885407
-9.642720638731026
-7.744301430281098
-7.069566029585547
-5.010531004332138
-3.2680802610092368
-1.2134487311758888
1.2230928840618058
1.9058871462956202
1.8059212664566298
1.7647645267197671
0.8468205979022992
0.46262187405619226
0.16003254786846677
0.22683721217066288
-0.5157378917188392
-0.9899374832188728
-0.7728612458483842
-0.6808672562561211
-0.27066940711905946
-0.20479666827649656
-0.08501575126333227
-0.09607413789436928
-0.04022799990578554
-0.03935587992253947
-0.05901208787399057
-0.05373218717146492
-0.06476843882151835
-0.03355620732390038
0.005859656710161504
0.019429534970286124
-0.015251428564229046
-0.07043628197552959
-0.027762107527284495
-0.020790406479558585
-0.027333810497091632
-0.027926902239338414
-0.014037249262779439
-0.012667081111437786
-0.004958174338594807
0.013779166184691521
-0.008184230468001973
-0.03359471535797439
-0.02473010593079794
-0.008048887985738423
-0.014093741097696618
0.0017222474876291817
-0.0019632918640456786
-0.00725941168392887
-0.004526948417714383
0.001906616927897708
-0.00036813719547203286
-0.0036554665309136217
-0.00017554214145802744
-0.0014681957632838119
