-3118.608781209717
-1559.568630669232
6676.412247022165
-533.9444482009683
-292.1464854929941
-138.3972546830988
37.26790864142706
4.04431542363212
-1000.6225372863805
30.992156517697108
-9.8830022565886
-6.618798115196415
2.448235153833622
0.438445562930817
-237.66546330753593
31.960460481446457
12.857769839200444
3.88681040786778
-1.769304305060768
-0.06496867504318458
-947163.5992203131
139587.82535753777
-7.6992406055824105e6
-1.5215620716966644e7
-7.165516116101656e6
-15995.305469277162
-42670.706742914066
-18953.14872281259
3872.746459038379
-2469.8896791441143
6514.077369805292
15997.792902667525
10324.028715154687
4765.11773366935
3840.3394998358667
-941.4911509544913
-2315.5260413365345
-1470.7826772646242
-641.088849828837
-535.1283216563226
66.83773624073318
171.18935579176164
101.68517383857804
36.14600741459562
34.58119811571168
78406.609866502
-92386.10180395893
87073.40715083064
-7588.106860691201
116368.86379357177
-124.53252522232646
165.24917881225818
-190.81926037116722
52.983627734353
-128.25158100150077
-7.454502773353431
-8.641710873101609
5.55210495849774
-18.31815185892495
-17.151334841348667
3.9136695853049517
0.777622858635547
4.077183556708792
4.760426788053706
5.033572270422732
-0.39041982886909593
-0.3579291018683089
-0.4697951317514808
-0.7675504768614414
-0.2094400372721832
22445.561266383327
53011.38120224641
15879.550884604207
46674.685985697426
35517.31599188056
-49.91094711574122
-106.56042338161656
-44.69462491773632
-31.17323917582512
-15.601865408984033
6.633710370791915
9.94639618067278
2.4238487922225396
-10.997929383223997
-9.730230763159092
-0.12085581531726171
0.15863498566339812
1.4730364683762414
2.756902529235701
1.8506022074778128
-0.06366119619273362
-0.28876968940371117
-0.4300560867819523
-0.40804030881193415
-0.18030951686400476
-207982.66892466988
-418663.6629839397
-237374.47113925283
-99313.46484467844
-90712.23241334823
159.26081753586251
383.85105200953274
218.70228706901776
6.364438413402562
71.83243869464151
33.40437146081415
58.72457014711852
33.296770434607126
32.06773791754598
12.536043775312242
-3.2420252811322827
-8.108968681502605
-4.360661225141375
-3.383798247929785
-2.0117093213771966
0.5424900729568397
1.0024650091997545
0.8736198156763938
0.9188694374276214
0.3446931082064694
-23469.574364502558
-29181.521102524777
-22322.89658816855
-2516.1767301637424
573.9356847211315
74.21747463220969
90.27781950819423
71.99144145015265
-2.4816969129850412
-10.532988372589223
-9.30315055327894
-13.335596079109314
-9.591589362859665
1.8837390447891715
2.1609453826805667
-0.23880918883690036
-0.5458894582683861
-0.4914951701582298
-1.1314446019281046
-0.39325855092404965
0.014724198816586688
0.15239087347239333
0.19641206855269538
0.26462688670087564
-0.018193489202214305
10106.784230213523
7859.811443318091
-2266.1936178890383
-5352.912761217602
951.6842711010605
-24.842391911247383
6.6253057298894085
13.04656592844447
13.733923802637241
-9.048503128304793
2.5911257292797627
-3.969626408767491
-1.6743873908546807
-0.8003288146829882
1.8006982026114948
-0.4269223431183035
-0.311740730474558
-0.4844832437218854
-0.6050908896968757
-0.31488455109626
0.08131311383458481
-0.028803504824439156
-0.00017083126735109846
-0.011438721735144873
-0.017407160281084365
-4.496721367590605e6
-151691.70095574547
38346.76770121036
-17300.705108827213
-24382.01904824698
4833.393371975431
988964.7914400853
39741.413029186806
8593.7319607756
-4767.1810173172635
-8309.933590837642
3599.0153214719544
-743597.0292456902
-11073.801555145747
14507.278642090518
-1768.7525511451968
-9675.65915832027
6088.243817651217
-3.2399698581134405e7
-101700.74736285303
-851199.4944543522
290222.97648325766
-94881.60341616947
67635.34659782403
1.0171475090972124e7
-134539.8385642566
111655.67760017946
-18728.871570835687
-26093.41049247724
93002.7379779348
-6.075105419765047e6
92624.3103651739
10929.014808492819
-7597.067674469163
132520.49635778766
-24558.460327150766
-2.093938019300197e7
-975144.9253140454
271959.6738641107
-143307.2106848738
-30009.684872624355
-107303.87626639172
31272.308556564512
11095.647375749615
-41793.97168934419
12233.965723306246
3512.602066518618
23731.088275363552
-5.424881716088587e6
-69004.37135376214
-58933.23638952558
-41631.31876565952
-54489.82578261627
9218.061204640933
-3.573603157400187e7
-459695.8206953123
-317157.8008898808
325274.32744582114
191070.41216452536
119100.57848470303
1.1006703895678103e7
29257.588112816215
75997.77727606647
-42911.25199021864
-27988.33464270491
81071.25864251929
-3.2343763069196935e6
-77746.77126198729
-35253.54993489745
-23902.615254325283
147682.36898509192
-26944.925922570674
3.886332534346168e7
52846.37908675483
531499.2360944838
-75063.83339889644
35532.54014703184
-236538.29940592442
-3.6167674048263626e6
-2752.6862625996177
-10374.170033438415
7797.71834683918
6265.330132171151
46515.780532342826
-3.747604563480575e6
20281.34859580447
-19503.44237786155
-54950.395308180254
18818.11612062269
272.1895463626189
-10035.856384274834
-268.80828901537194
104.05132820605692
-13.653100493616282
0.19429256511757756
-41.658655759508186
1928.8858998298638
58.35235910118229
3.015182723508722
-4.964024147354191
-5.827365304605909
7.252859860192146
-1456.041529155954
-30.177379748932758
15.36375157770249
6.8538413764294575
9.759013571888145
7.209613072131835
-76868.20558739344
-1636.231170827625
-165.90950523972026
-303.3001954865131
-367.98010816666414
-238.42470393814196
2375.2126402042745
-142.46231491479563
13.283810282551455
85.48606154998228
17.248164568625345
-42.94900650445461
-3181.2461328361983
231.95460307598898
3.0041209514249587
-72.6769506222455
-178.37097401482666
-2.462866559963559
18872.711937421464
17.868328012699372
-438.6853495380753
169.82415354576392
-4.619144186898747
66.42127150370649
-854.8813745764467
-40.08273732551619
-8.145522644182469
-1.4075827879558918
-1.2127798084341284
-4.136036741824876
-4014.8972261710883
-1.6991788820076692
-71.63725357768176
-44.754019903519314
-24.711339181418275
-8.61264831265392
-65494.94798850195
-1397.3107404579207
154.28196037395338
-61.92406023302639
-22.05971982695095
-65.52943582797698
1929.234251803142
83.44430901882102
-11.52211901176975
54.737901012152086
13.102746747743439
-76.28982080570705
170.80038315116377
17.911089003731806
-70.52053759105301
-101.65841191027305
-181.19689253707855
10.043922523740424
29213.330239294337
-341.8810772885965
619.4923811910531
44.06704095736434
-11.393510565733994
230.40205871268446
646.5425437164819
80.62552085992527
-56.866995526696556
-32.551288504228935
0.336577430802837
-28.05334634669837
-6114.417308822416
129.35628683004734
-131.89225798820968
-18.35763375774819
-36.36211562430108
0.41328804768429434
-58.661220089715364
-4.341372682495094
-3.389669494481218
5.078965346179166
2.2898897037211596
-10.024803789903205
359.5763700004657
13.29357466715399
-0.7174086615427441
0.4545532963844523
2.096477631963803
-0.317894005675609
78.75056624962978
16.985648453999065
-7.730639110611452
2.2861076706377585
-1.9853797259822819
-3.85998235284615
6239.5263309260035
346.9643094147613
-301.17565580626933
109.13131214638065
-10.076278241022447
-11.524517365736507
229.3664250179004
-20.68647925556538
4.212726466352212
12.797941179133124
-0.07474672852508546
-11.431703968433979
-837.1083510130737
38.530071316947954
-7.418247686022746
25.101501363865243
2.842002498654424
8.762209336990361
-1514.058917093629
-73.96166088923691
31.797993812002222
-10.23040518288754
7.785837757133849
-10.505903556259645
585.8199949485529
8.95372169704578
-9.493992176418585
-3.0759081714991745
-1.2205337135321768
-3.275785992185708
304.421727753004
4.491568410163832
-18.680214521661757
9.661256153657003
30.12637185260308
1.695306965785101
-9922.50896376723
-188.8950236375892
52.107969008349905
-29.832915495385596
3.6467953292687336
-42.44593762556001
-155.55715766862772
-3.846866982340492
8.063350996206495
4.39435984443367
3.5635491165819793
-4.788596028631595
-1003.0987515638514
-6.173125508653127
-24.401922877772698
9.876370440223523
2.689699911002723
6.207215278563425
5901.086526361606
-157.97297827867826
31.069053226751414
27.83138618749728
0.10696544472106234
10.005348235013594
1215.1220043261685
10.707413796366044
36.74545731256798
14.623583895419111
-4.6634450521576785
-5.885315240211132
1064.7496611547542
14.031333207212853
20.441023151371088
8.364863920715974
6.658846005917911
1.9584817888914217
-387.02827638080254
-8.201524164771538
3.8355485214407894
-0.5854749747900269
-1.2435140328682575
1.6579499497918606
-67.64319016056064
-1.775295087217413
1.1982361842003821
-0.6103255209709668
-0.22257731400268108
0.19359433881584404
-23.04543412259789
1.7926704700368505
-1.6028721902777257
-0.3059118761417945
0.6878367316522586
0.3719223261716379
-2859.904817489694
-82.1634951311831
1.9077189772314935
-9.592404725602975
-11.945076398634415
-1.5214543392456235
-221.0113626103227
1.0617527265081972
0.9341346656618417
-0.6034480756202859
-1.255468729542988
1.448113621219436
17.31426338560512
17.61987254914571
2.310096729781054
-0.831415926707894
-0.6105725099791038
-1.3646054081766863
-326.2601014699797
-31.302306439593018
-0.4180475474750204
0.28004913510285584
0.3707333999489905
2.1383573764458546
127.82548952239449
-4.679381096640969
2.9457639896090813
-1.8052880009688306
0.6417572195335334
0.9182076093312982
71.76754022243898
0.20947140007301623
-1.6730607542387779
-1.0225238706452062
-3.5748094737648186
-0.7243816437688949
-77.55301519396069
-0.27921713851948915
-12.2719064374553
1.7970750900631882
2.868739317936331
6.189607863870366
-243.0965162679276
10.294915819878227
-0.166598678189724
-1.9248605855902696
-0.26504382322015396
1.1270891484997054
3.0400071925641936
6.500658150546247
-2.401351125207115
-1.302483286512116
0.4312837013818123
-0.884697524491182
618.214200265048
-66.89717859543215
10.23670410611843
7.362510241709744
-0.8099844629743332
-1.2187867318006442
421.62469334410804
-2.3999788836850784
12.212330785893139
4.521687977565881
-1.0141321281801519
0.6543340080553984
-53.28275411756094
6.526812357121484
3.5486483125206822
2.0780615909687614
-1.4886691754085595
-0.47844139947974845
-39.62293448433742
2.7771601580887104
-1.2379710482468576
1.6187717019207672
0.8131677481322632
0.4304449240682625
-20.218385301887214
-0.12430827000819736
0.16195905330924504
0.052985780286176405
0.1711680042813947
-0.05932543451216759
6.238033027800243
-0.4669608328539658
-0.3024622456399313
-0.3882712554326759
0.10513373048734989
-0.011609516903442224
-610.6026302061958
-15.28063588573276
-10.98897186730636
6.081530845636327
2.277005035659878
0.7126985038916664
-0.46378918822061577
1.0827058107130845
0.3809562046499172
0.10483152408688619
0.11861625979009528
-0.2494836183311975
-60.473557042826755
4.9032089182596215
1.1828953649425082
-1.012765517897725
0.8354536540378333
0.2861599195313077
193.49275894820775
-15.700041845501996
-6.765308265076765
3.0007069733803475
-0.4883040308716292
0.0827505951408683
-14.048241514650032
-0.7108521997485252
0.6270323783011295
0.63732705560223
-0.08086949570740976
-0.16186181806283148
-19.255048272874873
3.4469559070132276
0.9227268455343092
-0.396233362223426
0.5488838486847375
0.12330399152490683
388.5324491409695
20.728230180994856
-9.572571349255007
-1.234964750542448
-1.8934933137164989
-0.18175721588165777
-119.93326161551887
2.1347212381341625
0.06557340354390068
-0.26111920929189203
0.19244543778133685
-0.005353081103348963
32.324057299152415
1.1895059109532538
1.9981307703098097
0.603280879731649
0.2605462865122669
0.10996078681671367
6.362539384857287
-12.355121371724543
-2.3323990602077282
6.5339134150357445
-2.336113527984714
-0.5428034542260587
-70.77482131382925
-3.8637434716791885
-3.9936004938635703
-1.212749387558796
0.33554969029892223
-0.061516233961932135
14.028073655852355
-1.5239969218920761
-0.7487124009407999
-0.5695377594240755
0.35016940879313546
0.038661503732448865
-190310.17924674493
6027.640775589835
-5042.914993176994
8635.667093686972
5770.005528889476
-2454.599692445169
-67683.24118777737
1337.6913430759557
-1162.8651528167584
1213.7021330873372
-1794.376832316164
-424.8754148341261
-72790.99671457401
1231.2521233315
-314.0041286820659
-2989.3929761329064
4274.55926776085
-146.70694501172906
-8.248840395636885e7
-4.495330212330166e6
-4.530764179890445e6
-1.441606329894247e6
347199.0281784125
2022.5470654981889
-1.2644804652758025e7
226702.23169152153
-100845.3237334513
-51347.160624505275
37322.238614261085
21306.11999616439
2.0044379408205807e7
-376861.24007798586
409251.85299842077
238380.61292074018
34057.9259663499
45306.11577329149
1.4243185889417413e6
19181.575637216025
7021.3388017661155
-1846.5727049792781
11045.608930991753
2969.2237167080325
-61834.75256250554
-4826.4711461815305
-844.5591804237455
-576.6452378072964
1318.172195862513
-66.01945598878963
-72760.48872779253
-1221.0362331097972
-1010.0836537909784
4497.900047479634
-12085.758810518573
-3382.6684110563356
1.0303183344259141e8
-5.216316267168525e6
-738085.6415777226
75100.23956193581
-253293.5157703604
-14593.236879130578
-4.228255865586419e6
36980.312524769695
-78392.93118488265
18314.195472226373
9381.83979522348
21550.402544799872
1.7551587084998148e6
-83240.02858570969
14950.419380770581
12369.234447696394
92788.81297623235
38974.11162541636
-6.74454012259886e6
255013.62429290297
-51838.64165292576
11174.620482543049
-9475.42327026906
-4781.269926827367
480966.8050899867
5248.583232432174
12836.974550037434
-4350.012571807576
2745.9038397015165
597.747098353552
-260895.68914049023
1195.7456673985885
-6354.807629698589
-266.9537047895419
-959.4176473124286
241.28309363334242
-1734.4265473368407
-49.371907505269604
18.261378061095193
-4.207759173688166
-2.2611874547631587
1.8756199770179485
-166.74820449995323
-2.3331836084618183
0.3591000919130203
2.3078089850886307
1.6803410082091712
-1.278412832446779
-83.87649365523933
3.555823108787196
-2.346401201641874
-2.5489661940276784
-4.643014685157776
1.1395837340790622
57610.56426997156
-7902.740340297792
-2237.8628267455965
-1875.1968139500193
1502.8535045707788
135.08307636977563
19788.6350396169
262.6516490673452
18.68496555196249
-271.38986955471387
51.70558893793335
7.672834559342804
2102.849269377271
-1066.8221889838132
-491.8805006880669
-108.91391386316458
-68.67846114088947
-51.43279690477279
-1195.6638322540514
-35.112036132905935
54.355084212181886
-22.351404646273462
9.845223114075889
-4.173355430550581
-233.5015955821648
-1.6927233464819291
-3.13872926687957
-0.4829030210199189
-0.3293459339465592
-0.2624139598144018
213.41230681047728
1.298347620824972
2.9723762940340817
-2.688733124351125
9.649413597362686
3.2416292210953808
-12526.291452783553
-6714.656631718081
-377.8075932011838
1137.802275886832
288.3697322591015
-132.0004395609942
6076.1746652501
-78.93348299704107
36.80507659493764
-78.81909970602
-12.845769972275681
-25.130093138991715
8149.292211877811
-80.40712481198885
250.99985762002063
155.24297535075783
-124.86892095556651
-47.81317135932507
-9796.470736591733
135.73373698763533
-32.280578944454156
13.881161230548889
-13.726260425708679
-0.6729127625908568
-522.7359973641792
1.6520499375500826
-3.7711767463107306
7.839617109946592
-3.455410240031554
-0.6032333922294753
421.9962821572132
-11.750821010515741
4.114493077455756
2.5564711717476722
-0.39274906460333975
-0.19106164522211994
-62.51667984511243
-1.4470859034168368
2.3249775471010765
-0.6429556869111516
0.07741749494024189
0.11014573975194988
-7.4485145879950325
0.17646870105813559
-0.0645402020954147
0.26800299260232324
-0.044998620322051805
0.29115770898624016
3.202809835961343
-0.05415045210472929
0.004790971702813796
-0.2603379922785211
0.4680218611957232
-0.16458141446423835
-7452.954788401001
-602.9616546810458
-2249.2901937494744
-362.4225648647713
-410.8128103141978
-38.44518161302561
-5194.908081450438
70.42839873669196
-32.470586872766994
19.82302585998056
-4.081657551119102
-5.6955392044731274
-3126.7312581026436
258.0669510554367
33.07820783457229
-14.452324215109892
-4.231012422921132
-2.5793678223278818
131.03743042444566
0.7140219560275962
-2.4924374577073793
-0.02106148933400162
0.18091136561699167
1.0321207998996909
-9.286013734311565
0.3969280304445896
-0.6662698735914467
0.06960848202728587
-0.3474171498044236
0.01977834329760955
22.650006749676916
1.0668303989972434
0.27684686993371543
-0.9911715396674795
1.9366122784021516
0.265834155179284
74675.17906202983
125.00919690833851
163.04771597403902
-349.58435261413564
-65.62178438909216
31.79015703616556
243.93578533456875
2.7018191412456725
4.14839668624685
1.6118371727341048
6.033028410372549
0.43793401077021665
-629.2382742228691
1.1781555095836536
-30.556716237720536
-15.313159890763115
-8.515825475656866
-2.008743120705119
-1763.7095017529875
47.19543005780171
3.7114506684430237
-1.008227416686141
0.9245920951780434
0.6376896616224269
-59.38703891925123
-0.6130776369662245
-1.9938162193036577
0.2971111023615332
-0.26961398563465827
-0.05733281932577842
-35.79941368461967
2.7016163323216316
-0.7635220143222549
-1.6432134788246646
0.5726667699819001
-0.04144311904723649
119.47963639485019
4.00363165929011
-0.5529997099337072
-0.051639003974247685
-0.15635246063762648
0.04289298191826998
-2.9707717280394035
-0.06611437267940103
0.09031477792379324
-0.010367867911175064
-0.02884101342053916
-0.02766395063471652
-0.6954201373739232
-0.07867320441828989
-0.08254507166514748
0.12972098303134502
-0.05946836812166167
0.04930722838196359
21462.330085676374
-303.617181106245
308.61572728874006
-167.2454301723706
169.26921083566208
25.442583584589148
-527.661395640828
9.120470334378735
-4.718365091577397
-1.9356498646600875
-0.8508897336574769
0.4416491528816872
-437.8112562130526
8.877323240541221
-5.057436036928951
-3.680389461416595
2.6374896037656717
0.7035630894881666
77.97118550512093
2.2293600114678833
-1.5048140939396784
-0.2944979713313971
-0.4794557913550534
-0.09624070613269778
-3.580525605129843
-0.2226203328171904
-0.17312908843694935
-0.005947006008078282
-0.004397807484871465
-0.002353663671417342
-25.306775358758703
0.4832286832666635
-0.2937474247801957
-0.007038804292963209
-0.1869672675523845
0.0197302326689961
2766.954369921898
-225.84657980617834
101.25653232032197
19.392872790476837
40.64155264827446
1.6026605045273246
-445.2519073106338
-2.4638299984245435
-4.806552807551818
2.5790687329867765
-2.242778391025896
-0.44756978504590583
-407.90095866370694
23.53348120726568
2.6495217469642194
-2.3904693339198535
3.079675609278535
0.754852555732091
-120.77444035755515
13.160045442614738
0.3827781419965249
-0.9631448878286348
0.30127779651507725
0.09448496955893605
-0.5090359836559909
-1.078542950260245
-0.7428555491939227
-0.3070256474597488
0.07637493701292782
-0.0006764486852901379
-7.315591271228626
0.5568500686562922
0.4767925164959789
0.3176075311564849
-0.05475772818507497
0.03921570876008988
18.56367184189009
0.3127893070383717
-0.2123098760981917
-0.11775037939487562
-0.17891791850468108
-0.040350733767147
-0.9063004965995466
0.05547635825293755
-0.002761800948290963
0.007558224025050021
-0.003479218521487632
0.006194248433587797
-1.3960306517822458
0.08195583704662687
0.04860716534935971
-0.016040532415239707
0.046765120331355256
-0.005467807565599678
709.2570258643457
-173.1635940737087
-116.87683373372897
-14.296846517339125
-9.694951375178597
-2.264474264211546
-37.56071590517298
-16.983118435183766
-13.821419114439413
-5.022667427276313
1.4842959200935275
0.12984383803625374
-42.8843374730178
5.945043505027055
1.463150679171921
-0.11183651420385794
0.09096380393917995
0.07067759341269296
-19.383862171752554
0.16040961700750542
-0.40283430820550475
-0.021984955739814897
-0.06652650592398796
-0.009617472467100256
-8.615546942260865
-0.026540160302540656
-0.13929560757028903
-0.0021728712510219114
-0.0010267703717981667
0.0014854574742290394
0.4704797132327757
0.10485952029354852
0.025721028456459842
-0.03034532616036368
0.007883847307091569
-0.004790351192336053
-2791.3402353687165
68.10545408787813
-22.047659607039993
6.40872035957389
-8.824111710989394
-1.1908497561154403
104.53426205366742
-8.869967938301924
-2.9926666961985533
-0.6104494915551588
0.3317060408556901
0.06665275516034208
-4.600084424910978
-1.4343797308677118
-1.419050321016805
-0.5134318970149903
0.027104771076992024
0.01379812474246038
24.986853531471414
1.5999070466638343
0.5305495549164498
-0.6963368894386991
0.3206648089024167
0.06702249156910375
-8.769104144619911
-0.040067863252543766
-0.25381852161428115
-0.08534712425024797
0.02038409112767886
0.002873109890306029
3.782772528703696
-0.680718023954869
-0.3396159890211774
-0.11577279230336941
0.040193343251449604
0.002224029125786293
-350793.128814477
-8390.918099466973
-1668.3325812916385
2381.659194436739
525.4455794493125
299.86047672198475
-86034.32578799828
-37.9612845354138
202.88439781712796
225.9012681770835
-194.62569832917143
-221.2919166308866
23982.077834622964
1150.71718305796
-734.9236963752493
-587.6269774409399
-408.0918703255493
-358.0879077123004
253707.6389939374
-68796.58509469178
-9354.670046333958
-9345.135133025165
-11653.242016201722
-969.0846940481835
-167647.5283261852
49.04540437875852
-1968.5993407673277
1710.5091892848757
2188.2229308013366
-1353.3265711024487
88217.30148404533
-5664.839875323461
6029.746754206994
-2049.5841479744317
2374.1601506727425
-734.2775989751051
-250342.01147694705
14818.885865242006
26032.800194110994
-5332.925970549227
5738.273737809969
60.858767956586924
23272.68142052577
-6309.2037810555175
-627.6486896005542
1285.3497574071928
332.88515208437127
-1018.0395280429965
-4358.235091407943
-4504.44922508558
3960.309855819421
-46.01848984153356
2197.720099766876
-536.5311278536449
920042.8530783103
-43493.51690193728
-24579.11031133505
-5791.7530936241765
-12904.478291529384
-1840.7197363827736
-126966.33137250025
535.604460889546
-2381.6114886505493
-245.65483817046112
-486.5646063032294
-1804.3564732769046
177285.6341449172
-6378.422498629542
3968.0057827556293
-343.6091204843327
3579.6474560704864
-1449.1649266207876
645988.8923921394
30445.281128620445
8743.142565786879
-11011.119097555455
6339.109739631001
3210.944988411719
214574.32093699873
-5140.053969021888
771.8345303537416
-956.5182743635849
341.00079157291026
-1423.3403286064872
43276.74311669279
6489.080415527461
3050.002844070834
-1353.5265748464356
-1666.408738943869
-1102.0621553143974
-227.1673564945495
-13.472674871645317
-1.7041197074873928
1.5143185858049646
-0.11900674790372855
0.05157224299179723
-11.475573990798235
1.8983650471144693
0.020952257794719143
-0.018314283336597355
-0.1393588236909875
0.01985244209301886
-8.182305826382985
-0.16090192363042186
-0.356713531238613
0.19687077738569497
1.2807950632784368
-0.13147682366997146
1136.218557039556
25.692908951682288
-31.8719416335558
33.47020707805131
14.79784954032778
4.014507388150756
101.43875024586703
5.533667855418634
3.5302740283259255
-0.5613141793268379
-0.03127620781226651
0.6226254159133784
-70.89310069016223
-1.2487195481626294
0.9341195090179027
-0.17893770252400534
-6.6180313576358945
3.3598937119626333
-153.4625319395953
-1.5482011305794225
20.246475181715475
1.0287718243904296
5.7405106239850845
4.14571825574761
-126.01641875829856
-5.01265031862534
-3.997140389030837
2.121692742374101
-1.4091356462009716
-0.8617492646963388
109.39926552445287
0.4269775694294659
1.4610588206531447
1.5492759347778438
-3.935009428297836
-0.6636889851260239
863.8709599640745
11.901225255218293
-35.445639749441746
5.0437355725092505
-7.584813151715317
-6.177996652798425
18.80379801735757
-0.11509162544061664
7.817870291625239
-2.955373803345375
-1.8117117635761095
0.9800073031479485
270.1423561458963
-1.2518753404260574
-8.993746371612865
8.602007750617453
-5.420512439104949
0.39386143743846397
-434.7955214460499
-84.13885863399572
-41.85064313205281
-6.913836333368728
-6.848423499459229
0.3710368062370751
97.88808674335634
-3.6310541574643835
-0.8754049268976697
1.1470181955454182
0.2931773844933344
0.9534533746364676
-287.9708784603879
7.57955912163185
3.257417773650861
3.750136194264162
2.1258639431533246
-0.11570385074102407
5.611488297715671
-0.258998440261312
-0.46533000786272904
0.25184440367599453
0.17211253946030225
-0.0960547886690188
-7.4862773526211415
0.08321630183399346
0.06703162183213758
0.06417700806698176
0.052761692542257994
0.08094212980040054
-1.5442498053985516
-0.25453833678060955
0.106975039382163
0.032580308881064994
0.18834496300748982
0.13323922965981436
-414.3166279873745
12.096254697897875
8.370164262776903
-4.1639718494604825
-0.7489931311273883
-0.07015564697341817
-35.2190004946243
3.7325139678798775
0.18962037818199334
-0.7301585999478508
-0.3541590652931514
0.1482010647915212
85.84022848639647
-0.4091782843724226
-0.774647352371693
0.6692643884010016
1.1562003179056903
-0.1499741639337894
167.8254577266563
3.976635402461163
-0.6374561415080178
-0.15935713445785052
-0.6212289113622659
0.0347711219010074
-25.877412139658695
-1.0858521208446852
-0.21310623091417644
0.008113338602455193
-0.07087954322770383
0.36685919059904465
22.98614633159089
1.546521777861363
-0.3226562110935751
0.2787620197849793
0.2833557993229473
0.21269830020805755
-462.2390633804782
-2.790857326536732
2.3046067464410664
2.417859104207693
1.2873980123073259
0.9140266971200074
12.443505317429384
3.9422699425001047
-0.09318586093971538
-0.26175579388915676
0.8158397477323193
0.28927994651459304
4.157009197512675
-4.794014693978827
0.1201442428265181
-1.0497415384188826
0.034229573435376665
0.0524178063949804
-244.925372323476
1.8233323291147205
-1.8591883191412923
-2.69910647230018
1.5754458622110594
-0.35081354273663923
44.46670958627571
-1.0918770574387044
-0.8512970482761353
-0.2980367729482433
-0.046715856681109794
-0.030601743285713554
11.290136942384576
0.9871813637106248
0.4788609285698696
-0.7241401550721936
0.2668911752747063
0.3986848301928337
41.48818011650883
0.8457311177599783
-0.13024173862602723
-0.35934374656992796
-0.18581770794216276
-0.011651896256222967
-3.3160866679175367
-0.02224085729301227
0.018024780482412905
0.029859493463223193
0.012217817744515554
0.02094733039447052
-0.4151631488278941
-0.04983842162373927
0.02532591082849277
0.08314082818300786
-0.019427979751773992
-0.0009621812650125906
83.09612349574182
2.8424719830386147
0.3962929532131058
0.2653118309706004
0.3598078713874018
-0.11374812421610539
14.697040495648254
-0.8839837404755445
0.169772735995433
0.006027794029565781
0.1241319527854365
0.08690355156081955
-19.638304925924672
-0.3365483188408204
0.027883987972083215
0.16868637441295273
-0.08891421366386074
-0.05790138037742164
54.513388010711
2.278535948619487
-0.14144175521930433
-0.16900934959926442
-0.05266204760745609
-0.11552726474124393
-1.5400549741940666
-0.06719345210592496
-0.09046197356993085
-0.062297936664388376
0.03346925151245179
-0.008249078125744254
-9.13629681001008
-0.19725210314207117
0.07541100019108278
0.06359919843992612
0.026391819051919996
0.030374434047965918
29.57245082578464
-1.909162748136573
-2.0656937386240903
1.2055326449079968
-1.046864038660594
-0.25363393318714
5.013041181209834
-0.29618674548326945
-0.030819479799096307
-0.04814515264593601
-0.0507291424346658
0.008759586052701732
-1.3985140191265952
-0.5475861345106725
-0.47840353930852597
0.04124788053550026
0.08691061636249867
0.0497207575718076
-76.11347428145574
5.315463504976696
-2.0997594031552276
-0.6960055298788441
0.14536415303486597
0.0425239936775299
0.31805552957633876
-0.557563348377477
0.32795455348725183
0.15295962155179307
-0.014525870514008252
0.05966934827544561
7.611102759070065
-0.22319619834518245
0.12442842438099248
0.407207857012978
-0.1518536837872143
-0.06615383039718706
-7.088653875801956
-0.43324482857261853
-0.09837495994408928
0.020889344558596753
0.02391119525066923
-0.0045545683702636385
0.2720436546086872
-0.08039218471923257
-0.02787594954639381
0.009162021244958579
0.0010284917944865253
0.015234154392396221
-1.1435308439315026
0.035082416641685564
0.01624912807895692
0.0038738641175530726
0.014042926040098375
-0.016441259697787806
-60.20825546852697
16.86169560891969
6.143565408712194
-1.3963291900376973
0.9980689411338931
0.3627854141742666
-11.712155154449725
1.2808885415867528
0.12277512161255778
-0.15803484316421143
0.040266245028510096
-0.006063878070171576
13.548795388377853
-0.5003716910161341
0.28422639345151496
0.1431581244555314
0.02107106282974896
-0.021254129222528315
19.70187418802799
-2.321034132915269
-0.7454678480878989
0.29821465363834226
-0.32115488795866765
-0.03807201976652441
-7.1262380990763505
0.3618912216057727
-0.014231899355795007
0.010697793261665945
-0.020491771945901932
-0.025309098360689068
1.8721083753943728
-0.23747256916205375
-0.041911193607694866
-0.024021999332039037
0.003697494701820973
-0.014552873046777793
-173.4221290545415
10.540519176710353
3.0302975853619123
-0.0982109750850822
0.3507144945564092
0.15678002315900708
-41.67906522067652
1.4127552139004493
-0.08199941165747966
0.02970003043202015
-0.015012942091401534
-0.003915753788311478
6.4732133505417755
-0.06265649558073101
0.2739136195725362
0.10316915764339006
-0.05536289676638627
-0.01525847695569501
19.003456331910673
-3.1058715939951482
-0.8226771857927985
-0.03144143755573667
-0.031369133016206516
-0.03175460409424411
2.27229373544011
-0.21572566471003818
-0.04589948093140571
0.06761909850390102
-0.035175172985444585
-0.022682040203660585
8.284963540564185
-0.30346293098368965
0.13126561758828667
0.07236832195682974
-0.02160782651869357
0.0008854329021963248
-1.1404564460856407e6
-29777.73304536299
-1252.8943792694427
4354.30293512176
-646.4310701544923
1257.2047208985573
-203488.41464599175
1900.450890399771
-473.9373660768525
908.8182884261217
-573.2469399490041
-533.9155435880398
32577.99954544103
2848.536351117091
-2114.9674449172253
-1649.857978483827
-2925.247441975581
-721.1848997477069
-1.431241436335559e6
-18624.752733069457
35210.91320757017
9681.36529379758
23608.636157881036
6609.865110997425
463053.14845586056
13733.83980651054
-2564.63339529746
-1147.486906675054
-5039.871139663087
-3626.367427489548
-228226.07708635007
7056.33008406021
-3292.884985401392
-6836.139406957216
-14675.715062595465
-2150.877499394524
153293.54128330993
4315.950219549219
26660.74156546559
-7452.996031455077
4887.008963311914
-2030.8057369229698
47307.13238346664
-7163.518950921907
-663.0276362840866
994.8422940817769
11.868725770082593
9.00905428705941
66318.22293195083
-4277.788143329222
4357.298298920588
-2687.4504339254963
3031.3729172358285
-219.1720346999504
6.00200797537077e6
18905.665352262782
-114024.38849150494
-27332.377243478964
-28911.840870627915
-2892.5772026681916
281873.6859514133
17279.03514563889
8194.195885333247
1052.7610247366733
417.4864433592722
-1209.232716280294
-470815.48888322565
-188.0033488865805
6852.857494717273
-7311.258896026555
4241.274822401018
-1119.8764152278702
5.21003715282877e6
-25826.63640016077
-17457.051218057975
-37574.34980639758
3939.069188846389
1575.1428704691045
-518.1087409736457
-12400.135013931786
-4052.189505461272
2343.3644647270044
1591.3514457522786
2055.3861005387143
-231953.96421837076
7496.665763656193
20303.160355743057
8860.514173645732
3256.0555184774603
801.9654513942794
-1117.9939915930274
-41.129923435834954
-1.4657280986777703
2.657228897232609
-1.70788363257148
0.16678817742444368
34.052666890518424
6.629653189072515
-0.4297464261680583
0.139022035879283
-0.5402594971621804
0.1955832943159703
-54.55549764914363
0.7270449106411405
-0.7054664499162756
0.03891968402009431
0.37046856517529647
0.16024281347821345
-1315.8654201327963
15.1226036155427
22.161299018195397
-14.988908587780163
-11.311830094246744
-8.901683380113234
-825.6550836382866
-5.876631275273999
5.0761619231832045
2.7973489471697692
4.907681600537304
4.630160136292061
-700.8670797773534
3.90224340083066
-7.080690971351667
-3.9614861941373003
28.78164975910138
-2.61871533305276
335.87600077945046
24.664974972451034
12.540672906530974
9.230252821652032
10.406215898143593
1.9176740197750715
33.52823263957729
-2.6961250522379943
-5.60711289116493
1.6451588645604338
-2.876416807024738
2.4315940357905026
238.74261951837735
4.885415128742336
-0.43132795187032175
0.7767700384859114
-2.276298425487824
0.2450537725020084
-630.3441116962695
-4.029546068795978
160.48493353939486
-109.81032931767656
113.4276816870876
17.541238411035646
-1305.2039366807496
-2.2934652864046114
4.327065107127354
25.07216814050683
-10.565155226350724
-1.4984530239821066
-591.3168930270581
77.72889816091418
18.49015487779581
4.538710221324657
-1.88687316856325
1.500194782870543
-1431.5889415379895
-437.10981317917305
-134.21147680582595
24.57188125026867
12.779977128919754
-6.219157047180166
-285.3370286218239
9.669127837008249
7.100025126925989
5.802982410889711
-5.788955221235525
-1.601941673732996
308.20570238743517
56.33622202437472
10.729435192575087
-3.862271637075347
-7.299702990066354
1.3127291733061957
-26.598694546122317
-2.6374198469263614
0.3605467405720129
0.4688356497880247
0.4670055666293844
-0.10623960100799333
4.3763851452080935
0.8363581912713918
-0.16383269844146237
0.2448893771632237
0.06421931122152043
0.060899902771534314
7.370742316643449
-0.12294246656468433
-0.020720843419798827
0.059938712701792504
0.0017081005618855667
0.3263235916416118
166.92511782665343
11.311974494072093
-11.092354431821729
1.0652546510976633
-5.448290461553014
1.3845351135459176
-187.45361513334768
0.8640895124581216
-1.856065971960562
1.3971280661575303
-0.4827685731925275
-0.08666906690522695
88.82459695902624
2.680614340060391
-2.213788788943985
0.502119644323968
-1.8709694060126907
1.2314351761614872
124.45661258255186
3.1146555189605043
0.8717884163847353
-1.2579291453482968
-1.212150383072996
0.21203806734380026
-17.269913823998003
-1.1388748273494442
-0.13625632952224903
-0.09406527718702182
0.2801810208988536
-0.48611448487109776
-10.19514033965396
1.2627133907426016
-0.8306438954313735
0.252023736752607
-0.8252911497722388
0.4511488349951545
-2412.163297865827
-16.16650543139804
-50.886921264930805
-15.01757244283875
4.02939619436429
0.48684854857330295
451.00873472630866
-0.7727948479876803
8.168498408759115
-0.2761355704212105
0.4862925975815255
0.4622709505717571
186.65506396055878
1.5442790873952648
1.8201036223217082
2.999726108348875
-1.5286398857362202
0.19680611026368508
-275.9085151023594
20.824327734608612
-2.287075450523716
-9.309633014371482
4.287629313662386
0.7012536939554146
-242.4287714808545
3.5863637409327884
-1.966245175255647
-1.8602721256317323
0.5337038540316845
0.1969769315878268
-90.57857718788058
4.3151677997739455
-1.4268602486560087
0.8064809575024448
-0.13806487517423438
-0.3036964523140019
122.98955297345287
2.531249625965916
-0.69882924969716
-0.29028439994332284
-0.09161871690863503
-0.08163243069283875
-6.547794184799807
-0.07390545379155758
0.07646745582580776
-0.0043960067629251
-0.08679448850750203
-0.0783398990905614
2.3070487155355517
-0.1982373148815844
0.15703197101163552
0.054479993758361614
0.0832307605599662
-0.020540172569611086
-567.342722076418
-6.80994706022912
-8.232602292672365
4.888347242153916
-1.421620830531825
-1.1593542203525062
-26.301693422290903
0.9541289161264574
-0.12906301594949565
-0.21810167358904253
0.006009298385016494
-0.04223118155462731
-51.5918130070402
-0.21249897118503788
-0.6063561205050119
-0.7495970750993822
0.43743307250619146
0.03977829756927699
74.33374785488229
2.685824513200891
-0.40232322758961453
-0.2733203525005794
-0.5641590065167549
0.06723998929478064
11.027910112485708
0.06855246599781763
-0.10325876080763226
-0.13571734782701436
0.003524734979026972
-0.018303575060318395
-14.423599924697694
-0.15672337771086164
-0.016843415496577308
-0.09083095476639713
0.1373343092710423
-0.15622734514005657
27.90343604942133
-24.537629482555303
-27.253794746271904
-6.144420829455022
-0.90960472844503
-0.38169431477685134
109.14662610025788
-0.9850824856944655
4.2552602333159735
2.5994319290858243
-0.6506549297802672
-0.15018718298676006
-21.744906832383602
-3.146939649196757
-1.890775868285358
-0.936365746791582
0.3739279396427123
-0.039195302338826954
-136.1062780511004
4.458692244003119
-2.8355379628846005
-1.6983634815590305
-0.6767868414363456
0.18943344575983923
83.36957748159656
0.1858162610044434
1.871895560915898
1.10681136708378
-0.2703507094489278
-0.1835974923043797
-5.491737611405626
-0.6114868904319186
0.0663876470204682
-0.5493429842932989
0.2044719171208285
0.018704254954369587
-32.68606696498111
-0.8278387624665982
-0.19402313481293032
0.03581769928289101
0.16495095315654518
-0.051305054873635354
1.2220087685672045
-0.18347165074306504
-0.06613561453081865
0.004492677242253714
-0.017895967115974208
-0.027395734971910352
0.8514169199216907
0.17148432158271648
0.0336462375695956
-0.018252734468979483
-0.011893310846734508
0.06938300416557731
141.89725869444027
-5.447967267638796
1.1061020904172587
1.4457400386160881
-0.6272081530112921
-0.1933116685066616
5.747128347070409
0.287132654563973
0.5777122447753289
0.339755262237886
-0.12951385504838
-0.011011008287493313
0.6822716722551205
-0.1648270976936266
-0.24868860162108491
-0.05990949073654146
0.08510564147688465
0.0553933629191927
-33.085381753794714
-2.4946084121822185
-0.14398151808152854
0.7117718657509856
0.0774708475575441
-0.199436940616408
-20.171789644737416
0.4111045761106582
0.03203928190262814
0.029287973829097647
-0.00782335135474271
0.050832398263250686
2.7758098948699144
-0.18317131883316298
-0.1386437993435395
0.021740008559679863
0.07730545261501913
0.08070419241155562
-297.8304457250202
3.143321744930748
-5.986839925194362
-3.1663196639094204
1.0917463441489392
0.12240810563496385
7.118748042595303
1.627401202112351
1.1313742295421654
0.27163540957045884
-0.07298934868074204
0.007640113653380103
-0.5477112989700065
0.390084091944714
0.15158853343085849
0.049149785019249194
0.006773343785669922
0.027835518850718253
-36.29427809807118
6.999207990709651
2.911507002391872
0.5197474827734945
0.08168728249868076
0.020163582812871443
-11.626815116400309
1.1432422607581727
0.28487642472700203
-0.12666674664235494
0.055248344820189914
0.046704450597846794
1.4821184774244014
-1.4505765939173132
-0.888996145450783
-0.17255756661005262
0.07230466985946873
0.008295645914232631
-182968.5434405154
-5909.899282319302
1433.3077575259958
250.34400187185815
229.01277722456643
272.7507182343832
-15476.260121810486
313.9736009845365
-83.83849133302502
168.71474374471902
-38.882021076370165
-120.76324975399947
-4279.691747220198
-906.1230804306033
-40.31840243334327
388.2764408522266
-696.5224957352693
-419.9173249014761
-3.848096169315866e6
-232144.89565774286
-73350.32910875071
39642.88254350954
-2052.544949586598
-2299.495646682998
-154141.96715546492
8709.02565983833
245.61215731723394
1001.0870252503012
300.61529241120115
-525.885190108079
596633.8010799241
-33198.38891422104
7601.741891455462
6089.764548880641
-4758.1025891077
-2079.553691857422
28605.874364095336
-3488.275107187805
-1320.722642050881
-450.0514985853817
-190.21398770583747
-358.636737472915
-34025.9809314729
-2034.1031013296717
65.96228019129073
582.4093732429512
333.6495185131499
-119.3447657025424
-11580.426220966052
-409.4629930401326
519.152321486096
-852.3185938976949
-678.6734947696709
-710.6552076078412
24984.141498678677
-41790.48136759656
-9994.760456024793
4817.242336667223
-2934.8543267761743
-795.7422647833347
-3213.9438503781294
-2494.0546364064367
-1308.882658229964
-204.627716064054
252.76729163823254
22.32145784228483
-13891.052989442644
3625.7904278246956
970.8817706873128
-497.2835104174383
-267.51873356411267
-257.47207054521346
-595279.9201162243
59634.823697437736
4358.206622044265
-2565.4873833628285
-3369.3196659598116
-708.7682596744826
-41194.318364677434
4135.27035883612
1766.9249493946668
93.8731173738213
5.999668540923686
167.84327399960688
-11752.379318225017
3890.7622529187015
62.66787135711081
-398.3879843246357
62.10684720683286
170.1905392097782
373.11728687713713
12.687410108889223
-6.7279009956861175
3.288052239558872
0.8110391150221435
0.31558246401615103
18.0382711112961
1.1217520602303244
-0.08716791381028208
-0.1075134831392979
-0.22273485418515757
0.24264193749984134
5.291702915273858
-0.7320109969278648
0.36079265082465034
0.1244585551864898
0.430128424733496
0.4247485050327329
10271.250905434805
1005.6525248731457
276.74775537133957
-181.30994880491218
33.93179953629449
17.768819276573375
2074.520285315355
-91.53453238191622
-1.7901682071705558
-0.19812112427719863
-0.5844001896988573
1.0667239792050283
-482.9234799759069
-86.18822561520946
-93.55873891028759
-29.725402177041154
13.898984133589156
3.531362840933401
255.04466181310517
8.003655803381212
-5.372012929878055
2.251534389444353
-0.28775964147325617
1.7525268604663822
184.29536452098807
2.1531086501472267
-0.5757348584019868
-0.7041819138814177
-0.9430292905820575
0.22457368568223074
32.58001302710649
-0.3638335028611265
-0.6065381039088067
1.6938547810877551
0.05317413109002968
1.1332082141017161
-535.2202505499039
-45.34034826185487
-1.4053058475436107
15.034806464507144
4.452112591628898
0.4493080502301016
299.2769506798467
-0.17919194434912222
0.5015009939903459
-2.9719373852139106
0.9260617597641317
0.15696473977327752
-29.415777125560286
0.16821395735187705
3.6072438166631264
2.8922373993367905
-0.9758050620844987
0.5041583130828355
-2137.4605987865443
14.806801081340467
17.62345080245919
12.719505219905729
10.119211410566843
2.3895270002642426
135.12020444566195
1.2337283980912366
1.6555841012286185
0.3641674511282505
0.11089852090917256
-0.377758785420125
-66.78502165362474
-1.7592242485127818
2.9456836727957505
0.7380990234915362
-0.6712257175853819
-0.55997935852068
-10.040737243362996
-0.7493665155541995
0.8940383441949802
-0.49347241234524863
-0.10263690408570464
-0.19604782188104575
-2.1401143645330336
-0.01008357954962759
0.12112769233942186
-0.053210198475174615
0.038643043267138424
-0.024386829185056125
2.1844947252301705
0.14719538658798215
0.016577686826329496
-0.10469548955280288
0.0730422422486531
-0.02461340127511318
3545.482246750588
-203.27851250557924
19.369231610701128
37.172258820911075
-7.913141374866664
-2.856440710522646
-318.531080670846
2.526080222547992
-4.72975645231047
-0.507709846763576
0.011885996223263692
-0.20934653352733185
-110.66479032440824
35.2476891575274
21.24741609243204
5.504860060200438
-1.6182458704603002
-0.16295449715405794
-114.86960775357214
-2.2579705240039782
1.2091425320792388
-0.34226240340658937
0.06901088118650137
-0.2631700293383618
4.68923206249858
-0.633089325428342
0.17020220092543636
-0.10895761407464394
0.14530456823055626
-0.020165199060096582
15.871482624788484
-0.8036926634000753
0.29116159806628766
0.23876690052875144
0.09830555168773578
-0.11834541040481389
209.8913836187022
9.024348614368554
3.44108437449838
-2.0530657105968158
-0.7328049736168961
-0.08850530541809397
-83.57361510585497
-0.1929878157825206
-0.9339390195281553
0.2351908525962484
-0.15233193941442444
-0.04310222681327474
10.212889406316467
0.7258984536914048
0.2850578754557965
-0.009794790428349047
0.22875529508585435
-0.06390695268676701
-38.5918422148943
1.647205205666337
-2.218721599446845
0.23648618982976327
-1.6206850401955364
-0.2862488690692427
-14.402079622353726
0.1659094557883887
0.25503271435556496
0.2922474395931922
-0.13226392455688188
0.01134782768304177
-6.662337198010331
1.0114213789952264
-0.14949916338697983
-0.04176148750844432
0.15645559352096353
0.07283222419476544
30.287050797638738
0.9516436951919903
-0.08834265053110495
-0.13143004303718614
-0.08386726007082676
0.028252694308489458
4.473748272983242
0.04599549927623155
0.04785119629531197
-0.03356145185969831
0.01386014690226711
0.01121790871670437
-5.10169810080429
0.15022967686085317
-0.026186606055964335
0.00403488610093842
-0.013997337765726323
-0.01997714954363209
6300.311364202487
-206.5635424103271
-23.443777251540652
-26.459342943829945
10.049295062230037
1.6724587085555904
-70.10870762976646
5.675626839828962
0.49694779174804665
-0.6479294116840741
0.1969364032355973
0.08108173242316877
36.06276351093538
-5.214857556883501
-2.168683428779605
-0.39930419607229606
-0.022028398733454333
-0.04108006923740712
-2.9176929796520086
1.6033942784456394
-0.10722619086085781
-0.015880627457659197
-0.13538617279639148
-0.004376926252485055
7.506580629767976
-0.1021546198152387
0.02575628880918451
-0.038689537576623245
0.03677615212487517
0.010506757296274708
12.8771374276808
-0.5407092505473455
0.06395625871725859
0.04799399203142955
-0.10485937495942084
-0.02605790733149415
109.07208988286885
2.2131677214110526
3.486298118063608
0.28760845332035345
0.2318148161052684
0.09495920057122367
9.953448980086494
-0.11151778927605956
0.05024405183883779
-0.01484043180421977
0.019320462042363158
0.006464479596493209
-2.174076627439103
0.17811795098711433
0.05418036530820768
-0.023216673713327425
-0.06006738832227817
-0.004417730102939259
63.20078056431591
-3.3004493201197778
-0.03091106486443247
0.20233121311465335
-0.0717820873517752
-0.057775098262926164
25.69481173232245
-0.24817365288398047
0.3762294615868682
0.016308204753070536
0.03354587135850582
0.014003602237863544
0.3695057810939742
0.747607127010033
0.46740710656839635
0.12782927115054188
-0.06160714456146603
-0.014772119646401745
-2.096206199985126
0.2584769685217268
0.4862327186802966
-0.04242431189503553
0.11312000981409685
0.037732728423583634
0.42264758471342007
0.0436174003524883
0.024276278427982103
0.00998862325790144
0.005757382167188836
-0.002193606282547606
2.279245535900071
-0.06180455495354872
0.05986773457755845
0.017121573212703127
-0.00642782617260806
-0.002382453184102163
706.7543464669011
-20.936893757139465
5.266261553282027
2.9604153306349397
-0.6164043908003377
-0.1355357658373633
-38.74019023700609
-0.9388272817606327
-1.838805163970089
-0.6969687016356299
0.16135484554374083
0.013927424569957478
-14.748010945549074
2.216563758883147
0.9788082844917725
0.2368798794993775
-0.052586775605534826
0.009342192400083328
-7.500048712504089
-0.6774361379939726
-0.21409998640526534
0.03170066573896714
0.026411964516416166
0.008632907691508172
4.3897484270626865
-0.4238464338130262
-0.1208968879767899
0.0022837678762624453
-0.006264418619585539
-0.0046081377094708935
0.8672254501006423
-0.0021288775288841036
0.04568334010825766
0.03700040420062442
-0.0033213610510765767
-0.0016540862932650988
-105.76391003568996
2.6413075990010597
-0.26541241787365594
0.20364618253346306
-0.10249506969452894
-0.016702765224024443
-39.18608533168279
0.05919530155806714
-1.2881879638560174
-0.5903588865308258
0.14730513242278623
0.019214471315179373
-1.4071196835841737
0.05955583681264164
-0.00507477383379777
-0.015107918136111871
0.013081180135889102
0.0015832015183702896
111.60576520527735
-4.921611153091898
-0.5175651236965844
-0.05731557435214156
0.021808131361330703
-0.006473772689502746
-5.190390548017295
0.2860970570336569
0.010100449051838828
-0.02031714051278344
0.0021999704314670378
0.0012821879865437084
-1.5430974706485747
0.19371229531027315
0.06670674999765215
0.011895349103243408
-0.0031061752928030874
0.000616650517911841
-55985.37636859039
-4005.8169895835113
1152.0714793293762
-1607.3519740160411
-1678.3998864070145
-500.68192484192707
5556.742947787995
712.0336949342026
175.19386650237232
-216.03165047748527
-64.03474357222949
-209.7358422617707
68992.59796488924
134.81769066082938
630.6682777042428
99.71418327422242
-360.57996268931026
-301.91058889427404
1.6035087326108671e6
49233.49007905418
2013.5264417822684
-13382.655817431263
-8353.181550552395
-14.802723735045575
-152834.41745113122
-3369.8283372695955
-1101.8054472979195
1049.0008273042051
-673.4842848778784
-648.9642582868103
70776.61819289833
4549.304623909985
-1635.5752563300998
-1666.8948342968488
-654.529943977962
-768.4988553509434
204422.06947964992
8759.867502639272
-709.0845404415782
-2370.580977522605
-1079.8424249296183
-240.30640870037996
105554.935766537
-2390.9280334345513
397.87968412498446
-897.0129453676207
15.301256018766884
-209.5413312362251
74410.36070726854
22.374296509238157
-195.3687976438345
503.7445267213793
-1313.2757312369345
-398.03493126588467
40089.99472016738
7854.03665057622
-8760.114224505687
1136.971579751068
-2999.2517657066333
-372.5161716270672
-38551.22884481415
-1208.8002074915703
-1183.4978909640602
-53.1597965481856
-285.4684638038208
-188.36882476055268
-75092.94732827973
2888.9452634566974
-1232.630222238475
-689.2077045610598
-18.56188033461416
130.8331335538457
299846.3937251246
4566.120227839284
7461.231695504155
2596.526881214478
-53.38560504409754
106.36181363559595
-86981.29266570801
3229.61688299632
-3238.4065881712477
-2484.6329891046316
608.665572694347
62.09522614032878
-37151.49668017544
4041.6011546786945
3010.3015631056905
1372.8817542276006
-617.947864153303
-65.33084253997323
524.7645828915363
12.652164853661047
-3.479695157356819
-2.5592755213193827
-2.5914451928755797
-0.18430707928506793
-29.33148184248598
0.15588427634996505
0.11362032948211556
0.2029999658038476
0.3138498854460636
0.5297328801313277
28.47479676139946
-0.2695149511819029
0.7633866140345974
0.7029128040118224
-0.7195080644522418
-0.07024077005026447
-0.7000114446058471
27.77182462415913
19.397605567758557
-9.876429994848609
1.1021904617191918
-1.1447909480505742
-195.68298777296633
0.3275578722568192
-3.4465810804742762
1.9523249284550186
-0.695542746364906
0.8289910125807909
38.833748279634015
-5.193433883476577
2.0666116164755826
2.175007678609101
0.3092651379255187
-0.10865124500469536
-348.518361354252
-22.544493881555034
-1.6578593864938207
-1.3149339568491205
-3.1435093100596063
-1.9193350580486732
-10.343777066055022
-4.869811066921661
-1.9101704801128105
0.5640973033730569
0.04816270336177781
0.6006141151190895
-75.63272324091088
2.6919448784723623
-0.02170766278016097
-0.05879802410445242
2.1372102569523403
0.29275263661827994
-834.4665585135788
-20.511686765747346
-11.048420810969954
-3.2322413854562244
-2.411325587800808
-1.3991782214343662
70.61374942924586
-0.6206763096729946
0.9120596821663517
-1.0199170129725412
1.0059717135977542
0.5027936285516269
100.94072982401326
-0.7593982510815626
1.4329675227526921
0.5246696646687973
0.09401600004520726
-0.6243594390000278
-709.924253117926
49.84247587601511
13.647579146435774
6.093047870349757
-5.790838163966651
-1.5693055566758836
-185.50854810197052
4.510411764549812
-1.5906167122938537
-1.865466126218322
0.6651572388927934
0.2862647923842939
164.1304418905776
1.8842033702726744
4.345164288199831
1.7442366934105216
0.07021225611650683
-0.021596447865647805
44.227461455419686
1.3913077718151612
-0.9462871830789668
0.6332921208076248
0.21110983807456074
0.16219797011057357
-16.364902113882312
0.01918164012622805
0.016146918772112988
0.03144538698669969
-0.05141809407584345
-0.051570336101448955
-6.739738198208707
-0.07029025959941163
0.08952124568594498
0.22272580845729892
0.1074867975749519
0.021834198129789373
-3.7515036597342295
0.13854444558669132
-1.810223980690442
3.5314215583053783
1.1998161532270242
0.4669731476068057
64.32979279635315
-0.07414674890436232
0.7433553642802159
-0.6366407224412434
0.2307874861059909
-0.010745399463201372
16.13473494983459
-2.6404846405193343
0.127649554695523
0.8174234781641417
-0.1199315049805682
0.09706989563139061
341.69316159758705
5.597992817117498
-2.614856064258542
0.051589972176922454
-0.8840532185737021
0.46087281501643745
21.95966443480399
-0.5702304682878652
-0.05962077656710755
-0.11985851725718309
0.12895952149419904
-0.04931297222110379
-13.075260390166001
0.3091326897114271
0.4190216441879527
0.03153505692240897
-0.26115574737501956
-0.09554752887397801
-275.63933817860396
-3.571702667931081
-2.4479431703894607
1.0302143009584095
1.072524240478709
0.22537151369005118
12.117049490969881
-0.06115345009060497
-0.17107485960370625
-0.07752942492036836
-0.013035637147852401
-0.028031962621536642
20.05357399258501
-0.9573813919679829
0.4436193139227917
0.3568305993087666
-0.21997585860256924
0.028833775734339054
-538.2337113017169
1.1358161147739854
0.5308915995241157
5.219007340981717
-1.1653186201435353
-0.15215999916841946
-3.956764421188822
-0.32526320950377835
-0.33738770176389415
0.06193776911873946
-0.018343502971627682
-0.007482273718188995
-36.184118919155225
1.6246978235770753
-0.3308732996345519
-0.4471215819271639
0.06552754902761337
0.01573371940860783
17.502011878278704
1.196117918275359
0.18641780876798647
-0.24967569957869304
-0.08440365611766378
-0.0025480218111942174
-12.08186295898544
0.029630297686041418
-0.16632125351762445
0.09620741836698173
-0.05842299455158919
-0.029475897278509248
5.2642260854976675
-0.007006085446655682
0.1939884338395443
0.047512996235525115
-0.04229688226951663
0.01329475318815136
363.52140958170884
1.1776692260713688
6.7852555328092405
-1.2255576580797698
0.9195498661162582
0.2658632244716231
-74.97072051277758
3.60765394809056
0.4966439970540775
0.3068956324906999
-0.14632624915244902
-0.025901971712846056
-5.888090282142341
-0.9877506009449586
-0.7936387277221973
-0.3613560637328742
0.07912437227048207
0.0071170124341227705
150.8242278003382
-3.848619350529666
2.192082237247675
-0.34095320292443204
0.7194493820153355
0.0909239315341164
-7.0369559831937245
0.5718103716783213
0.16242686756458924
0.04007755850713493
-0.03515628350915411
-0.00827707904092972
-5.291557889919158
1.2572615527458704
0.5771861472133231
0.14431420238957107
-0.02833396358658956
0.04122648464530692
-446.92216574620846
24.258962919562265
-2.438693849724922
-3.906311393490888
0.8354477405713655
0.2946259570868309
-35.974595073637985
1.8505342148818882
0.06685253507045137
-0.1297437300298743
0.02550150865217273
0.005658099711420853
-5.169117622126422
-0.42636299226830054
-0.3395568120844694
-0.12534749882747281
0.07318853078928181
0.01282289312205229
-588.0760442250511
28.282606590303395
4.1361326195840045
1.4194229367119553
-0.6050927710152747
-0.011515574772305859
27.36686006493122
-0.838962297712427
0.6462029293736675
0.49703199475127796
-0.14911786489981302
-0.038495386753822976
-16.349097305381857
1.0977452660405578
0.20302564735121645
-0.029306839762706233
0.008658610952079916
0.01671386279581484
-27.949189889235605
0.8685171777625706
0.4153121764783989
-0.034812098180845324
0.17261511311249447
0.03670543298147962
4.74628279529929
-0.21585517599757476
-0.05523311144471525
-0.041332187953800226
0.016163948152664382
0.005010777390354033
0.4868004611710578
-0.04021297392565829
-0.041914287406307926
-0.010162264940494329
0.0030031271897237397
0.0024382096191081183
-123.08552062664573
4.434535366536206
-0.5611740229789616
-0.15517298855194048
-0.05368277082724709
0.01772214914924672
5.640930983826146
-0.47350019707946667
0.025037101420148467
0.10829197496104001
-0.03622337178118852
-0.009912070409661786
1.2820503748741188
0.2783239625769193
0.23429885862696867
0.10911122542440917
-0.030415890859625178
-0.0027834806231562177
-62.90691120504188
0.9083549710808329
-0.22878094991535775
0.19139741348104147
-0.02205306849749099
-0.00029199932267112466
1.6809095996468977
-0.398606996950816
-0.18781870991072874
-0.0403510040852831
0.010498584788793036
-0.0013495933514583289
4.196969553065268
0.5594501972468164
0.5370024680185972
0.21023382765001875
-0.06588644216310961
-0.0076575075708633904
116.59405293865127
-8.49910603879194
-0.534651047077747
0.9304360460122094
-0.23631505892571741
-0.09067098228964666
40.00483021990231
-1.3886276425890618
0.4494992158699024
0.34736741671166155
-0.08748137578850129
-0.017391921438077763
-13.81866718771634
1.468587895976978
0.43084505832186676
0.04431259589243385
-0.014680365082366472
0.007010168220168633
-699.4976424789231
22.469841766850198
-0.8995110724624316
-0.2721874776295402
0.009361750806259651
0.03582436831299955
-4.324699546777771
0.10039005042526994
-0.11429155654818131
-0.07887586392513392
0.023648803378301053
0.004757613559233088
6.010290073028369
0.07017008854403649
0.2777978260711186
0.13371715453770602
-0.03854711859821881
-0.004910659894288212
