-3111.4211900580763
-1553.1212422005165
-7.053658719323321
-36.564553983935376
-48.39221917510641
10.52508160166337
-31.149852816620026
13.898415513123059
-114.50814280529362
-361.75335585739447
-202.52908307806018
-27.19122253921234
5.019450032847433
-46.44018952853934
31.890216115576894
37.828531247849476
-9.548681163634333
-48.22894976606141
-181.7833230693172
18.599567271003956
1.0421216195299725
-34.33002371458344
3.442682380846498
7.231437134731755
40.79531784968214
9.107761473120355
70.94699643926042
50.38657645299276
99.71062156971733
5.588315888509942
-284.47983367437206
10.349298606496518
-1702.8752315677705
117.00820540995527
166.09615663874877
-29.78020763872933
305.17466951701556
-19.882147792756612
-38.04564074082186
-32.594237694272586
-21.297298749573578
-11.723639053618538
-32.42093948248715
28.288450772843536
306.03958648228235
-70.5654542150835
-47.17553013626836
-6.281439830299035
90.85857969642417
6.783398773106224
-6012.059028844164
880.881552395068
-63.99810595115165
19.769667332344227
144.65974913515245
-53.14395068615067
826.1651602513309
-131.80906304863012
3.3938683332828092
-7.770698889286645
-32.38655527624475
17.64300918713871
186.0543188411716
18.90427881363622
97.72856599218439
-12.054793003680992
-22.566250935732235
-4.596064542644981
53.87797320683635
-66.67078489631069
47.342715435750414
-43.18573279514766
-59.08022582090075
62.58111022746741
-133.54092501024985
36.6708718888482
-54.921698484531625
-33.41790882859554
-83.41674830546327
57.34215203669956
162.60861046045724
-29.319087374811524
-181.7575805621309
21.69115230032669
-24.18980988295958
7.574764118730495
-1580.1108856405826
256.3438720587779
-30.336893281710108
7.17593948303352
42.129294827157196
-19.341345925238794
903.3496520787423
-177.54661731259148
112.87110203667908
60.040377364223254
129.15261894101022
-97.75229784180058
-179.15252623856838
-8.79758026927613
8.327451092430936
1.1542925604434284
-9.559898541996239
3.896519182055756
-401.42898823909076
64.06597921263898
-8.76600529445424
1.365508850327118
10.076573894929343
-3.790704181862662
2.694845210380333
1.891410955230208
-5.469968407511054
0.34243497810305457
-7.238039985084425
1.1978724018278717
103.60685223188413
0.21722384306452605
-3.4975240317484038
-0.43494044156204653
3.38979212571981
-1.6688715660184723
-42.67453841025936
-3.006917694833143
5.38338007469634
0.6204798106561423
16.77943118093446
-2.4704438383152203
125.59212620249745
-15.527692771375726
-1.6562438473945749
0.06570293357795177
-4.297212752730469
0.764059116178479
