-3112.5372897621746
-1555.4092906707788
16.329477020427223
-18.528510380186134
-57.247313907248355
9.510683305999848
-26.674900042994594
10.872476954928585
-225.43689092038105
-129.77495348055774
-122.74613855813998
37.95181025592252
16.117063226153626
-25.653413760541028
26.89725455393658
18.632535022365545
5.530233916828736
-68.22874486520958
-106.85308091038446
-14.831039396986233
-10.948503109358853
-21.333258263910928
-0.7025066514068308
12.087331817407053
21.654337377582745
5.089196084887894
-1208.8772341071592
164.21939352952822
136.96647840739809
-14.845464777050234
-110.38181898060664
9.867295977063346
-1344.0718392029873
190.9972950254153
-42.35788311408333
10.981909156899565
157.29769052612005
-32.59471777885064
-1285.3562820384736
65.46102728716005
73.59632174223673
-32.107255352701415
-20.764568067369805
45.96707291613199
290.2676967559017
-59.0088925429001
-34.85596656054249
0.3256716723190082
32.40329770650064
4.4929343926079515
1769.452417054726
-334.0474907846149
88.94450910652498
-31.227608864084875
-123.67272115510625
60.01519406973746
360.93106348869355
-80.1309474448094
17.51604409886083
-8.016650310102433
-12.911167885329649
14.58103902307718
1158.1878474258763
-150.5726407663727
74.31524717514277
-2.9787960354381315
24.345878176260417
-10.554375895285759
-255.81378635270218
49.65578823298224
-38.8243971779109
-7.330537231103817
24.50453627141511
8.410423024040552
-1727.1045642359502
300.8995205301443
-123.61082131950734
-6.0836632091242855
-9.77426675965666
13.924118197183414
-2123.0109965695046
289.8578853635871
-120.07503075072654
1.7813653301836563
-72.2736166218933
23.008057460401456
-1002.1190119176534
189.84485577319765
-35.75671495441096
5.439147759894229
35.37295691546481
-16.986428198608444
3888.465391611005
-678.1803175949409
251.9928470887186
7.085613431724799
-0.7548451942275888
-15.839262552980005
-92.79717822957842
4.099470802567644
1.1528257587186943
-0.19260219769485282
-3.5434363204283947
1.7100082629671818
-158.1902560776724
26.94926320654068
-0.6671476326104361
-1.743725862026766
-1.450351224010571
1.168654735178317
12.593538058376271
2.540196595297985
-3.3420156446430016
0.06756877489355599
-4.935762124074978
0.44441396801535876
92.43750944962686
-5.945918235112386
-3.070868769068598
0.01149261546862342
-0.3895470200096379
-0.4559849507401552
113.72287296044047
-20.94803475152226
2.3069662122266332
-0.9888340636548841
3.418604384857606
1.430885512915952
83.80140282314177
-6.634741684721672
-5.751135778197316
0.8770605818246199
-1.9193877805772135
-0.5532829658700439
