-3123.0598504660898
-1561.1431215299199
0.09608445656155397
-0.1893408377815859
-0.316956606039806
0.37612172925950715
-0.0835665350483518
-0.04128437151458393
-0.17551830993917616
0.00944057133729768
0.5719690232872322
0.3180774292334745
-0.28444545460370735
0.3023461689940549
-0.0007942043703062101
0.013557062874023825
0.8024311572868625
0.014856325025513756
-0.1323117455469056
0.010897970190297979
0.08528311479986905
-0.07371921182644199
-0.0722069255077137
0.4497938474457516
0.10377493409604599
0.054742643378980035
0.21170275099867905
0.12931902356807232
0.011715097999100995
-0.04043709195891454
0.04618575954092147
-0.005554566624496972
-0.035589062034085704
0.22779683640294549
0.26402956383821824
0.101927152649494
1.1757250294695472
0.3903340350157941
0.7589250053639152
0.14529085159999436
0.24150802491432752
0.6604573705180143
0.44136741497494153
0.4504246620352417
0.11765155593246712
0.11567486369672976
0.20828229193283385
0.2562502231594653
0.35894657304605576
0.21490072048239486
0.06794025565985518
0.005316204986732285
0.030324224881180216
-0.0899344041860865
0.12405730367034816
0.19671925118841577
-0.023283724270776185
-0.055434978326666155
-0.0076724952810052205
0.015145281130845251
-0.0527196286643338
-0.04123804472152684
