-3123.8047895628906
-1561.739242005527
0.0445960510223132
0.009416369350710534
0.12076491584944091
0.16298925791129892
0.8301884417152517
0.1281855304290268
-0.10947881816760106
0.010673548279434909
0.5099397167871945
0.36283891139436886
-0.2676923978055159
0.09502160221967063
-0.11958113303720265
-0.006031890066891753
0.32321058450653284
0.06374835796912531
-0.08693384701847162
0.08083756764980049
0.03146957693222545
-0.05823837459773664
-0.0037678317615694925
0.01432369815220291
-0.06504614318363677
-0.08507401898541248
0.0918652992619554
0.08170958132902441
0.015983679567753817
-0.004552502444045528
0.032015297945264864
0.023042618202536787
-0.039556733532814144
-0.10435372374810765
0.291577654930816
0.10899425236788149
0.20522783581333515
0.29168058860362933
0.5603115027030549
0.14273483366490994
0.23649900181585393
0.5261968169533864
0.4803279223701194
0.3452871033148959
0.018521782606236284
0.0638988653206563
-0.0809063591767102
0.13386140154925755
0.20774445018244325
0.26527816690167266
0.06812278634694824
0.0009593322777605396
0.045017126693173044
0.17630555928040606
0.09323279634430442
0.0014191053672734336
-0.0007674342478531507
-0.03179727731545952
0.010323091290388244
-0.006429378068698031
0.007736721982394534
0.02190565766164376
