-3129.584795704082
-1565.0927525057825
0.006863198501917341
-0.034017635625041204
-0.05885663365287217
0.02082510484794827
-0.0020693255808290484
0.19542392916205967
0.06198228395305508
0.020494069081008648
0.2502964995335065
0.1624030295447615
0.08998711436511911
0.047133360322934435
-0.03840644164889623
-0.00013166444378071894
0.2469511735828344
0.097261629723739
0.10002669640867912
0.010764021021862646
-0.031817203797718234
-0.0003962354404011473
-0.03501790868111251
-0.0091415562194958
0.012971100395344895
0.19120902527277772
0.03151087919805654
0.06951204327541399
-0.04021933225478598
-0.01734479670628089
0.013594461894769793
0.0008169445313652338
0.020870241578556752
-0.007804159121899095
0.016311248072728875
0.04514814883759649
-0.014493464222580599
0.038115899833198116
-0.00931225597772442
-0.011986684176717171
0.025857616727574705
0.03335967464704961
0.010668303375500744
-0.010744946525586333
0.011610983724362095
-0.003258934814995151
-0.001940446441358469
-0.00705637182450767
0.02727681524177941
-0.010414935636628242
-0.01433895603493428
-0.020756452978279126
0.004366817343665032
0.01294882046113659
0.001760881223440121
0.0037408530944949858
-0.002202879972921539
-0.003901499721800345
0.002193231040415694
-0.3385741762577565
0.02345464900028987
-0.40149220979500533
0.03870172326607969
0.1285618256689621
0.015483618223909491
-0.15179050425015816
0.1695523639995117
0.3574079937946264
0.28803446439601765
0.13713790920050223
0.019040833682105875
0.009590459893987642
0.04012407699091382
0.1379223261970545
0.25747479488686353
0.020867909593470246
0.07279387906125578
0.04028364778564161
0.0019764041679201814
0.009296949388182166
0.010237937739563491
0.01324164577759306
0.051767369282752676
0.08928342018162447
0.00784428826999495
0.09320567429781683
-0.022957996248797893
0.028967251354581548
-0.012163491456416748
0.006590136372524591
0.10978734274705851
0.020146866692937665
0.033539439322151775
0.037535940279447656
0.02551671009968201
0.013129992587943215
0.021338790217176006
-0.004883603210107103
-0.007810506369391627
0.002547287267607139
0.03656996161438195
-0.00963492424232288
0.020743522360855835
0.01448611530079681
0.023932282373755047
-0.0011455521281252162
0.015123938737383599
-0.0005324937601850029
-0.007885168756579944
0.006380532043014525
-0.01515398397175986
0.00018705570061150026
