-3122.072947282447
-1560.9490228977497
0.05401926821166266
-0.17841930676377923
-0.3524805546339596
0.2969408131361985
0.19225998424277482
0.13225659038413828
-0.1711099994343392
0.030155482629606864
0.20232138805082195
0.2067721427491802
0.03003070204790367
0.0011921779669803352
-0.05592279156182805
0.0835356311031808
0.5359323787768704
0.09855554808851782
-0.22981640059133193
0.3955764097129192
-0.0934623240416614
-0.010026052962464043
-0.01030317542983405
-0.030172094112560114
-0.017424860584516345
0.19113860750848957
0.1013502366280111
-0.12609293235702598
-0.006844475465199126
-0.027329129224894368
0.15725435827542547
0.0004163648661584175
0.030335201508153047
-0.03766571586053288
0.01542933318819781
0.23027209685679512
0.007266133796135113
0.007070448811807682
0.09376873608594104
0.008785857798900086
0.028224545318444642
0.17054544338617617
0.009958853814083483
0.08837010456717798
-0.02405950578982437
0.20683209978749445
0.0013859125354319835
0.11552020066467655
0.04052789654191092
0.0042102817687687056
0.10836849733437516
0.005504147371454668
-0.007417210141794376
0.0014916714478770759
-0.027291703215410933
-0.025833164973256693
0.014232137704627173
-0.0172992504712243
0.21733955331907176
0.5708064161382007
0.07036252352909386
1.3612558492388884
0.526551182868135
0.7978031581580548
0.12057538726949057
0.2862011967632027
0.8579063372911161
0.6235482822783099
0.4045827890583428
0.13459925431829883
-6.304492466864629e-5
0.08340967376444998
0.277578056555242
0.37335778118179463
0.31348779307739943
0.13980109678856384
0.0964866237014996
0.1255587804547668
0.07964727561131439
0.08306225503459767
-0.04286241234003798
0.07074470740162819
0.04805548881475672
0.060235558060983685
0.08058840628502204
-0.015851502370467646
0.028503230035905117
-0.04893521631515653
-0.017727816553330843
-0.010904404214001531
0.0028299233957959674
-0.06115908558992236
0.03357265998707684
-0.023705063162812325
0.0061420606765299505
0.05343269678227677
-0.0545793040084482
0.01031976950673767
0.013906780321726181
0.03071404081244808
-0.0011073122477935208
-0.09567910909452951
-0.02680633419759573
-0.027903840306203336
0.0009365033587369162
-0.0025762448584966875
-0.005931959093448669
-0.01355765096788148
-0.051038362952324626
-0.016632164790452736
-0.020829835638545915
-0.006602140890908319
