-3120.7493619829465
-1560.246446900908
0.021679690290047005
-0.15722478482103713
0.6776620137470402
0.1882922329743873
0.5146250601321104
-0.4143553009807916
-0.08504141772441413
0.09200229978137034
0.30181873183070257
-0.5095370863881794
-0.07891747881192966
0.03959499153424603
-0.19134566432070393
-0.03441234783986745
-0.015805814622796482
-0.054985044604164784
0.9180182024460515
0.29533158410335475
0.6966118177603257
0.4158806471655633
0.3190532994887143
0.14119999740459221
0.28001935210297374
0.3675957817495223
0.1105865426433477
0.0836141885994573
0.14349239429538158
0.0028518964909175376
