-3122.3048188948005
-1560.9467035136202
0.03480607979294091
-0.03643247139514219
-0.12794711649015142
0.15815087305429548
0.40284273029950324
0.08563913580466817
-0.022328831492484002
0.0493214172802974
0.24187036924165847
0.19339282244822723
0.05129905479068954
0.10289028922995629
-0.08223181608851976
0.038098574879714575
0.454390958858014
0.02415434445336004
-0.08189978696474301
0.3211022449080308
-0.051152086492419147
0.027049564334306258
0.06228533931298507
-0.03501958975317794
-0.00265995211436303
0.22138083768563385
0.016512900296510702
0.005200878926806088
0.06948315346989002
-0.059091494185911746
0.13150835587508422
0.06961552887787402
-0.08341158053169834
0.07608971028119232
-0.003701878148241627
-0.023511756265542288
-0.01605530036114145
0.19807484211527615
-0.028549557945533283
0.10203177398868211
0.09526653369954952
0.01779953931721546
0.09397262921010756
0.05702444536135211
-0.0008809777628791437
0.20617124336263704
0.07217279279206228
0.04369799142952707
0.07012745336245774
0.03202235918924371
0.0025262838848872406
0.07965335160682425
0.04686414126147147
0.09117332862491223
0.1308946788880569
-0.028121845860642453
0.019716148690908285
0.055686770337386844
0.05090739153243626
0.013308973233783692
0.04478338700947879
0.0475578338672389
0.003143243482171414
0.00973292396181744
-0.00633260942713008
-0.060835734362984374
0.016535855201566522
0.06443841822990161
0.02647831226273607
-0.018928168688953063
0.034873760030434325
0.03449863610633549
0.0361176149433666
-0.007278071771679226
0.00980400379457211
0.02005476307580837
0.008629392573076598
0.0011448261091582769
0.024273409708171143
0.010827729260600818
0.06399899130682155
0.0006242953231332977
0.009737228476614198
-0.0031501192591355384
-0.032801430031224245
0.012724365129439455
-0.012806281907620941
0.0011641045522494868
-0.007501794944588968
0.021348884392569364
-0.004031296008099001
-0.0015841345864483951
-0.002546709255133274
-0.017140027494971212
-0.024744854996727184
-0.01723705154826893
-0.018449644846537827
0.19864671418552823
0.20339043335016005
0.4077273820951988
-0.007128060309845009
-0.11947442289512246
0.15117720849905464
0.16303648981392938
0.18159115552315414
0.0197364946011952
0.02092548846122654
-0.05974814715340017
0.043291766486143704
0.326501669359122
0.24943725480333648
-0.012107219255897403
0.053403956888089264
0.047631589385265835
0.019723067846446098
0.057081651701616304
0.10677160747716993
-0.02942864757348046
0.13483295298589423
0.17453377413071136
0.11961658893855343
0.006196174700388743
-0.026304547881486024
-0.0016614151564662923
0.007405015675965471
-0.02320513516535095
-0.006187988732992458
0.012972187518246059
0.07604552144028265
-0.07906510884059559
0.16821698561791482
0.033606166602223465
0.04718757227777044
0.0006650845025923085
-0.05360539665822735
0.004683578963631699
-0.08029251278945129
-0.09173247477519443
0.009006693692312414
-0.04434529042004986
-0.04780368657793272
0.03756847527857585
0.22398713582724783
-0.04084179949348915
0.13075424228169932
0.12136124232465378
0.07686877897284698
-0.008662649950078712
0.04774381540844885
-0.08229548932179367
-0.0020845400261766496
-0.04441655357596545
-0.036492574369803736
-0.10435516261552322
-0.03730818917350782
0.01342688858734531
0.11602170613983359
0.05719061435557235
0.09200763741048167
0.10230923605294556
-0.016527737296699433
0.03497426451719204
-0.07770877021239621
-0.04809466163287435
-0.052767587245816476
-0.12921516802904104
-0.02784418418501451
-0.03743715972435593
0.013957513166072502
0.05531712466473463
0.038753021342056305
0.05874799478570425
0.010892031954033224
-0.005909475981640907
-0.016214621911769037
-0.06065425410660691
-0.05600356696499661
-0.03867674118176165
-0.002015421311233446
0.03883888659142615
0.020395897589314718
0.012051790618350712
-0.019148000172565512
-0.01322492427569775
