-3121.058741892292
-1560.4167887432536
0.019712041728866106
-0.23578541891410745
0.4963262932492783
0.5278620623688718
0.6867668778555064
-0.5533832812318097
-0.14820814818731995
0.44685623981178035
0.21439198458001016
-1.1881564860576805
-0.27096076456309487
0.0368613479695558
-0.3256287192257378
0.10681918363545535
-0.09849712495150108
-0.4019827408391478
0.7964120285688723
0.19354161638037784
1.0486056779679418
0.6548439367662733
0.07540998268827258
0.2093462198588579
0.6790162333710953
0.44199694676572443
-0.0781101692781494
0.1583770063504966
0.12594756794483672
-0.03764902133889527
