-3126.620815630791
-1563.0080185042405
0.009081843234867213
-0.025454896300272853
0.09562015890007237
-0.030287134675664466
0.0967578852561331
0.2087100551065464
0.09141359789551685
0.02069118292892641
0.17020782769946177
0.1774006267305606
0.1047466106623424
0.05127487988911528
-0.004564475015166704
0.0006295833748063035
0.17626099513829024
0.08180421230787203
0.09715055587194675
0.0605046132330446
0.013648527647854476
0.026360899562076785
0.017821882870241983
-0.007963034452838705
0.008749439626937687
0.1410298095691653
0.02123803759661697
0.1114036359960638
0.03495477888744138
-0.007925299914648477
0.05868772262243349
0.07776487641110409
0.002164234483149554
0.024987850581606744
0.025339140265259224
-0.010369260073057553
0.007921265728588516
0.08902036086636572
0.021777107781014448
0.10166332235066973
0.06083893398453377
0.007909809465256068
0.03297399464936967
0.07073082980706372
0.007575139160463412
0.07458516184284693
0.04302744516385059
0.0029479824502987493
0.010479200919149627
0.008993348807059608
0.004408835153635883
0.025263934987247025
0.04217096441419771
0.07837378568084863
0.05633019756978974
-0.005717088245785399
0.02460651252754427
0.04374546594727758
0.015369521073245788
0.010183596441567569
0.008277511886453672
0.0030311070392144827
-0.012765778833137205
0.00036712931035061625
0.0019004958379763776
0.015393945467250196
0.03634793544999377
0.027937768159128483
0.03702900671325618
0.003937087585883385
0.010962151323800247
0.027818643361267683
0.002326795268059231
-0.01061500055832781
-0.0064599301449532595
-0.0005317329673890692
0.00045159569265126366
-0.002967610555596368
0.015105100930673148
0.030245289314797242
0.01759909899819436
0.0006687212891694985
0.008743242383663278
-0.004199697157291602
9.18625403664484e-5
0.0008397168639447492
-0.00015393852997576092
0.0003559190751045986
0.007643128991099837
0.010458656921346008
0.0009227668059653381
-0.004777287380221614
0.00017695285494522518
-0.005209500862136205
0.006431347946790947
-0.2574808616767121
0.025526597166772476
-0.20447073336376048
0.011002390888581693
0.11437814718047697
0.036751116895481634
-0.051953533644646895
0.0893565717006072
0.3308525854368831
0.128081988364949
0.1296291254896097
0.023863991487027128
0.013941873221555524
-0.002949561630626271
0.12700853751142807
0.10195147616679502
0.06880166142518153
0.03040224393984382
0.012799038767394055
0.017696571661684476
0.016585330280806564
0.01306929369935265
-0.0012686764457797465
0.044376062746138145
-0.0198123056179671
0.015939220307032948
0.04454459527712041
-0.07277176831209677
0.017506758246025524
-0.0003046935116731151
-0.038836128068613515
0.009454712029486384
0.013774662459762419
0.05966809078877007
0.008868815757006264
0.01534933119524452
-0.003245574503187524
0.013129560267448975
-0.00307666745567918
-0.003046927359932812
0.008550124200700311
-0.01721003622933582
-0.014530736704302343
-0.02417532814936114
-0.0182931885846826
0.008694581533993379
0.00604183974557587
0.04094297953824829
0.0034860104638850475
0.02976781169484258
-0.004287629186817087
-0.00034602551193728734
0.0032035579023314935
-0.0025061745314672364
0.010960646567488694
-0.003578066624329781
-0.04457615807620809
-0.01739564940878023
-0.013376362637026941
-0.0010890174633974557
0.0010298053479744012
0.021131636012417816
0.002129253457358792
-0.021522682747073463
-0.002704509826155383
-0.012202814299402858
-0.0020876878395591635
-0.009382601045845994
-0.039633893225085606
-0.010379012218426447
-0.022099571395692866
0.0013134599364227212
0.0023833480353104984
0.00023663723082136323
0.015181402174881174
0.007853327671786382
-0.007415240795966709
-0.005645078629771941
-0.00018927139528438885
-0.01994689997168135
-0.013642410486149567
-0.0011437054499564444
-0.000925043194886338
-0.0024839729659781986
-0.005182503725427458
-0.003985123187156301
-0.003414632296598909
0.004136093258918531
0.0027108044541603884
