-0.9075512897520727
208.11381689208827
86.03475304026003
207.73912842507275
86.04428425958687
19.287534938584013
-22.500413956548996
-13.577567062873182
-1.9824293462265774
0.7253381219463158
0.30228233502664764
822.3209245083951
420.39025389960557
55.43524099294199
-69.61920863834648
-56.84341046997355
-18.413627071980734
2.0090780207431984
-1359.2125020355177
-1313.730455539176
-161.1700245938162
-1.2260626820316256
-0.09373325323887897
-29.84491823446453
-15.052991971498685
-3.710565792339934
-1.405571567268931
-5.0993090310438
-150.18621759179067
-41.97444241645931
3.2979436458785485
3.0127714470602824
6.211546551502672
-2.04766452675515
-560.9454432860585
-201.47130237781022
329.50830197708035
213.49346302600006
130.99343706037823
13.348320870333396
-1036.4889381351845
-626.9569781517032
-104.67377717308925
-10.766979205090145
36.94462847334007
-26.346635589669564
22.21426394201546
-33.52613092067399
22.117644484101078
-2.0904153384469795
88.29309697703633
-21.483284886380584
77.11700925925292
1.9455966538830376
-7.884235266014795
-4.674141601717594
0.4887142215456869
