-0.9140668619776537
143.77598758485445
9.869810675488162
-16.327388122848852
2.7299914698427212
6.825335339606415
-1.412195010493948
-4.650459325282875
-2.3284548019628333
143.79779323806918
9.833401865911485
-16.324514541601555
2.731866236833068
6.820138587195195
-1.4135465697211884
-4.645168735739213
-2.3377822567563715
-0.8540497149419806
-1131.6014229530015
-261.4888970446996
34.048342914004266
61.090747146816994
-37.86148244243822
1.053116380128852
-0.012740519016625564
-3.020676988191545
5584.621325777104
8030.522337777193
1487.9562706581287
29.756834659585145
-19.89858660797073
381.0285739378161
196.11837595837318
20.593328818969333
28.61645561774147
-3.2256088705070476
3.812883215752196
-8.11628521590453
6.6752377608632205
3.667726474659464
1419.6881862305836
765.2193416392431
55.106056219481765
4.337225615693925
1.9748846947817236
-1.6009172168700476
-2.836149874084034
-1.4185120422526374
31.352289681092657
-2.4351241248602022
-0.6761868164831027
-3655.424717552431
-1725.6292457909137
157.41074678072565
308.7356692303311
-7.233568858336984
-29.183071558447466
0.8743626892882546
19195.046664323243
8976.364527192665
900.4159344152081
45.47317222645318
-551.418194384677
-142.11081568060695
255.21184741799541
42.799219268341766
-13.756659604088664
-96.57663632061421
-24.92235913305469
797.8926196949841
258.6002529613921
-22.333006470966147
-9.661523801928684
1.0358047753748982
-0.4987698732109766
-585.3198877754784
3398.6662103175404
-42.78938816291054
1248.6291062022171
101.02136746688036
-150.90697371438802
-347.379155602345
-119.26715868554025
178.11000760631674
-27.77227121866256
6.270843621902657
-14.979075540704718
-1.3132604913632862
-5.482946006553115
-71.00271756553609
1.3212374565234093
-0.23255697181790658
0.9904372338061722
