-0.4865094488111141
1.0377225461613975
0.853474054419398
1.0342689620356857
0.853421235815879
0.381008063436969
0.2871592585714167
-0.040901678528694814
0.010373989318333299
-20.490304384053328
-21.316512740537895
-6.93900434114214
-1.6787411722363468
0.06233563900999294
1.0686816591269261
1.765941051468958
0.01506548526271319
-1.3138001909826917
-0.5612510388173455
-0.04919674885063015
0.25403106936425673
0.018396803052180583
11.866262204840748
14.988117604311501
4.627800358860241
0.8971873245320618
0.8209064239576747
0.7558819520445197
1.5121037187069006
0.7892082213449811
-0.16377924926228343
-0.02566284703014407
