-0.9645804123820519
-232.33793895806755
-41.47104648623129
22.37497820035375
1.3468841160809386
-11.54673393340694
3.9940744118055456
15.919723944331029
12.125039994031116
4.2495967347365555
0.6258808724619725
323.3986929583722
92.49920216600935
-43.265057840171444
9.048672223897269
-1.559073943333094
6.7890636575008
-19.46982977013437
-8.14178733904347
1.8312333370231084
4904.201491043369
9218.177468331674
9667.6367819773
6464.028032361535
2491.849077869282
601.2653399601561
70.31804832637879
-2445.923485587253
-1816.1680488493123
-361.2317988219281
-32.359205041732366
-51.22722944803916
-14.671966030831534
-4.63774478069557
-1.8221321587925667
1.8494370123400607
-2.0493025253873003
4.759161973861844
-3.994468060786213
-3.0883795271180863
-278.7323526504743
137.44145278831297
377.9417891117916
80.50254029057592
6.5913418366500505
-87.45073234589809
-22.11532301616236
2.1191491451890387
-1.5980324241241333
0.31754604805631303
1.7560594892700268
1.0048663126673116
35.35724570251354
89.10290109362023
10.60040915221928
0.1599316445074514
1.767567957922015
-0.034272711226898026
5.404691778166431
0.2797871566144455
1812.9344053748987
623.4421657953725
-64.28708707635032
-217.87184060464796
110.65194504253971
191.70077258570856
83.5130818936786
25.32095951395346
192953.52902736177
136733.64347719576
56066.76871668588
20204.235336627247
4456.898483397935
448.86318024112643
3302.209382092005
1620.2145090748575
237.00587776995863
47.52757750958728
-118.87021151697301
6.894749533243656
16.23507366428562
0.9513257219875466
13.914863544746344
-13.249675682514665
2137.7434458256553
901.6174662101173
155.90288953965998
11.964469165356277
26.46024851674526
-0.7222937796605111
1.7876482495116348
3.5326167116428953
6.180976657615949
373.5436078061004
116.12556267901508
2.6228091215869176
-1.1760317057652316
1547.2836363732536
25679.52611261575
170.02288020668396
12127.927567219358
-15.336123062312037
3702.8631039772645
840.7284082024697
112.87503799401708
25.224483915760747
1033.2118580440251
-88.62676802510056
1628.0277347862047
-5774.610310000684
-609.2293084448445
4.805916024435299
96.98459454694536
2658.8783835106506
307.02963654740324
-33.50530929705444
-1305.6527930230725
-110.09510170458896
-152.30522602214592
-3.1731800014555676
219.92574448046474
24.484535747162816
19.89507422122716
97.78516972529215
3.848490178941022
0.6294347552759507
1.6795287616381256
-1.939305784856242
2.603543294387032
1117.4004596369412
-743.2682354483601
-71.32290270765627
0.7693591479689844
-0.9856232887194759
0.5319013238223012
-27.589739256003284
-0.5763180040830043
850.552125467242
124.7016925610494
14.1525944628699
-0.16138639137468186
-0.4619409860450821
