-1.0913846382332992
1.9620123638996434
1.2213586249756658
0.4680191599950656
0.13749338068865458
0.11010853478345009
-0.008068557945036223
0.2760419024291871
0.6443460852292657
-1.7388319258407572
-0.1516016583720233
1.869275448720033
-0.04632033134299639
-0.12465699321678714
0.2770328589322006
0.02852925507610325
-0.233058849459692
0.04635819067644628
0.11042638497085829
0.039388315122981965
0.04790131682624116
0.016887929884650685
-0.003082967263083838
0.011105331910257407
-0.0025058799515927195
-0.003766245532358844
-0.0008851494303940924
0.01319616931171956
-0.0020871214590119616
0.017936876021186272
0.0008653096467127235
0.0047048610860882184
