-1.0147037990662187
39.134341936782995
18.386315142788586
5.5967776221669
-3.895411732934406
-3.536889652217559
3.0602129863943053
-1.4919233481804774
-0.17871869809712562
-0.02825058434059163
-0.006371342151544723
3.5767981448752377
-19.05755186189882
-9.203641969625169
-25.932021174629785
-20.645754283854874
-12.38796807246445
-12.38436373208778
-8.192938723457464
-2.3932754735902884
0.9339746047571624
0.8354573119203205
0.04401902540796155
3.8792313733849006
2.0738867469437996
4.733722661624864
4.085146293737656
2.360001975473892
2.0548027418448713
1.3397125019710943
0.4731355506763304
-0.051771232380914085
-0.10315675528505526
0.1463237356975035
-0.4526072449593593
-0.04207995673592414
-0.5336477379438211
-0.5921278629649489
-0.32235255921698647
-0.27814490828237176
-0.1893683044752519
-0.08634460987922844
-0.015122143926739858
0.00800759370897078
-0.3058293834640357
-0.2632184267564571
-0.39315506207782347
-0.19478657019297949
-0.13143615467164024
-0.11715927762153448
-0.05570303784230229
-0.028137073023983602
-0.017583818299538298
-0.009773107985567868
-0.004704639918615651
0.1476351446614163
0.19669801618293553
0.17935122473042586
0.11377194089285858
0.08655283238404296
0.0707529046482318
0.0432066543167366
0.033188374163479695
0.0274927698256413
0.014315477185343426
0.004220352911692416
-0.01666746019455461
-0.017532039725741203
-0.027625936732373013
-0.026877022360272475
-0.03937258043386551
-0.032487693116775095
-0.024421151066111306
-0.026904915699765455
-0.023363121812234593
-0.009772445212103067
-0.0014598708432860916
0.010449871035083992
0.014715149177089304
0.011070590708546605
0.003342991460591385
0.005872963558608287
0.0024983819669321607
0.003370589731843978
0.006149255183798588
0.005344644646797521
0.001555395483081039
-1.6614041393913932e-5
-0.0006607244677951611
-0.0040358016772208734
-0.0035280944315195326
-0.00536598338151053
-0.004979316514845774
-0.0038021482140649064
-0.0029685147372163164
-0.0018332587982744925
-0.0005656969464708627
0.00011140942958721974
7.11759654315279e-5
-0.0005120492475670406
-0.0008533709755055225
-0.0013251524732937328
-0.0010242117906453276
-0.0013348386223080066
-0.0010169482918084137
-0.0006921111505877192
-0.0005527312747241184
-0.00024270015738430585
-9.45855790416583e-5
4.376983818609822e-5
0.0010822624161285492
0.0024105753859410255
0.0017662502834215118
0.0016224177083077977
0.001216573292156261
0.0008977088305350495
0.0006388126755784133
0.0003989427251646177
0.0002110925284467574
0.0001655039813382632
3.311324802278842e-5
0.0005854922512693681
0.0009758103474381093
0.001048369480431675
0.0007706634451123986
0.0006657575332397757
0.0005775804074052891
0.0003339649547137783
0.0002731601461082435
0.00010564775595989276
7.729753928641846e-5
2.3750783432045313e-5
-0.002778116822983676
-0.004691735614214059
-0.005046119996117881
-0.0038748551898970334
-0.0035794089895804025
-0.003132123833124564
-0.0020160924150388563
-0.0016811341704661806
-0.0007864033386134645
-0.0008067817058831938
-3.604888125134624e-5
