-1.009801486548857
10.414277854823299
4.56234717835254
-0.966604798401345
-0.8434123831276312
0.9885958161622435
-0.5783022982894354
1.211449313951504
-0.45396871859549365
0.045173124980604114
-0.004590838163843582
0.001534912391975101
8.75532543071327
11.173078957893473
10.683549268662235
8.82025587281076
9.108724862435354
8.268976770744706
3.267887298751093
0.6931982472869401
-1.4042637931911772
-1.653059080785456
-1.8212408376804519
-0.8969897666274983
-0.9162270950457103
-1.113488085231105
-0.5077921783619327
-0.13816902221760768
0.36979988980581313
0.2976142634431468
0.495048225515003
0.13751855093454157
0.07052509061974899
0.16403602091556346
0.0915865789395273
0.0319859121510928
-0.18229923661440306
-0.09220364830175666
-0.2055703131020046
-0.08950616320340149
-0.07133667107444855
-0.08727790028170065
-0.03698472968368242
-0.009097609973162436
0.09953794243450877
0.11521860732752322
0.09975331918271722
0.05336148570913846
0.028870486945057238
0.028577359247186303
0.006956986009409206
-0.0001389601382219356
0.01072357078519739
0.024227803339058853
0.01620182859569385
0.010846710070270662
0.0078123052337731955
0.0032323085021073736
0.003490003016266384
0.0009630449059498117
0.0032775389547048017
-0.006150418983387594
-0.0008350400483326098
-0.010553897967296121
-0.007090396063075221
-0.005639118275456577
-0.005652836512091359
-0.00016203618450208175
0.0025162159471413697
0.004413622604112891
0.00357560466064177
0.0023705889775969087
0.0007996589960251486
0.0003332221708847118
8.408026317323987e-5
-0.0007162175328410534
0.000463639719594434
0.0007465198500155655
0.00044260469972139273
0.0004206585801114865
-2.7555941387042934e-5
1.2109825444846222e-5
-0.0001349078122875062
-1.878053300990058e-5
0.0006394885691128204
0.0015898351080364732
0.0010365581407791686
0.0010435541337037516
0.000670327409911961
0.00044606198075420185
0.0003024764880423108
7.988279605338238e-5
