-1.0831607892775896
1.6743498407177855
1.0724189481140731
0.3438039250837142
-0.06017399667635516
0.023891775632803633
0.0011884530033623505
-0.005575486505804519
-0.002867193003099779
-0.06701098373563029
-7.1568366128959315
-1.904674600265746
-2.431274078356847
-1.3416812241703926
0.036917475047529694
-0.0028098372844377905
1.0887707049813324
0.3039418142233924
0.4019767860395069
0.22940826194485506
-0.010230257089793655
0.03512911514003339
-0.034020177207695616
0.018879070475460998
0.005115925849384929
-0.013821504046498295
0.004994362392300222
0.01647089777388038
0.050866979892654034
0.01603749654549933
0.011218884816825214
0.005888203570327155
-0.0004072338989344077
0.005145506272511707
0.006256242051176776
0.007489751068396076
0.0017832206469799588
0.0016182307165468702
0.0004293063460122674
0.0007996071743112151
0.0008500731199417897
0.0008760461009742985
0.0007861756379451492
7.0465674575096e-5
0.00023098344678421713
-0.001670220418175021
0.0013402414482458693
-0.0029920177382015798
-0.0005622369008194227
0.00030078178183608293
-0.0006135251932370657
0.00059967994108514
2.305419509279737e-5
0.001107654621804468
0.0005338702598881526
7.700122856814903e-6
0.00027787100349981774
