-2.5141186342889412
0.0010196730541290166
0.004028909147866118
0.003919087589936053
0.0005627609972045007
0.042014246816475184
0.005232628012969041
0.02092693835405162
0.0020484463559573515
0.016735470942814308
0.006090368036736218
0.022466097240933732
0.0012553716201860387
0.0036053526243425395
0.0009309054610944943
0.006001230681120915
0.004595006561948132
0.017601928918845124
0.0037933207234771777
0.005183301186692793
0.0008494178895333998
0.001494871326807544
0.0015168782059024387
9.349642911625764e-5
0.003873905207264685
0.003213399559051302
0.008632238660618937
0.0034476418473299944
0.0013612800556233118
-4.243653490541219e-5
0.002004379385218849
0.0005155940271301664
0.0005690638673259515
-0.0008118226330462952
0.0030811988647630375
0.004301625866617087
0.0030419195005775305
0.0027681047695583215
0.00028010933389346687
0.0008678705262237826
0.0007632801114869188
0.0004242080092988986
0.0005189618907446991
-0.0006456043761727637
0.0022157073859373016
0.0023546311657568486
0.0005588402185211828
2.974805540717671e-5
4.4893970936671434e-5
0.0005690377948168026
0.0001065030010260171
-0.00040108055334196513
0.0008519887849367664
4.531636372811845e-5
0.00017043365834659154
0.00021334126946441828
