-3.3767392234056537
0.0022445819900877143
0.003628348581572534
0.0049650705865907935
-0.002124928530178089
0.04011106680523879
0.0019144619265356743
0.017408536725995252
-0.0003136196176509114
0.015329289548588273
0.0036962772553939785
0.02212664226087976
0.006560190127841661
0.006700830243803977
0.0003373286449828261
0.006577019905991373
0.0010924738482407893
0.021188517574240853
0.009822976894626008
0.008381499258373018
0.0014531830107272503
0.004770536381977044
0.0036105854132946753
-0.000999424960365602
0.006076462400543314
0.0019829108609379364
0.012290953560093774
0.009741950043610626
0.0035518226554904697
0.0035340629283368056
0.006734396951886467
0.002950457106214114
0.004342317873677614
0.0020417374802260504
0.0004962194995816647
-0.00165713593311205
0.004804129966020378
0.004643501928111703
0.007853294883882969
0.007341063310566698
0.0016316780871983136
0.003007476952598045
0.0030144823579827634
0.0010350761131576894
0.005714449094135592
0.0017945540682641912
0.001254404151236756
0.0017839233044619973
0.0003259869532042003
-0.0015535096115052208
0.0027039289357398757
0.003057023826427713
0.003525970312915348
0.004058863569053068
0.0006443573002666575
0.001461968770640261
0.0006917606738905628
0.002968539531622384
0.0008715033747395019
0.002283059648845751
0.0015717081282110034
0.0009126909966266303
0.00042422026305327285
-0.0009565333728122276
0.000355149585602699
0.0015482805517672605
0.0016550024232626745
0.0016791468873487661
0.00019141012615866689
8.605954377514583e-5
0.0010177800910081628
0.0004796172581463003
0.0006019749905295978
0.0008576474575914362
0.00013187542939996203
0.00014162194637761834
-0.0004892653405768996
-7.672537570095688e-5
0.000689675972588866
0.00038121310543849104
-0.0004382685585195078
0.0003014117305109961
0.00017266506670556042
0.00018861300966758652
-1.8696618806262913e-5
-6.75359863412968e-5
-0.0002841856011041101
0.00021098939603297922
-0.00017898136947564147
-3.693968710140981e-5
-8.20712938600084e-5
2.0320062198238383e-5
