-2.529036201529047
0.00017246529080705946
0.008430251235356382
0.025651005606261025
0.008311713522834729
0.08709789268913651
0.010086663816925944
0.026261933807129472
0.005532148486472201
0.026045883718503655
0.016406134062593843
0.016887392512884045
0.004082727210378035
-0.00025415709858458144
0.0028247738978897023
0.005762879726153547
0.006684729820322548
0.014392156423308312
0.0031562955190637897
-0.0003609077852679842
0.00047434536295888684
0.0008900094158245259
0.0004874379209844193
0.0033921340448340065
-0.00033861644285513676
-0.0004354787497854674
-0.0014238857848346096
7.265889920100296e-5
0.0036641125169194644
-0.0010482437786552314
0.00014299531691868545
