-3.766356916781922
0.00294948422682275
0.004187298176410236
0.0037156305149108415
-0.003892929832492334
0.03647031638129532
0.0008836580445387779
0.015524074885019704
-0.0008704551689992371
0.013779655832864892
-2.2748411450756122e-5
0.019384389279786293
0.0048929263379258
0.007438475198416205
0.0005619866216686158
0.005522723831997204
-0.0014467979360693627
0.020279703404985926
0.005633575579284989
0.011189890796338309
0.00041107845232627577
0.003651802752263461
0.005619066321949667
-0.0011549361428290577
0.005633721893825002
-0.0005207403679989878
0.014096833620729193
0.006722233899000038
0.007055814604154561
0.0007063170238822833
0.005614501751589078
0.0061904702181534805
0.0023533197511500267
0.0023325169153892667
0.0017247502092567328
-0.0017584717795782292
0.0056628637731087565
0.0031190909271235925
0.011607394038765493
0.005926887761836994
0.005112323950235462
0.0018094498017065545
0.003575862122432695
0.0035970239772868885
0.004355520204588418
0.003118347795323495
0.0017385846603080696
0.0008731145722349625
0.0019507937546708167
0.0008407441137442256
0.0001647176324836269
-0.001871932468914297
0.0038553028744216728
0.0025789084090097674
0.00838366064208394
0.004243683133736834
0.003930447367302482
0.0010012473409271995
0.0017385344458353525
0.0021544411156881375
0.0034080543063080347
0.0021158713407376153
0.0010649167483746925
0.0018660259321552726
0.0023275762873195627
0.0009948756132084292
0.000996012184487561
0.000637958677858098
0.0002983879704958143
-0.0014029243475179682
0.0008776978510963367
0.001394115416042127
0.005313114074946882
0.0022039893576979437
0.001681248819236867
-3.1208999514321295e-5
0.00028973849369147615
0.000610787577816079
0.001740109437395879
0.0007508232885981474
0.0009944470785323589
0.0008328453262063505
0.00024756581014683167
0.0016644906173587759
0.00037418088653407835
0.00039295338564044767
0.00036886479813939935
4.577840526038653e-5
-0.0010722483020123052
-0.00013355734774352928
0.0005987149886201108
0.002452288382228576
0.001040237797816949
0.000471131728452857
-0.0008114190353256404
-0.0001851450932051191
0.0006823591091067373
0.00020767915595998627
0.0006598363969893974
0.00027860149076293237
0.000505583744738338
0.00022844007011430035
0.0007137058754893863
0.00040104137455847683
0.00031891731333243606
0.0001796582814890151
-0.0005864132837911249
-0.0004411848521778048
0.000122839302230071
0.0007064486265972842
0.00034343243559826223
-0.000894904312898205
-0.00019408136498371483
-4.599339869813559e-5
5.626128208687762e-6
0.00010975559503813558
-0.00018704753118543307
0.0001644634131120953
0.000217953008112222
0.000337051665960228
4.2413729182105324e-5
0.00011522560618170911
-0.00028431210388504385
-0.00013866917806052036
-0.0002677390475621315
-6.593688078700193e-5
-0.00072932028428363
-0.000212072860109154
-0.00012636937117563662
-0.00010477655856393216
7.02368398621444e-5
0.0003474453400515269
0.00020597994480464805
7.063270254290556e-5
-0.0001802917255548495
-0.00013512680562991551
-0.0003813270709019618
-3.513052316877468e-5
0.00012598739474320154
0.00011120981730282494
-4.3749234740226176e-5
