0.007893249912222016
-6.454287421437976e-9
5.827666133344396e-9
-3.9608547344362674e-9
2.075901030967934e-9
-1.4756516482342933e-11
-1.8763231636004356e-9
1.3678332789279187e-9
-0.003322052731715651
6.667730901960993e-9
-4.201364556240225e-9
-9.45801712902837e-10
3.7923239456966954e-9
-3.2781323202112224e-9
8.446689284572059e-10
4.2389108615234133e-10
0.0008933799192896887
1.4649555206144143e-8
-1.181201695883135e-8
5.890144663388923e-9
-1.7262551749327418e-9
-5.192566529138397e-10
2.8399647472852477e-10
3.5846340545669825e-10
0.0003521445449863185
-1.0436968082717304e-8
7.557713995450193e-9
-1.2274702661018593e-9
-2.8783537200989437e-9
4.165214213642075e-9
-4.3364919110847905e-9
2.0400718012636914e-9
-0.00013747704764461183
-4.712402723990346e-9
5.4302710118141476e-9
-4.844620301033448e-9
3.7112874645451343e-9
-2.5423016257824396e-9
2.7067220280838403e-9
-1.7398120798610115e-9
-0.00013259389085553888
9.308143731541632e-9
-6.631594522414389e-9
-2.758288279118439e-10
4.789555466663382e-9
-4.668404562834634e-9
1.929342501305837e-9
2.0677221993618644e-10
2.8974139074858984e-5
6.127737877187935e-10
-2.4567566378466814e-9
4.737676688709977e-9
-5.2786864854260295e-9
3.6054942502507216e-9
-1.3083139684777704e-9
1.1614162218142982e-10
5.589383707600929e-5
-3.337141148669804e-9
7.12897689398321e-10
4.15788867385521e-9
-6.505480057436903e-9
4.389065980632751e-9
8.666720031772494e-10
-2.2873040596758888e-9
