0.006800725136022952
-1.6477489343132747e-6
1.5362808024496907e-6
-8.625012399978585e-7
1.6686593199892133e-7
2.744864104028589e-7
-4.904211226723282e-7
2.9017758894400203e-7
-0.003284900605104348
1.7633855529874444e-6
-1.6078817001116948e-6
7.889108328973245e-7
1.1282553431745633e-7
-7.115411576352498e-7
1.0849021490410826e-6
-6.493952860631548e-7
0.0008873785387309611
5.29608051952354e-7
-6.320299740591352e-7
7.033054573997943e-7
-7.871117919940309e-7
7.040034850643725e-7
-4.336100808006579e-7
1.4020903780816555e-7
4.992499780622668e-5
-1.7234213883306465e-6
1.3162821131753267e-6
-3.3247340812522745e-7
-3.507199594848149e-7
5.804640293959321e-7
-8.243664015163217e-7
5.282653565509229e-7
-0.00010521422129487309
7.538487948742857e-7
-3.574963486329741e-7
-2.630699881260921e-7
5.685123457285424e-7
-5.744589842098702e-7
7.33003051905071e-7
-4.7383108395660223e-7
-3.513963789323688e-5
4.605119423344742e-7
-1.7513652655942745e-7
-3.437088004658448e-7
6.138404443709222e-7
-4.81190426739257e-7
1.9542302178854552e-7
-2.7055299064142737e-8
3.256667133282402e-5
-7.029135222731845e-7
5.273914746923877e-7
-2.823232609476223e-7
2.3368421266641979e-7
-1.6471460483324322e-7
-3.1051492131026965e-7
3.59903296640243e-7
2.9028821926313273e-5
2.4541122753665813e-7
-3.0072365571335106e-7
3.9496561026275826e-7
-4.877151920289088e-7
3.912693487855344e-7
-1.80309418561773e-8
-1.268001690340413e-7
