-0.482482700430316
-0.16954295332860983
0.9913138451904439
2.8850439440805076
1.1517175519799803
0.5985509856630014
0.3653322960285003
-0.02447277353337624
0.011874762779755205
-21.981805573629227
-22.93821595972596
-7.39303006998054
-1.7684971761182517
0.053728970219327814
1.0619840310687387
1.757660204987609
0.01395573307369168
-1.4746257076601914
-0.6406432271917584
-0.05515480471745526
0.25350894211699776
0.016290293699462076
12.429718218643657
15.732229964952849
4.767894350160403
0.9087955519521194
0.827884508725277
0.757088231334878
1.6362591066637033
0.8314777291204302
-0.16068462450480286
-0.02511609260253461
