0.005795334238357063
-0.00042579456721538524
0.00022037598628422972
0.0001708019202099363
-0.00034817126820364873
0.00018923920251287733
0.0001939899083877361
-0.0002199922733148245
-0.0027422561278801646
0.00048381031647286874
1.4949013060670169e-5
-0.0007566492300599745
0.0008525761865338432
-0.00016600088214101572
-0.0010111331096150336
0.0008792460016502427
0.0011537119289006844
-0.0007158971254193565
-5.115360944224633e-5
0.0012141700346919163
-0.0014112218808054753
0.00041031444902296394
0.0012927243656264357
-0.0011749587283866342
-0.0005434740796002594
0.0008462626994815049
-7.097981225179465e-5
-0.0012176721803106064
0.0015518926457545462
-0.0005714392200667943
-0.0012191104982946946
0.0011673174042568096
0.00018794195952889485
-0.00022328573102356605
-0.0005992460744970376
0.0015971935427719157
-0.0014302566348382718
5.497790757344018e-5
0.0019713913830710127
-0.0016104061976037645
-0.00029315571155690733
0.00048273281837318084
4.563363316426126e-5
-0.0008926168733111565
0.001103894681647271
-0.00043273636326040816
-0.0007818671557570944
0.0007665470855038968
0.0003332982508201049
-0.0006006032659199934
0.00025591621987362584
0.00045068466294009304
-0.0008989085501209438
0.0007666937971925581
-0.0002911776368252308
1.3194774843070056e-5
-6.972391415747018e-5
9.591485383038082e-5
0.00016369757563488945
-0.0005371484020314108
0.0006246603848475329
-0.00031827329904117886
-0.0001929593213671181
0.0002434371606036443
