0.00406420336329533
-0.00023646404332473475
-1.1057286770607421e-5
0.0002667261374377797
-0.00043248576021687554
0.0001353107302205405
0.00038961512580804053
-0.00024335113778083386
-0.0013129758364889821
-0.0003372643900063534
-5.9869717794152864e-5
0.0008415966729421102
-0.000822734565045151
0.0002383348038626388
0.0005526164289998355
-0.0006761696816848315
0.0008438987829642159
-0.0006768954154779298
-3.048032830615788e-5
0.0009513859418397078
-0.0009413177384548977
0.0005629915655422625
0.0009668175026354153
-0.0010156368599689445
0.00012587069859740907
-0.00023014477291464808
-7.423159903875293e-5
0.0005404662535755182
-0.0011399720548542999
-0.00011229486558246377
0.0006378089928993368
-0.00013126300495794612
-5.810221366383634e-6
-7.735684769904634e-5
8.865863108580353e-5
-5.38360251498253e-5
0.000462403736606048
0.000171267228959172
1.5117302140018436e-5
-0.000342768671486939
-0.0002479521457390069
0.000300395160405983
4.437798430669695e-5
-0.0005059391890883195
0.00043046652051521655
-0.00038284244451541004
-0.0006988120251356116
0.0006276384332606808
-0.00033356074499639254
0.0008400353442979759
0.00010461772043428885
-0.001595880798775608
0.0018537448981028768
-0.000652533436597788
-0.0008899770303146609
0.0012323959255610994
-0.00028912796707614564
0.0002964259736222165
6.886795789181833e-5
-0.0006111641675427105
0.0007212082745229136
-0.00014550609683997034
-0.0007509609209070945
0.00045501930708633724
