0.00939117805009935
1.6588708845842854e-12
-8.608627029676791e-13
-2.8634678929310987e-13
8.430944537472624e-13
-9.408445434716067e-13
-3.230273256153959e-13
6.436126712801504e-13
-0.003175146837296759
1.2443510364028803e-12
-8.271529830394565e-13
-7.215884096798908e-13
1.6386207661673264e-12
-1.594757651404042e-12
4.718123321959582e-13
1.8682417480246455e-13
0.0008253120347793281
-1.4690917341661565e-12
1.2668013581645869e-12
-1.2978251253802379e-12
4.881549693302091e-13
9.046477613896281e-13
1.1555682734404497e-13
-7.756413455961752e-13
0.00019755870967973408
-1.857969852058133e-12
2.2310334092960803e-12
-7.748296467249431e-13
-1.9571041889558724e-12
3.1047524445668236e-12
-1.0177352158562138e-12
-4.635503247537818e-13
-1.531065258466724e-5
-9.392345280735162e-13
1.0642941125536398e-12
9.952293377354413e-13
-1.9916101825284037e-12
1.198539427429637e-12
-1.931257808372257e-12
1.2175270673269126e-12
-5.666467342421122e-5
-7.739721118069364e-13
-1.0465122108813251e-13
2.5652761659336485e-12
-6.709028704302904e-13
-1.0376309953857816e-12
-1.7002939865608221e-12
1.5837504033936818e-12
1.613492293300292e-5
1.6728401170079544e-12
-1.3530423102853586e-12
2.388555384694632e-13
3.954057961916882e-13
-1.539127267033908e-13
1.081984887998211e-12
-8.832504844729735e-13
2.6057188160792128e-5
1.84625638057331e-12
-1.348749406378839e-12
-1.3571200848738175e-12
1.2521464280068555e-12
-1.974546627935353e-13
1.6654136815849663e-12
-1.0502008172368653e-12
