-0.7579702412095044
14374.314110099185
1770.6995086699972
-12000.54483417228
-1686.58385979574
-1039.6029943487601
-978.5524788807236
-499.70652753066634
-154.57446099535156
-26.367994534053086
-1.609653212740996
-37760.01586262948
-34950.64717936332
-2869.118806813956
-873.7040259563395
985.1576759422616
512.063385330659
97.4909979751155
-3204.379549619459
-2695.529379231764
-374.4835415221595
-16.97575381194914
0.004820316028563361
-3916.062186477377
106.29413914004373
-1754.8324162190256
-496.8156752045813
-77.87917057360863
-239.31286953374274
-61.365166476524024
1047.2466310310272
350.0098579588765
57.34120018742997
-7.25490577460384
120161.62219665197
155889.76215201884
33821.104818859094
15463.817415431336
2759.7846928538956
275.8556880277534
1950.0713953418838
800.8717496360197
-6.007991631642824
28824.0116774434
-3633.489242340249
2357.364144845183
45.13042355766712
22.25949127107923
-2300.8884645533913
-383.1140048366499
366.9938946885374
2.1730408602825384
128.0104534819257
3011.3402485451657
1216.0533397012402
361.0264197395846
-128.21268237295513
