-1.0478741654023145
2800.423125163875
1433.118658543482
367.7181445452118
-68.71381409701706
-72.76323463049496
25.68280955499555
58.75506057195447
36.17290831557076
11.076884394696084
1.4751898181687908
43192.22891863442
41309.440786677966
16268.162693176282
-2546.6155522510953
-7006.597629463154
-4405.564158416396
-996.018979234788
-296.5007041090758
21.601519504968074
397091.2162959006
340270.5806824666
211310.15824903254
90692.57503796203
26841.679937781668
5031.848935454942
462.75973275620197
-2916.3507532334966
-2181.7878016470945
-401.74678489531965
-33.34787878961616
-49.183544009432346
-14.065864835970137
2621.824744784117
4018.2843494875806
721.9296981447617
-339.5351876746921
-736.4036361003068
50.329399898704835
-91.89055772674001
-21773.93717983313
-14720.685035169256
-2527.5153872611
-292.15074697850736
-26.006467790436727
-118.44202872716002
-28.76092611397129
260.8162849604915
-136.67093197431078
201.8375785832331
-219.23294962195942
139.7704305017832
-784.824826798524
-178.29968944947004
5.948566961528326
-133.20174365706524
61.32416824304189
-214.89857226960075
-3.328719671070769
85.5813637246682
76496.67671001027
130656.87204128398
-27619.788657404002
-9428.772184953714
1651.5200902644608
2991.4295013462156
938.5107980110254
385.53354763695046
-537876.2427641572
-63646.05886895821
-103171.69324857592
-21334.381349090727
-1271.1428939802843
104.25594626899519
4159.0918517718255
2075.0583772021614
253.29858561941316
45.78534175899566
49543.96641943054
725.9530418296944
-6000.907592971918
-5415.510047218229
-787.908936705491
-802.8453046378922
62139.96697052396
13574.250472567097
-685.5533866413197
-94.6075257984651
48.480933267220095
2918.4291918048275
1824.6060699283419
2844.2476448564785
822.7932725568375
876.5332045193242
279.81103543722185
-854.716640139574
-223.30476708888926
2320.649765775301
-262563.7271046973
300.1485349500588
-86889.28150199837
-16.347904879364744
-24591.079725145668
-2157.9793394638587
-30.89052723175149
21.509004223372514
1328.7784084910975
-70.35980579205233
-30754.635554341072
-41067.950375102795
-6999.674311520538
-460.37987842254546
140.8254171643853
-7394.52965150126
-7641.277521665807
-541.7144617072232
-5861.683656769048
-384.6468868526609
-1129.7984593315227
-3.475815130147442
287.5751520176942
23.738155021794125
44.10004434677291
97.87808248553367
1427.6002621016673
-1109.0471384495638
80.41926917318276
-1234.324822262806
198.5739619767965
24914.78347470151
3162.1064842144956
-274.72112259096065
213.61745471853084
241.94126818875557
-818.1640462255028
-92.87505785221707
283.7431667316493
6510.1644118716795
305.589806123837
1134.3023574610122
178.47634539650215
66.82566482574195
