-0.8739775292991357
44075.02630193322
11019.307527071462
-602.6214525924255
1756.618610474301
-536.9237776719218
215.48230356526562
301.0948062130921
259.70621698168935
-31425.99456667807
-6101.804086241113
794.535596848276
-2729.4414795912467
-10.790566358236557
-314.7411644175386
-274.2874290544658
-242.93297282264817
2.52186341826063
-65135.17993233873
-22846.601980440348
-3613.755096885156
-1356.9860599480157
4716.534922288602
3851.569564664796
1113.712446525009
51.13032623474576
-6672.760605066986
-2638.8732677278604
-749.724380807115
-273.9706797002258
-42.21347833840953
424.13455659819834
215.01697576359362
22.23631648288929
5588.205004502961
3618.257043215776
-6307.479908735344
-3286.6975590461307
-350.421899386741
101.13205146358129
576.7697887743441
453.75610796727926
38.027322183210586
4.634634232516412
1914.2226259149636
396.9312454408554
-734.3236154632928
-180.2860604032541
24.393973970325643
259.3752515481161
58.45680913302207
233114.5012732585
211525.3765648997
1474.4939035584716
7201.11549662837
-928.6905494055706
1179.7710118820503
-475.6857197606077
44060.3140988269
31127.49207307073
4137.083826304374
264.92046290330603
-610.8300114799982
-172.9059781184071
7871.505526148641
-56838.498342341205
-9646.317575217217
-2744.377656800803
1675.3887973450653
2377.2561444006774
621.6511669713242
-9418.070659661118
-1150.2568384498243
-2352.9701320520735
882.6162903295217
-608.3940382383364
2141.7506919247435
-40.800744287380176
669.2998589609098
11.850342929939151
-163.9975223277051
56.3728465380327
-99.64059196873697
188.88550594683096
-18.5300322928533
2329.841835327872
-692.2257814596583
-1968.4835146777202
-401.54236919103715
-54.33293439820575
259.24069316769777
282.16009941839064
-68.94360108400357
