0.005252559740456018
-0.0005545275227055046
1.8477697952509548e-5
-0.00030606031062388103
0.0013509207237131077
-0.0018672661803949837
0.0007483884935832888
0.00016753531706150838
-0.001740242422414847
-0.00028177834820448174
5.522641169688288e-5
-0.000140825636812631
0.0009302799544878871
-0.0010647853903485724
0.00038932628155707627
-1.9649501109465674e-5
-0.00027298033400145267
0.0010475551118930978
-2.7748839368359445e-6
0.0005858568298946537
-0.003055754514211568
0.004049663282582714
-0.0014659910280516088
-0.0003818571311100936
-0.0006312337056225793
0.0008650293929728628
-0.00013237770965105722
0.00046318979109379635
-0.002511028699623425
0.002932158043612746
-0.001149419663124891
4.345798179945306e-5
0.0007249486382340977
-0.001143211287218389
-3.221736940607701e-5
-0.00034127139708946594
0.0031232863723544193
-0.003813058798969384
0.001229264644849684
0.00023910572751952814
0.0012297379804387903
-0.001723208683275185
0.00030917845679000265
-0.0012748532271178127
0.004794101959121739
-0.006293368246643609
0.0028753112457999097
7.784039663697984e-5
-0.00027691755810388516
0.0005024326717185458
3.3632436937814644e-5
0.0001280175058065261
-0.0014552195003421445
0.0016081356351081836
-0.0004664710689940774
-4.5632913252899674e-5
-0.0008570508916615884
0.001141764541684635
-0.00022749328149226515
0.0009613333075341394
-0.003254673781717477
0.004476746865229553
-0.0020631633929206077
-0.00017518497938625135
