-1.0912429100115912
1.9626759296911118
1.2215712986057221
-0.4680529345168274
-0.13749980583107374
0.11010805817223047
-0.008068290050139102
0.2767219007311914
0.644534924250865
-1.7386030476171048
-0.15131860317730195
1.8692837049971434
-0.046400802516423666
-0.124702506797067
0.27699701377630154
0.028487634982504166
-0.23306057982409478
0.046360896301924685
0.11041011748527732
0.03938879732751788
0.047899728182696735
0.01688720843469414
-0.003084785931504437
0.01110537332847136
-0.0025077789512357503
-0.003766521553593801
-0.0008857279627335658
0.013194792261159358
-0.002090284647583936
0.017934174126199003
0.0008648548248199121
0.004704409654026938
