0.005061695265156482
0.0005732374295326437
-8.288461869363211e-5
-1.467458318072044e-5
0.0001287489055034838
-4.305301793733852e-6
-4.5351940341039694e-5
-9.741232758653885e-7
-0.0026976747037786163
-0.00019883474452025133
0.00019158572366953562
-0.00011569181198479298
-0.0001503489301601357
8.440884009046644e-5
5.7490287638534776e-5
-2.9506575797431624e-5
0.0008572807432660186
2.46465814119138e-5
-0.0001274418034730773
3.291485668834004e-5
0.00013050860335389516
-7.134041006137322e-5
-5.276519340824419e-5
4.4822384953315805e-5
-4.502316616995689e-5
6.751578125940569e-5
-5.936560214626316e-5
2.1444471191602524e-6
-2.3373635064202334e-5
2.4245438927249543e-5
1.672784156092247e-5
-2.4833669985357962e-5
-9.726677393705135e-6
-4.125760396190969e-5
2.8465841426954343e-5
-1.3562259595389326e-6
-1.0540353151886223e-5
-1.5084735615638597e-5
5.900031495248868e-6
1.2385586886625368e-5
3.7117662564139765e-7
1.0540701954724643e-5
-2.314747104170555e-5
-2.640076153710687e-6
1.1289325207624788e-5
-5.9521368368477e-7
-4.590974739809298e-6
4.6441753882562354e-7
-8.858703381050992e-6
-1.643536025427097e-5
1.5329239211863147e-6
4.875698240417245e-6
-9.125140717285777e-6
4.9521089160650895e-6
4.253998218959833e-6
-1.8263442252615079e-6
-2.447038943063236e-6
2.8670700884941437e-6
7.854607298361833e-6
1.6064963544137645e-6
3.576651759927821e-6
-3.66355589906257e-7
-2.1380535044126632e-6
-1.1316557118340533e-6
