0.006199538520368193
-6.048385736752669e-5
0.00010050864535784772
2.7856666641823367e-5
1.3748694175482288e-6
-6.01517096548476e-7
1.4577374541165748e-6
-3.7484308538318765e-7
-0.002580535955326044
0.00022382557718488412
-1.951660000796126e-5
1.2581035949451598e-5
-7.316381348319006e-6
2.271934946844649e-6
2.2108749231239966e-7
-7.307513740695663e-7
0.0012256047961093758
-8.198220096712524e-5
-3.985528254187209e-5
-1.80560616503032e-5
-2.762006501171461e-6
1.0887981242513465e-6
-6.64869708744247e-7
3.481163579179455e-7
-0.00037407765389617885
-2.4452191254364778e-5
6.37224161780413e-5
-1.2989082535485708e-5
4.146505505825644e-6
-5.503716405075093e-8
-7.5703521916768e-7
2.514371258195449e-7
-0.00010775332171107439
5.078878396957959e-5
1.8093424983829643e-5
1.01123285655344e-6
1.167532846260977e-6
1.9173065233600362e-7
-4.1582156295320877e-7
-2.5056799685962016e-7
0.00012058760671391013
2.2643034964267104e-5
-1.7058545726954832e-5
5.075959774411145e-6
-2.0333366013929464e-6
-1.0843889063248013e-6
1.3005305670716034e-6
4.850171102813036e-7
2.7313550149095138e-5
-1.285188283862523e-5
-2.333067667392082e-6
2.0682383123758336e-6
-1.4665030122892761e-6
7.424640163183012e-7
8.636743214823474e-7
-9.486059557814444e-7
-1.6197657770502e-5
-1.6565972329083583e-5
4.268151671242072e-6
-1.2582304584096328e-6
1.7089560090893187e-7
8.094052107466106e-7
-2.7515251847600554e-8
-1.0273759211250548e-6
