0.004797325500009422
0.0004091253214749264
5.073261845721778e-5
4.367996399468742e-6
-4.233047570887581e-6
4.252156338474126e-7
3.4680600523951555e-6
-5.000581135454987e-7
-0.0022512199596497967
-0.000231512380147692
-2.1701201314039834e-5
3.9469262250730515e-5
-1.0632698022403876e-5
-1.6686433972447377e-6
5.85181831689343e-6
-4.570744532404539e-6
0.0007309104268529715
7.844067248955448e-5
-2.782691798876383e-6
-4.4293546613219746e-5
-2.1610885911141273e-6
1.223240531743123e-5
4.031234530398401e-6
-8.068190960349157e-6
-0.00012939088772544194
1.6502167238062668e-5
-5.352883897707853e-5
2.1807073750415835e-5
4.388664323416426e-5
-8.033199241167504e-6
-1.313679790879188e-5
4.8892914693918055e-6
1.8411877122016322e-5
-4.090776911600446e-5
5.6537796759982336e-5
3.8987362184041206e-5
-2.517186298653058e-5
-2.763281962459367e-5
7.776648621315292e-8
1.2544763153834306e-5
-6.905362771460037e-6
3.065205256679361e-5
-6.797072292106643e-6
-4.7096854627237534e-5
-9.46370629059116e-6
1.8726906814937373e-5
4.1230853766230705e-6
-3.3941264753023626e-6
-7.88342694070354e-6
-3.109098469410217e-6
-2.179913981828938e-5
-7.778499724867429e-6
1.528319496912638e-5
1.0264900383567268e-5
-1.537431923086275e-6
-5.407180395443156e-6
2.3804044136870474e-6
-4.445732006827363e-6
1.4123168174358478e-5
2.168110138810387e-5
-6.616999861192459e-6
-1.3088271613469072e-5
1.2774637878339656e-6
2.6240456747287826e-6
