-1.083063130504533
1.6749836403225304
1.0727086800823615
0.34388140686399726
-0.0601721718506688
0.023891548014969274
0.0011890375886076264
-0.005575323136091856
-0.00286701938657843
-0.06651134058409089
-7.1571740308125555
-1.904348324078963
-2.431732345269153
-1.3417145876459073
0.036623427077539746
-0.002881821121712848
1.0888495451390747
0.30389452086306923
0.4020709101980933
0.2294238703489886
-0.010176454833818252
0.03514086407775098
-0.034050092149009545
0.018887928429985157
0.005100929440897117
-0.013825117196447361
0.0049870717137531495
0.01647289475299053
0.050872286199303195
0.016040581318866248
0.011222649380501234
0.005889792259996699
-0.0004062274159725992
0.005145513642689632
0.006258200971253194
0.007489961525550386
0.0017840573319118306
0.0016184966508874681
0.00042976110698126317
0.0007998805910295006
0.0008504952364250054
0.0008762927695713548
0.0007864040835290665
7.055261046870794e-5
0.0002310834424311372
-0.0016704393182497997
0.0013404512793895127
-0.0029919684011062474
-0.0005622598009807448
0.00030072853726376944
-0.0006136930195807911
0.0005998502933882891
2.2898821007012128e-5
0.0011078500395264924
0.0005339512614530496
7.81472806678859e-6
0.00027796966451803227
