0.004613660566862578
0.00023774748844395476
0.00012223218256625853
7.55772793674049e-5
-2.500074314756256e-5
-1.0275179836143748e-5
3.0910908523480338e-6
2.8832861910735165e-6
-0.0023347304855217232
-2.2123559730076814e-6
4.324268570653798e-5
-3.3171671837346076e-7
3.2800320768791185e-5
7.044000050266976e-6
-1.420440694645591e-5
-1.2330183452039522e-5
0.0008254815714064475
-1.806963145699832e-5
2.2896939794259573e-5
-2.8632143438959195e-6
-5.2302738862962154e-5
-2.632531036805949e-5
9.76500065672072e-6
1.3327055529909355e-5
-0.00016145076054176406
3.4596584420890905e-5
1.1618789859008783e-5
-6.334734579506335e-5
-5.172248139439065e-5
1.5292641988646263e-8
1.7520261311845997e-5
1.2709964783742383e-5
2.1675651021983367e-5
-3.919244836763077e-5
-3.850363700100595e-5
1.3998206934367425e-5
4.311934945871161e-5
2.8856428893547237e-5
2.3821834041718373e-6
-9.433644022466832e-6
4.306063934585841e-6
1.7673207194905037e-6
-1.0815648133204472e-5
5.549541657508725e-6
1.399166760031396e-5
4.6617782216109315e-6
-3.4817818107840325e-6
-2.809940890691121e-6
-6.282837466138823e-6
4.085894798995602e-6
9.830084248697226e-6
-3.933835768916392e-6
-1.7146345344631355e-5
-1.2939124067209505e-5
-1.6754796254210162e-7
5.019892379301123e-6
-3.0652002558210473e-6
3.0997124134654384e-6
9.926865846657775e-6
1.1042688329601295e-5
9.04589799299183e-6
1.540612693667423e-6
-6.451495480249864e-6
-5.705886191177324e-6
