-1.0096780359773019
10.437165292687707
4.577627299678719
-0.9731991760842411
-0.8453297871162395
0.9888322622944553
-0.5782644922013594
-1.2121310083719643
-0.4543625445038171
0.04534018148755324
-0.004632198322347392
0.0015223030963675082
8.7900634828899
11.229900515184596
10.732686036509671
8.858578804022311
9.138157680449462
8.293072408699228
3.2797511733276186
0.6957192435062268
-1.4111868068772686
-1.6653836628639602
-1.831428376187426
-0.9049721911181727
-0.9221680918675838
-1.1180238021344304
-0.5101329150566811
-0.1388004357183211
0.37140954888573857
0.3006461130885008
0.49754287089096305
0.13942008239203754
0.07179504427054284
0.16489986381104907
0.09206541057024893
0.03214421241204101
-0.18269606949423506
-0.09285869070251286
-0.20617562149740074
-0.08992519638941625
-0.07157075986247842
-0.08744248181396956
-0.03707227959735079
-0.009117451783777637
0.09964931460407236
0.1153578035094424
0.09990963782059561
0.05345605394787515
0.02892003969276204
0.028612250097639014
0.006968103656059084
-0.0001402348416058537
0.010739930624726259
0.024265419593892522
0.016229919731256447
0.01087336166478142
0.007830230284462138
0.003244054344174097
0.0034967554420672407
0.0009647154458437381
0.003283590928998307
-0.006140977582875454
-0.0008244879373915565
-0.01055180081294347
-0.007087468821118554
-0.005639310041208599
-0.00565352918165359
-0.00016026398781993916
0.002515945739260349
0.004413163756003924
0.003573557463489808
0.002369768663307872
0.0007983156635019552
0.00033258831530119984
8.351284981345632e-5
-0.0007166456110530511
0.00046536142615262287
0.0007494716896291177
0.00044519026017966046
0.00042232876932424995
-2.647922142587782e-5
1.2758696615553438e-5
-0.00013470811037090194
-1.8635895737890115e-5
0.000639559907076558
0.0015900284667299763
0.0010368429178769201
0.0010437961769558834
0.0006705879089458956
0.0004461182473388404
0.0003025568817584944
7.98426904779801e-5
