0.0045704035659163995
0.0003302998277630166
-2.9490993082136087e-5
-1.4949631912596462e-5
2.144779681430027e-5
1.6341414148411815e-5
-3.966687078148916e-7
-7.937330539778957e-6
-0.0021321134578711908
-0.0001432061254728072
4.4594887050391865e-6
7.824624525261964e-5
2.2570862389246802e-5
-2.8622231435357645e-5
-8.2626378961366e-6
3.5885381196813405e-6
0.0007194878735444141
9.917379694813404e-5
8.054673751851738e-5
-3.072333064432278e-5
-5.118704304626925e-5
-4.5896113773512356e-5
1.9382730629992757e-5
2.6897235046537433e-5
-0.0001335150463058719
-3.997495481607779e-6
-6.197092504901554e-5
-3.089575505368509e-5
3.1181812239536004e-5
2.7340450134163985e-5
-9.096957810186316e-6
-5.8587031249877575e-6
2.710704133170482e-5
-1.979297104403784e-5
1.4426314118185104e-5
4.149418395738877e-5
-8.234201841994818e-6
-1.058615451746381e-8
1.1488642759233766e-7
-9.05924199318987e-6
-1.3183155686715799e-5
1.9285503645440863e-5
1.8184322289745195e-5
-2.2377654608913997e-5
-1.702633908376247e-5
5.035658187691617e-6
2.608193599297001e-6
1.1314683584073291e-6
-1.125171750598094e-5
-7.840681234770676e-6
-1.2704790705352792e-5
-1.0708223825709685e-5
1.1606407118258151e-5
1.129051660766872e-6
-2.096625915432737e-6
1.8172613173396171e-6
6.806035438388318e-6
-5.960999719483818e-6
-6.018696382780206e-6
1.1111453679563187e-5
3.4169603145031345e-6
-2.3244941286048906e-6
1.1114868420781718e-6
-1.2230319220864587e-6
