-1.0143371136889787
40.988160486352875
19.19879803582888
5.8191697855872455
-4.0778622879904525
-3.7176350389261996
3.2343501654091424
-1.5728730139592086
-0.1890676881863918
-0.029317190687947456
-0.00683230173766741
4.543633581441989
-17.2032388737356
-7.585475278698161
-24.827244175271993
-20.02915681016688
-12.169773932503286
-12.40876480140878
-8.252527493196977
-2.445527927862926
0.8870224225540719
0.7909423925419332
-0.12382429046316819
3.557986320923404
1.7948249637376386
4.529678270049606
3.957062009944664
2.2991541642885145
2.0398773288312015
1.3389469818795416
0.4759821841082737
-0.04785128694969564
-0.09823345652656852
0.17693464480157753
-0.3939025249544355
0.0083568498935985
-0.49513441767297495
-0.566309288476542
-0.30835369438283156
-0.27293292840423233
-0.1882569945501412
-0.08649057164799666
-0.015306864489052528
0.0076604044141243355
-0.30577745806479967
-0.26331856485552063
-0.39307361274798547
-0.19299170467305685
-0.12858857843872856
-0.11398931632719618
-0.05283943706767911
-0.026018845031006883
-0.016315108809673788
-0.009219724061939523
-0.0044764712422450115
0.14325759804148663
0.18824938345292497
0.1721002374495885
0.1074694996449865
0.08156921156127905
0.06706160881940329
0.0407130944970828
0.03175083386725605
0.02673501279097663
0.013953824592315965
0.004077783165733541
-0.012721067840110246
-0.009952611549627028
-0.021164421218324896
-0.021729354956171735
-0.035608121841736895
-0.029960710122890862
-0.022984437384707256
-0.026243833758238567
-0.023017352026906183
-0.009557954135955084
-0.001386878831887422
0.009866213667415316
0.013612559566228227
0.010184154347377319
0.0026907583107234983
0.005427340968297835
0.002218606823302001
0.0032304884295089984
0.006079407940096169
0.0052783300088133775
0.0015018169846031596
-3.063234807166267e-5
-0.0006203896787680441
-0.003956296114268521
-0.0034577031679293674
-0.0053043387177295325
-0.004930226121203837
-0.0037681095912987833
-0.0029479441105488085
-0.0018226683158273085
-0.0005611014395289725
0.00011108782279339584
6.912294834334997e-5
-0.0004165829768480527
-0.0006689270287057339
-0.0011569022947456498
-0.0008811555963840503
-0.0012207475006712743
-0.00093256352445887
-0.0006354438475787516
-0.0005169730311535705
-0.00022326158840425768
-8.54408389894656e-5
4.6085206090628365e-5
0.0010909944513572468
0.002428327143245663
0.0017839609467611285
0.0016392858202773281
0.0012313153856171701
0.0009095864990390583
0.0006484426263790496
0.0004052441992287876
0.0002154663407206095
0.00016792838019958383
3.497497521776245e-5
0.0005880342499225676
0.0009808502399320895
0.0010530861135245263
0.0007736481085652389
0.0006676547321196262
0.0005779941380394232
0.00033363071896531834
0.0002723993996357144
0.00010499596701458788
7.672109038564618e-5
2.3076851426172903e-5
-0.0027740292141212024
-0.004686505454417687
-0.005038493866926004
-0.0038589834208449204
-0.003564816955414997
-0.0031151338724857394
-0.0019963534839421817
-0.0016646452850613371
-0.0007755250559743898
-0.0007982760826834619
-3.198133786197803e-5
