0.013934562561343873
1.8912836210079097e-5
0.0016785099336166355
-0.00040450413944664865
8.49334855283799e-5
-2.4549348271159357e-5
2.1156950148244293e-6
-1.660417808836405e-7
-0.004929449081936647
0.0014111626675089735
-0.000936724841772209
0.00021717028431900387
-9.579932437945413e-5
1.8269792501702094e-5
-2.38703479097058e-6
3.7469445211267103e-6
0.0008823267571934722
-0.0003817821330620096
0.00038211666990777617
-0.00019811841774013518
5.089769094071751e-5
-8.239926952399328e-6
4.358544673370744e-6
-2.245603205179501e-6
-0.00019106995255151521
0.00042841880522418514
-0.00024289828717542763
4.384638114500889e-5
-2.2646937330950745e-6
2.668618321821073e-6
4.389027765112985e-6
-3.776260690578264e-6
0.00010453026541183615
-9.923895035012343e-5
-5.1634828772960864e-5
4.811390764171039e-5
-2.182635757481975e-5
8.677288359352049e-6
2.476507103408943e-6
-7.183961732628247e-6
1.931473815039413e-5
-6.896296183963037e-5
1.6920312058006277e-5
1.0244761094829622e-5
-5.908456310104656e-6
-7.605889272251883e-7
1.0764615834965028e-7
2.154481760133236e-6
-1.348828640331235e-5
-6.149242467948929e-6
1.3532152775114676e-5
-9.969183372938916e-6
9.103245825613094e-6
-4.765617880659735e-6
-6.450462052311911e-6
8.919194385068467e-6
-3.587799525380037e-6
-6.616594387286345e-6
2.3964560985233055e-5
-1.4798488661624043e-5
6.480436495991049e-6
1.59842526264757e-6
-3.767998071562562e-6
5.86935464479305e-9
