-3.766328913676915
0.0029495149758377664
0.004184940529013219
0.0037102962242765614
-0.003893744781223381
0.03646785625645555
0.0008809216702907142
0.015525852363691165
-0.0008698002854140626
0.013772526842539422
-2.2812986271803747e-5
0.019385830125357034
0.0048925569343641635
0.007437622290026674
0.0005621409188267803
0.005517643285910875
-0.0014472161850512598
0.02028000297268945
0.0056316340954602456
0.01118905008784756
0.00041061998579937847
0.003651269121710878
0.005618735916212369
-0.00115456019204539
0.005632377901770432
-0.00052040936655045
0.014096581253561898
0.0067211447941501684
0.007055470321650298
0.0007055868989138259
0.0056137436682014916
0.006190611848036996
0.002352869008681621
0.0023322665284839085
0.001724979583276962
-0.0017585679302683668
0.005663114194681592
0.003119999302898509
0.011607545585368693
0.005926433809806345
0.005112103790715481
0.0018095218025634136
0.0035757347263694348
0.0035970495830304817
0.004355164345273063
0.0031183477806855184
0.0017385489306888944
0.0008731968192913459
0.0019509627375777312
0.0008408626242176423
0.00016458254542011272
-0.0018719205782862327
0.0038566957207844
0.0025799717964744766
0.008383576668087289
0.004243364274560236
0.003930288835356982
0.0010013559308508445
0.0017386043397015194
0.0021544183106173543
0.0034079161211377903
0.0021159717380622185
0.0010648345952430547
0.0018662081217266698
0.0023277284477182217
0.0009949992584669626
0.0009963128404485645
0.0006379575389949583
0.0002983360216970255
-0.0014030902728473908
0.0008793076482747835
0.0013949374670911441
0.00531324434964454
0.002204174779876632
0.001680975797248669
-3.086474655408633e-5
0.0002900506152497502
0.0006106134948383611
0.0017400027371509523
0.0007509187976499704
0.0009948249471144407
0.0008331449084383128
0.00024749802337693545
0.0016646502869573489
0.000374354417950338
0.00039308441572747207
0.0003690356163226542
4.579850799057976e-5
-0.0010722053440895996
-0.00013133294029666183
0.0005995588153678794
0.0024519622198238694
0.0010406779598271462
0.00047105471839794247
-0.0008111015967143782
-0.000185044296341956
0.0006823139182972951
0.00020769263697584015
0.0006598320758270049
0.0002786253722620216
0.0005054966371792803
0.00022828340879060808
0.000713648489348678
0.000401026364446398
0.00031864366935623273
0.00017946091558684242
-0.0005865833762724262
-0.0004385577956276253
0.00012338135684520032
0.0007063779615497265
0.00034369823235022763
-0.0008945669105211476
-0.000193951920792721
-4.6299435144867274e-5
5.779983948613531e-6
0.00010968756074214613
-0.00018709544096667243
0.00016447780979253663
0.00021792235887030904
0.00033703773975103104
4.242146889610371e-5
0.00011517390015088282
-0.0002843665770875103
-0.0001379027420900132
-0.0002674451555835762
-6.596847699493939e-5
-0.0007292642069881671
-0.00021223834699303612
-0.0001264232500343037
-0.00010480251644481622
7.022754229001911e-5
0.0003473525826718447
0.00020621576651389054
7.081484299750609e-5
-0.00018023331021469082
-0.00013506365982098514
-0.0003811899721014459
-3.500348693323116e-5
0.00012597379570158495
0.00011118278421506594
-4.380510107476619e-5
