-2.514072402554522
0.0010196633198956057
0.0040283830558862635
0.003916625843428851
0.0005621899217871643
0.042015684244401844
0.005229657491389681
0.020928275256259756
0.002048513705301465
0.016733059850283418
0.006090639633765127
0.02246727681780213
0.0012552696802558799
0.0036047956397132473
0.0009308010056450769
0.005999491144266469
0.004594942138491945
0.017603228484331605
0.003791929611452175
0.005182845032245463
0.0008490761887662436
0.0014948463308679957
0.0015167526566850114
9.36337508953745e-5
0.0038737251855012226
0.0032137034868838644
0.008632367850523012
0.0034469706605641795
0.0013609688783957343
-4.286964426683626e-5
0.002004250531386472
0.0005153628666740531
0.0005689758382647202
-0.0008118873502579258
0.0030824670377172154
0.0043027586855493224
0.0030421452562858498
0.0027677667348680337
0.0002803756638922688
0.0008680109608238875
0.0007630834776748428
0.00042422543699751226
0.0005189932561363576
-0.0006455846675329531
0.0022156938416352666
0.002355361833849223
0.0005587019487502524
2.9736600927068805e-5
4.469923516978566e-5
0.0005690711660848751
0.000106611275329394
-0.0004010500380801151
0.0008523148914225355
4.5314275094522804e-5
0.00017046833788911313
0.0002132810794876792
