-3.376675949941783
0.002244398860964433
0.003628538822594319
0.004964423280069315
-0.0021258369358290443
0.040116243373992395
0.001911389632887626
0.017410864650790284
-0.0003129202344422176
0.015328561226319462
0.0036964888471524744
0.02212947381751525
0.006560122963169371
0.006700447333600976
0.00033740985262048376
0.006576219613630653
0.0010919619761369883
0.021190163719409617
0.009821222308847992
0.008381218213832567
0.0014528558862133805
0.004770213037722748
0.0036103523667346737
-0.0009990397081330016
0.006077003473442873
0.0019825958725298333
0.012291841864826361
0.00974050339427931
0.0035514025095661986
0.0035333978278146733
0.006733709734310058
0.002950310440420264
0.004341936004308792
0.0020413462714538714
0.0004962723001640025
-0.0016571229151817635
0.004804678396849484
0.004643599697623838
0.00785405265456272
0.007339932594944112
0.0016313734228756802
0.003007484665895997
0.003014115802762115
0.0010350385106137597
0.005714160261371538
0.001794078828964275
0.001254503799993267
0.0017840116142796587
0.000326035639446466
-0.0015533700731062722
0.0027036419903159513
0.0030571088052847063
0.003526373861964566
0.0040577757240847275
0.0006440425159384232
0.0014618515279793375
0.0006914767368684122
0.0029682069461353785
0.0008713325794994636
0.0022831601519519872
0.0015717044487017044
0.0009128509519418336
0.00042426229957072604
-0.000956475192375527
0.00035403521012851126
0.0015481926803961163
0.0016553973159587902
0.001678634205331063
0.00019140652526543537
8.620213914677873e-5
0.0010176394089837174
0.0004797968837405438
0.0006022260217431546
0.0008577977046106155
0.0001319243879788501
0.00014178753637441845
-0.0004891611842259066
-7.740446256687529e-5
0.0006896383799175669
0.0003809844236543119
-0.0004382743231245009
0.00030152167287814997
0.00017267373495388752
0.00018889675629568594
-1.8654926601223377e-5
-6.754304153379882e-5
-0.00028425849106002767
0.0002108197946444739
-0.0001789585600080977
-3.6849419479962585e-5
-8.197530863114942e-5
2.034319275533673e-5
