-2.5289880139055874
0.00017246454345119783
0.008430122064140674
0.025650509144131712
0.008311494117267977
0.08710102921689539
0.010083413249461836
0.026263853101852242
0.005532308345310698
0.026044104432226572
0.016404611725655913
0.016889206758073365
0.004081088120579032
-0.0002544123375051941
0.0028248223171683635
0.005762140643022139
0.006683959814253958
0.014392803179868525
0.0031543689523798038
-0.00036124366685149104
0.00047405745528964757
0.0008900330703361592
0.0004874777689483794
0.003392179708754136
-0.00033916981154427655
-0.000435833770178166
-0.0014237679336274373
7.26148443901331e-5
0.0036641840646610656
-0.0010482694576763702
0.0001431061320795029
