-7.44109365800749
177.16600809603082
-5.880340748482275
-20.374757097587434
13.039820799959626
6.099487057338278
-13.837735668470087
-6.680276752588883
4.644966116433789
4.955585823158104
1.0412213287219252
-8744.321608345239
-1715.3369208168178
1406.9581784791512
-376.5866828972226
-347.1621886750682
226.47399578408422
741.8304417752959
74.50904611165458
12.744307659774424
41476.78180938614
1821.5146642622324
-45629.57904142784
-30006.12884223755
-13359.254003700733
-4513.17770121848
-661.4448689587482
5034.548695017805
3637.0860554433248
357.8579685769321
-27.479060356819005
-44.00910017515289
-20.862249809082552
43.13650106410596
67.70182028896808
-32.61790812464638
-2.607851196120254
-47.80420120669993
151.30115439584517
-18.036337507512815
6008.645798827996
29.84775314935191
3409.9111222352835
2073.8992850828504
214.46239759008162
285.19518795166243
69.93751763646625
-61.06136777653986
12.455031113693561
27.435429809421358
5.026709804637376
33.617589783658474
-2117.7182703010476
-1228.3466118697243
102.09047902433429
10.289247372262782
-15.388012617582367
9.687599730401455
-116.93414061179173
-12.495968013453217
-11047.964530161527
-5817.106480517839
625.372529465295
2256.4550180471265
-625.7469573233212
-3777.4916194929524
-2581.2713133275593
-219.2787852759643
-1.1331770805765633e6
-451464.10838620475
-372162.5035027122
-121566.37230491832
-35255.000050303126
-5524.846463875789
-12500.401600725514
-5053.409628896935
-789.625710091329
-66.86952727044142
915.4015560921889
97.37752762929827
-227.3077650760078
-65.10524601121838
-237.42671033760487
-569.7969335994761
93314.60823333451
21241.10417032969
23868.187410162667
3102.3826416825336
-41.65316521983298
-19.595963224532106
-87.65293513805781
-7.836098911721844
281.14722150942396
-6579.3434850561825
-1250.3051283174875
69.53605933216434
-36.074325267111014
-13884.403451394053
-233957.73092273297
-4336.329999493005
-145102.0627403008
-744.7470807229728
-24662.85781605792
-12793.503281295441
-201.12628394980163
-158.10413737795915
-904.9464317169875
-396.96448117220604
25282.451271226197
22351.8815765561
6433.076554519742
1436.18516061412
-3.481156584693697
-28502.561241089406
11009.74926430613
-4080.3264941694165
-5280.628891532709
-2456.094877973032
4079.1795053074516
-40.47981185041015
-1031.4552209990209
-181.4989912407935
64.21042265000155
136.07698287081638
-30.017468302317265
-12.573987580614812
15.24970601538225
-77.23016047692914
-12.22296775748002
1740.7936946181765
-6872.975819303839
1232.9068853679155
-4.933396730428826
-8.938940840590721
-10.986850430083315
-54.804945771177245
-25.0504761950938
66.67939246853335
1856.4203677036835
-3159.344036924262
-3.9555509087032097
7.148139981178957
