-9.805634651869017
-1276.9481451615982
-488.68688116009986
-1284.510293451262
-490.19528699887013
-43.59514567937315
155.91009094722676
69.80274706287933
-0.9830207419428739
-8.440487450920681
-2.4247802351000827
1584.2682623945793
-1880.8672332220833
-747.7117610754937
671.8021836339349
917.3202237465108
-235.03666878265827
-52.92865673556615
3192.516536779173
2570.2412992114923
429.6978743024562
26.551208793724733
-28.487351357821694
-407.67470270857996
102.67026669207308
182.0195393095829
521.3704217730635
-37.077665828786365
190.35864147414836
51.170662140626376
131.01076475731924
-48.062341278544636
182.49930341327686
-71.9658794154555
-9573.02585808811
-8882.51224832357
4396.09629180519
-2246.22943555797
-2711.7068538489143
-577.2352444006498
-3563.5700897364063
-2063.860016846937
-346.4145251590898
-1139.4000260709086
-29.588461537131415
518.5247830636075
-132.13877961614057
-26.25380345019775
244.09778778103606
140.00038937732742
-215.13518871627036
-46.17137025697064
-40.08900530976214
610.6147674065013
-61.286309154931104
69.12384283437899
-92.03715161527913
