-8.860069177502782
549.8459764055955
263.3499716806611
24.9693238061655
-86.2503290169155
-89.15728878605469
-53.13087011876524
-21.17953124017365
-5.63074065141956
548.922295440428
263.1520088449306
24.97005863684764
-86.13652640168674
-89.08964520561335
-53.063189622165204
-21.172622711756844
-5.656841661054277
-1.3824943762085067
359.7927260667799
60.490601721244786
195.58718446294992
-40.56742295143459
-308.56922557792507
-271.9599895233262
-35.755478505991086
-3.636760005061606
2199.3594734561366
2356.724116859014
383.2985713601881
16.072737694121106
-3.534115191567877
137.03058093656875
88.39075890897973
18.74998451260285
-131.8245294662371
-19.79474577070924
101.39657667324924
22.813381248137432
-46.268044071271156
3.8827115930083274
322.37961237323026
144.025513680571
11.648561456602923
-1.1148675852347205
-1.9813190886380099
27.892069844173836
21.961181318988242
-9.636406509343542
3.084939713578052
0.26713530519938916
5.057727458280508
-1572.6724424921397
-1408.531908703064
-112.33426818378447
769.2729559921131
539.6128350812554
454.09902989244944
25.099820313881956
-9063.457677970266
-4891.435935577342
-120.12430652718692
66.6793433729584
-165.53952372341388
-41.17362926827109
-52.020122416833914
101.13176576809967
253.547153235651
-130.93440410372327
153.96651116915896
-337.55627721877056
-29.791023909343625
-90.34851357901633
65.70414925015417
-164.05619878752162
50.61024292886314
3.9153882064751637
-3126.115063390513
2.9486473765668855
-413.47167318734625
-42.08811905515317
-23.950128262274173
-1451.9007342104014
-90.78761534735894
-72.27047365840697
-30.28159303009384
-22.36312789230985
45.960163767664476
16.053165071368884
-19.317328451386746
-65.91466584520678
9.357435340337304
57.163727968436824
-8.694731270681824
