-9.963832466846652
-336.1235838241785
-207.98657346446296
-334.967750533049
-207.86551992822064
-172.096895322598
-42.580044595050836
-0.5236539902175306
1.0492179969817552
4445.860662713054
4196.176200078726
1280.527566066004
254.25910791685908
13.48593428309964
-257.88448655733265
-159.8212170239501
-20.79385746135124
250.40397576574745
105.68365120692117
10.847553382870517
-3.6557087278001723
-0.8924658104642939
-3323.874184197734
-3889.400979923284
-882.2895545488071
-107.96113237095075
340.449329040262
77.99745083049096
-463.20556210137556
-137.7318664273791
47.07459380451405
-4.486084075731649
