-4.466302457727557
-26.09869049296094
-7.2451223250816685
1.9359119618715075
-1.0262841305319401
0.1436524750764692
-0.2111962704943295
0.007661572402191906
-0.016681714685799747
-17.109072257061026
-32.306822025564045
23.304538947275653
-15.67475219918125
-7.682870709394183
11.918222567270742
1.9630026578523594
5.623219335312906
-3.8969596176210635
1.663515954665111
0.9563351382106754
-1.8697723789941918
0.21272842169124223
-0.8014090309316375
0.6802651501703347
-0.10445429974080266
-0.24098107841055635
0.1181474063965644
-0.21366805545721346
-0.09962268682505111
-0.201401965061379
-0.018434990338251307
0.04044059811383753
0.013817446699698118
-0.009880066268633829
-0.11678892866870057
0.0023422687987404308
-0.05386323129554492
-0.02853643641307841
0.00022415791112042165
-0.01289228273320938
0.09559608612973039
-0.01631466249662677
0.06669920422849494
0.05551938817975061
0.0009794043862972554
-0.006528790533081384
-0.009743998924403459
-0.007260620722085639
-0.004684365255448909
-0.002616136562901355
0.0007632076069615313
0.0007229562280132069
-0.0019516720646229533
-0.0023349147185152443
-0.003611463188813219
-6.161657470972846e-5
-0.0018763588730979729
