-4.113211789398391
11.481016963649179
-15.014447711724655
-14.876336866783323
1.9030933233636937
8.315470687327716
-6.769907575027802
10.46500982329849
-4.925160072258781
-0.12884740096686279
0.14337557482388236
0.09859946383197617
50.32466187439484
-25.10694724917546
62.78824581375577
0.7836068234613228
-59.90313363895141
-51.61940627369741
-29.762049229720652
-20.495089557933518
-4.540347375365108
10.028875978625681
-5.090730801834465
1.8888025618303805
9.021901640311947
9.172254015859636
5.357219490376308
3.6192557394922162
0.16305998066917457
-3.9360720729007204
-0.9210605505870935
-1.4108312642240792
-2.1393226272894674
-2.4880728154220964
-1.4372828064922423
-0.7889267315793895
-1.562468160788989
-1.0965402946289464
-1.8129458421712346
-1.077755717681853
0.018450124284921657
0.4751200245396524
0.45074386232988983
0.2713484488863343
0.3165728982807279
-0.0016354151819257376
0.43633987714690586
0.18280137651677766
-0.1612876007811745
-0.23185367927627412
-0.2248198048577019
-0.11807620474793928
0.08207527321875215
0.19164905770468893
0.13565238613371886
0.14572930954150892
0.09062587257346906
0.042966525855364306
0.027462384197270612
0.013148958687543323
-0.2514434879417545
-0.5712281514763901
-0.3855097862835363
-0.37857503915259344
-0.22524763438988243
-0.14014308870655148
-0.09215781596345599
-0.032457830544248875
0.06046594113815846
0.14444372979724251
0.10120052715222645
0.10822647677736756
0.06539165391468892
0.04116467113010784
0.027535346348739016
0.009802730048009398
-0.01909455797168465
-0.03571752550146258
-0.027496907839592452
-0.022950480251779547
-0.014912396641101408
-0.009253700953007107
-0.005866527468247644
-0.002476694389251694
-0.003655325314597618
-0.00669637716398809
-0.0068617971111806985
-0.00540499825338445
-0.003110237604021877
-0.002873943904867656
-0.0012130870839722864
-0.002987981027451304
