-4.341247425917128
47.643710749568065
16.806248319656703
3.143335333421755
-4.567232335407759
4.276865716453311
2.903065066559549
-0.6620185423859773
-0.10504983315604688
0.10207697832827892
0.0025249928695991603
74.33164488569497
-119.9992516150047
74.44598981462622
53.662169733761765
-26.08540168046028
-40.80250394546646
-17.57841484574539
6.2147266035584945
-3.312725726032148
6.458720528069833
-14.105031870950366
-2.5107896390384634
29.329666811065913
2.5028683856883127
1.439396736769944
7.878815814481971
9.938758401438342
5.562649987532203
0.7659744569270086
1.071834337528287
-0.261174892570035
2.0018874047412134
-0.7483050375476796
-6.7957149819111
-3.431764343888084
-1.9656665487910032
-1.7245298680396344
-1.9916561912050792
-0.9679461847866464
0.03165936115632777
0.18089277527296307
0.12536962254829112
-0.13768058412573655
-1.689727223292938
-1.1023605766388465
-1.5732585526829312
-1.4462108112576206
-0.7337551163063891
-0.2677891635373683
-0.18962338251004512
-0.2717670514223531
-0.32301781108381555
-0.2583633552679305
-0.09427947127854394
0.8333280042485387
1.1761897216282773
1.472051220611295
1.103402379038254
0.7838289387388307
0.5928914362098888
0.40079459760871894
0.31225061654101594
0.25558398446672825
0.18601012892010194
0.07865149224827662
-0.2579177649855513
-0.5197682884606114
-0.7105125235635836
-0.4011500587073353
-0.46323299730289436
-0.43917102690409515
-0.28820609668921604
-0.1736897534526144
-0.09951285660791019
-0.07603396333190472
-0.03557399768442727
0.05010209952417921
0.0656022754922867
0.14495090588549936
0.08985066278016425
0.11440781511372554
0.09529797805530801
0.06644112416541478
0.055080918104737385
0.038909604108471406
0.030291303911006866
0.011378368625576554
-0.026369726759835635
-0.04271427932273148
-0.0351321108550339
-0.020225417660321633
-0.01836023228690041
-0.011758466892188423
-0.007014930775131518
-0.0029845726898251423
-0.00047701584542858886
-0.0011069768696001096
-0.00026680035995008247
-0.014636201730094521
-0.026054630197767815
-0.02415688939146285
-0.021273326057231035
-0.016480211655287933
-0.013682055528149854
-0.009751133771427264
-0.007620273180925501
-0.00309916044341352
-0.0023704088779481127
-0.0016079419572882566
0.0017776999404073542
0.0022962155125419285
0.0028802099481181507
0.0024599695387448528
0.0029125621242425256
0.002514437940971474
0.001232828727837629
0.0006035678678935634
0.0007889533498196885
-3.232287432953013e-5
0.00014400273683811023
0.0019960666027002845
0.0035004022129476206
0.0035033973763671637
0.0031146042269377962
0.002904386008641693
0.0016176019011273643
0.0021992357199896195
0.0018383299979393274
0.0013008942361231982
0.0006387467789602365
0.0008081044322627413
-0.017528102640739153
-0.029867811346923873
-0.028593643452798512
-0.024775653546046664
-0.020878377788993603
-0.01802125416380325
-0.02028217429425676
-0.018229045110719898
-0.014126844559986085
-0.009123516177546781
-0.00872935684078026
