-4.323891991200771
-33.94207448073977
-11.507166369398124
0.5002574466348322
-0.862991984036449
0.5678400071928599
-0.00633907038951707
-32.909622977468274
-10.636943105898677
-6.868981027390653
12.612440565721284
4.720982053640415
4.392748045695786
-0.06783855489838155
0.08619403426863284
-1.8468680506414268
-0.7285585058069826
-0.24761936029799209
0.18399079922904601
0.11977067126747225
0.07057039820450434
0.04426347850239082
0.1269553068425609
-0.041442701576036994
-0.003992438990738582
-0.02839410052137965
-0.06132151294233596
0.01822579074970029
0.11404914560710974
0.09424284377880995
0.05622542141009416
0.057347530629917626
