-6.778987717258029
0.03410955119196776
-0.10063661685296811
0.10144213369007288
0.06060775327545762
0.21895552706991056
-0.009626932979612791
0.06577949496868038
0.03005616102792098
0.2015196953212154
0.021667778364216874
-0.018105615593147648
-0.03600691023936776
-0.012827616002110902
0.02535937658233329
0.07902489322598306
-0.004301859767320126
0.016938084281225986
-0.01598942803283626
-0.0324257931846749
-0.017506530652913643
0.0014175173304996635
0.06876341642278905
0.03857470390380664
-0.009713539372074602
0.009423424868696201
-0.0017970168459694247
0.0011292713891069331
0.037300400503818304
-0.022217342420746945
0.0044152836534807754
