-7.307105736428969
-0.0005566322500540576
-0.0012451974541753228
0.050637407318117195
-0.008349940323769187
0.08409798032358068
0.031287807009156045
0.0647346247601562
0.017682915208607472
0.06659172820313952
0.11941253340602796
0.06212674312117799
0.04704204365939191
0.006558735372265305
0.012439603255949873
0.01936587432522495
0.04957176059650775
0.038587127581316494
0.0026083156390726814
-0.002569915519083098
-0.0012218041273304669
-0.008844781685601098
-0.0003525856818603556
0.009516102567789297
0.017657803265144927
0.026090198172946492
0.01526521561187689
-0.007071968577817411
-0.0020954418764450805
-0.02597502232468766
-0.007337533245486057
-0.015673649837302833
-0.002790993963301989
0.005341671304941553
0.011432356398408262
0.021417943230029494
0.009613709683497633
-0.001982526562562487
-0.01239847324886642
-0.004767011908468943
-0.014503672273925863
-0.003649739764325632
-0.00406207652222524
0.0014075412321802995
0.005007382274756902
0.017541719624483153
-0.0003287085135845312
0.00030210821795332535
-0.0029671268180034393
-0.006973065868176856
-0.0015609116934415868
0.00044525686722865845
0.009811931194795018
0.00026228154328348347
-0.0010766366791241904
0.0011702600820286328
