-7.337500745485126
-0.0030953407158898806
-0.0037998248496664685
0.034915406852910946
-0.01804154869113058
0.06736676326518691
0.027618704704156512
0.06158028608042793
0.01684425625637667
0.05160303746425715
0.0952366926797683
0.05968054830904883
0.03876880676352041
0.007156266412822836
0.012300027846935816
0.016598898515607922
0.040113512557345236
0.04011251787150481
0.00474953173823078
0.0020921279112946166
-0.002743238311090039
-0.008688028586122174
0.0033272064585221895
0.011933371372530789
0.018501098822491402
0.023526905933351015
0.022590719773055414
-0.00272242332872974
0.0006273955885730568
-0.02774429163226173
-0.01043552280995206
0.003121379930738439
-0.01875412110760385
-0.004809371235299503
-0.001310092335770349
0.006946330054189272
0.01568257135577464
0.02252378344902597
0.01872451881542473
0.001594670926599146
0.0028570275385783606
-0.013330613704908758
-0.004716513078445415
0.0017980617927790558
-0.02060135677255981
-0.006125956829200012
-0.004172978121866305
-0.006169163129729843
-0.002252467656548504
0.00351680319937309
0.01282626477488637
0.02299158572549942
0.011330042898211016
0.0047800555365348244
-0.0006906547061667971
-0.002937710800824902
-0.00043796202915492914
-0.009377273832192954
-0.001234091553864204
-0.009870877693979653
-0.0074228319446764356
-0.004886088432046271
-0.0020846446167064182
0.0019423097839916252
0.009598818440228203
0.018350699181991264
0.0075109362444245285
0.0025697988428792285
-0.0017438403002465637
0.0005913071174390398
-0.004186629222675007
-0.0031133649026781457
-0.005621715164475071
-0.004363676279158377
0.0002916995801826291
-0.0025333874309081635
0.0020880174010634123
0.0017112079288649966
0.008928970204795543
-0.0010667513729128739
-0.0010033584736122434
-0.0006049795690254148
-0.0020420879718401536
-0.0035962236849389957
-0.0022523021951159896
-0.002166360482426548
0.00169645905567675
0.004198723923222398
0.0009065406660607277
-0.0013338624492661522
-0.001149441133485296
0.00045767556394353206
