-7.083029342050043
-0.004824326462457618
-0.003413196297588871
0.024530214186161393
-0.02131305785203279
0.056453072983541915
0.023687300979922114
0.05764364943775457
0.01710909722098391
0.03759731316411724
0.0753978682678966
0.04925954519497789
0.02873776400531209
0.0014889843606916264
0.011855187679867636
0.01105584109937803
0.02571022007376711
0.03824703236976774
-0.0007511066933725553
-0.006695757520473112
-0.006428846483292264
-0.010245356555376506
0.003444071235665003
0.013658844199575321
0.018295025510908763
0.01591114671207946
0.022942496240095978
0.0015151852587253893
-0.0010475158464766244
-0.030195289813003394
-0.014262099211553591
0.004181008809366382
-0.017613772742977277
-0.0041037002657706035
0.002878593448333759
0.008205370808229029
0.015368606266153233
0.019883424721678804
0.024921992336366768
0.0047849191857645655
-0.0007193864628939371
-0.014353876927200065
-0.0018465327430436627
0.006660399051675144
-0.02372267772852362
-0.00812180631342975
0.003842495064784594
-0.0047954003025645715
-0.007041844804126848
-0.0008844132635143358
-0.0008151172456619248
0.00406495515754108
0.015775638552132813
0.019720338349431828
0.01869990528530433
0.011348793238425244
0.00300198602822326
-0.007384165484936036
0.0010424651930849476
0.007166666179024524
-0.011382444025111696
-0.0017737927112454113
0.0027889683355224524
-0.013227763262601482
-0.01144201171451457
0.0011426844664815363
-0.006422203778478338
-0.0019822780686120363
1.7462310591853333e-5
0.002693203699358733
0.013759796535010572
0.018844951505963065
0.0173981815845394
0.00937205560591533
0.0010818977944361992
-0.0025257824544499554
0.006014136396486513
0.0020746823792849706
-0.007807527248405496
-0.0016339594380047266
-0.004308270909623857
-0.008831153803080905
0.0015599927155786032
-0.007676319790246932
-0.0005072115596510571
-0.0005260207659944836
-0.004762215805581036
-0.0020533416560537428
0.002631173467668898
0.00692947684973054
0.011542333686121273
0.009083710478352077
0.007807723414434397
-0.0002678495588937428
-0.0014775470128788079
0.006245542031860218
-0.004476394280818519
-0.001244782817541521
-0.004482851034065495
-0.001987704920223009
-0.006535168239670152
0.0008090560711097079
-0.004788812913477423
-0.0035791569452292716
-0.004515433776250181
-0.00041695275619466044
0.0028055822598626497
0.003739888948899524
0.007559514240215798
0.005484297000056095
0.005439042055628958
-4.034177542779805e-5
0.0045292562469541565
-0.005337985961274208
-0.004450410708147069
-0.004492479579807769
-0.003652034913529488
-0.005755413741110742
-0.005181203565867782
-0.003547535495631488
-0.0009891046727864446
-0.0020625061505934105
0.0005929557451657494
0.0005146760989245624
0.0024738003989107286
0.001415273279821985
-0.0018978315991402647
-0.0027655672964224743
-0.002283148731604978
-0.001281475087921241
-0.0009860847164233294
-0.001106487752028248
-0.0018284232320439511
-0.0016183121958053175
0.0007845129469590632
0.0031327390633826137
0.0008388966926425336
-0.0009543373801546218
-0.0010691697323017637
-0.0010463103131134162
-0.000337275166760588
