-7.867434775046586
24963.82115585082
6869.285089045893
-3025.812018651576
-4053.578418500428
-1771.2300027855342
-220.60367638981498
106.39704977187543
32.77364171176116
-5.776815263207207
-2.923266723925001
271472.3871177059
174643.34979566463
-75092.73589440023
-68988.95092513152
-56453.46214644886
-40521.326799795796
-16511.62499046863
-3020.554063484958
-746.4349731654579
-1.0478030790771468e6
-1.0241573603221076e6
-672876.9698255048
-205797.25125514442
-68247.51785541761
-19293.00876924604
-2419.0388428573037
7973.33350725372
5965.17230327864
700.9859805731099
-1.1638259895160088
-50.46666817855166
-22.193549321651023
8479.274079343542
-26446.294984107746
14330.197042522812
15523.875707456158
4353.396961168102
-143.65539601344753
747.5148768989174
15923.89130823231
-50033.57120778884
33390.79836011223
13648.140716975158
1277.511020703365
460.0511599714049
108.82988197943891
-11253.998374398514
-3970.396941025202
2116.2491734520395
1371.5469349787245
-1023.1775902824745
-27310.481608302616
-10138.923740426166
11.410830590015037
-345.344205463212
-201.13405055296147
1494.363201246765
-473.7233860744362
-577.6670409011402
416829.78174276394
1.0232924518501529e6
293013.82163485285
26634.764543258963
-9492.678921277797
12646.29606842824
-18272.817922272843
-6723.091059153662
-5.111495891758296e6
-2.9573963976845876e6
-1.1450357715595404e6
-721881.0228328584
-165096.66435765443
-14315.778099710005
-16174.161827143518
-5833.812210076141
-580.939241635219
-57.640411657743854
502542.1434804387
24494.506215043697
9323.119872488694
38810.50969297156
60866.117570091075
13403.550959712798
-95352.96569214846
16941.03626178515
-34664.58326743571
-6179.429921344681
-115.95797242490967
-18323.591230368907
-16007.979080584642
-47785.19570522259
-6656.744317144782
11862.609703171582
379.0711245842014
11629.1677517508
1836.0851151817492
-18922.262458260153
-651713.348782068
-5280.521265856415
-1.0364546820302296e6
-768.9153503886014
-302441.2241652671
-53826.42823611098
-2208.033102032262
-127.98570384760195
-2803.4409920940775
-471.5696300443068
773832.9746275686
562164.2362897977
53684.33485958266
857.2996337967818
-269.1517480861241
-287013.86569588253
-61850.2345334872
-11386.26389181037
63343.94304661747
3709.0347922811834
8503.821463371925
-36.544968141153916
-2286.6110140231726
-259.02566384240555
-196.99119707248207
101.09532952312455
69347.57811358025
-13639.583261828218
-17549.95885886198
-2969.823736990717
-1494.976960134293
2747.739373222524
39857.24915981935
4191.574596214905
-16721.87617708062
-4270.039940758103
2910.256952212604
2340.5313473995698
-2303.993637006955
-34098.46170584011
-1386.9462981804954
-6021.588914454197
-1672.3849656262819
75.65659905619417
