-9.245240164158037
993.8567091328781
-3440.2204033493954
-4003.7219917177445
-739.1749130428183
-650.1985275220035
-934.5167623493403
239.64299163388011
8.958483019722848
234.00523286915177
1773.2992580122398
807.5217665175978
-2266.3793938098056
-1262.7881008195232
62.183363853075804
-517.9000282470518
-65.55252885311842
-5.247164550081638
4983.738350864356
9374.32199907262
16511.255469504034
12256.610842490527
4958.759297521182
1621.851158963659
351.24447574962954
22.046004014837788
-3866.7197849495606
-3624.5370634255487
-1103.4694510691031
-224.12233134067682
-22.114774339519432
163.0524868931929
104.76458350665142
20.218660211436593
-1620.8820630845817
11.576811340767081
1596.854802714675
464.282934848366
205.13310481157265
58.97913979556009
-228.3459429588788
-112.33747433755613
-9.419924555478435
-0.3866124150776363
-257.4776639229778
53.97461533152356
-172.09303255512017
-41.25569319926748
-3.9482096280380627
77.89273351139722
15.827329880083534
18108.9724461289
-15252.165429650831
24140.08798971722
22361.597029458855
9915.779286103683
2135.497778620621
100.02647953558574
-199.155457556319
868.1075917986552
702.3998025059145
134.37692834259903
-180.71204862560455
-48.051860809424056
-37249.8141464119
-22859.475353047135
-1652.7972688645507
1949.8267294933355
579.7335860350729
12.95837109018998
45.68725654971523
-4100.329457955868
-2335.6763505681597
-266.69388714192854
-42.115339816905596
-22.897451885080848
-1434.5073656743843
0.489282766626561
-142.93151687653514
-19.419616376208882
-30.64057109802687
-771.849139166578
-57.2276876544943
-18.030611295758295
-30.262590220775092
-2481.3067920947424
-775.4450171317606
-808.8910201693354
-107.77561814408762
-42.288409506846705
538.2997896591851
23.841632643319794
19.733164564162056
