0.019081055718779414
-0.00018664632997267294
0.0003776622005138449
-0.0008548384312838964
-0.000334258606564705
-0.0013443825831784904
0.00037151328200252313
0.001000967225130241
-0.0040154128512958805
-0.001481667985504931
0.00024113447838825403
0.0010211630916724453
0.002335273524919672
0.0022612358069349146
-0.0005621918931498436
-0.0023869609263208135
0.0014871052477205375
0.002859415097703559
-0.0005938326548739223
-0.0010306007778436263
-0.0036240382712876035
-0.0013227664867509607
0.001219716932697387
0.0016197320021501436
-0.00010910617022387456
-0.0016555335766750968
-0.0015204598065810366
0.0024795490795952286
0.00232247471065448
0.0004967212858577247
-0.002153534189168206
0.00026557904258558865
-0.0003358937815712048
-0.0003166441997672255
0.0018688692345947154
-0.0017263765943571643
-0.0002751604591100706
0.0014005624359054655
0.0005027801559717821
-0.0011851826061892452
0.0010530288721095498
0.0009894360260073794
0.0004661573539298228
-0.001871157805673693
-0.00029091646323096
-0.0033556720137863415
0.002292694611722728
0.000711023879553912
-0.001045723709168728
-0.002643180210206859
-0.002147188496903844
0.0037404891429764623
0.004457309469977133
0.0005056790589347527
-0.0020550112684388417
-0.0007822880975909423
0.0003755939819091018
0.00217285751515741
0.0011627252649376479
-0.0017528431841914252
-0.004332784003600995
0.001295165540868915
0.000317677113140566
0.0008249341342698828
