4.25	0.9	0.05735896749707607
4.252200649112194	0.9	0.056333405827632084
4.256589033052544	0.9	0.05418307936573866
4.2631393990391215	0.9	0.050780517015774684
4.271813306919681	0.9	0.046086615117174136
4.282559854753749	0.9	0.04027027471366746
4.295315977525459	0.9	0.03378414866564679
4.3100068172341395	0.9	0.027360285924981992
4.326546162190822	0.9	0.02191221427422782
4.34483695294272	0.9	0.018358391834919
4.364771851856689	0.9	0.017407716878952706
4.386233873019137	0.9	0.019363186077015305
4.409097068755885	0.9	0.023999877948847708
4.4332272687432	0.9	0.030557505715048602
4.458482867372603	0.9	0.03785966630660419
4.484715654748892	0.9	0.04453899241396525
4.511771686444731	0.9	0.049318617286047056
4.539492186907772	0.9	0.051283689840698816
4.567714481218726	0.9	0.05007697130813512
4.596272949732473	0.9	0.045970099019320365
4.625	0.9	0.03979252949448176
4.653727050267527	0.9	0.03273555504115996
4.682285518781274	0.9	0.026079815803674047
4.710507813092227	0.9	0.020913226831822545
4.738228313555268	0.9	0.017907387728614933
4.765284345251108	0.9	0.017204181072112357
4.791517132627397	0.9	0.018434920999444337
4.8167727312568	0.9	0.020860040080034035
4.840902931244115	0.9	0.02358709659334621
4.863766126980863	0.9	0.025806769549373807
4.885228148143311	0.9	0.026984996158144828
4.90516304705728	0.9	0.02696441240269352
4.923453837809178	0.9	0.02595520149087535
4.9399931827658605	0.9	0.024426598242710554
4.954684022474541	0.9	0.022936937656312113
4.967440145246251	0.9	0.02195504031705638
4.978186693080319	0.9	0.021725121860236132
4.9868606009608785	0.9	0.022211976015802826
4.993410966947456	0.9	0.023137769174401784
4.997799350887806	0.9	0.024093991221681453
5.0	0.9	0.02469005566465453
4.25	0.9017605192897558	0.05545850232306988
4.252200649112194	0.9017605192897558	0.054473965993297874
4.256589033052544	0.9017605192897558	0.05244427750112335
4.2631393990391215	0.9017605192897558	0.04930399830556059
4.271813306919681	0.9017605192897558	0.045073800056419436
4.282559854753749	0.9017605192897558	0.03995170446538274
4.295315977525459	0.9017605192897558	0.034366653004510445
4.3100068172341395	0.9017605192897558	0.02896560677776282
4.326546162190822	0.9017605192897558	0.024524471613411813
4.34483695294272	0.9017605192897558	0.021796712459809204
4.364771851856689	0.9017605192897558	0.02133462593245785
4.386233873019137	0.9017605192897558	0.02333044244701553
4.409097068755885	0.9017605192897558	0.027523674877294842
4.4332272687432	0.9017605192897558	0.033206975710769165
4.458482867372603	0.9017605192897558	0.03933859389113456
4.484715654748892	0.9017605192897558	0.044741679111834215
4.511771686444731	0.9017605192897558	0.048346744161279945
4.539492186907772	0.9017605192897558	0.04942027952022391
4.567714481218726	0.9017605192897558	0.04772377785283056
4.596272949732473	0.9017605192897558	0.04356332376781766
4.625	0.9017605192897558	0.037716507639910836
4.653727050267527	0.9017605192897558	0.031253843808656
4.682285518781274	0.9017605192897558	0.02529811744499523
4.710507813092227	0.9017605192897558	0.020780216870601415
4.738228313555268	0.9017605192897558	0.018250046947280635
4.765284345251108	0.9017605192897558	0.017786120828916913
4.791517132627397	0.9017605192897558	0.01902146932374313
4.8167727312568	0.9017605192897558	0.02127356950882963
4.840902931244115	0.9017605192897558	0.02374005049856466
4.863766126980863	0.9017605192897558	0.025706778566360732
4.885228148143311	0.9017605192897558	0.02671433554430511
4.90516304705728	0.9017605192897558	0.02664265460228259
4.923453837809178	0.9017605192897558	0.025697546670096633
4.9399931827658605	0.9017605192897558	0.02431021801897962
4.954684022474541	0.9017605192897558	0.022984044946687817
4.967440145246251	0.9017605192897558	0.022135571848930287
4.978186693080319	0.9017605192897558	0.021975725801151678
4.9868606009608785	0.9017605192897558	0.022463285219591223
4.993410966947456	0.9017605192897558	0.02334003521257319
4.997799350887806	0.9017605192897558	0.02423248451299421
5.0	0.9017605192897558	0.02478563757085575
4.25	0.9052712264420352	0.05193489704263611
4.252200649112194	0.9052712264420352	0.05106384265497288
4.256589033052544	0.9052712264420352	0.04931762079502573
4.2631393990391215	0.9052712264420352	0.046719936684703936
4.271813306919681	0.9052712264420352	0.043372905638725694
4.282559854753749	0.9052712264420352	0.03950412369672453
4.295315977525459	0.9052712264420352	0.03548652367080693
4.3100068172341395	0.9052712264420352	0.03181399082909822
4.326546162190822	0.9052712264420352	0.02902881072221543
4.34483695294272	0.9052712264420352	0.027612747070244928
4.364771851856689	0.9052712264420352	0.027867133364602465
4.386233873019137	0.9052712264420352	0.029814474503870328
4.409097068755885	0.9052712264420352	0.03315209422797606
4.4332272687432	0.9052712264420352	0.037277287620078065
4.458482867372603	0.9052712264420352	0.04138586200880178
4.484715654748892	0.9052712264420352	0.044626486635123024
4.511771686444731	0.9052712264420352	0.04627727694120507
4.539492186907772	0.9052712264420352	0.04590311574256749
4.567714481218726	0.9052712264420352	0.04345489121277136
4.596272949732473	0.9052712264420352	0.03928480299984615
4.625	0.9052712264420352	0.03407202007888888
4.653727050267527	0.9052712264420352	0.028675109035349068
4.682285518781274	0.9052712264420352	0.023945981590597777
4.710507813092227	0.9052712264420352	0.0205497536406122
4.738228313555268	0.9052712264420352	0.018833250167625767
4.765284345251108	0.9052712264420352	0.018772315694190782
4.791517132627397	0.9052712264420352	0.020007898745480437
4.8167727312568	0.9052712264420352	0.02195840514191265
4.840902931244115	0.9052712264420352	0.023976985763079894
4.863766126980863	0.9052712264420352	0.025512154360771807
4.885228148143311	0.9052712264420352	0.026230994898919672
4.90516304705728	0.9052712264420352	0.02607576636416142
4.923453837809178	0.9052712264420352	0.02524361896159317
4.9399931827658605	0.9052712264420352	0.024100129701433007
4.954684022474541	0.9052712264420352	0.023054699245728852
4.967440145246251	0.9052712264420352	0.02243488289690767
4.978186693080319	0.9052712264420352	0.022395186478257625
4.9868606009608785	0.9052712264420352	0.022884443352955995
4.993410966947456	0.9052712264420352	0.023678041808183222
4.997799350887806	0.9052712264420352	0.024462177879293737
5.0	0.9052712264420352	0.02494242461468295
4.25	0.9105115192312975	0.047291245860705225
4.252200649112194	0.9105115192312975	0.04665351239915624
4.256589033052544	0.9105115192312975	0.04541450296816894
4.2631393990391215	0.9105115192312975	0.04365712156280384
4.271813306919681	0.9105115192312975	0.04152464482052774
4.282559854753749	0.9105115192312975	0.0392287161255913
4.295315977525459	0.9105115192312975	0.03704147169895549
4.3100068172341395	0.9105115192312975	0.035265842695802546
4.326546162190822	0.9105115192312975	0.03418505197008177
4.34483695294272	0.9105115192312975	0.034000179529930216
4.364771851856689	0.9105115192312975	0.03477085435046302
4.386233873019137	0.9105115192312975	0.03637642995261013
4.409097068755885	0.9105115192312975	0.03851224933668094
4.4332272687432	0.9105115192312975	0.04072809523628015
4.458482867372603	0.9105115192312975	0.042505406149271896
4.484715654748892	0.9105115192312975	0.04335909116908304
4.511771686444731	0.9105115192312975	0.04294183775823679
4.539492186907772	0.9105115192312975	0.04112611753783375
4.567714481218726	0.9105115192312975	0.038042768609849634
4.596272949732473	0.9105115192312975	0.03406447390269744
4.625	0.9105115192312975	0.02973545118950166
4.653727050267527	0.9105115192312975	0.02566194040228437
4.682285518781274	0.9105115192312975	0.022388132198982356
4.710507813092227	0.9105115192312975	0.020286286482490305
4.738228313555268	0.9105115192312975	0.019486710258304875
4.765284345251108	0.9105115192312975	0.01986365293363399
4.791517132627397	0.9105115192312975	0.021079431938556662
4.8167727312568	0.9105115192312975	0.02267475059136095
4.840902931244115	0.9105115192312975	0.024181938611895465
4.863766126980863	0.9105115192312975	0.02523265695803737
4.885228148143311	0.9105115192312975	0.025633792855477098
4.90516304705728	0.9105115192312975	0.025394199710673748
4.923453837809178	0.9105115192312975	0.024698187659974356
4.9399931827658605	0.9105115192312975	0.02383567973596272
4.954684022474541	0.9105115192312975	0.02310997459793168
4.967440145246251	0.9105115192312975	0.022749194192441584
4.978186693080319	0.9105115192312975	0.022845459600509245
4.9868606009608785	0.9105115192312975	0.023337309252714322
4.993410966947456	0.9105115192312975	0.024038295133950505
4.997799350887806	0.9105115192312975	0.02470159446910994
5.0	0.9105115192312975	0.025100495091100444
4.25	0.9174506455357443	0.04216421300048062
4.252200649112194	0.9174506455357443	0.04191726062219993
4.256589033052544	0.9174506455357443	0.04145009633010671
4.2631393990391215	0.9174506455357443	0.04081728225154523
4.271813306919681	0.9174506455357443	0.04010123596066965
4.282559854753749	0.9174506455357443	0.0394079104429792
4.295315977525459	0.9174506455357443	0.03885520360510295
4.3100068172341395	0.9174506455357443	0.03855319326537408
4.326546162190822	0.9174506455357443	0.038578376120172314
4.34483695294272	0.9174506455357443	0.03894723410084969
4.364771851856689	0.9174506455357443	0.03959650659573616
4.386233873019137	0.9174506455357443	0.04037759009038864
4.409097068755885	0.9174506455357443	0.04107014985456611
4.4332272687432	0.9174506455357443	0.041415667257365125
4.458482867372603	0.9174506455357443	0.04116629619575703
4.484715654748892	0.9174506455357443	0.04013952026025029
4.511771686444731	0.9174506455357443	0.03826616502221836
4.539492186907772	0.9174506455357443	0.03561938603701352
4.567714481218726	0.9174506455357443	0.03241562125984725
4.596272949732473	0.9174506455357443	0.02898456108073319
4.625	0.9174506455357443	0.025712548377579594
4.653727050267527	0.9174506455357443	0.02297061744392764
4.682285518781274	0.9174506455357443	0.02104278872882239
4.710507813092227	0.9174506455357443	0.020070965444241154
4.738228313555268	0.9174506455357443	0.02002945126858508
4.765284345251108	0.9174506455357443	0.02073540559058814
4.791517132627397	0.9174506455357443	0.02189307074769673
4.8167727312568	0.9174506455357443	0.023161463277430384
4.840902931244115	0.9174506455357443	0.02422951020069685
4.863766126980863	0.9174506455357443	0.02488083944953704
4.885228148143311	0.9174506455357443	0.025033110015245778
4.90516304705728	0.9174506455357443	0.024743247997146396
4.923453837809178	0.9174506455357443	0.024178593046159214
4.9399931827658605	0.9174506455357443	0.023562529483458928
4.954684022474541	0.9174506455357443	0.023109455299249355
4.967440145246251	0.9174506455357443	0.022966301584499686
4.978186693080319	0.9174506455357443	0.02317565632928179
4.9868606009608785	0.9174506455357443	0.023669466211899512
4.993410966947456	0.9174506455357443	0.024293924198023658
4.997799350887806	0.9174506455357443	0.024857741078884218
5.0	0.9174506455357443	0.02518979368835926
4.25	0.926047883802999	0.03721050581303159
4.252200649112194	0.926047883802999	0.0375126120216589
4.256589033052544	0.926047883802999	0.038062567287451526
4.2631393990391215	0.926047883802999	0.038764528229786335
4.271813306919681	0.926047883802999	0.039502728550827815
4.282559854753749	0.926047883802999	0.04016589125988475
4.295315977525459	0.926047883802999	0.04066747459003538
4.3100068172341395	0.926047883802999	0.04095626807527992
4.326546162190822	0.926047883802999	0.041014964242302276
4.34483695294272	0.926047883802999	0.040848177346695234
4.364771851856689	0.926047883802999	0.04046478579378187
4.386233873019137	0.926047883802999	0.03986137515599712
4.409097068755885	0.926047883802999	0.03901332599331352
4.4332272687432	0.926047883802999	0.03787773156741816
4.458482867372603	0.926047883802999	0.03640850005669019
4.484715654748892	0.926047883802999	0.03457981937282022
4.511771686444731	0.926047883802999	0.03241091407410088
4.539492186907772	0.926047883802999	0.029983751536593797
4.567714481218726	0.926047883802999	0.027446562846764444
4.596272949732473	0.926047883802999	0.024999524452278734
4.625	0.926047883802999	0.022863812068377187
4.653727050267527	0.926047883802999	0.021240153896196975
4.682285518781274	0.926047883802999	0.02026656168227748
4.710507813092227	0.926047883802999	0.019986014452199788
4.738228313555268	0.926047883802999	0.020333065880145416
4.765284345251108	0.926047883802999	0.021143992851731592
4.791517132627397	0.926047883802999	0.022189275532420203
4.8167727312568	0.926047883802999	0.023221422603045966
4.840902931244115	0.926047883802999	0.024026993109489095
4.863766126980863	0.926047883802999	0.02447029096408778
4.885228148143311	0.926047883802999	0.024518067651825275
4.90516304705728	0.926047883802999	0.02423924679130643
4.923453837809178	0.926047883802999	0.02377999492358302
4.9399931827658605	0.926047883802999	0.023320758545195996
4.954684022474541	0.926047883802999	0.023026498010907413
4.967440145246251	0.926047883802999	0.023003034565340516
4.978186693080319	0.926047883802999	0.023270718596457327
4.9868606009608785	0.926047883802999	0.02376196271233044
4.993410966947456	0.926047883802999	0.024342796304021256
4.997799350887806	0.926047883802999	0.024852191913814596
5.0	0.926047883802999	0.025148203142917335
4.25	0.9362527820203677	0.032995328819514634
4.252200649112194	0.9362527820203677	0.03395024325333492
4.256589033052544	0.9362527820203677	0.03565652715601897
4.2631393990391215	0.9362527820203677	0.03775243414159396
4.271813306919681	0.9362527820203677	0.03979766522675954
4.282559854753749	0.9362527820203677	0.0413680857135054
4.295315977525459	0.9362527820203677	0.04214299857514153
4.3100068172341395	0.9362527820203677	0.04196489446109205
4.326546162190822	0.9362527820203677	0.0408590158610675
4.34483695294272	0.9362527820203677	0.039010460631935584
4.364771851856689	0.9362527820203677	0.03670714925453847
4.386233873019137	0.9362527820203677	0.03426503443187262
4.409097068755885	0.9362527820203677	0.031955422061701225
4.4332272687432	0.9362527820203677	0.029952443412279768
4.458482867372603	0.9362527820203677	0.028312252591565133
4.484715654748892	0.9362527820203677	0.02698632606478119
4.511771686444731	0.9362527820203677	0.02586189391035033
4.539492186907772	0.9362527820203677	0.024815575832651003
4.567714481218726	0.9362527820203677	0.023763534447816044
4.596272949732473	0.9362527820203677	0.022693488870321653
4.625	0.9362527820203677	0.02167000416961965
4.653727050267527	0.9362527820203677	0.020812735605637175
4.682285518781274	0.9362527820203677	0.020255349795891595
4.710507813092227	0.9362527820203677	0.020098385097762538
4.738228313555268	0.9362527820203677	0.020370833663995044
4.765284345251108	0.9362527820203677	0.021012388531476637
4.791517132627397	0.9362527820203677	0.021882011592899184
4.8167727312568	0.9362527820203677	0.022790622071263096
4.840902931244115	0.9362527820203677	0.023548577728942456
4.863766126980863	0.9362527820203677	0.024014276573663618
4.885228148143311	0.9362527820203677	0.02412987263887056
4.90516304705728	0.9362527820203677	0.02393383541948558
4.923453837809178	0.9362527820203677	0.023546776957029433
4.9399931827658605	0.9362527820203677	0.0231346700293152
4.954684022474541	0.9362527820203677	0.022860057858693383
4.967440145246251	0.9362527820203677	0.022835249525839842
4.978186693080319	0.9362527820203677	0.02309084342775071
4.9868606009608785	0.9362527820203677	0.023568430279756133
4.993410966947456	0.9362527820203677	0.024139307530960146
4.997799350887806	0.9362527820203677	0.02464352109907531
5.0	0.9362527820203677	0.0249377061051256
4.25	0.9480054537873116	0.02990487890131209
4.252200649112194	0.9480054537873116	0.031504139677771346
4.256589033052544	0.9480054537873116	0.03431226711992825
4.2631393990391215	0.9480054537873116	0.03764001454148697
4.271813306919681	0.9480054537873116	0.04066002369027328
4.282559854753749	0.9480054537873116	0.042597738121392136
4.295315977525459	0.9480054537873116	0.04290661827287391
4.3100068172341395	0.9480054537873116	0.041386416095752034
4.326546162190822	0.9480054537873116	0.03821803970640964
4.34483695294272	0.9480054537873116	0.033909544542586344
4.364771851856689	0.9480054537873116	0.02916958392144365
4.386233873019137	0.9480054537873116	0.02474170326774774
4.409097068755885	0.9480054537873116	0.021240983139190924
4.4332272687432	0.9480054537873116	0.01903195296083639
4.458482867372603	0.9480054537873116	0.018174453521203886
4.484715654748892	0.9480054537873116	0.018445734309267145
4.511771686444731	0.9480054537873116	0.019427519990227547
4.539492186907772	0.9480054537873116	0.02063117328070476
4.567714481218726	0.9480054537873116	0.021626286857303514
4.596272949732473	0.9480054537873116	0.022139702078035277
4.625	0.9480054537873116	0.022102146030666958
4.653727050267527	0.9480054537873116	0.02163523803135289
4.682285518781274	0.9480054537873116	0.02098808649696326
4.710507813092227	0.9480054537873116	0.02044558616850532
4.738228313555268	0.9480054537873116	0.02023653166679545
4.765284345251108	0.9480054537873116	0.02046752798725484
4.791517132627397	0.9480054537873116	0.02109944976148162
4.8167727312568	0.9480054537873116	0.021969847938578937
4.840902931244115	0.9480054537873116	0.022851208839023442
4.863766126980863	0.9480054537873116	0.023525176530864337
4.885228148143311	0.9480054537873116	0.02384937317805745
4.90516304705728	0.9480054537873116	0.023796991976157394
4.923453837809178	0.9480054537873116	0.023458543183466102
4.9399931827658605	0.9480054537873116	0.02300706590413077
4.954684022474541	0.9480054537873116	0.022639149691866655
4.967440145246251	0.9480054537873116	0.022511001378235473
4.978186693080319	0.9480054537873116	0.022689626694448514
4.9868606009608785	0.9480054537873116	0.02313390577718744
4.993410966947456	0.9480054537873116	0.023710684181023862
4.997799350887806	0.9480054537873116	0.024240000273129135
5.0	0.9480054537873116	0.024554593965650205
4.25	0.9612369297526578	0.028098873468245078
4.252200649112194	0.9612369297526578	0.030181064488517772
4.256589033052544	0.9612369297526578	0.03378431029285499
4.2631393990391215	0.9612369297526578	0.037923106295202895
4.271813306919681	0.9612369297526578	0.04142729223608027
4.282559854753749	0.9612369297526578	0.04322564867132975
4.295315977525459	0.9612369297526578	0.04260401808375555
4.3100068172341395	0.9612369297526578	0.039375716454721474
4.326546162190822	0.9612369297526578	0.03392454454704912
4.34483695294272	0.9612369297526578	0.027112739456172808
4.364771851856689	0.9612369297526578	0.020079455419160907
4.386233873019137	0.9612369297526578	0.013981396430075298
4.409097068755885	0.9612369297526578	0.009739638275602622
4.4332272687432	0.9612369297526578	0.007852719845295867
4.458482867372603	0.9612369297526578	0.008317280110804764
4.484715654748892	0.9612369297526578	0.01066917016408864
4.511771686444731	0.9612369297526578	0.014127668229022757
4.539492186907772	0.9612369297526578	0.01780099257138848
4.567714481218726	0.9612369297526578	0.020898741595523334
4.596272949732473	0.9612369297526578	0.022898853420934735
4.625	0.9612369297526578	0.023631914059299125
4.653727050267527	0.9612369297526578	0.02326946835315833
4.682285518781274	0.9612369297526578	0.022228671757138874
4.710507813092227	0.9612369297526578	0.021026277102347456
4.738228313555268	0.9612369297526578	0.020125392734242745
4.765284345251108	0.9612369297526578	0.019816516828964067
4.791517132627397	0.9612369297526578	0.0201613609247792
4.8167727312568	0.9612369297526578	0.02100818853987548
4.840902931244115	0.9612369297526578	0.022066713074684517
4.863766126980863	0.9612369297526578	0.02301484474040296
4.885228148143311	0.9612369297526578	0.02360286803109342
4.90516304705728	0.9612369297526578	0.023724305396933393
4.923453837809178	0.9612369297526578	0.02343508136993554
4.9399931827658605	0.9612369297526578	0.02291953370701205
4.954684022474541	0.9612369297526578	0.022418088936531737
4.967440145246251	0.9612369297526578	0.022142235081362104
4.978186693080319	0.9612369297526578	0.022204815836366798
4.9868606009608785	0.9612369297526578	0.022587302501646266
4.993410966947456	0.9612369297526578	0.02315288069469593
4.997799350887806	0.9612369297526578	0.023699100928148056
5.0	0.9612369297526578	0.02403123616004054
4.25	0.9758695623541764	0.027509765163221768
4.252200649112194	0.9758695623541764	0.029753258911830918
4.256589033052544	0.9758695623541764	0.0335885233864113
4.2631393990391215	0.9758695623541764	0.0378751693683023
4.271813306919681	0.9758695623541764	0.04126952821872531
4.282559854753749	0.9758695623541764	0.04256128675195652
4.295315977525459	0.9758695623541764	0.040977980816351664
4.3100068172341395	0.9758695623541764	0.03638269435573962
4.326546162190822	0.9758695623541764	0.02931766011452498
4.34483695294272	0.9758695623541764	0.020885242530810304
4.364771851856689	0.9758695623541764	0.01249799227948899
4.386233873019137	0.9758695623541764	0.005560887310579001
4.409097068755885	0.9758695623541764	0.0011637609357211314
4.4332272687432	0.9758695623541764	-0.00014307637754228672
4.458482867372603	0.9758695623541764	0.0015599583746810145
4.484715654748892	0.9758695623541764	0.005619036938225253
4.511771686444731	0.9758695623541764	0.010991077318085508
4.539492186907772	0.9758695623541764	0.016503155579735796
4.567714481218726	0.9758695623541764	0.021120116765174973
4.596272949732473	0.9758695623541764	0.024155585891545792
4.625	0.9758695623541764	0.025380094981278335
4.653727050267527	0.9758695623541764	0.025009171217193017
4.682285518781274	0.9758695623541764	0.023585816232559544
4.710507813092227	0.9758695623541764	0.021797452371008136
4.738228313555268	0.9758695623541764	0.02028074083515933
4.765284345251108	0.9758695623541764	0.019465948217785935
4.791517132627397	0.9758695623541764	0.01949721469179503
4.8167727312568	0.9758695623541764	0.020241221440867197
4.840902931244115	0.9758695623541764	0.021371462835710748
4.863766126980863	0.9758695623541764	0.02249567053345175
4.885228148143311	0.9758695623541764	0.023284992984627585
4.90516304705728	0.9758695623541764	0.02356707431419677
4.923453837809178	0.9758695623541764	0.023359326237255337
4.9399931827658605	0.9758695623541764	0.02283864013849906
4.954684022474541	0.9758695623541764	0.02226332889407201
4.967440145246251	0.9758695623541764	0.02187646081882081
4.978186693080319	0.9758695623541764	0.02182331075704493
4.9868606009608785	0.9758695623541764	0.022108867237626874
4.993410966947456	0.9758695623541764	0.022606802629042397
4.997799350887806	0.9758695623541764	0.02311388892331548
5.0	0.9758695623541764	0.023429093956607
4.25	0.9918174814853513	0.027884963276698635
4.252200649112194	0.9918174814853513	0.029842646910365738
4.256589033052544	0.9918174814853513	0.03315309246481497
4.2631393990391215	0.9918174814853513	0.036760295919919715
4.271813306919681	0.9918174814853513	0.03942624382231071
4.282559854753749	0.9918174814853513	0.04004784452561824
4.295315977525459	0.9918174814853513	0.03794269250957015
4.3100068172341395	0.9918174814853513	0.033032957275930495
4.326546162190822	0.9918174814853513	0.025882675169925085
4.34483695294272	0.9918174814853513	0.017580577228523048
4.364771851856689	0.9918174814853513	0.009498812776720022
4.386233873019137	0.9918174814853513	0.002987831627105402
4.409097068755885	0.9918174814853513	-0.0009181150653008339
4.4332272687432	0.9918174814853513	-0.0017151063554102569
4.458482867372603	0.9918174814853513	0.0004845313451448921
4.484715654748892	0.9918174814853513	0.005009348815182554
4.511771686444731	0.9918174814853513	0.01080836869798309
4.539492186907772	0.9918174814853513	0.01670385481204153
4.567714481218726	0.9918174814853513	0.02165291520594146
4.596272949732473	0.9918174814853513	0.024955427527808154
4.625	0.9918174814853513	0.026363173206462455
4.653727050267527	0.9918174814853513	0.026072744460144
4.682285518781274	0.9918174814853513	0.024615033457192723
4.710507813092227	0.9918174814853513	0.02267893804595796
4.738228313555268	0.9918174814853513	0.020920195125793618
4.765284345251108	0.9918174814853513	0.019805260698870942
4.791517132627397	0.9918174814853513	0.019526144096321984
4.8167727312568	0.9918174814853513	0.01999974983613486
4.840902931244115	0.9918174814853513	0.020941234857377714
4.863766126980863	0.9918174814853513	0.021981845499246207
4.885228148143311	0.9918174814853513	0.022792541091106962
4.90516304705728	0.9918174814853513	0.023177249060451505
4.923453837809178	0.9918174814853513	0.02311222361231245
4.9399931827658605	0.9918174814853513	0.02272631327252195
4.954684022474541	0.9918174814853513	0.022235224489107808
4.967440145246251	0.9918174814853513	0.02185570292804009
4.978186693080319	0.9918174814853513	0.021729464348425286
4.9868606009608785	0.9918174814853513	0.021881071159712596
4.993410966947456	0.9918174814853513	0.022221062544393683
4.997799350887806	0.9918174814853513	0.022589908636064124
5.0	0.9918174814853513	0.02282487521975542
4.25	1.0089870984153095	0.028859479267040987
4.252200649112194	1.0089870984153095	0.030032683786149518
4.256589033052544	1.0089870984153095	0.03199157974307324
4.2631393990391215	1.0089870984153095	0.03406003200727885
4.271813306919681	1.0089870984153095	0.035446419350392624
4.282559854753749	1.0089870984153095	0.035447946342446496
4.295315977525459	1.0089870984153095	0.03363548379453926
4.3100068172341395	1.0089870984153095	0.02997339346371674
4.326546162190822	1.0089870984153095	0.024845176612778293
4.34483695294272	1.0089870984153095	0.01897920110144871
4.364771851856689	1.0089870984153095	0.013293233144530223
4.386233873019137	1.0089870984153095	0.008695884204734014
4.409097068755885	1.0089870984153095	0.0058926457837752836
4.4332272687432	1.0089870984153095	0.005241783942560199
4.458482867372603	1.0089870984153095	0.006691943329309133
4.484715654748892	1.0089870984153095	0.009812571990867252
4.511771686444731	1.0089870984153095	0.013905660878319237
4.539492186907772	1.0089870984153095	0.018168514618064083
4.567714481218726	1.0089870984153095	0.021866851646617266
4.596272949732473	1.0089870984153095	0.024477670661150638
4.625	1.0089870984153095	0.02577141983287229
4.653727050267527	1.0089870984153095	0.025819949047759472
4.682285518781274	1.0089870984153095	0.02493580462625311
4.710507813092227	1.0089870984153095	0.023564647223655494
4.738228313555268	1.0089870984153095	0.022161984992673158
4.765284345251108	1.0089870984153095	0.021086092089719788
4.791517132627397	1.0089870984153095	0.02053142869299174
4.8167727312568	1.0089870984153095	0.020513743283033
4.840902931244115	1.0089870984153095	0.020903276443013576
4.863766126980863	1.0089870984153095	0.02149020299976888
4.885228148143311	1.0089870984153095	0.0220597664848856
4.90516304705728	1.0089870984153095	0.02245481273808887
4.923453837809178	1.0089870984153095	0.022609911940914173
4.9399931827658605	1.0089870984153095	0.02255155395664992
4.954684022474541	1.0089870984153095	0.0223696836491402
4.967440145246251	1.0089870984153095	0.022173892237373954
4.978186693080319	1.0089870984153095	0.02205072188559728
4.9868606009608785	1.0089870984153095	0.022036223204347276
4.993410966947456	1.0089870984153095	0.022111278501695003
4.997799350887806	1.0089870984153095	0.02221867996261509
5.0	1.0089870984153095	0.022293406989844337
4.25	1.0272776550047078	0.030040922695079252
4.252200649112194	1.0272776550047078	0.0299783669885366
4.256589033052544	1.0272776550047078	0.02985063650092626
4.2631393990391215	1.0272776550047078	0.029650460263129345
4.271813306919681	1.0272776550047078	0.02936319817233654
4.282559854753749	1.0272776550047078	0.028965597554453104
4.295315977525459	1.0272776550047078	0.028428096947560013
4.3100068172341395	1.0272776550047078	0.027721722778333256
4.326546162190822	1.0272776550047078	0.026828941036243812
4.34483695294272	1.0272776550047078	0.025756029028571634
4.364771851856689	1.0272776550047078	0.02454325374228003
4.386233873019137	1.0272776550047078	0.02326890275937965
4.409097068755885	1.0272776550047078	0.022044241470247476
4.4332272687432	1.0272776550047078	0.02099861197827837
4.458482867372603	1.0272776550047078	0.020256623144565146
4.484715654748892	1.0272776550047078	0.019911950933624425
4.511771686444731	1.0272776550047078	0.020003892524823666
4.539492186907772	1.0272776550047078	0.02050292238541354
4.567714481218726	1.0272776550047078	0.021309900414061715
4.596272949732473	1.0272776550047078	0.02227056959351553
4.625	1.0272776550047078	0.02320326182601068
4.653727050267527	1.0272776550047078	0.02393426016734432
4.682285518781274	1.0272776550047078	0.024332990766446315
4.710507813092227	1.0272776550047078	0.02433881522098296
4.738228313555268	1.0272776550047078	0.023972870334796264
4.765284345251108	1.0272776550047078	0.023331816014998293
4.791517132627397	1.0272776550047078	0.022564684189328357
4.8167727312568	1.0272776550047078	0.021838179121919238
4.840902931244115	1.0272776550047078	0.021298680509430394
4.863766126980863	1.0272776550047078	0.02104006509097528
4.885228148143311	1.0272776550047078	0.021085028198763765
4.90516304705728	1.0272776550047078	0.021384191434015903
4.923453837809178	1.0272776550047078	0.021832785501301577
4.9399931827658605	1.0272776550047078	0.022300258299790585
4.954684022474541	1.0272776550047078	0.02266493416044059
4.967440145246251	1.0272776550047078	0.02284468552290102
4.978186693080319	1.0272776550047078	0.02281577861366567
4.9868606009608785	1.0272776550047078	0.02261529995072156
4.993410966947456	1.0272776550047078	0.022326997380585818
4.997799350887806	1.0272776550047078	0.022054799069057465
5.0	1.0272776550047078	0.021891526366513616
4.25	1.0465818149945596	0.031087764827883065
4.252200649112194	1.0465818149945596	0.029487047837552342
4.256589033052544	1.0465818149945596	0.026792199495987955
4.2631393990391215	1.0465818149945596	0.023878432753361222
4.271813306919681	1.0465818149945596	0.02175027445563164
4.282559854753749	1.0465818149945596	0.02126436750995106
4.295315977525459	1.0465818149945596	0.02288786777468827
4.3100068172341395	1.0465818149945596	0.026556458847396068
4.326546162190822	1.0465818149945596	0.031669682469907534
4.34483695294272	1.0465818149945596	0.03722516238696834
4.364771851856689	1.0465818149945596	0.04205701771261298
4.386233873019137	1.0465818149945596	0.04511691003089285
4.409097068755885	1.0465818149945596	0.04572573139805737
4.4332272687432	1.0465818149945596	0.04373245524085278
4.458482867372603	1.0465818149945596	0.03954160460164969
4.484715654748892	1.0465818149945596	0.03400528593267742
4.511771686444731	1.0465818149945596	0.028210516572657864
4.539492186907772	1.0465818149945596	0.023218472876639546
4.567714481218726	1.0465818149945596	0.019822700238902778
4.596272949732473	1.0465818149945596	0.018385935931114848
4.625	1.0465818149945596	0.018792492307287256
4.653727050267527	1.0465818149945596	0.020521648345489897
4.682285518781274	1.0465818149945596	0.022815882164643475
4.710507813092227	1.0465818149945596	0.024894482713081968
4.738228313555268	1.0465818149945596	0.026154015172743815
4.765284345251108	1.0465818149945596	0.026304130278036197
4.791517132627397	1.0465818149945596	0.025407709117685265
4.8167727312568	1.0465818149945596	0.023822138308493824
4.840902931244115	1.0465818149945596	0.022065661984843273
4.863766126980863	1.0465818149945596	0.020651793497513525
4.885228148143311	1.0465818149945596	0.019940778471282148
4.90516304705728	1.0465818149945596	0.020049009356056576
4.923453837809178	1.0465818149945596	0.02083804202770635
4.9399931827658605	1.0465818149945596	0.021980451592415594
4.954684022474541	1.0465818149945596	0.02307743172383636
4.967440145246251	1.0465818149945596	0.02378917342943838
4.978186693080319	1.0465818149945596	0.02393736688704431
4.9868606009608785	1.0465818149945596	0.023549693704223267
4.993410966947456	1.0465818149945596	0.022835367554345908
4.997799350887806	1.0465818149945596	0.022102623660057955
5.0	1.0465818149945596	0.02164689214277222
4.25	1.0667862938980828	0.03176519758588666
4.252200649112194	1.0667862938980828	0.02855171706998393
4.256589033052544	1.0667862938980828	0.023188072349012143
4.2631393990391215	1.0667862938980828	0.017512576359070692
4.271813306919681	1.0667862938980828	0.013637682761634148
4.282559854753749	1.0667862938980828	0.013368183067420028
4.295315977525459	1.0667862938980828	0.017691217590141566
4.3100068172341395	1.0667862938980828	0.026471951523007797
4.326546162190822	1.0667862938980828	0.03843495182256928
4.34483695294272	1.0667862938980828	0.05143694077073897
4.364771851856689	1.0667862938980828	0.0629613646612869
4.386233873019137	1.0667862938980828	0.07070880217308183
4.409097068755885	1.0667862938980828	0.07313415173647042
4.4332272687432	1.0667862938980828	0.06979730421133742
4.458482867372603	1.0667862938980828	0.061443830849539194
4.484715654748892	1.0667862938980828	0.04980242181814583
4.511771686444731	1.0667862938980828	0.03715763559532939
4.539492186907772	1.0667862938980828	0.025811203804521805
4.567714481218726	1.0667862938980828	0.017568911653977736
4.596272949732473	1.0667862938980828	0.01337771456352746
4.625	1.0667862938980828	0.013193746108419573
4.653727050267527	1.0667862938980828	0.016098957037057618
4.682285518781274	1.0667862938980828	0.020619625147252605
4.710507813092227	1.0667862938980828	0.025151004770341937
4.738228313555268	1.0667862938980828	0.028371234876932074
4.765284345251108	1.0667862938980828	0.02953860467947598
4.791517132627397	1.0667862938980828	0.02860482242910975
4.8167727312568	1.0667862938980828	0.026131185917573366
4.840902931244115	1.0667862938980828	0.023048884098353824
4.863766126980863	1.0667862938980828	0.020344131554411962
4.885228148143311	1.0667862938980828	0.01876332536562439
4.90516304705728	1.0667862938980828	0.018620242516530484
4.923453837809178	1.0667862938980828	0.01975170390264655
4.9399931827658605	1.0667862938980828	0.021621484181931022
4.954684022474541	1.0667862938980828	0.023528570778971546
4.967440145246251	1.0667862938980828	0.024847736262975727
4.978186693080319	1.0667862938980828	0.025225314683723066
4.9868606009608785	1.0667862938980828	0.02467153276420732
4.993410966947456	1.0667862938980828	0.023526229489277132
4.997799350887806	1.0667862938980828	0.02231592581081872
5.0	1.0667862938980828	0.02155423346948094
4.25	1.0877725237991134	0.03196962027666676
4.252200649112194	1.0877725237991134	0.027331770982887686
4.256589033052544	1.0877725237991134	0.019628688380310844
4.2631393990391215	1.0877725237991134	0.01157844949979163
4.271813306919681	1.0877725237991134	0.006302372415892149
4.282559854753749	1.0877725237991134	0.0064624282809383465
4.295315977525459	1.0877725237991134	0.013504460832190921
4.3100068172341395	1.0877725237991134	0.027205658563987038
4.326546162190822	1.0877725237991134	0.04564536199532816
4.34483695294272	1.0877725237991134	0.06560842578125185
4.364771851856689	1.0877725237991134	0.08331897917198076
4.386233873019137	1.0877725237991134	0.09531862635238642
4.409097068755885	1.0877725237991134	0.09926838447658237
4.4332272687432	1.0877725237991134	0.09447626041960523
4.458482867372603	1.0877725237991134	0.08202541027765083
4.484715654748892	1.0877725237991134	0.06448128794904114
4.511771686444731	1.0877725237991134	0.04526248538361138
4.539492186907772	1.0877725237991134	0.02784141650733995
4.567714481218726	1.0877725237991134	0.014977170910938283
4.596272949732473	1.0877725237991134	0.0081658348649962
4.625	1.0877725237991134	0.007429695792416283
4.653727050267527	1.0877725237991134	0.011474535032367473
4.682285518781274	1.0877725237991134	0.018149042925813375
4.710507813092227	1.0877725237991134	0.025067451124315944
4.738228313555268	1.0877725237991134	0.03022400859251678
4.765284345251108	1.0877725237991134	0.03244253857969524
4.791517132627397	1.0877725237991134	0.03155962207676766
4.8167727312568	1.0877725237991134	0.0283188266484069
4.840902931244115	1.0877725237991134	0.02403307513448543
4.863766126980863	1.0877725237991134	0.020130833241108904
4.885228148143311	1.0877725237991134	0.01772429915626683
4.90516304705728	1.0877725237991134	0.01732001543630245
4.923453837809178	1.0877725237991134	0.01874164293842385
4.9399931827658605	1.0877725237991134	0.02126737749330305
4.954684022474541	1.0877725237991134	0.02392096908643825
4.967440145246251	1.0877725237991134	0.02581383192809209
4.978186693080319	1.0877725237991134	0.026427399298408677
4.9868606009608785	1.0877725237991134	0.02575056786656674
4.993410966947456	1.0877725237991134	0.024237554898395443
4.997799350887806	1.0877725237991134	0.022610426715465603
5.0	1.0877725237991134	0.021579568034699348
4.25	1.1094173491557848	0.03172093249315717
4.252200649112194	1.1094173491557848	0.026090238390356478
4.256589033052544	1.1094173491557848	0.016771028287057607
4.2631393990391215	1.1094173491557848	0.007118780952882155
4.271813306919681	1.1094173491557848	0.0009833016084382828
4.282559854753749	1.1094173491557848	0.001640733741230243
4.295315977525459	1.1094173491557848	0.010856673174018578
4.3100068172341395	1.1094173491557848	0.02832624932787863
4.326546162190822	1.1094173491557848	0.05163884874186361
4.34483695294272	1.1094173491557848	0.07677914723198409
4.364771851856689	1.1094173491557848	0.09903813985560593
4.386233873019137	1.1094173491557848	0.11410391275158296
4.409097068755885	1.1094173491557848	0.11905861113642925
4.4332272687432	1.1094173491557848	0.11303574707769015
4.458482867372603	1.1094173491557848	0.09738219450545942
4.484715654748892	1.1094173491557848	0.07529723913115367
4.511771686444731	1.1094173491557848	0.05105279741529396
4.539492186907772	1.1094173491557848	0.029000132531414074
4.567714481218726	1.1094173491557848	0.012613732883507223
4.596272949732473	1.1094173491557848	0.0038025548961538457
4.625	1.1094173491557848	0.0026402802845916524
4.653727050267527	1.1094173491557848	0.007552382967170586
4.682285518781274	1.1094173491557848	0.01587994320906383
4.710507813092227	1.1094173491557848	0.024649439249456416
4.738228313555268	1.1094173491557848	0.0313368263479313
4.765284345251108	1.1094173491557848	0.03443140339460542
4.791517132627397	1.1094173491557848	0.03367256594439904
4.8167727312568	1.1094173491557848	0.029929551082738873
4.840902931244115	1.1094173491557848	0.02479268068636871
4.863766126980863	1.1094173491557848	0.02001738171424074
4.885228148143311	1.1094173491557848	0.01699081590794322
4.90516304705728	1.1094173491557848	0.016369960299892107
4.923453837809178	1.1094173491557848	0.017978318552197295
4.9399931827658605	1.1094173491557848	0.020966085979943413
4.954684022474541	1.1094173491557848	0.02416047004068867
4.967440145246251	1.1094173491557848	0.02648152076938637
4.978186693080319	1.1094173491557848	0.02728797018895144
4.9868606009608785	1.1094173491557848	0.02654843695193232
4.993410966947456	1.1094173491557848	0.024794709544087704
4.997799350887806	1.1094173491557848	0.02288573179233356
5.0	1.1094173491557848	0.02167087856523571
4.25	1.131593749526218	0.03112932018309264
4.252200649112194	1.131593749526218	0.02510735842703161
4.256589033052544	1.131593749526218	0.015166847874712676
4.2631393990391215	1.131593749526218	0.004940428342165005
4.271813306919681	1.131593749526218	-0.0014076675371900993
4.282559854753749	1.131593749526218	-0.0003408357835106091
4.295315977525459	1.131593749526218	0.010033359328058305
4.3100068172341395	1.131593749526218	0.02935640657688188
4.326546162190822	1.131593749526218	0.05498225812354731
4.34483695294272	1.131593749526218	0.08252360110340888
4.364771851856689	1.131593749526218	0.10684373191828878
4.386233873019137	1.131593749526218	0.12324377416654407
4.409097068755885	1.131593749526218	0.12854784631340224
4.4332272687432	1.131593749526218	0.1218187615007418
4.458482867372603	1.131593749526218	0.10453477424484021
4.484715654748892	1.131593749526218	0.08019698530906491
4.511771686444731	1.131593749526218	0.05348026671718037
4.539492186907772	1.131593749526218	0.029150753652202703
4.567714481218726	1.131593749526218	0.011022502474595804
4.596272949732473	1.131593749526218	0.001203989807748578
4.625	1.131593749526218	-0.00019997064282252074
4.653727050267527	1.131593749526218	0.005111089635871745
4.682285518781274	1.131593749526218	0.014243863230873552
4.710507813092227	1.131593749526218	0.0239481034652997
4.738228313555268	1.131593749526218	0.03144984163346213
4.765284345251108	1.131593749526218	0.035069256259351804
4.791517132627397	1.131593749526218	0.034484430925690486
4.8167727312568	1.131593749526218	0.030607308349566646
4.840902931244115	1.131593749526218	0.025144978511408983
4.863766126980863	1.131593749526218	0.01999870395193601
4.885228148143311	1.131593749526218	0.0166845608324174
4.90516304705728	1.131593749526218	0.015937382342668015
4.923453837809178	1.131593749526218	0.017593338801889333
4.9399931827658605	1.131593749526218	0.020757530649343443
4.954684022474541	1.131593749526218	0.024178369203440603
4.967440145246251	1.131593749526218	0.02669469106045259
4.978186693080319	1.131593749526218	0.027609401899464193
4.9868606009608785	1.131593749526218	0.02687637808442878
4.993410966947456	1.131593749526218	0.025053323230133855
4.997799350887806	1.131593749526218	0.023050773086859842
5.0	1.131593749526218	0.021772170855188976
4.25	1.154171584974981	0.03034832422690187
4.252200649112194	1.154171584974981	0.024595488726279917
4.256589033052544	1.154171584974981	0.015117254743610748
4.2631393990391215	1.154171584974981	0.005413882440817396
4.271813306919681	1.154171584974981	-0.000505090750573253
4.282559854753749	1.154171584974981	0.0007597467275193438
4.295315977525459	1.154171584974981	0.011016474308942877
4.3100068172341395	1.154171584974981	0.02989692627069388
4.326546162190822	1.154171584974981	0.054823068199163334
4.34483695294272	1.154171584974981	0.08153682034957685
4.364771851856689	1.154171584974981	0.10506053449278198
4.386233873019137	1.154171584974981	0.12084606989957154
4.409097068755885	1.154171584974981	0.12582482114365953
4.4332272687432	1.154171584974981	0.11910000996922142
4.458482867372603	1.154171584974981	0.10211723262104909
4.484715654748892	1.154171584974981	0.07828376827708783
4.511771686444731	1.154171584974981	0.05214573260329752
4.539492186907772	1.154171584974981	0.028338815487424944
4.567714481218726	1.154171584974981	0.010576403265131788
4.596272949732473	1.154171584974981	0.00091783563578303
4.625	1.154171584974981	-0.0005226269007209197
4.653727050267527	1.154171584974981	0.004614975128158838
4.682285518781274	1.154171584974981	0.013526019475774762
4.710507813092227	1.154171584974981	0.023051343992512872
4.738228313555268	1.154171584974981	0.03048530882353524
4.765284345251108	1.154171584974981	0.03417683609059037
4.791517132627397	1.154171584974981	0.033788670412820375
4.8167727312568	1.154171584974981	0.030181532274186754
4.840902931244115	1.154171584974981	0.024993112500831405
4.863766126980863	1.154171584974981	0.020058643759429173
4.885228148143311	1.154171584974981	0.016850507744411762
4.90516304705728	1.154171584974981	0.0160932551567392
4.923453837809178	1.154171584974981	0.017646641668239104
4.9399931827658605	1.154171584974981	0.020663570977580537
4.954684022474541	1.154171584974981	0.023948184002130668
4.967440145246251	1.154171584974981	0.026385309311063827
4.978186693080319	1.154171584974981	0.02730051177681188
4.9868606009608785	1.154171584974981	0.02664145025689097
4.993410966947456	1.154171584974981	0.024934615839646616
4.997799350887806	1.154171584974981	0.023046070742831177
5.0	1.154171584974981	0.02183714324786471
4.25	1.1770183597859787	0.029527644532492334
4.252200649112194	1.1770183597859787	0.024638491688131283
4.256589033052544	1.1770183597859787	0.016592082963906858
4.2631393990391215	1.1770183597859787	0.008377663507137888
4.271813306919681	1.1770183597859787	0.003417445301607075
4.282559854753749	1.1770183597859787	0.004609043350108156
4.295315977525459	1.1770183597859787	0.013486451067566773
4.3100068172341395	1.1770183597859787	0.02972047474974386
4.326546162190822	1.1770183597859787	0.051091257312162554
4.34483695294272	1.1770183597859787	0.07394320626315708
4.364771851856689	1.1770183597859787	0.09400851736471966
4.386233873019137	1.1770183597859787	0.10739192295938142
4.409097068755885	1.1770183597859787	0.1114702531034538
4.4332272687432	1.1770183597859787	0.1054852047494004
4.458482867372603	1.1770183597859787	0.09068881257867381
4.484715654748892	1.1770183597859787	0.07001634506009133
4.511771686444731	1.1770183597859787	0.047380080772200364
4.539492186907772	1.1770183597859787	0.02676883060011638
4.567714481218726	1.1770183597859787	0.01137930974021108
4.596272949732473	1.1770183597859787	0.0029875046402211146
4.625	1.1770183597859787	0.0016978436474080257
4.653727050267527	1.1770183597859787	0.006105650262041792
4.682285518781274	1.1770183597859787	0.013802120955330469
4.710507813092227	1.1770183597859787	0.02206894603869866
4.738228313555268	1.1770183597859787	0.0285721205392168
4.765284345251108	1.1770183597859787	0.031879104839020664
4.791517132627397	1.1770183597859787	0.03168354915706538
4.8167727312568	1.1770183597859787	0.028708583896567403
4.840902931244115	1.1770183597859787	0.024348134634488882
4.863766126980863	1.1770183597859787	0.020171584452329368
4.885228148143311	1.1770183597859787	0.01744359694464342
4.90516304705728	1.1770183597859787	0.016793081096835076
4.923453837809178	1.1770183597859787	0.018110881391563624
4.9399931827658605	1.1770183597859787	0.020682538542199952
4.954684022474541	1.1770183597859787	0.023492614189366535
4.967440145246251	1.1770183597859787	0.025590770794523703
4.978186693080319	1.1770183597859787	0.026399398185860044
4.9868606009608785	1.1770183597859787	0.025869314540680588
4.993410966947456	1.1770183597859787	0.024444085609394643
4.997799350887806	1.1770183597859787	0.02285713053891598
5.0	1.1770183597859787	0.02183902524100864
4.25	1.2	0.02877727556018865
4.252200649112194	1.2	0.025170791236297212
4.256589033052544	1.2	0.019234686881472063
4.2631393990391215	1.2	0.013172482881485908
4.271813306919681	1.2	0.009506012153162163
4.282559854753749	1.2	0.010368883043468415
4.295315977525459	1.2	0.016887576717298885
4.3100068172341395	1.2	0.028813256929404354
4.326546162190822	1.2	0.04450217434623417
4.34483695294272	1.2	0.06125222893617126
4.364771851856689	1.2	0.07591160006662087
4.386233873019137	1.2	0.0856062661260776
4.409097068755885	1.2	0.08840440793778988
4.4332272687432	1.2	0.08375401289152591
4.458482867372603	1.2	0.07258989379390395
4.484715654748892	1.2	0.05709144832415519
4.511771686444731	1.2	0.040160194748736264
4.539492186907772	1.2	0.02475366433650942
4.567714481218726	1.2	0.013242729508909225
4.596272949732473	1.2	0.006946224374250351
4.625	1.2	0.005944795013211891
4.653727050267527	1.2	0.009200343168594473
4.682285518781274	1.2	0.014928934194856091
4.710507813092227	1.2	0.021114322379983806
4.738228313555268	1.2	0.026021407463759458
4.765284345251108	1.2	0.028579628933115397
4.791517132627397	1.2	0.028550571110041837
4.8167727312568	1.2	0.026458096839353264
4.840902931244115	1.2	0.02332465482458221
4.863766126980863	1.2	0.02030610234290606
4.885228148143311	1.2	0.018337050767636715
4.90516304705728	1.2	0.01788570141560747
4.923453837809178	1.2	0.018877095386353033
4.9399931827658605	1.2	0.02078971510546398
4.954684022474541	1.2	0.022878837845059983
4.967440145246251	1.2	0.024445831442929625
4.978186693080319	1.2	0.025064824138105023
4.9868606009608785	1.2	0.02469780163332305
4.993410966947456	1.2	0.023668933794047442
4.997799350887806	1.2	0.022515792932647737
5.0	1.2	0.021774361847226077
4.25	1.2229816402140212	0.02815001422776351
4.252200649112194	1.2229816402140212	0.025999632157202107
4.256589033052544	1.2229816402140212	0.022449699605454038
4.2631393990391215	1.2229816402140212	0.01879604953969414
4.271813306919681	1.2229816402140212	0.016521970137982164
4.282559854753749	1.2229816402140212	0.01688294686399094
4.295315977525459	1.2229816402140212	0.020542913703231892
4.3100068172341395	1.2229816402140212	0.027357866683714573
4.326546162190822	1.2229816402140212	0.03636437716721451
4.34483695294272	1.2229816402140212	0.045977457808426804
4.364771851856689	1.2229816402140212	0.05434835969314433
4.386233873019137	1.2229816402140212	0.05979226244079144
4.409097068755885	1.2229816402140212	0.06117886144459718
4.4332272687432	1.2229816402140212	0.05818961135274272
4.458482867372603	1.2229816402140212	0.051380580400763674
4.484715654748892	1.2229816402140212	0.042039895999726934
4.511771686444731	1.2229816402140212	0.0318803281464282
4.539492186907772	1.2229816402140212	0.022647284718365465
4.567714481218726	1.2229816402140212	0.015740455433276165
4.596272949732473	1.2229816402140212	0.011939608335766553
4.625	1.2229816402140212	0.011294557281701109
4.653727050267527	1.2229816402140212	0.013194912897026963
4.682285518781274	1.2229816402140212	0.016589083789901267
4.710507813092227	1.2229816402140212	0.020286271234607446
4.738228313555268	1.2229816402140212	0.023258781153626035
4.765284345251108	1.2229816402140212	0.024868195495618344
4.791517132627397	1.2229816402140212	0.024964900856486706
4.8167727312568	1.2229816402140212	0.023848071606476954
4.840902931244115	1.2229816402140212	0.022111588024552972
4.863766126980863	1.2229816402140212	0.02043001349582665
4.885228148143311	1.2229816402140212	0.019350367327087416
4.90516304705728	1.2229816402140212	0.0191478407747369
4.923453837809178	1.2229816402140212	0.019780148531781814
4.9399931827658605	1.2229816402140212	0.020943545407257784
4.954684022474541	1.2229816402140212	0.022203286429981973
4.967440145246251	1.2229816402140212	0.023151204032848097
4.978186693080319	1.2229816402140212	0.023538480662336908
4.9868606009608785	1.2229816402140212	0.023343162833186534
4.993410966947456	1.2229816402140212	0.022755246784331974
4.997799350887806	1.2229816402140212	0.022089634076037805
5.0	1.2229816402140212	0.02166026567764274
4.25	1.2458284150250192	0.027643577229928138
4.252200649112194	1.2458284150250192	0.02686203732916347
4.256589033052544	1.2458284150250192	0.025549318908937135
4.2631393990391215	1.2458284150250192	0.02413808758745163
4.271813306919681	1.2458284150250192	0.02312505401949851
4.282559854753749	1.2458284150250192	0.02293353450805158
4.295315977525459	1.2458284150250192	0.023792886922973773
4.3100068172341395	1.2458284150250192	0.02566648644854442
4.326546162190822	1.2458284150250192	0.028247285274944103
4.34483695294272	1.2458284150250192	0.031022501704153622
4.364771851856689	1.2458284150250192	0.03339121211249853
4.386233873019137	1.2458284150250192	0.034805203647454576
4.409097068755885	1.2458284150250192	0.034897817928115575
4.4332272687432	1.2458284150250192	0.033569018901459975
4.458482867372603	1.2458284150250192	0.03100648173506081
4.484715654748892	1.2458284150250192	0.027638965738108937
4.511771686444731	1.2458284150250192	0.02403522941974538
4.539492186907772	1.2458284150250192	0.020774862889185203
4.567714481218726	1.2458284150250192	0.01832337736851298
4.596272949732473	1.2458284150250192	0.01694139966689847
4.625	1.2458284150250192	0.016647828829450786
4.653727050267527	1.2458284150250192	0.017242220319497046
4.682285518781274	1.2458284150250192	0.018376473444248323
4.710507813092227	1.2458284150250192	0.019654112528523917
4.738228313555268	1.2458284150250192	0.020729999785235036
4.765284345251108	1.2458284150250192	0.02138530455241066
4.791517132627397	1.2458284150250192	0.021561037192914318
4.8167727312568	1.2458284150250192	0.021345784822069593
4.840902931244115	1.2458284150250192	0.0209258954711599
4.863766126980863	1.2458284150250192	0.02051578853593501
4.885228148143311	1.2458284150250192	0.02028992148499383
4.90516304705728	1.2458284150250192	0.02033549465615249
4.923453837809178	1.2458284150250192	0.020637314252262225
4.9399931827658605	1.2458284150250192	0.021095866638819353
4.954684022474541	1.2458284150250192	0.02156973905147578
4.967440145246251	1.2458284150250192	0.021926920647896916
4.978186693080319	1.2458284150250192	0.022087996481526956
4.9868606009608785	1.2458284150250192	0.022047991619123287
4.993410966947456	1.2458284150250192	0.02187124428800008
4.997799350887806	1.2458284150250192	0.021662684732984362
5.0	1.2458284150250192	0.021526436861303504
4.25	1.2684062504737819	0.02721816035949049
4.252200649112194	1.2684062504737819	0.027498845212192275
4.256589033052544	1.2684062504737819	0.027918726743273607
4.2631393990391215	1.2684062504737819	0.02823489302851336
4.271813306919681	1.2684062504737819	0.02817251430690041
4.282559854753749	1.2684062504737819	0.027505347726406257
4.295315977525459	1.2684062504737819	0.026125839240499722
4.3100068172341395	1.2684062504737819	0.02408608908156547
4.326546162190822	1.2684062504737819	0.021598519060331414
4.34483695294272	1.2684062504737819	0.01899554201970651
4.364771851856689	1.2684062504737819	0.016658125471347294
4.386233873019137	1.2684062504737819	0.014931093030148161
4.409097068755885	1.2684062504737819	0.014046273703400064
4.4332272687432	1.2684062504737819	0.01407240280995107
4.458482867372603	1.2684062504737819	0.014903660157162294
4.484715654748892	1.2684062504737819	0.016288812546554204
4.511771686444731	1.2684062504737819	0.017892742574268292
4.539492186907772	1.2684062504737819	0.019374338645857477
4.567714481218726	1.2684062504737819	0.020461246710099076
4.596272949732473	1.2684062504737819	0.021003605417569605
4.625	1.2684062504737819	0.020995003453518603
4.653727050267527	1.2684062504737819	0.020557746539474574
4.682285518781274	1.2684062504737819	0.019898679491675567
4.710507813092227	1.2684062504737819	0.01924886391171537
4.738228313555268	1.2684062504737819	0.01880360987531528
4.765284345251108	1.2684062504737819	0.018678051280609176
4.791517132627397	1.2684062504737819	0.018888229199823664
4.8167727312568	1.2684062504737819	0.019360125290057862
4.840902931244115	1.2684062504737819	0.019961433208702722
4.863766126980863	1.2684062504737819	0.02054516334250201
4.885228148143311	1.2684062504737819	0.0209918911773345
4.90516304705728	1.2684062504737819	0.021239007111551318
4.923453837809178	1.2684062504737819	0.021290034129845103
4.9399931827658605	1.2684062504737819	0.02120341867165374
4.954684022474541	1.2684062504737819	0.021066250561871933
4.967440145246251	1.2684062504737819	0.020962389249918213
4.978186693080319	1.2684062504737819	0.02094539853629667
4.9868606009608785	1.2684062504737819	0.02102441163656455
4.993410966947456	1.2684062504737819	0.0211664100979483
4.997799350887806	1.2684062504737819	0.02131292493960745
5.0	1.2684062504737819	0.02140457820364049
4.25	1.290582650844215	0.02682166307465729
4.252200649112194	1.290582650844215	0.027724390497456907
4.256589033052544	1.290582650844215	0.029157224625906884
4.2631393990391215	1.290582650844215	0.03047889697805292
4.271813306919681	1.290582650844215	0.030959970840076595
4.282559854753749	1.290582650844215	0.02999212927822751
4.295315977525459	1.290582650844215	0.027270888756451735
4.3100068172341395	1.290582650844215	0.02290320157198421
4.326546162190822	1.290582650844215	0.01741092913684293
4.34483695294272	1.290582650844215	0.011628172944178778
4.364771851856689	1.290582650844215	0.0065178231005328414
4.386233873019137	1.290582650844215	0.002953278128450482
4.409097068755885	1.290582650844215	0.0015198187349197761
4.4332272687432	1.290582650844215	0.002384533526606758
4.458482867372603	1.290582650844215	0.005265679604206605
4.484715654748892	1.290582650844215	0.009506825507092117
4.511771686444731	1.290582650844215	0.01423484739682376
4.539492186907772	1.290582650844215	0.01856064915106319
4.567714481218726	1.290582650844215	0.02177240364286128
4.596272949732473	1.290582650844215	0.023475154925439074
4.625	1.290582650844215	0.0236462615275167
4.653727050267527	1.290582650844215	0.02259888032801488
4.682285518781274	1.290582650844215	0.020869265484332274
4.710507813092227	1.290582650844215	0.019061880153509812
4.738228313555268	1.290582650844215	0.01769466185196533
4.765284345251108	1.290582650844215	0.017083552334273985
4.791517132627397	1.290582650844215	0.017292090275914825
4.8167727312568	1.290582650844215	0.01815261097853516
4.840902931244115	1.290582650844215	0.01934595318101977
4.863766126980863	1.290582650844215	0.020511916142830044
4.885228148143311	1.290582650844215	0.021356765265136916
4.90516304705728	1.290582650844215	0.021727959972604446
4.923453837809178	1.290582650844215	0.021638269425107465
4.9399931827658605	1.290582650844215	0.021237637076611894
4.954684022474541	1.290582650844215	0.02074664030249209
4.967440145246251	1.290582650844215	0.020375702059690786
4.978186693080319	1.290582650844215	0.020256605283676506
4.9868606009608785	1.290582650844215	0.020407049493255003
4.993410966947456	1.290582650844215	0.020737135656054728
4.997799350887806	1.290582650844215	0.021092661865332037
5.0	1.290582650844215	0.02131836776067766
4.25	1.3122274762008865	0.02641377507271892
4.252200649112194	1.3122274762008865	0.027472684317958407
4.256589033052544	1.3122274762008865	0.02915941748316301
4.2631393990391215	1.3122274762008865	0.030732003043396575
4.271813306919681	1.3122274762008865	0.03134623689482058
4.282559854753749	1.3122274762008865	0.030297660589826907
4.295315977525459	1.3122274762008865	0.02723284717565954
4.3100068172341395	1.3122274762008865	0.02227388229607103
4.326546162190822	1.3122274762008865	0.016022479681042673
4.34483695294272	1.3122274762008865	0.009441377347058166
4.364771851856689	1.3122274762008865	0.003642300620252199
4.386233873019137	1.3122274762008865	-0.0003664086315248237
4.409097068755885	1.3122274762008865	-0.0019095203552530722
4.4332272687432	1.3122274762008865	-0.0007954576394669337
4.458482867372603	1.3122274762008865	0.00264809308801635
4.484715654748892	1.3122274762008865	0.007659745610645855
4.511771686444731	1.3122274762008865	0.0132270213061387
4.539492186907772	1.3122274762008865	0.01831850415092812
4.567714481218726	1.3122274762008865	0.02210752648092356
4.596272949732473	1.3122274762008865	0.024133999097184423
4.625	1.3122274762008865	0.024369036347644375
4.653727050267527	1.3122274762008865	0.023173257716304126
4.682285518781274	1.3122274762008865	0.0211668883160571
4.710507813092227	1.3122274762008865	0.01905086111381649
4.738228313555268	1.3122274762008865	0.017427807954286154
4.765284345251108	1.3122274762008865	0.016668149935791854
4.791517132627397	1.3122274762008865	0.016851170698353103
4.8167727312568	1.3122274762008865	0.01778875106020374
4.840902931244115	1.3122274762008865	0.019116764348127847
4.863766126980863	1.3122274762008865	0.02042218667406025
4.885228148143311	1.3122274762008865	0.021367070412012246
4.90516304705728	1.3122274762008865	0.021774950602384505
4.923453837809178	1.3122274762008865	0.021659046654375874
4.9399931827658605	1.3122274762008865	0.021190278944488015
4.954684022474541	1.3122274762008865	0.02062097687696851
4.967440145246251	1.3122274762008865	0.020192061603907366
4.978186693080319	1.3122274762008865	0.020054275318609475
4.9868606009608785	1.3122274762008865	0.02022736118974315
4.993410966947456	1.3122274762008865	0.020607460877124957
4.997799350887806	1.3122274762008865	0.021016872656859406
5.0	1.3122274762008865	0.021276782903329645
4.25	1.3332137061019174	0.02598169070750663
4.252200649112194	1.3332137061019174	0.026808453633228698
4.256589033052544	1.3332137061019174	0.02811790477481467
4.2631393990391215	1.3332137061019174	0.029318037314672796
4.271813306919681	1.3332137061019174	0.029735800580180147
4.282559854753749	1.3332137061019174	0.028810626685160903
4.295315977525459	1.3332137061019174	0.026263375455363388
4.3100068172341395	1.3332137061019174	0.02219579802022504
4.326546162190822	1.3332137061019174	0.017093659150819795
4.34483695294272	1.3332137061019174	0.011731626699635313
4.364771851856689	1.3332137061019174	0.0070033564339224445
4.386233873019137	1.3332137061019174	0.0037192648879086788
4.409097068755885	1.3332137061019174	0.002422401529260744
4.4332272687432	1.3332137061019174	0.0032677028513807354
4.458482867372603	1.3332137061019174	0.005993281228986587
4.484715654748892	1.3332137061019174	0.009988799854426108
4.511771686444731	1.3332137061019174	0.01444167262671309
4.539492186907772	1.3332137061019174	0.01852310652823954
4.567714481218726	1.3332137061019174	0.021567549425212086
4.596272949732473	1.3332137061019174	0.023202770310667732
4.625	1.3332137061019174	0.023402195667646557
4.653727050267527	1.3332137061019174	0.022452093837943107
4.682285518781274	1.3332137061019174	0.020847998232554857
4.710507813092227	1.3332137061019174	0.019151655027576348
4.738228313555268	1.3332137061019174	0.017847578653560486
4.765284345251108	1.3332137061019174	0.017235417553436716
4.791517132627397	1.3332137061019174	0.017382128488741037
4.8167727312568	1.3332137061019174	0.018140234535398116
4.840902931244115	1.3332137061019174	0.019220312649501102
4.863766126980863	1.3332137061019174	0.020292282928156727
4.885228148143311	1.3332137061019174	0.021084500074818137
4.90516304705728	1.3332137061019174	0.021453118442484174
4.923453837809178	1.3332137061019174	0.021405165036795466
4.9399931827658605	1.3332137061019174	0.021073621136777514
4.954684022474541	1.3332137061019174	0.020657064991265923
4.967440145246251	1.3332137061019174	0.020345953653979683
4.978186693080319	1.3332137061019174	0.020259887711488175
4.9868606009608785	1.3332137061019174	0.020414929589773763
4.993410966947456	1.3332137061019174	0.020729209687978624
4.997799350887806	1.3332137061019174	0.021062223262873925
5.0	1.3332137061019174	0.021272442765805293
4.25	1.3534181850054403	0.025543675186852088
4.252200649112194	1.3534181850054403	0.02590179645248907
4.256589033052544	1.3534181850054403	0.026450524675653862
4.2631393990391215	1.3534181850054403	0.026902051688399736
4.271813306919681	1.3534181850054403	0.026930232715803158
4.282559854753749	1.3534181850054403	0.026265597898253928
4.295315977525459	1.3534181850054403	0.024778234565453888
4.3100068172341395	1.3534181850054403	0.022526457397134058
4.326546162190822	1.3534181850054403	0.019758046557730048
4.34483695294272	1.3534181850054403	0.01686310841683344
4.364771851856689	1.3534181850054403	0.014290069984900042
4.386233873019137	1.3534181850054403	0.012445709697349063
4.409097068755885	1.3534181850054403	0.011604047143127317
4.4332272687432	1.3534181850054403	0.01184642156599991
4.458482867372603	1.3534181850054403	0.01304693482451319
4.484715654748892	1.3534181850054403	0.014905836724221353
4.511771686444731	1.3534181850054403	0.017021460923279365
4.539492186907772	1.3534181850054403	0.01898207513269956
4.567714481218726	1.3534181850054403	0.020454794206837573
4.596272949732473	1.3534181850054403	0.021250440947188746
4.625	1.3534181850054403	0.021350260881325005
4.653727050267527	1.3534181850054403	0.020890673630627687
4.682285518781274	1.3534181850054403	0.020112963671185126
4.710507813092227	1.3534181850054403	0.019293161516208204
4.738228313555268	1.3534181850054403	0.01867127537082876
4.765284345251108	1.3534181850054403	0.018397710940653424
4.791517132627397	1.3534181850054403	0.01850880884310323
4.8167727312568	1.3534181850054403	0.018934783490715854
4.840902931244115	1.3534181850054403	0.019534460458138454
4.863766126980863	1.3534181850054403	0.0201445119799368
4.885228148143311	1.3534181850054403	0.020628080041138114
4.90516304705728	1.3534181850054403	0.02090927977914151
4.923453837809178	1.3534181850054403	0.020985353693722796
4.9399931827658605	1.3534181850054403	0.020915461391083467
4.954684022474541	1.3534181850054403	0.020792042183858106
4.967440145246251	1.3534181850054403	0.020705371193138058
4.978186693080319	1.3534181850054403	0.020713098941554514
4.9868606009608785	1.3534181850054403	0.020824070206217255
4.993410966947456	1.3534181850054403	0.021000508136049055
4.997799350887806	1.3534181850054403	0.021176450428235672
5.0	1.3534181850054403	0.02128509932056578
4.25	1.3727223449952923	0.025140878664220205
4.252200649112194	1.3727223449952923	0.02497546601261819
4.256589033052544	1.3727223449952923	0.024675220459873456
4.2631393990391215	1.3727223449952923	0.024293564693863144
4.271813306919681	1.3727223449952923	0.023893318559032983
4.282559854753749	1.3727223449952923	0.023531061638968113
4.295315977525459	1.3727223449952923	0.023243378832393104
4.3100068172341395	1.3727223449952923	0.023038544712489853
4.326546162190822	1.3727223449952923	0.022895751089069938
4.34483695294272	1.3727223449952923	0.02277198948632723
4.364771851856689	1.3727223449952923	0.022614698512578853
4.386233873019137	1.3727223449952923	0.02237680498542021
4.409097068755885	1.3727223449952923	0.022030212305957888
4.4332272687432	1.3727223449952923	0.02157425895527168
4.458482867372603	1.3727223449952923	0.021037042871462134
4.484715654748892	1.3727223449952923	0.020469404221826172
4.511771686444731	1.3727223449952923	0.019933267305388094
4.539492186907772	1.3727223449952923	0.019487456730516047
4.567714481218726	1.3727223449952923	0.019174661171023948
4.596272949732473	1.3727223449952923	0.01901279497424782
4.625	1.3727223449952923	0.018992744748121043
4.653727050267527	1.3727223449952923	0.019082747578359788
4.682285518781274	1.3727223449952923	0.019237910539943365
4.710507813092227	1.3727223449952923	0.019412112948061264
4.738228313555268	1.3727223449952923	0.019569056848694873
4.765284345251108	1.3727223449952923	0.01968964496661421
4.791517132627397	1.3727223449952923	0.01977401988327916
4.8167727312568	1.3727223449952923	0.019838146882350072
4.840902931244115	1.3727223449952923	0.019906322872225806
4.863766126980863	1.3727223449952923	0.02000203202475892
4.885228148143311	1.3727223449952923	0.020139876174413363
4.90516304705728	1.3727223449952923	0.020320830377457202
4.923453837809178	1.3727223449952923	0.020531980603761935
4.9399931827658605	1.3727223449952923	0.020750529400309574
4.954684022474541	1.3727223449952923	0.0209506122349108
4.967440145246251	1.3727223449952923	0.021110707466896854
4.978186693080319	1.3727223449952923	0.021219350691620193
4.9868606009608785	1.3727223449952923	0.021277477411451664
4.993410966947456	1.3727223449952923	0.021296813591737337
4.997799350887806	1.3727223449952923	0.02129497140267216
5.0	1.3727223449952923	0.021288912249898526
4.25	1.3910129015846904	0.024821402533366177
4.252200649112194	1.3910129015846904	0.02424103398776855
4.256589033052544	1.3910129015846904	0.02326861542001578
4.2631393990391215	1.3910129015846904	0.022229235864664836
4.271813306919681	1.3910129015846904	0.021495259194706556
4.282559854753749	1.3910129015846904	0.021382493990237495
4.295315977525459	1.3910129015846904	0.02205943495618426
4.3100068172341395	1.3910129015846904	0.02349357516259123
4.326546162190822	1.3910129015846904	0.02544910973966023
4.34483695294272	1.3910129015846904	0.027536979252117413
4.364771851856689	1.3910129015846904	0.02930466757486312
4.386233873019137	1.3910129015846904	0.030343016615789472
4.409097068755885	1.3910129015846904	0.03038316045671776
4.4332272687432	1.3910129015846904	0.02935951503668458
4.458482867372603	1.3910129015846904	0.027423733239352745
4.484715654748892	1.3910129015846904	0.024907197827607988
4.511771686444731	1.3910129015846904	0.022242604851699457
4.539492186907772	1.3910129015846904	0.019865109044452413
4.567714481218726	1.3910129015846904	0.01811787057668559
4.596272949732473	1.3910129015846904	0.017184698892885993
4.625	1.3910129015846904	0.017064618615782633
4.653727050267527	1.3910129015846904	0.017591855903579066
4.682285518781274	1.3910129015846904	0.018493067567284263
4.710507813092227	1.3910129015846904	0.019464692292292602
4.738228313555268	1.3910129015846904	0.020249324466224832
4.765284345251108	1.3910129015846904	0.020691804201819833
4.791517132627397	1.3910129015846904	0.020762500728451844
4.8167727312568	1.3910129015846904	0.020544943607327875
4.840902931244115	1.3910129015846904	0.020194740885285806
4.863766126980863	1.3910129015846904	0.019883934132299958
4.885228148143311	1.3910129015846904	0.019747739091539707
4.90516304705728	1.3910129015846904	0.019848489302688364
4.923453837809178	1.3910129015846904	0.020165431020856984
4.9399931827658605	1.3910129015846904	0.02061080386755179
4.954684022474541	1.3910129015846904	0.02106486445384581
4.967440145246251	1.3910129015846904	0.021417409295211208
4.978186693080319	1.3910129015846904	0.02160228858308836
4.9868606009608785	1.3910129015846904	0.02161448983167201
4.993410966947456	1.3910129015846904	0.021505490045643907
4.997799350887806	1.3910129015846904	0.021359739673059697
5.0	1.3910129015846904	0.021261111906252593
4.25	1.4081825185146486	0.024622656362297227
4.252200649112194	1.4081825185146486	0.023842481581532418
4.256589033052544	1.4081825185146486	0.02254703089230155
4.2631393990391215	1.4081825185146486	0.021193248298395657
4.271813306919681	1.4081825185146486	0.020303646323855746
4.282559854753749	1.4081825185146486	0.0203195970292374
4.295315977525459	1.4081825185146486	0.021473147629994596
4.3100068172341395	1.4081825185146486	0.02371130496917414
4.326546162190822	1.4081825185146486	0.02669305037692501
4.34483695294272	1.4081825185146486	0.02986043613689186
4.364771851856689	1.4081825185146486	0.03256596978405869
4.386233873019137	1.4081825185146486	0.03422412057846584
4.409097068755885	1.4081825185146486	0.034448879075324894
4.4332272687432	1.4081825185146486	0.03314328565911476
4.458482867372603	1.4081825185146486	0.030519517627567945
4.484715654748892	1.4081825185146486	0.027046027352531844
4.511771686444731	1.4081825185146486	0.02333659368051357
4.539492186907772	1.4081825185146486	0.020010207647043428
4.567714481218726	1.4081825185146486	0.017556936668607893
4.596272949732473	1.4081825185146486	0.016241931380294592
4.625	1.4081825185146486	0.016068653555848317
4.653727050267527	1.4081825185146486	0.016806411855294842
4.682285518781274	1.4081825185146486	0.018070778531567314
4.710507813092227	1.4081825185146486	0.019432780974750565
4.738228313555268	1.4081825185146486	0.020527076473214518
4.765284345251108	1.4081825185146486	0.021131780567607276
4.791517132627397	1.4081825185146486	0.021202139873311685
4.8167727312568	1.4081825185146486	0.020853871110286748
4.840902931244115	1.4081825185146486	0.020305802836285705
4.863766126980863	1.4081825185146486	0.0198016702685932
4.885228148143311	1.4081825185146486	0.01953492489283365
4.90516304705728	1.4081825185146486	0.01959748542928091
4.923453837809178	1.4081825185146486	0.019964719440952995
4.9399931827658605	1.4081825185146486	0.02051740327054318
4.954684022474541	1.4081825185146486	0.021090453505027865
4.967440145246251	1.4081825185146486	0.021531012006151574
4.978186693080319	1.4081825185146486	0.021746920746363006
4.9868606009608785	1.4081825185146486	0.02173091562235379
4.993410966947456	1.4081825185146486	0.021554433683242967
4.997799350887806	1.4081825185146486	0.021334977153684882
5.0	1.4081825185146486	0.02118936378937322
4.25	1.4241304376458235	0.02455803365283388
4.252200649112194	1.4241304376458235	0.02382268011672098
4.256589033052544	1.4241304376458235	0.022600568561762707
4.2631393990391215	1.4241304376458235	0.02132053057754559
4.271813306919681	1.4241304376458235	0.020472960403094816
4.282559854753749	1.4241304376458235	0.0204721595339309
4.295315977525459	1.4241304376458235	0.021536066362175654
4.3100068172341395	1.4241304376458235	0.0236152207932772
4.326546162190822	1.4241304376458235	0.026389973500184898
4.34483695294272	1.4241304376458235	0.02933720430640509
4.364771851856689	1.4241304376458235	0.03184984967950562
4.386233873019137	1.4241304376458235	0.033379054754479276
4.409097068755885	1.4241304376458235	0.03356322807343582
4.4332272687432	1.4241304376458235	0.03231201917835776
4.458482867372603	1.4241304376458235	0.02982513389380971
4.484715654748892	1.4241304376458235	0.026542702491157862
4.511771686444731	1.4241304376458235	0.023041152425123702
4.539492186907772	1.4241304376458235	0.019901726968535496
4.567714481218726	1.4241304376458235	0.017584626541742567
4.596272949732473	1.4241304376458235	0.016338948879141408
4.625	1.4241304376458235	0.016168198409612946
4.653727050267527	1.4241304376458235	0.016856128118314728
4.682285518781274	1.4241304376458235	0.018042183274837163
4.710507813092227	1.4241304376458235	0.019323923523533904
4.738228313555268	1.4241304376458235	0.020358471712669482
4.765284345251108	1.4241304376458235	0.02093735549313024
4.791517132627397	1.4241304376458235	0.02101804725648545
4.8167727312568	1.4241304376458235	0.020708301080150794
4.840902931244115	1.4241304376458235	0.020212346300784063
4.863766126980863	1.4241304376458235	0.019757574486691267
4.885228148143311	1.4241304376458235	0.01952410964822852
4.90516304705728	1.4241304376458235	0.019596884677069798
4.923453837809178	1.4241304376458235	0.019951730686075086
4.9399931827658605	1.4241304376458235	0.020476148405748424
4.954684022474541	1.4241304376458235	0.02101515048826477
4.967440145246251	1.4241304376458235	0.021425803055658374
4.978186693080319	1.4241304376458235	0.021622656965077678
4.9868606009608785	1.4241304376458235	0.021600304473932144
4.993410966947456	1.4241304376458235	0.021427352039233658
4.997799350887806	1.4241304376458235	0.02121554433268604
5.0	1.4241304376458235	0.021075652353625813
4.25	1.4387630702473422	0.02461204979057352
4.252200649112194	1.4387630702473422	0.024120852431060092
4.256589033052544	1.4387630702473422	0.023294623215949856
4.2631393990391215	1.4387630702473422	0.02240300304225544
4.271813306919681	1.4387630702473422	0.021754990988131877
4.282559854753749	1.4387630702473422	0.02161295464149694
4.295315977525459	1.4387630702473422	0.02211746259255023
4.3100068172341395	1.4387630702473422	0.023242811137918387
4.326546162190822	1.4387630702473422	0.024795100951077773
4.34483695294272	1.4387630702473422	0.026453645305529565
4.364771851856689	1.4387630702473422	0.027845285613793822
4.386233873019137	1.4387630702473422	0.028632785841145814
4.409097068755885	1.4387630702473422	0.02859503703859299
4.4332272687432	1.4387630702473422	0.027679154170699414
4.458482867372603	1.4387630702473422	0.026011981423792643
4.484715654748892	1.4387630702473422	0.023869007745488505
4.511771686444731	1.4387630702473422	0.021609438894168446
4.539492186907772	1.4387630702473422	0.01959437799712597
4.567714481218726	1.4387630702473422	0.018108673400615127
4.596272949732473	1.4387630702473422	0.01730520776278522
4.625	1.4387630702473422	0.01718387862130192
4.653727050267527	1.4387630702473422	0.017608141544484205
4.682285518781274	1.4387630702473422	0.018352326216846054
4.710507813092227	1.4387630702473422	0.01916554547539177
4.738228313555268	1.4387630702473422	0.01983474211685697
4.765284345251108	1.4387630702473422	0.02023092267499049
4.791517132627397	1.4387630702473422	0.020328258957310694
4.8167727312568	1.4387630702473422	0.020193755874885734
4.840902931244115	1.4387630702473422	0.01995327784833311
4.863766126980863	1.4387630702473422	0.019745675611925067
4.885228148143311	1.4387630702473422	0.019679041666395076
4.90516304705728	1.4387630702473422	0.019801323016159205
4.923453837809178	1.4387630702473422	0.020092380909500364
4.9399931827658605	1.4387630702473422	0.02047776685660787
4.954684022474541	1.4387630702473422	0.02085804271234209
4.967440145246251	1.4387630702473422	0.021143266703624188
4.978186693080319	1.4387630702473422	0.02128142084816842
4.9868606009608785	1.4387630702473422	0.021272158070321304
4.993410966947456	1.4387630702473422	0.021162362844918008
4.997799350887806	1.4387630702473422	0.021025991759880954
5.0	1.4387630702473422	0.020935626882436914
4.25	1.4519945462126884	0.024745044925630743
4.252200649112194	1.4519945462126884	0.024599743633443985
4.256589033052544	1.4519945462126884	0.02433362475223998
4.2631393990391215	1.4519945462126884	0.023989577666034566
4.271813306919681	1.4519945462126884	0.023618326957032573
4.282559854753749	1.4519945462126884	0.02326612014706044
4.295315977525459	1.4519945462126884	0.02296386149821559
4.3100068172341395	1.4519945462126884	0.022720476527749243
4.326546162190822	1.4519945462126884	0.02252216056343147
4.34483695294272	1.4519945462126884	0.022337610588061697
4.364771851856689	1.4519945462126884	0.02212777816066353
4.386233873019137	1.4519945462126884	0.021857525373253476
4.409097068755885	1.4519945462126884	0.021506115548664807
4.4332272687432	1.4519945462126884	0.02107383345729791
4.458482867372603	1.4519945462126884	0.020583095441538555
4.484715654748892	1.4519945462126884	0.020073881681479475
4.511771686444731	1.4519945462126884	0.019594801811643983
4.539492186907772	1.4519945462126884	0.019192198587059957
4.567714481218726	1.4519945462126884	0.018900121887565447
4.596272949732473	1.4519945462126884	0.0187336722342167
4.625	1.4519945462126884	0.0186872315091025
4.653727050267527	1.4519945462126884	0.018737752871794806
4.682285518781274	1.4519945462126884	0.018851946397734045
4.710507813092227	1.4519945462126884	0.01899523198946864
4.738228313555268	1.4519945462126884	0.019139984471710204
4.765284345251108	1.4519945462126884	0.019270937872415437
4.791517132627397	1.4519945462126884	0.019386525188978463
4.8167727312568	1.4519945462126884	0.019496132051784257
4.840902931244115	1.4519945462126884	0.01961439101189222
4.863766126980863	1.4519945462126884	0.019754417723448745
4.885228148143311	1.4519945462126884	0.019922086792202757
4.90516304705728	1.4519945462126884	0.020113029383892183
4.923453837809178	1.4519945462126884	0.0203131479968201
4.9399931827658605	1.4519945462126884	0.020502357943099448
4.954684022474541	1.4519945462126884	0.020660301715196876
4.967440145246251	1.4519945462126884	0.02077221956519326
4.978186693080319	1.4519945462126884	0.020833152485542978
4.9868606009608785	1.4519945462126884	0.02084919219684071
4.993410966947456	1.4519945462126884	0.02083540705662235
4.997799350887806	1.4519945462126884	0.020811085709360903
5.0	1.4519945462126884	0.020793749299622476
4.25	1.4637472179796323	0.024905378964061347
4.252200649112194	1.4637472179796323	0.025092660468273346
4.256589033052544	1.4637472179796323	0.025364556648738146
4.2631393990391215	1.4637472179796323	0.025545039786453082
4.271813306919681	1.4637472179796323	0.025435562480946868
4.282559854753749	1.4637472179796323	0.02487393913521044
4.295315977525459	1.4637472179796323	0.023785598042788163
4.3100068172341395	1.4637472179796323	0.022213472292676593
4.326546162190822	1.4637472179796323	0.02031832500073794
4.34483695294272	1.4637472179796323	0.018348956050388256
4.364771851856689	1.4637472179796323	0.01658950067674812
4.386233873019137	1.4637472179796323	0.015296880765999247
4.409097068755885	1.4637472179796323	0.014643907063717059
4.4332272687432	1.4637472179796323	0.014681967147745006
4.458482867372603	1.4637472179796323	0.015332137783453223
4.484715654748892	1.4637472179796323	0.016406313687886084
4.511771686444731	1.4637472179796323	0.01765246384567804
4.539492186907772	1.4637472179796323	0.018812344715999338
4.567714481218726	1.4637472179796323	0.01967735716678657
4.596272949732473	1.4637472179796323	0.02012930991639011
4.625	1.4637472179796323	0.020157235189760092
4.653727050267527	1.4637472179796323	0.019847828508233478
4.682285518781274	1.4637472179796323	0.019353800719214415
4.710507813092227	1.4637472179796323	0.01884967690267021
4.738228313555268	1.4637472179796323	0.018487057639104586
4.765284345251108	1.4637472179796323	0.018360570270402974
4.791517132627397	1.4637472179796323	0.01849207453694608
4.8167727312568	1.4637472179796323	0.018835293843541004
4.840902931244115	1.4637472179796323	0.019297473844154565
4.863766126980863	1.4637472179796323	0.019770442260364576
4.885228148143311	1.4637472179796323	0.020161624598322277
4.90516304705728	1.4637472179796323	0.020416500420842802
4.923453837809178	1.4637472179796323	0.020527217882954783
4.9399931827658605	1.4637472179796323	0.020526550013181596
4.954684022474541	1.4637472179796323	0.020470713237124724
4.967440145246251	1.4637472179796323	0.02041752743562273
4.978186693080319	1.4637472179796323	0.02040719589281498
4.9868606009608785	1.4637472179796323	0.020451517063337588
4.993410966947456	1.4637472179796323	0.020534182053924117
4.997799350887806	1.4637472179796323	0.02062101990094927
5.0	1.4637472179796323	0.020675835828236292
4.25	1.473952116197001	0.02504473503658326
4.252200649112194	1.473952116197001	0.025455227116661913
4.256589033052544	1.473952116197001	0.02608767940503778
4.2631393990391215	1.473952116197001	0.026618259493468438
4.271813306919681	1.473952116197001	0.026680196295465877
4.282559854753749	1.473952116197001	0.025970786753102132
4.295315977525459	1.473952116197001	0.024344621662581237
4.3100068172341395	1.473952116197001	0.02186812924815047
4.326546162190822	1.473952116197001	0.01882057017794458
4.34483695294272	1.473952116197001	0.01564049961491562
4.364771851856689	1.473952116197001	0.012830783815908495
4.386233873019137	1.473952116197001	0.010845847151097801
4.409097068755885	1.473952116197001	0.009989211502133553
4.4332272687432	1.473952116197001	0.01034651689971302
4.458482867372603	1.473952116197001	0.01176994069551086
4.484715654748892	1.473952116197001	0.013916782723800829
4.511771686444731	1.473952116197001	0.016331439765010187
4.539492186907772	1.473952116197001	0.018549562037596775
4.567714481218726	1.473952116197001	0.020198471486360167
4.596272949732473	1.473952116197001	0.021069960038252573
4.625	1.473952116197001	0.021149607687626394
4.653727050267527	1.473952116197001	0.020598451818415638
4.682285518781274	1.473952116197001	0.019695005570839776
4.710507813092227	1.473952116197001	0.018755069323022337
4.738228313555268	1.473952116197001	0.01805116522036498
4.765284345251108	1.473952116197001	0.01775186089844341
4.791517132627397	1.473952116197001	0.01789447952140532
4.8167727312568	1.473952116197001	0.018394828341448607
4.840902931244115	1.473952116197001	0.019087458880669116
4.863766126980863	1.473952116197001	0.019782361954532545
4.885228148143311	1.473952116197001	0.02032082661016463
4.90516304705728	1.473952116197001	0.020615046091443545
4.923453837809178	1.473952116197001	0.02066208939153664
4.9399931827658605	1.473952116197001	0.02053109162959421
4.954684022474541	1.473952116197001	0.02033044677451587
4.967440145246251	1.473952116197001	0.020167127138268674
4.978186693080319	1.473952116197001	0.020111590096479576
4.9868606009608785	1.473952116197001	0.020178895004048902
4.993410966947456	1.473952116197001	0.020330722582193223
4.997799350887806	1.473952116197001	0.02049593047055446
5.0	1.473952116197001	0.020601327232506062
4.25	1.4825493544642556	0.025131378941239086
4.252200649112194	1.4825493544642556	0.025606090312907673
4.256589033052544	1.4825493544642556	0.026341556830462808
4.2631393990391215	1.4825493544642556	0.026970221558279238
4.271813306919681	1.4825493544642556	0.027075646744877866
4.282559854753749	1.4825493544642556	0.02631383141633516
4.295315977525459	1.4825493544642556	0.02451889542092293
4.3100068172341395	1.4825493544642556	0.02176490077820531
4.326546162190822	1.4825493544642556	0.018366966540416373
4.34483695294272	1.4825493544642556	0.014820578457269293
4.364771851856689	1.4825493544642556	0.011693950223458881
4.386233873019137	1.4825493544642556	0.009500291908489607
4.409097068755885	1.4825493544642556	0.008581801094122958
4.4332272687432	1.4825493544642556	0.009033917708745296
4.458482867372603	1.4825493544642556	0.01068785516588251
4.484715654748892	1.4825493544642556	0.013154501030012027
4.511771686444731	1.4825493544642556	0.015917424666051238
4.539492186907772	1.4825493544642556	0.0184509163573821
4.567714481218726	1.4825493544642556	0.02033366315366872
4.596272949732473	1.4825493544642556	0.021331008209989503
4.625	1.4825493544642556	0.021427864200360976
4.653727050267527	1.4825493544642556	0.02080762640225094
4.682285518781274	1.4825493544642556	0.01978622827402418
4.710507813092227	1.4825493544642556	0.018721176500994353
4.738228313555268	1.4825493544642556	0.01792034222965066
4.765284345251108	1.4825493544642556	0.017573469132824076
4.791517132627397	1.4825493544642556	0.017721641240712866
4.8167727312568	1.4825493544642556	0.0182687367898475
4.840902931244115	1.4825493544642556	0.019027409716942244
4.863766126980863	1.4825493544642556	0.019783525587805287
4.885228148143311	1.4825493544642556	0.02035941650715878
4.90516304705728	1.4825493544642556	0.020658474075993423
4.923453837809178	1.4825493544642556	0.020680498639612886
4.9399931827658605	1.4825493544642556	0.020506605814559226
4.954684022474541	1.4825493544642556	0.02026150706171738
4.967440145246251	1.4825493544642556	0.020067032092052968
4.978186693080319	1.4825493544642556	0.02000224208037066
4.9868606009608785	1.4825493544642556	0.02008220977284086
4.993410966947456	1.4825493544642556	0.020260753141244123
4.997799350887806	1.4825493544642556	0.02045434689832287
5.0	1.4825493544642556	0.02057764939857502
4.25	1.4894884807687025	0.025157158827293632
4.252200649112194	1.4894884807687025	0.025544909034299026
4.256589033052544	1.4894884807687025	0.026138721364922582
4.2631393990391215	1.4894884807687025	0.02662664836806265
4.271813306919681	1.4894884807687025	0.026655702293548644
4.282559854753749	1.4894884807687025	0.025935184668180775
4.295315977525459	1.4894884807687025	0.024326642744679095
4.3100068172341395	1.4894884807687025	0.02189638852323675
4.326546162190822	1.4894884807687025	0.018916233108642246
4.34483695294272	1.4894884807687025	0.015811523122866846
4.364771851856689	1.4894884807687025	0.013069175644424754
4.386233873019137	1.4894884807687025	0.011128638140033705
4.409097068755885	1.4894884807687025	0.010282921100858704
4.4332272687432	1.4894884807687025	0.010614045290946367
4.458482867372603	1.4894884807687025	0.011978251766913448
4.484715654748892	1.4894884807687025	0.014043586293086155
4.511771686444731	1.4894884807687025	0.01636936656012867
4.539492186907772	1.4894884807687025	0.01850696659691994
4.567714481218726	1.4894884807687025	0.020096824994450483
4.596272949732473	1.4894884807687025	0.020938595470865948
4.625	1.4894884807687025	0.02101915713369129
4.653727050267527	1.4894884807687025	0.02049453904676271
4.682285518781274	1.4894884807687025	0.019633590155016086
4.710507813092227	1.4894884807687025	0.01874034664228335
4.738228313555268	1.4894884807687025	0.018076252704968803
4.765284345251108	1.4894884807687025	0.017801825510083403
4.791517132627397	1.4894884807687025	0.01795075340961571
4.8167727312568	1.4894884807687025	0.018439832615861514
4.840902931244115	1.4894884807687025	0.019108341989128474
4.863766126980863	1.4894884807687025	0.019773107617820494
4.885228148143311	1.4894884807687025	0.020282480755873127
4.90516304705728	1.4894884807687025	0.020554308677606135
4.923453837809178	1.4894884807687025	0.020588884499662494
4.9399931827658605	1.4894884807687025	0.02045588485804909
4.954684022474541	1.4894884807687025	0.020262006936168187
4.967440145246251	1.4894884807687025	0.02011117943187684
4.978186693080319	1.4894884807687025	0.0200704757703167
4.9868606009608785	1.4894884807687025	0.020152047210494326
4.993410966947456	1.4894884807687025	0.02031557863371964
4.997799350887806	1.4894884807687025	0.020488870390810404
5.0	1.4894884807687025	0.020598345068795442
4.25	1.4947287735579649	0.025136294051649095
4.252200649112194	1.4947287735579649	0.025343414743728494
4.256589033052544	1.4947287735579649	0.025644148521327306
4.2631393990391215	1.4947287735579649	0.02584398069717591
4.271813306919681	1.4947287735579649	0.025723750070009044
4.282559854753749	1.4947287735579649	0.025104869340528437
4.295315977525459	1.4947287735579649	0.023906000548347982
4.3100068172341395	1.4947287735579649	0.022175955358072322
4.326546162190822	1.4947287735579649	0.02009375618061109
4.34483695294272	1.4947287735579649	0.01793531411597978
4.364771851856689	1.4947287735579649	0.016014807171140177
4.386233873019137	1.4947287735579649	0.014615322158912031
4.409097068755885	1.4947287735579649	0.013925989508763194
4.4332272687432	1.4947287735579649	0.014001047561784554
4.458482867372603	1.4947287735579649	0.014750555966969003
4.484715654748892	1.4947287735579649	0.015964389488760472
4.511771686444731	1.4947287735579649	0.017362826955144264
4.539492186907772	1.4947287735579649	0.01866066010518937
4.567714481218726	1.4947287735579649	0.019628880203242747
4.596272949732473	1.4947287735579649	0.020139285509044383
4.625	1.4947287735579649	0.02018231064611063
4.653727050267527	1.4947287735579649	0.019855581063798793
4.682285518781274	1.4947287735579649	0.01932817408254856
4.710507813092227	1.4947287735579649	0.018791357902693956
4.738228313555268	1.4947287735579649	0.018409246177227726
4.765284345251108	1.4947287735579649	0.018281808281851185
4.791517132627397	1.4947287735579649	0.018428480356449426
4.8167727312568	1.4947287735579649	0.01879453458836137
4.840902931244115	1.4947287735579649	0.01927613715359586
4.863766126980863	1.4947287735579649	0.019755359910856394
4.885228148143311	1.4947287735579649	0.020134489520375515
4.90516304705728	1.4947287735579649	0.020360157973395774
4.923453837809178	1.4947287735579649	0.020431570808759004
4.9399931827658605	1.4947287735579649	0.02039220510223823
4.954684022474541	1.4947287735579649	0.02030924130741615
4.967440145246251	1.4947287735579649	0.020248271995893363
4.978186693080319	1.4947287735579649	0.020251626752426297
4.9868606009608785	1.4947287735579649	0.02032686763769634
4.993410966947456	1.4947287735579649	0.02044831704861441
4.997799350887806	1.4947287735579649	0.0205700984961675
5.0	1.4947287735579649	0.02064548471160844
4.25	1.4982394807102444	0.025096813402351554
4.252200649112194	1.4982394807102444	0.0251138006522511
4.256589033052544	1.4982394807102444	0.02510632012311404
4.2631393990391215	1.4982394807102444	0.025003942742029505
4.271813306919681	1.4982394807102444	0.024728875100052804
4.282559854753749	1.4982394807102444	0.024220881163215434
4.295315977525459	1.4982394807102444	0.023458774016920075
4.3100068172341395	1.4982394807102444	0.022472591775466975
4.326546162190822	1.4982394807102444	0.021342979104482785
4.34483695294272	1.4982394807102444	0.020187615287693344
4.364771851856689	1.4982394807102444	0.019137885612195097
4.386233873019137	1.4982394807102444	0.018311506556618486
4.409097068755885	1.4982394807102444	0.017787838436438975
4.4332272687432	1.4982394807102444	0.017591902523537366
4.458482867372603	1.4982394807102444	0.017690873782434936
4.484715654748892	1.4982394807102444	0.01800365302110684
4.511771686444731	1.4982394807102444	0.018420870906677392
4.539492186907772	1.4982394807102444	0.01883018227823994
4.567714481218726	1.4982394807102444	0.0191405951388143
4.596272949732473	1.4982394807102444	0.019300089033560067
4.625	1.4982394807102444	0.01930272356287791
4.653727050267527	1.4982394807102444	0.019184260221752552
4.682285518781274	1.4982394807102444	0.019008249769045946
4.710507813092227	1.4982394807102444	0.018846804756989133
4.738228313555268	1.4982394807102444	0.018761321602781753
4.765284345251108	1.4982394807102444	0.018788027581325292
4.791517132627397	1.4982394807102444	0.018931587567732864
4.8167727312568	1.4982394807102444	0.019167623430589
4.840902931244115	1.4982394807102444	0.019452561079649825
4.863766126980863	1.4982394807102444	0.019737391615642207
4.885228148143311	1.4982394807102444	0.019981176503297903
4.90516304705728	1.4982394807102444	0.020160582901339347
4.923453837809178	1.4982394807102444	0.020273198125212947
4.9399931827658605	1.4982394807102444	0.020334362409692202
4.954684022474541	1.4982394807102444	0.020369172468035632
4.967440145246251	1.4982394807102444	0.020402594104399006
4.978186693080319	1.4982394807102444	0.02045093988935781
4.9868606009608785	1.4982394807102444	0.020517278185941207
4.993410966947456	1.4982394807102444	0.020591904343588006
4.997799350887806	1.4982394807102444	0.020657298571731972
5.0	1.4982394807102444	0.020695557458488018
4.25	1.5	0.02506793292091067
4.252200649112194	1.5	0.024965613341408042
4.256589033052544	1.5	0.024764800803219814
4.2631393990391215	1.5	0.02447304416303031
4.271813306919681	1.5	0.024101378471415993
4.282559854753749	1.5	0.023663914598197496
4.295315977525459	1.5	0.023177216522998985
4.3100068172341395	1.5	0.022659454973335796
4.326546162190822	1.5	0.022129369630560062
4.34483695294272	1.5	0.021605121500441433
4.364771851856689	1.5	0.021103158347692812
4.386233873019137	1.5	0.020637236391798198
4.409097068755885	1.5	0.02021773253126575
4.4332272687432	1.5	0.019851342218583642
4.458482867372603	1.5	0.01954119561568425
4.484715654748892	1.5	0.019287352040095934
4.511771686444731	1.5	0.01908756629953017
4.539492186907772	1.5	0.01893817562795012
4.567714481218726	1.5	0.01883494296610119
4.596272949732473	1.5	0.01877371405798539
4.625	1.5	0.01875079673091622
4.653727050267527	1.5	0.018763038372088786
4.682285518781274	1.5	0.018807645880208505
4.710507813092227	1.5	0.01888184549436755
4.738228313555268	1.5	0.018982506387035764
4.765284345251108	1.5	0.01910584722985334
4.791517132627397	1.5	0.019247312389497836
4.8167727312568	1.5	0.01940165389721098
4.840902931244115	1.5	0.019563200547005877
4.863766126980863	1.5	0.019726250189524244
4.885228148143311	1.5	0.019885495840957838
4.90516304705728	1.5	0.020036395094110353
4.923453837809178	1.5	0.020175413372768732
4.9399931827658605	1.5	0.02030010714641637
4.954684022474541	1.5	0.020409052608268387
4.967440145246251	1.5	0.02050165790684877
4.978186693080319	1.5	0.020577915204400034
4.9868606009608785	1.5	0.02063814986300545
4.993410966947456	1.5	0.020682810368155218
4.997799350887806	1.5	0.020712320618721847
5.0	1.5	0.020726994068929097
