0.025181286799184716
-0.0024174220565391074
0.0009512471310402835
8.236803605493361e-6
4.7034108777315535e-5
0.00026825534780419014
-0.0016197695199299997
0.0013259209362120883
0.00031731960270667845
-0.003505706201018278
9.037141111335048e-5
0.0010121272491489732
0.0006995030343385097
-0.0005288370752331023
-0.002678094438030215
0.0024802493797521125
0.0018985321131015037
-0.0013863692877774366
-0.002966262628182177
0.003264519171418166
0.0007133580171689258
-0.0027568488003572524
0.0006938811324100923
0.0006114655750449992
-0.00026154076401294925
0.002996136544127648
-0.006078335707935251
0.0045231555351050905
0.0012628766171336292
-0.004906526450321148
0.005013630165257019
-0.002394252235367109
-0.0019422770717841035
0.005070564468023066
-0.0056685433971872794
0.003970928190569636
-0.00019535599271145094
-0.003570316799534937
0.006821474683304204
-0.004410208296754811
-0.0018422208966244423
0.0028453233535568646
2.7990191257147792e-5
-0.0011309341016180854
-0.00022378777043612107
0.00032139400865051695
0.0019058551581480226
-0.0017705547178351318
-0.000651284799544669
-0.0023965545227388725
0.008097367973262461
-0.006598897483808474
-0.0015356122556080586
0.006579800652746323
-0.005486365583324977
0.0019586159222502075
-0.00022697474745870348
-0.0020993835904942115
0.0059104069809747485
-0.004958033763683828
-0.0008316699515169763
0.0046220175657716925
-0.0046808893043903945
0.0021778206125751642
