0.042487170388887774
1.4432344399306388e-8
-1.4347172334031304e-8
1.1407058372219428e-8
-1.0769191065157475e-8
1.0417855430497437e-8
-9.380413725238222e-9
4.564335431759774e-9
-1.0709680642907332e-5
2.9562148920183673e-8
-1.986245516263446e-8
4.4613803854637705e-9
5.300038999481837e-9
-3.303766601461262e-9
-9.327132985880749e-10
2.112244798148977e-10
-0.0007081379176260964
-1.3249573865969627e-8
6.81176611640966e-9
3.758110845359023e-10
1.3056407743708335e-9
-7.585279041892034e-9
1.7987652999505396e-8
-1.2625549182265192e-8
-4.972877549583574e-5
-3.479661182616274e-8
2.8787379656443503e-8
-9.160840325448392e-9
-2.235074743961953e-8
3.7293679776844955e-8
-3.202339251402314e-8
1.5272049250716384e-8
6.4590055120850506e-6
4.43532419354994e-8
-4.244597961844438e-8
2.4267116721650755e-8
-1.1842230138207127e-8
1.354894619962184e-8
-1.8460659628881305e-8
1.0688767544068472e-8
-2.2572594071797702e-5
5.239653018774831e-9
-1.6164958758461123e-8
2.201381886340676e-8
-1.541382150602508e-8
-2.9450747178572382e-9
2.1987419960654325e-8
-1.5166476694969395e-8
7.880330233360009e-5
-8.71520119913018e-9
1.603360105989856e-8
-2.106570135170085e-8
2.3175834200356543e-8
-2.7733819220494714e-8
2.330255471635212e-8
-8.407305651025394e-9
2.143892141810596e-6
2.1374025324274383e-8
-4.1500664279142334e-9
-1.452553902195336e-8
2.6948930485824875e-8
-1.9686902223654743e-8
-2.5606075654993562e-9
6.606864270277224e-9
