0.034914324375682176
-4.175834284667199e-6
4.302023938605106e-6
-3.1795040651589902e-6
1.406606724982031e-6
4.404876799070231e-7
-2.472000645313455e-6
1.8842561780351419e-6
-0.001648690700147933
3.4861683430855328e-6
-4.5430145828906316e-6
3.8149076267188184e-6
-5.975869516836011e-7
-3.544438990190896e-6
7.99506302900622e-6
-5.410670581692659e-6
-0.0015122641689486462
-5.500957458824663e-6
5.797114302058557e-6
-4.194637367770305e-6
9.062457500595818e-7
3.0094262614449517e-6
-7.950393753409122e-6
5.638512787475102e-6
0.00039116416703569457
4.3253138179273115e-7
-6.495056344006883e-7
2.6269976694776006e-9
2.5702702939482867e-6
-5.440352901442536e-6
7.274353038615379e-6
-4.152527254167833e-6
0.0003608768056291552
-2.0331584796472083e-6
2.1109225468143225e-6
-1.4513432757687982e-6
2.347376792231921e-6
-4.17437094847356e-6
6.234241756107464e-6
-3.881077845908578e-6
0.0001518658065799189
1.3243322697875274e-6
-2.0422970505622245e-6
2.1936455435176902e-6
-2.8350389221888324e-6
4.408227214470395e-6
-7.515063561006228e-6
4.960771187114659e-6
-3.433834951092902e-5
-3.207035252663638e-6
3.1182193290451924e-6
-1.252967250724883e-6
-1.3344655236873546e-6
2.4571163251122666e-6
-1.331974923325251e-6
2.0693716502636084e-7
-0.00013844775438380503
-1.12457687075625e-6
4.258836790842334e-7
4.491141729862403e-7
-8.194261601573463e-7
9.450357671557353e-7
-9.734357959165062e-7
5.073855117386504e-7
