0.0769060380408233
-1.5018041590617824e-11
1.0076316357880125e-11
-3.146552516102954e-12
-2.085108061071019e-12
-4.485971703444372e-14
-6.201595825735543e-13
1.0766842438423127e-12
0.0328884168390503
-8.166631853985003e-12
5.8992294511776166e-12
-3.563504902118084e-12
-2.1365509563333616e-12
5.415146738990073e-12
-3.5703378648263916e-12
3.2055616998959195e-13
0.011172318326522993
-1.2288036685816434e-11
1.6091930433175496e-11
-1.0355419237262754e-11
4.029590211060481e-12
3.43858306552637e-12
-2.6387138146622052e-11
2.0775775298316092e-11
0.0021503990517372016
-2.5108458953031274e-13
-3.355619369673611e-12
5.912689988288322e-12
-1.1726301394873789e-12
-3.7685742633957865e-12
7.486852491254667e-12
-5.367788409961849e-12
-0.0010516655073005885
-5.372138142336591e-12
9.66779155096923e-12
-1.712837907767861e-11
2.2533406209150715e-11
-1.2483785260996015e-11
-3.757703230021361e-12
5.9486864932354734e-12
-0.00031659322695331703
-8.559927257356008e-12
9.611120424115684e-12
-8.031693167406483e-12
5.3077974631549164e-12
3.791481091777866e-12
-1.1003125557459696e-11
7.167657715957003e-12
0.0005082573001735223
-1.0246806782503658e-11
3.710277827573714e-12
5.866587537279474e-12
-1.9832207534283672e-11
2.3119102008605243e-11
-4.151026654896306e-12
-5.164580188714409e-12
-0.0003202377903345314
-8.493986767290909e-12
5.463506285201392e-13
6.364457764649856e-12
-1.0569074716537406e-11
7.804813562937907e-12
5.988723186820095e-12
-8.470018400445098e-12
