-10.507628897589235
-1525.3356373093682
-262.2912289336392
225.39848983655384
-546.6946718112332
-351.28399769684813
-99.1606142284721
-10.998256510906884
0.20507732408632365
6411.374729004728
6104.564141411815
1806.75695006499
354.90437975429217
22.82324814632734
-245.6979321161413
-152.61801649035638
-19.79697861560553
396.9656351672101
169.003929810022
15.302617062023042
-3.564345041372234
0.36530768273827896
-4527.809136131223
-5328.4887624797275
-1121.964145064093
-127.33991509260407
323.1077750938418
73.49190441350329
-678.1563684315386
-194.31990034346092
44.92167612722807
-6.399665672495179
