-10.479741035791971
9106.50905809751
14667.659678375005
21625.81653370028
3293.434980353122
6891.206554481324
1061.7712314876362
-543.4714661826484
-424.39875815948017
-126.64004110496204
-16.34514826931466
-127076.7628742275
-114160.65833372963
-28953.204335302762
14998.889045438693
6845.507527794204
-1309.691907317503
-136.17440286758415
10417.395555747915
7993.387053751492
1285.2352720921256
89.86205500979108
-26.541341557430126
-9203.582916587444
-11040.51779337729
8278.843299031088
4959.814002332795
-52.74197181025699
537.4606338574312
129.48725967158302
-4908.942198044748
-2176.327826875395
890.5759310953426
-435.12936220163107
152588.65023118912
387823.5411145227
-106623.34118110673
-97314.75591204093
-25248.544248386836
-626.7265156488395
-13200.816019050939
-7458.8789447184
-765.4230367842201
236577.53979081704
81421.58313000544
-10785.782951727198
-7727.65672956444
-205.90150528244138
14273.589910955892
4104.380330119839
-462.97445829026987
22.72115470168273
-222.121855286727
13380.451225762234
2891.248589646855
2227.659993282453
-1339.3629948487862
