0.021597929170741954
-0.0009847913687037056
0.0001137187212922484
-0.0008541815946109425
-0.0012936500841994932
-5.189146966375596e-5
0.0023421997641645373
-0.0007855393092049735
-0.000497282391917341
-0.0006344710045697819
0.000124671913722562
-0.0016056594850870258
-0.0030731220115531948
-0.00017420589259474394
0.004203006423645299
-0.0008831234036396795
0.0013828002834410575
0.0003941084816509581
0.0001899534547583866
-0.0008034344445339279
-0.0047312365879032415
-0.00041630562854120027
0.002921567302820556
0.0013777172434655785
0.000722268826947412
0.00037397276945909207
0.0015577974325235084
-0.0018107079049110779
-0.003578376770439687
-0.0019126849279782825
0.0012433086867949638
0.0037932443644047562
-0.0005699735695153471
-0.0007975734594064736
0.0025887601285394645
-0.0021048112004095772
0.0025085965398263005
-0.004298673138058056
-0.0011074155935827056
0.0035628224076318382
-0.0008352782527643406
-0.00180847997558301
0.0018445348592851976
0.00024304677437910534
0.00541041785561383
-0.00297567067449831
-0.002156712372667451
0.00034649267550993293
-0.0006597474514367013
-0.0012840206001769946
-0.0014216772757231835
0.0029908229669622175
0.004594960828711958
0.00416469691191753
-0.006075580697696429
-0.0022154321291887654
-0.0005159120914579453
-9.359522881029852e-5
-0.0017493352729876807
0.0016796346700088047
0.0024831206584659217
0.004890419955151631
-0.005439485363323294
-0.00136738940213934
