0.03544585646565627
-0.0027633883161002483
0.00022020172643924123
0.00025731658154377483
-0.0001279197216119489
3.0412171633292007e-5
-5.762101338189939e-7
1.950266265988467e-6
0.009760130959073908
-0.0019281208716102733
-0.0004647662034020074
0.00033563135764259303
-0.00010391091740992289
3.5918645525781995e-5
-7.261201020271124e-6
3.5025953373145284e-6
0.00216359071768575
-7.703444255644545e-5
-0.0002371943335411796
9.848962623553652e-5
-2.6900054386708197e-5
-8.838070643732066e-6
-4.1403864730657625e-7
7.092714268361691e-6
0.0009314279666752484
-0.0007041660450967713
-0.00015045468847619238
6.752302877064236e-5
-3.1823778155689336e-5
7.4820216444175015e-6
-3.377538759783717e-6
3.820864776736545e-6
-0.0006736285705004833
0.0002717128546659857
8.209961603210566e-5
-5.6938597443934944e-5
2.7722166987216325e-5
-2.389533908140223e-6
2.931768103219514e-6
7.338065097307941e-7
-0.0021275264800327074
0.0005731811214934814
0.00017661553294034493
-7.423248413197187e-5
2.5014509729798346e-5
-1.008114289167176e-5
3.167833275776535e-6
-1.7614725526071068e-6
-6.187459225163915e-5
2.1097323164409558e-5
7.496879682744442e-5
-1.3694147182605613e-5
-4.1149714198673865e-6
8.863478259463302e-6
-5.487578613193719e-6
-1.8557643032003742e-6
0.0009968375044486085
-0.0002951844818995661
-7.129557778373533e-5
5.175929648040294e-5
-1.2992317609753216e-5
1.622608509202468e-5
-3.389146145429053e-7
-3.6434863646227247e-6
