-4.3399487963190415
47.89606673605514
16.94198282474769
-3.196066109794367
-4.59595550169351
4.295397118251952
2.9185555349259245
-0.669555771572641
-0.10634398169402445
0.10155845974956658
0.002417800880086271
73.84218751025547
-120.3733708199864
73.46885080982432
53.12221307577659
-26.656794811344906
-41.17300027488096
-18.098345212545883
5.884398246210538
-3.667721722388704
6.293063544479814
-14.247964569730325
-2.4444347454689535
29.380418723923153
2.6324837334596825
1.514805281145387
7.954000135524163
9.988140053783429
5.628551357904728
0.8119796991907728
1.1193571133251579
-0.2377294433654649
2.021934520277201
-0.7553158665602511
-6.801324876435701
-3.445586984403328
-1.974226014704575
-1.7309521267025112
-1.995626654767665
-0.9729715830374045
0.02690368628545135
0.1763018566157967
0.1227392626279011
-0.14001203157179032
-1.6870167656226502
-1.0980597718904388
-1.5676133869361404
-1.4422217153201884
-0.7303871919043806
-0.2661591251546311
-0.1883589566842771
-0.2711145600060181
-0.3222939319286417
-0.2580078846164253
-0.0939513477190651
0.8317270665807056
1.173136440526774
1.4689674356760005
1.101174195884304
0.781625529041929
0.5919074106042147
0.4001977449756166
0.31230954917768305
0.25546937860335767
0.18598320418785524
0.07861663973885893
-0.2559483005655438
-0.5159599533535358
-0.7070252475126012
-0.39838243447918326
-0.4606596549302678
-0.4374604350827983
-0.28701285646442354
-0.17322254035250062
-0.09917745818957831
-0.07588922754829504
-0.03555765558392943
0.04987995277088841
0.06514853671719173
0.14456355332075416
0.08958758987347626
0.11414773394008725
0.095157327074996
0.06636241739028967
0.055117005429363576
0.03892499443909245
0.030302300761530846
0.011391243270949173
-0.02634728240391944
-0.042651731611754104
-0.03510232408477616
-0.02019879742791626
-0.018329937184702504
-0.01174458007124703
-0.007001602359509674
-0.0029697683197383584
-0.0004567107631474136
-0.0010935954556417055
-0.00026314140984560704
-0.014667310769372525
-0.026125306648560984
-0.024219583471368808
-0.021338575373572533
-0.01654423692726817
-0.013727919147585975
-0.009790288109721372
-0.007642392241661643
-0.003120120628129106
-0.0023772192527016056
-0.0016120570379692968
0.0017367732645697878
0.0022163241155021382
0.0028059989470312794
0.0023942414180252317
0.0028577454884162164
0.0024662225757017806
0.0011954577501212284
0.0005781785913890354
0.0007716649133135315
-4.2349667628366264e-5
0.0001376339212382756
0.0019842814563227427
0.003494030923058794
0.003482377066796448
0.0031075809288892936
0.002897049253997211
0.0016050433167713223
0.0021929777423007803
0.0018320092192069784
0.0012969027455929673
0.0006342144498893299
0.0008096733460028578
-0.017548608686618387
-0.030010845151841582
-0.028637467698578417
-0.024855569775532525
-0.020939856907562823
-0.018058090669242452
-0.020314858084741146
-0.018251085045697786
-0.01414382937589792
-0.009120031677993044
-0.008741396800647795
