0.06610440534794233
0.0023370129019700658
-7.050145164150446e-5
5.8739938760120496e-5
4.350410621165119e-5
-1.535602901303323e-5
1.9891849373683253e-6
6.378371587804126e-6
0.008698919891263751
-0.00906415277038905
0.0016196886379700685
-2.3475166355384845e-5
-8.622953475726321e-5
4.567845235651445e-5
-1.663397899202594e-5
-9.991825425007266e-7
0.0013170878614233562
0.00255687480022833
-0.0006406146933897382
4.721409694480347e-6
4.531213952244494e-5
-2.3247541280049048e-5
1.8802364275446417e-5
-1.4545557834731136e-5
0.0012714213803219525
-0.0014156591893127188
0.0002707195032688837
3.9545232702368105e-5
-1.7853066015779896e-5
-2.68480905820452e-6
-1.1211270644594189e-5
1.939090025404471e-5
0.0007938238521687346
-0.0005812780648644581
9.374413573693942e-5
-3.311612889080811e-5
3.316910998994995e-5
-1.5218253820539298e-5
-3.594745260534293e-6
-9.302883720748826e-6
-0.0010158105649041716
0.0007747443350041691
-9.386057760895664e-5
-2.8790186573792657e-5
-2.2511322017791527e-5
2.9885262921289526e-5
6.010824197253306e-6
-7.654082389718674e-6
-1.596002128612967e-5
-2.3002477702656923e-5
-0.00010928400628392366
5.997874592358272e-5
-4.9903767639333155e-5
3.5808522857356353e-6
1.9486608149991692e-5
2.1465747391294286e-6
0.00011256820248703788
-0.0001062236069151535
0.0001442911773471025
-3.630168759156824e-5
3.329626402592868e-5
-1.6790886984413533e-5
-1.0052699829101234e-5
4.676063374692187e-6
