-4.112368733714612
11.46481263664105
-15.018974982744144
-14.86795566643338
1.9137630622466717
8.320649267055307
-6.771074481814242
-10.468029135846065
-4.926632723421727
-0.12878701469713028
0.14356288159846783
0.09869039307488062
50.60869836855372
-24.59129648995264
63.22144347019908
1.2811840972143027
-59.518671245935245
-51.16517594653046
-29.519619486993008
-20.342193583047333
-4.587592128448149
9.922227745582102
-5.169607953345351
1.803580765603628
8.960743331804228
9.099695169332454
5.316591054644989
3.5939731526342933
0.16539988815534398
-3.923498835271993
-0.9155166977799948
-1.4036683682032305
-2.1354629014708495
-2.4804761932244475
-1.4323467574404076
-0.7857990047480485
-1.5603161467801665
-1.0927184603849849
-1.8089959581421746
-1.0753652695549119
0.02062167454446773
0.4749156654431094
0.45051208189696806
0.27101188815875393
0.3165108387223557
-0.0022181247913907504
0.43579138848928256
0.18257040529658378
-0.16167944322760686
-0.2315454348534347
-0.22471744200888571
-0.117919198627193
0.08182503227474698
0.19122267461949816
0.1352896995819254
0.14545740541767005
0.09046823612917353
0.04286288423562917
0.027431822118145942
0.013101416399381
-0.2509442838700954
-0.5703549459606428
-0.3847279044870858
-0.3779654444202937
-0.22489356023525733
-0.13986579702304644
-0.09201419626497019
-0.03231743404248388
0.06026690499852264
0.14408249343769916
0.10085748444068586
0.10794675085915684
0.0652259383525733
0.04102476213477581
0.027455980509806324
0.009740553416574177
-0.019056768766456393
-0.03564487338037142
-0.02743114824387677
-0.02290245069147303
-0.014881704114203993
-0.009232305268108231
-0.005856413504179904
-0.002471843029946621
-0.0036443769147743847
-0.006683274498883639
-0.006848067578036189
-0.005394334875561829
-0.003103418863444123
-0.0028692427738402295
-0.0012084278300670025
-0.002985998449059081
