-4.323780727922114
-33.93350399646728
-11.502556877478444
0.5018055147089172
-0.8644341952292848
0.5687797592322408
-0.006422454864059132
-32.89086342331098
-10.615287172576194
-6.846726561451866
12.629648316594597
4.735098240251223
4.389560517110838
-0.07103343940144782
0.08251117342696741
-1.8496694527875366
-0.7303133149920338
-0.2472132686304503
0.1845078046645716
0.1203347523709164
0.07095927667450992
0.0443549971002096
0.1267804731621033
-0.0417219349781906
-0.004286725894615168
-0.028592271990562558
-0.0613430277784778
0.018372154112373914
0.11414832215058238
0.09446367053797472
0.0563233494603778
0.057383720437093735
