-4.465369251575154
-26.03421258917939
-7.2209680694064495
1.9334268024296526
-1.019821669271302
0.13715072422392732
-0.20353382138129422
0.007282289061372247
-0.01645224902672366
-17.072734148098448
-32.26788928357777
23.255355469999394
-15.621977817511308
-7.6937206565188765
11.941794321999968
1.9564877867095738
5.614223237398364
-3.8908784986316958
1.6545900339654225
0.9583142967216302
-1.8733440084742208
0.21361058694461246
-0.7996279370915189
0.679851070922749
-0.1032818499074659
-0.24111331888871726
0.11853494688980573
-0.21383293093352226
-0.10005847039799236
-0.2015380462458155
-0.01865830543252052
0.040365580787496635
0.013790831936339763
-0.009688596386978911
-0.11660096685306376
0.0025049965144134183
-0.053725962285403286
-0.02849408574696055
0.00024510572874381325
-0.013087058170518655
0.09544091983432555
-0.0164473780921911
0.06655763831038833
0.05553253781326107
0.0009597512718325064
-0.0065197397183921766
-0.00972717308335073
-0.007259332313182146
-0.004675811221187281
-0.00261572202087279
0.0007657246051821847
0.0007186017000793648
-0.0019679906475383434
-0.002337266936561801
-0.0036235651827158
-6.256531956151909e-5
-0.0018788921733176047
