0.02149884822499773
0.00042332351834671594
-0.00011264911503268455
4.002368380144117e-5
6.353396819661297e-5
-4.956495520757755e-6
-2.6210082130741557e-5
6.522208726633923e-6
-0.0016076879779564667
9.181433913354227e-5
-0.00015081136608070028
0.00010504327986109371
0.00014458577605695343
-5.689630118535982e-6
-4.694601403305867e-5
-7.902192496250154e-6
-0.00010378726280293259
-0.00021652156961762055
0.00018337106554472085
0.00010137741789633523
8.646166297530581e-6
5.224466606631629e-6
-4.236322932989085e-5
-9.905909208554105e-6
0.00021249310718562158
-8.39092170400133e-5
0.0003419086885124409
-4.513449111098067e-5
-0.00018689885603594668
9.154608166493623e-5
4.130431283265839e-6
-3.529152430666289e-5
2.1863843742148466e-5
0.00022172013092257672
-0.0002088746792750941
-4.310624468084854e-5
8.509957560156704e-5
-7.337308751456094e-5
-4.143214265124924e-6
4.906202963047287e-5
-0.00024417038108948927
1.4040676523327303e-5
4.470245323461279e-5
0.00010905819951044968
8.710363041184266e-5
-0.00015689026606433395
-5.619445123188101e-5
8.98509002678228e-5
4.089968818853304e-5
-9.228240047066552e-5
0.00010691694704473749
1.797676386245194e-5
-9.82150564132218e-5
3.699233054749475e-5
2.1458312990211565e-5
-1.9504311323864486e-5
0.0001777533834560852
3.0265192444019043e-5
-0.00018295626455505483
-3.561369397548226e-5
1.1609960274684866e-5
5.946285199499766e-5
4.907298700900231e-5
-5.3326832793842124e-5
