0.02276561943475498
0.00031353664640861023
-0.00013350015655924971
6.923295487990627e-5
-3.105767703249458e-5
3.754884766734347e-5
2.4958935033108487e-5
-4.014742844337361e-5
-0.0014029245768384753
6.284938533659658e-6
-0.00010570093119503851
6.476340122529159e-5
-8.807398519556881e-5
6.178038155705031e-5
5.2150517300027596e-5
-6.358986653050942e-5
-5.035777786187734e-5
-0.00034463051108603315
0.00018205414147434004
0.00011638643178206862
-7.848865517627432e-5
6.937846776951091e-5
-1.1689560122711535e-5
-1.9335193416681363e-5
0.0005523977391653056
0.00013410937890103935
0.00045651581911894726
-0.00028529973756225203
-8.936454996640004e-5
0.000180552655311224
-5.2825887547819293e-5
-4.9615156092094584e-5
4.8709138238339155e-5
0.0005431067990250736
-0.00043817804042502537
-0.0004070466178161092
0.0003716140890116009
-8.71140805722112e-5
-0.00014897077305028555
0.00012675909498540363
-0.00037163229241477625
-0.000307095599224242
-0.0002111473886348831
0.0004706200224502059
6.18965799495034e-5
-0.0002642212512829921
7.289002948604058e-5
6.124804243409744e-5
-3.352226082029334e-5
-0.00016612151688715846
0.0002738722021244289
0.00016926292866453567
-0.0001976280935366064
3.103184164607513e-5
7.725396917286447e-5
-5.988461246245766e-5
0.00018340597873467727
0.00018077039174441302
-7.53414599814454e-6
-0.00026451266500936957
8.169489371971e-6
0.00010762231616975597
-4.905453206822262e-5
-7.883044524225766e-6
