0.0250569650065147
0.00028812447950461636
-0.00014455063333601237
5.7083998281510545e-5
1.1820233051885303e-6
-2.6736769279759383e-5
1.835805908643062e-5
1.6683974277775475e-6
-0.00114371358875505
0.0003942558556822189
3.913481359269246e-6
7.342446249050348e-5
1.870853396999615e-5
-5.31669795674002e-6
1.148146970804541e-5
-1.4530334787081841e-5
-0.0005422814459939325
0.00022479400438249513
0.00011117311743172977
5.6778820148458076e-5
8.169884544823388e-6
-2.261052346794991e-5
7.449993533233266e-6
-9.976092394938662e-6
0.00025785496925232
-9.664460248700961e-5
3.5585047909289565e-5
6.705921123837573e-5
-8.22248915249473e-5
7.059873674402134e-6
1.27499016316629e-5
-1.1256779511807434e-5
-0.00028226190487640743
-0.00019996333585715797
0.00015709361907816083
-7.898336391909542e-5
-6.11189458423771e-5
2.682324120545667e-5
-4.960305036913075e-6
2.3706692453852812e-5
-0.00012375653622485864
0.0004230015441050311
0.00010067826820782486
-0.00025113870766367455
4.6185749975544435e-5
6.855198006455805e-5
-2.9239130587513404e-5
-9.951662357410527e-6
0.0002386000641948935
0.00017776436059109644
-0.00012184405161098859
3.0362793216213397e-5
4.579468643046566e-5
-3.1748053619793476e-5
-2.6097011865241267e-6
-1.4597222994170304e-6
8.016046610380428e-5
-0.0003304861687861989
-8.94228149967907e-5
0.0001845254253583476
5.839705318917795e-6
-7.46838193309878e-5
1.3320251307271183e-5
2.3040790200739308e-5
