0.023636571834066217
0.0005134356779107034
0.0002123111673361047
-0.0001359186977079765
-4.099958683120466e-5
5.324305824394094e-5
3.0417419854588603e-5
1.9573622766812214e-5
-0.0011232701814866601
0.0008157825618274393
-1.4530184974791404e-5
-4.487047528171912e-5
4.371666761937226e-5
-0.00012695543719471448
-2.8376072208617528e-6
2.0535675483092365e-5
-0.00027503339493095913
0.00027789139132715574
-5.894696019340479e-5
4.688942186793106e-5
-7.683265149941675e-5
-6.934450818817597e-5
-4.820404121481902e-5
-4.6167285308250726e-5
0.00028144276333569025
-0.00030044401445468243
-0.00022408462769748518
-0.00020086911919172323
-3.466645158885692e-5
0.0001403330681932996
5.348407170879698e-5
1.5995856967932867e-5
4.621051239622799e-6
-0.00011843460698696103
-0.00021517021687251313
5.907274871405367e-5
0.0002427143490624223
9.351324574211723e-5
-2.541458615715748e-5
-3.321884947048328e-5
5.9685695678764785e-6
0.0002835574275385638
0.0003316537788688244
7.330964082613078e-5
-0.00015312809512306404
-0.00011337926915647723
-4.515737805374512e-6
2.284221493247768e-5
1.6874800435878777e-5
-1.904086290560039e-5
0.00010068547463564736
-7.418110412089351e-5
-0.00010299031604000471
-2.563180942041395e-5
2.9038715410723384e-5
2.242586893367977e-5
-6.154598041306125e-5
-0.00020962047533929352
-0.00017562817181481123
7.694863420809213e-5
0.00013878151701241342
5.040206894496298e-5
-2.5580115312278605e-5
-2.3905074944676295e-5
