-6.777213092933446
0.03409483991379571
-0.10063596674832254
0.10143264288724028
0.060641477323838885
0.21899348091320925
-0.009634358394152918
0.0657726503610123
0.030087690736153035
0.20153835430107242
0.02156946212187367
-0.01811532900633216
-0.03604066914667675
-0.012839685866504722
0.025364764207880027
0.07899550101341961
-0.004387866921291306
0.016934189163501836
-0.01606586394389646
-0.032418943189662444
-0.017508641654484812
0.0014225551244210855
0.06873384925823735
0.038507740971134255
-0.009754590548170489
0.009440784160703998
-0.0017512208187242956
0.0011232763545302683
0.037301487698497705
-0.022239591324961356
0.004432521418171384
