-7.334096887132162
-0.003085804319835959
-0.0037954066879387093
0.034912851233482825
-0.01803161651368733
0.06728559984660906
0.02759040823142787
0.06154768206698687
0.01686129738549029
0.051595084875615545
0.09515509990041308
0.059640154885035185
0.038697530411176684
0.007152020745149333
0.012304523525980337
0.016613873723410066
0.04005373075393758
0.040097587881463975
0.004668895997753152
0.0021203225217083727
-0.0027586699340842575
-0.00870640114167313
0.003334935739607299
0.011933434072277456
0.018494482947626244
0.023510924977614964
0.022580798265437414
-0.002771724889155083
0.0006076862006038482
-0.027753979452115975
-0.01043616887561849
0.0031195159270942766
-0.01875357210592968
-0.004813151421474089
-0.0013160870209789237
0.006937124716882004
0.015691395878861966
0.022533000391870003
0.01869041808667881
0.0015995287599344554
0.002848112183926069
-0.013338515740242255
-0.00472510057392718
0.001811568722698319
-0.020592241719852505
-0.006134242812813338
-0.004172478274694437
-0.006165059534711822
-0.002252959540852696
0.003506033911842252
0.012820426446625592
0.02301798499195022
0.01131947083283072
0.004784145020097682
-0.0007003605457445418
-0.0029369525199715945
-0.0004498792727654416
-0.00936963429193242
-0.0012405507533427135
-0.009858468253872259
-0.007425638207083832
-0.004880544934667065
-0.002087954306897533
0.0019358018666659064
0.009586257516157957
0.018369258132378802
0.007497313950015151
0.0025790087832666324
-0.0017373750653350973
0.0005851620471450024
-0.004173862474646541
-0.0031069890186811526
-0.0056229263318556145
-0.004356666479371168
0.0002935378899594213
-0.0025369286138900546
0.0020814714285787776
0.0017249376253620663
0.008956441241561405
-0.0010564339273488803
-0.00099716387546991
-0.0006037247651820438
-0.0020326667733389916
-0.0036009524170067635
-0.0022456785789905943
-0.002163607220507755
0.0016955868324150586
0.004217703671282991
0.0009121835251142792
-0.0013297690905719058
-0.001153157961746023
0.0004577345200135585
