-7.304674222111989
-0.0005528882760443838
-0.0012445696670412543
0.0506514410908028
-0.00833439534130125
0.08405409434179902
0.031278756683645915
0.064742328776565
0.01769606298826275
0.06659222247956897
0.11936390986912532
0.062134570921076736
0.046981436132860835
0.0065696460086742655
0.012441771383899567
0.01937946031063868
0.04953865404980731
0.03859869857832957
0.002542692045377715
-0.002549559189024417
-0.001230135037943996
-0.008854350778680535
-0.000353685067328789
0.009514445432051015
0.01765381082176041
0.02607025339066727
0.015264069119343618
-0.007122206577525517
-0.002092523224260324
-0.025977475981508832
-0.007342980776497125
-0.015677886534422012
-0.0027925107679325598
0.005335396709549806
0.011440378719243544
0.021409007110620472
0.009594144956998375
-0.0019944037894576616
-0.012400132097879664
-0.004766191367507815
-0.014510417080673093
-0.0036489327907527312
-0.004059135430695337
0.001401113130507422
0.005009459367736946
0.017537333886816713
-0.0003323731080442989
0.0003028070032784093
-0.002967167325015503
-0.006968607427648344
-0.0015577982758091218
0.0004429305165070986
0.009799117930286932
0.00026700787764599845
-0.0010752295691017915
0.0011695337489382805
