-7.079582284267067
-0.004816964594347527
-0.0034256936811953072
0.024499162555324694
-0.02129784093754627
0.05632572096015395
0.023665551353492683
0.05761613095583917
0.017115891038005
0.0375339364748972
0.07528050287088386
0.049212886826474504
0.02862223013903502
0.001476954452851537
0.011860524197824273
0.01103860646757946
0.025642713605047395
0.03824137053884535
-0.0008724813270774193
-0.006664630864124349
-0.006447584887605114
-0.010264890930260251
0.0034577686364228137
0.013655693356324619
0.018266875098588157
0.015874950271076844
0.022930037857226117
0.001431248907662056
-0.0010656002934421864
-0.030202727839059168
-0.014270064011732442
0.00417298421412111
-0.017601265038453977
-0.004111635877893698
0.002868036097054905
0.008195553098679509
0.015376093451162543
0.019881747774579097
0.02489781977726635
0.004766833970701205
-0.0007144381670359677
-0.014369594518235834
-0.0018551516845241023
0.006685491415542359
-0.02370525975114847
-0.008139684237770405
0.0038316853223361856
-0.004792727108430054
-0.007036601873525841
-0.0008819901682055644
-0.0008143723305555106
0.004059645279303817
0.015787534800541823
0.019735287206904966
0.018712709152042074
0.011351268442035333
0.0030433008096341176
-0.007390834681213933
0.001033529776597253
0.00719183804405105
-0.011361788171445127
-0.0017772198529973384
0.0028033463403170215
-0.013219196766995095
-0.011453013944962925
0.0011425227484650707
-0.006424021934199666
-0.0019964105396628206
1.8416393253313402e-5
0.002686833068883859
0.013768035055096769
0.018846897126953102
0.017410570751100387
0.009384429806488351
0.0011173296054965821
-0.0025248263384144705
0.006019008008163074
0.00208917585208376
-0.007777132291952005
-0.0016342669990886522
-0.00429690893692952
-0.008829967338019362
0.0015675381742827842
-0.007687897180844568
-0.0005243120096641123
-0.00052621586670741
-0.004776686623963952
-0.0020565331089212853
0.0026277713230386107
0.006973262562608087
0.011555901236860122
0.009100720294360494
0.007838860209008784
-0.0002479603295901882
-0.0014759278459426412
0.006255731484023318
-0.004449825277263748
-0.0012405754032901169
-0.004471619017513901
-0.001983306261129693
-0.006562714869345689
0.0007993607511018865
-0.004792318395086581
-0.0036018446307568017
-0.004528175817156889
-0.00042328090795481897
0.002807232333049681
0.003760748566241926
0.007574179327461804
0.005507911652936955
0.005463490853423298
-3.218975056207957e-5
0.004537238009535926
-0.005314578956520126
-0.004438472637003229
-0.004487278833052045
-0.003667831315413398
-0.005777445851656944
-0.005188458783319576
-0.003582358483935031
-0.001004736398401965
-0.002078960859315366
0.0005958637648488535
0.000521563410786617
0.0024676440577235206
0.0014215516555771176
-0.00189824851599948
-0.002753481173499173
-0.002279562464722899
-0.0012875975809136804
-0.000990713631859439
-0.0011117554269232893
-0.0018564318308355234
-0.0016296005591780816
0.0007841684999672086
0.0031245964159543815
0.000835631041464676
-0.0009504149705573107
-0.001069918503218145
-0.0010624985458355686
-0.00033929174204970643
